Car 1 1 1 733.5248413085938 176.0978240966797 785.9085693359375 201.54493713378906 4.120975017547607 1.5665229558944702 1.6803667545318604 9.693676948547363 1.7882922887802124 47.18824005126953 -8.115212440490723 0.7416
Pedestrian 1 1 1 359.71697998046875 143.73452758789062 429.40972900390625 297.1991271972656 0.8709096908569336 1.8220481872558594 0.5930796265602112 -2.726102113723755 1.4760197401046753 9.009612083435059 -7.8281474113464355 0.2731
Pedestrian 1 1 1 193.66722106933594 167.23428344726562 209.75973510742188 209.68385314941406 0.500418484210968 1.7958608865737915 0.5659744739532471 -17.53046226501465 1.5578149557113647 30.902883529663086 -3.849780559539795 0.2644
Pedestrian 1 1 1 925.08984375 175.86338806152344 946.6316528320312 208.96730041503906 0.8054432272911072 1.7543015480041504 0.6874798536300659 17.50411605834961 1.9181994199752808 38.849822998046875 -8.356793403625488 0.2463
Pedestrian 1 1 1 958.4566650390625 167.51931762695312 980.7725219726562 202.18435668945312 0.8550247550010681 1.7697075605392456 0.6093584895133972 18.532272338867188 1.497063398361206 37.26698684692383 -6.628125190734863 0.2202
Pedestrian 1 1 1 137.1920166015625 169.8070526123047 170.8325958251953 227.67379760742188 0.7416831851005554 1.7754725217819214 0.5976718068122864 -14.272092819213867 1.6816859245300293 22.521135330200195 -4.753626823425293 0.2083
Pedestrian 1 1 1 292.2651062011719 165.56871032714844 311.13568115234375 205.7627716064453 0.5139896273612976 1.7903590202331543 0.5925390124320984 -13.923434257507324 1.4655512571334839 32.49080276489258 -4.316141605377197 0.1987
Car 1 1 1 229.2088623046875 177.0786895751953 281.861572265625 193.78077697753906 4.107014179229736 1.5177403688430786 1.5829393863677979 -32.81615447998047 1.913474202156067 66.81221008300781 -3.1242895126342773 0.1956
Car 1 1 1 320.50897216796875 179.62277221679688 388.46563720703125 204.66494750976562 3.8979034423828125 1.5305112600326538 1.6137478351593018 -16.242719650268555 1.972221851348877 45.92920684814453 -3.3475232124328613 0.1913
Car 1 1 1 1028.8121337890625 162.50027465820312 1130.9088134765625 192.0288543701172 4.223919868469238 1.5114750862121582 1.6573975086212158 24.56681251525879 0.9812005758285522 37.889678955078125 -6.2219319343566895 0.1834
Pedestrian 1 1 1 607.9199829101562 165.9415283203125 623.2933349609375 209.0806427001953 0.8733351826667786 1.763396978378296 0.6284421682357788 0.1883419305086136 1.4805357456207275 29.93332290649414 -7.846380710601807 0.1792
Pedestrian 1 1 1 80.98098754882812 173.9535369873047 98.324462890625 204.25172424316406 0.8409942984580994 1.8169814348220825 0.5746942162513733 -31.602285385131836 1.8841205835342407 43.77998352050781 -8.083871841430664 0.1772
Pedestrian 1 1 1 175.9169921875 177.00030517578125 186.0336456298828 205.54202270507812 0.4243215024471283 1.7659621238708496 0.5197677612304688 -26.835786819458008 2.026595115661621 45.074058532714844 -7.078345775604248 0.1755
Car 1 1 1 725.8407592773438 178.92897033691406 763.525390625 199.97447204589844 3.771898031234741 1.5476833581924438 1.6710741519927979 10.421234130859375 2.037564277648926 56.2186279296875 -8.026589393615723 0.1751
Pedestrian 1 1 1 1200.906005859375 160.50364685058594 1222.8116455078125 197.89662170410156 0.764122486114502 1.7441003322601318 0.5719213485717773 28.405471801757812 1.167749285697937 34.11174011230469 -4.358771800994873 0.1664
Pedestrian 1 1 1 51.89090347290039 163.4343719482422 81.29158020019531 221.0336151123047 0.5434646010398865 1.8270319700241089 0.5422676801681519 -17.492677688598633 1.5279440879821777 23.17068099975586 -4.7575907707214355 0.1640
Cyclist 1 1 1 310.9451599121094 175.18557739257812 333.64239501953125 211.70127868652344 1.7467702627182007 1.7095160484313965 0.5811119675636292 -13.901086807250977 1.8245654106140137 34.7954216003418 -4.827195644378662 0.1638
Car 1 1 1 0.0 0.0 1241.0 374.0 3.9057607650756836 1.5361524820327759 1.6473249197006226 -3.419682025909424 1.6240798234939575 0.9701481461524963 -7.903950214385986 0.1622
Cyclist 1 1 1 279.134765625 175.49708557128906 305.7452697753906 215.6798095703125 1.7143484354019165 1.6663485765457153 0.5410301089286804 -13.634264945983887 1.7825261354446411 30.917343139648438 -4.812625885009766 0.1609
Car 1 1 1 315.6246032714844 180.88803100585938 341.2989196777344 203.34716796875 3.809291124343872 1.5440083742141724 1.6012247800827026 -20.727720260620117 2.1583471298217773 53.139678955078125 -5.041314125061035 0.1603
Car 1 1 1 396.1700439453125 179.9908447265625 427.9371032714844 200.74171447753906 4.1448798179626465 1.568028450012207 1.6538718938827515 -15.918964385986328 2.163355588912964 58.09923553466797 -4.773453712463379 0.1602
Pedestrian 1 1 1 591.8621826171875 172.79452514648438 601.3645629882812 194.43206787109375 0.8239530920982361 1.7799428701400757 0.5620952248573303 -1.1377161741256714 1.7747498750686646 59.8358039855957 -8.183944702148438 0.1599
Car 1 1 1 899.1126098632812 173.73802185058594 982.8629760742188 218.77529907226562 3.675032377243042 1.4873316287994385 1.5437955856323242 11.676236152648926 1.5209516286849976 25.79412841796875 -4.635336875915527 0.1592
Car 1 1 1 0.0 0.0 1241.0 374.0 3.791135311126709 1.534648060798645 1.6348907947540283 3.01992130279541 1.5578721761703491 0.9480234980583191 -7.869598865509033 0.1592
Pedestrian 1 1 1 106.64341735839844 171.31568908691406 126.40335845947266 203.53662109375 0.7817475199699402 1.7926974296569824 0.6192655563354492 -27.775035858154297 1.7068095207214355 40.565059661865234 -7.956031322479248 0.1568
Pedestrian 1 1 1 1126.996337890625 156.88697814941406 1172.2216796875 237.89816284179688 0.6703521013259888 1.7203636169433594 0.6179496049880981 11.738767623901367 1.380986213684082 15.769073486328125 -3.7636303901672363 0.1565
Pedestrian 1 1 1 972.8026733398438 162.1170196533203 999.548095703125 214.30442810058594 0.7709577083587646 1.7392985820770264 0.6143061518669128 12.710466384887695 1.3811571598052979 24.485952377319336 -7.6549763679504395 0.1557
Car 1 1 1 787.8889770507812 177.86468505859375 846.533447265625 210.90711975097656 3.818035364151001 1.5179859399795532 1.6168752908706665 10.133885383605957 1.7790961265563965 35.69139099121094 -4.768959999084473 0.1524
Car 1 1 1 821.4168701171875 177.2376251220703 888.292724609375 209.4641876220703 3.977105140686035 1.5203132629394531 1.648270845413208 12.32050609588623 1.7554583549499512 36.67880630493164 -4.8362860679626465 0.1517
Pedestrian 1 1 1 181.1949005126953 167.0570831298828 201.92068481445312 202.764404296875 0.7676764130592346 1.7946583032608032 0.6325678825378418 -21.297517776489258 1.503003478050232 36.665557861328125 -7.90988302230835 0.1504
Car 1 1 1 531.6154174804688 179.08482360839844 550.9054565429688 197.9853973388672 3.8335273265838623 1.5580623149871826 1.619842767715454 -5.99565315246582 2.1169183254241943 62.768882751464844 -4.8030900955200195 0.1462
Pedestrian 1 1 1 0.0 162.013916015625 38.25202178955078 237.7823028564453 0.7718244791030884 1.850380778312683 0.5863065719604492 -14.912185668945312 1.5853493213653564 18.038665771484375 -2.752629041671753 0.1454
Car 1 1 1 689.16015625 178.3380889892578 729.673095703125 198.7003631591797 4.007630825042725 1.5282238721847534 1.6229757070541382 7.844723701477051 1.9811108112335205 57.46969985961914 -5.022035121917725 0.1440
Pedestrian 1 1 1 610.9268798828125 176.7710418701172 627.4017944335938 205.2432861328125 0.8349738121032715 1.7526607513427734 0.6058617830276489 0.5365133285522461 1.999312162399292 45.017520904541016 -6.811420917510986 0.1439
Pedestrian 1 1 1 1183.095947265625 149.12059020996094 1227.660888671875 232.90521240234375 0.7263006567955017 1.7430872917175293 0.6010563373565674 12.714337348937988 1.2490284442901611 15.472660064697266 -3.8161706924438477 0.1436
Car 1 1 1 393.9754333496094 177.09934997558594 421.0002746582031 194.84251403808594 4.013225555419922 1.5742844343185425 1.650680422782898 -18.805950164794922 1.9807112216949463 67.06632232666016 -4.784399509429932 0.1414
Pedestrian 1 1 1 905.7317504882812 167.37391662597656 928.6371459960938 218.63133239746094 0.7093583941459656 1.727069616317749 0.614841103553772 10.503084182739258 1.542123556137085 24.77594566345215 -4.1435418128967285 0.1384
Pedestrian 1 1 1 142.34393310546875 173.7628936767578 178.01318359375 227.6454620361328 0.8092253804206848 1.7395999431610107 0.6090469360351562 -14.8895845413208 1.7699329853057861 23.81500244140625 -4.180442810058594 0.1378
Pedestrian 1 1 1 952.7662963867188 161.96249389648438 968.53515625 194.06689453125 0.7829272747039795 1.8251696825027466 0.6433494687080383 20.111370086669922 1.2056758403778076 41.46928024291992 -7.6476054191589355 0.1369
Car 1 1 1 663.6454467773438 177.72415161132812 689.5975952148438 196.47879028320312 4.05035924911499 1.5067658424377441 1.601994514465332 5.582106113433838 1.932896375656128 61.11042022705078 -4.769523620605469 0.1358
Car 1 1 1 769.88134765625 177.17135620117188 819.7659301757812 204.7384796142578 3.956101655960083 1.5537976026535034 1.634063720703125 11.006646156311035 1.825234293937683 43.3626823425293 -4.814934253692627 0.1355
Pedestrian 1 1 1 898.1680908203125 168.10008239746094 910.254150390625 197.78750610351562 0.748144805431366 1.7531592845916748 0.6525448560714722 17.52467155456543 1.4721215963363647 43.07587814331055 -7.4871134757995605 0.1354
Pedestrian 1 1 1 95.25895690917969 162.91119384765625 132.15721130371094 222.0187225341797 0.7636878490447998 1.8110520839691162 0.5853098630905151 -15.536413192749023 1.5061049461364746 22.52972984313965 -4.559976577758789 0.1347
Pedestrian 1 1 1 804.1696166992188 165.22616577148438 814.9322509765625 192.73440551757812 0.7045066356658936 1.7877418994903564 0.5972169637680054 13.040904998779297 1.291713833808899 47.28432846069336 -7.707454204559326 0.1346
Pedestrian 1 1 1 1225.119140625 152.29656982421875 1241.0 219.73951721191406 0.7359591126441956 1.8311455249786377 0.5588834285736084 17.540590286254883 1.2726902961730957 19.967050552368164 -3.4447622299194336 0.1345
Pedestrian 1 1 1 1035.84619140625 158.32894897460938 1064.859619140625 211.99696350097656 0.7763325572013855 1.7629728317260742 0.5833981037139893 14.673104286193848 1.2855308055877686 24.13448715209961 -7.682437419891357 0.1342
Pedestrian 1 1 1 844.8272705078125 171.4056396484375 858.9957275390625 196.2264862060547 0.7417336702346802 1.7207525968551636 0.602696418762207 16.890331268310547 1.6200406551361084 50.47824478149414 -8.23457145690918 0.1341
Car 1 1 1 770.4593505859375 173.3402862548828 805.621826171875 193.52911376953125 3.576443672180176 1.5676929950714111 1.6253963708877563 14.238873481750488 1.607723355293274 57.98103332519531 -4.816226482391357 0.1326
Car 1 1 1 0.0 181.37332153320312 87.33434295654297 218.68479919433594 3.634193181991577 1.5581499338150024 1.6601518392562866 -26.21316146850586 1.9694945812225342 32.937713623046875 -7.693792819976807 0.1322
Car 1 1 1 838.6704711914062 167.097900390625 884.23046875 192.88604736328125 3.8037519454956055 1.63494074344635 1.656128168106079 16.51380729675293 1.2697104215621948 47.65299987792969 -4.720142364501953 0.1319
Car 1 1 1 962.0886840820312 170.02032470703125 1030.6036376953125 201.96133422851562 3.645188093185425 1.5626851320266724 1.5994373559951782 19.755319595336914 1.4237502813339233 37.13096237182617 -7.844130039215088 0.1317
Car 1 1 1 0.0 0.0 1241.0 374.0 3.8374781608581543 1.534040093421936 1.6222866773605347 4.616877555847168 1.5413626432418823 1.3154029846191406 -7.911144733428955 0.1317
Car 1 1 1 386.78875732421875 179.6863250732422 416.7571105957031 206.59628295898438 4.019921779632568 1.5572198629379272 1.6537840366363525 -13.061772346496582 2.003760576248169 45.02187728881836 -5.028656482696533 0.1294
Car 1 1 1 0.0 180.87545776367188 59.76116180419922 205.88107299804688 3.86470365524292 1.5185043811798096 1.6405540704727173 -38.46804428100586 2.0651519298553467 47.161094665527344 -7.695790767669678 0.1290
Pedestrian 1 1 1 155.31993103027344 170.61534118652344 190.89141845703125 226.11082458496094 0.8017002940177917 1.7703014612197876 0.596282958984375 -14.279547691345215 1.6985883712768555 23.51228141784668 -4.203924179077148 0.1289
Pedestrian 1 1 1 58.579200744628906 163.1215057373047 99.2535629272461 233.49900817871094 0.7616109848022461 1.8419264554977417 0.597769558429718 -14.269973754882812 1.5869070291519165 19.322601318359375 -2.673982858657837 0.1289
Cyclist 1 1 1 851.176513671875 159.38885498046875 883.0985717773438 201.62655639648438 1.6313958168029785 1.729664921760559 0.5717980861663818 10.771598815917969 1.17795729637146 30.395479202270508 -4.8545403480529785 0.1283
Pedestrian 1 1 1 26.269075393676758 164.66815185546875 68.31194305419922 237.1374053955078 0.7589508891105652 1.8314495086669922 0.5926750898361206 -14.609326362609863 1.6242762804031372 18.671220779418945 -2.669687271118164 0.1279
Car 1 1 1 241.42845153808594 180.80552673339844 303.55389404296875 217.36227416992188 3.9415218830108643 1.4738150835037231 1.6302490234375 -14.965078353881836 1.850284218788147 32.094581604003906 -4.91427755355835 0.1278
Car 1 1 1 590.5817260742188 179.02197265625 625.3064575195312 208.99447631835938 3.7576308250427246 1.5038710832595825 1.6287637948989868 -0.19307880103588104 1.8528376817703247 38.927589416503906 -4.78073263168335 0.1272
Car 1 1 1 631.9447631835938 178.0987091064453 657.2743530273438 196.01318359375 3.825026512145996 1.5111947059631348 1.6036055088043213 3.016925573348999 1.9908740520477295 64.03456115722656 -4.838907718658447 0.1267
Car 1 1 1 584.4385375976562 176.8888702392578 614.2716064453125 201.63023376464844 3.9241836071014404 1.6415120363235474 1.6560194492340088 -0.8157163262367249 1.9356021881103516 50.5927848815918 -4.840521335601807 0.1260
Car 1 1 1 658.575439453125 176.8404541015625 698.4342651367188 198.79502868652344 3.912079095840454 1.527007818222046 1.579924464225769 4.960883617401123 1.8313827514648438 53.046546936035156 -4.996728897094727 0.1250
Car 1 1 1 0.0 0.0 1220.449462890625 374.0 3.828718900680542 1.5429141521453857 1.6152719259262085 1.4001173973083496 1.5712604522705078 0.6884045600891113 -7.879601955413818 0.1249
Car 1 1 1 275.72015380859375 181.11544799804688 311.9563903808594 204.74679565429688 3.80912709236145 1.5368846654891968 1.6172529458999634 -22.057220458984375 2.1367623805999756 50.383487701416016 -4.931778907775879 0.1248
Car 1 1 1 595.713134765625 177.52655029296875 627.10400390625 197.7147674560547 4.018492698669434 1.5428853034973145 1.6210193634033203 0.1253538429737091 1.9339051246643066 58.28234100341797 -4.468166828155518 0.1245
Car 1 1 1 936.3531494140625 166.57041931152344 1020.0195922851562 192.992919921875 4.281322956085205 1.5341758728027344 1.6542423963546753 21.89341926574707 1.1690313816070557 43.03171157836914 -6.432765483856201 0.1236
Car 1 1 1 82.7592544555664 0.0 1241.0 374.0 3.8295397758483887 1.5548256635665894 1.6454200744628906 -1.1586856842041016 1.5991955995559692 0.8273515105247498 -7.8867878913879395 0.1221
Car 1 1 1 747.3406982421875 178.2049560546875 791.164794921875 199.45431518554688 3.8265225887298584 1.5615348815917969 1.685616374015808 12.314851760864258 1.9929618835449219 56.14149475097656 -8.142273902893066 0.1219
Pedestrian 1 1 1 64.79366302490234 161.7665252685547 106.08263397216797 234.04808044433594 0.7567862868309021 1.8277158737182617 0.5922759175300598 -13.631373405456543 1.5470572710037231 18.683549880981445 -2.6550118923187256 0.1215
Car 1 1 1 1005.8110961914062 164.9988250732422 1098.989990234375 193.030029296875 4.186852931976318 1.525149941444397 1.6307716369628906 24.49471664428711 1.097457766532898 40.094966888427734 -6.29343843460083 0.1204
Pedestrian 1 1 1 190.29110717773438 165.81015014648438 213.10476684570312 209.1345977783203 0.6014549136161804 1.7993264198303223 0.6241527199745178 -17.170928955078125 1.5064849853515625 30.275331497192383 -7.880340099334717 0.1202
Car 1 1 1 255.38795471191406 180.91677856445312 314.1554260253906 209.22171020507812 3.940969467163086 1.519558310508728 1.6275485754013062 -18.81159210205078 2.0087337493896484 41.83125686645508 -4.710659027099609 0.1200
Car 1 1 1 0.0 182.87188720703125 49.56577682495117 214.71099853515625 3.979440450668335 1.5786064863204956 1.6229610443115234 -32.27622604370117 2.153407335281372 39.273773193359375 -5.0687737464904785 0.1194
Car 1 1 1 169.20703125 180.0397491455078 225.3706817626953 198.24131774902344 3.987010955810547 1.5085411071777344 1.6223801374435425 -35.2763786315918 2.1327946186065674 61.668975830078125 -6.163245677947998 0.1189
Car 1 1 1 349.4186096191406 182.24374389648438 422.10150146484375 235.33251953125 4.1327290534973145 1.5149362087249756 1.6195573806762695 -7.246237754821777 1.8487082719802856 23.512290954589844 -4.851876258850098 0.1182
Car 1 1 1 0.0 186.873046875 0.0 374.0 3.9217112064361572 1.5413097143173218 1.6198323965072632 -5.3351664543151855 1.621246099472046 2.1239523887634277 -7.913668155670166 0.1170
Car 1 1 1 701.6261596679688 179.4745330810547 773.7586059570312 236.405029296875 3.9128410816192627 1.5034704208374023 1.6011923551559448 3.6572446823120117 1.7187104225158691 21.503829956054688 -7.81415319442749 0.1169
Pedestrian 1 1 1 881.5343627929688 164.68081665039062 895.6838989257812 193.5801544189453 0.7760540843009949 1.7738401889801025 0.6360872387886047 17.223726272583008 1.271870493888855 44.706661224365234 -7.7508978843688965 0.1169
Car 1 1 1 356.13775634765625 179.19361877441406 398.6408386230469 201.29759216308594 4.028319835662842 1.6022813320159912 1.6948143243789673 -17.887165069580078 2.108527183532715 55.57368087768555 -4.6280951499938965 0.1167
Pedestrian 1 1 1 0.0 161.85137939453125 34.098392486572266 242.6247100830078 0.7528182864189148 1.826088309288025 0.5831640362739563 -13.947972297668457 1.5770460367202759 16.751304626464844 -2.626938819885254 0.1166
Pedestrian 1 1 1 282.6883850097656 149.457763671875 383.6771240234375 341.5803527832031 0.7887386679649353 1.6929978132247925 0.5297906398773193 -2.6662135124206543 1.4865286350250244 6.798733234405518 -6.878586292266846 0.1162
Pedestrian 1 1 1 73.08667755126953 164.43772888183594 110.36625671386719 226.89578247070312 0.7817249894142151 1.8264939785003662 0.5642305016517639 -15.547632217407227 1.5800725221633911 21.581811904907227 -4.040122985839844 0.1160
Pedestrian 1 1 1 174.23435974121094 168.410888671875 199.14894104003906 225.92236328125 0.7705734372138977 1.8098737001419067 0.6271360516548157 -13.644265174865723 1.6697497367858887 23.18930435180664 -5.156755447387695 0.1156
Pedestrian 1 1 1 880.7030029296875 168.80226135253906 894.6550903320312 196.27239990234375 0.7801499366760254 1.7222825288772583 0.6364393830299377 17.53213882446289 1.4679521322250366 45.65614318847656 -7.760010242462158 0.1151
Pedestrian 1 1 1 0.0 161.59317016601562 12.178254127502441 248.68954467773438 0.7642704844474792 1.8512046337127686 0.5869686603546143 -13.62846851348877 1.6115596294403076 15.800743103027344 -2.493197441101074 0.1143
Car 1 1 1 832.0057983398438 169.73675537109375 886.9264526367188 193.8417510986328 3.9559667110443115 1.6545354127883911 1.7047353982925415 17.770532608032227 1.4402703046798706 51.66698455810547 -8.154220581054688 0.1143
Pedestrian 1 1 1 1150.3031005859375 162.403076171875 1171.933837890625 199.4114990234375 0.7613093256950378 1.7412301301956177 0.5954328179359436 26.227535247802734 1.2492188215255737 34.400489807128906 -7.5492167472839355 0.1142
Car 1 1 1 377.696044921875 176.2182159423828 415.5230407714844 196.29823303222656 3.8307461738586426 1.6054739952087402 1.6514078378677368 -17.82948112487793 1.8959388732910156 60.36102294921875 -7.73323392868042 0.1140
Car 1 1 1 874.4397583007812 176.44619750976562 926.6090087890625 209.47288513183594 3.8516340255737305 1.5185152292251587 1.608110785484314 14.240888595581055 1.7058302164077759 35.651153564453125 -4.543434143066406 0.1125
Car 1 1 1 0.0 188.28323364257812 21.612388610839844 297.1259765625 4.104786396026611 1.5547449588775635 1.6303342580795288 -12.739815711975098 1.8822985887527466 13.131224632263184 -5.006844520568848 0.1116
Car 1 1 1 0.0 173.87742614746094 61.72623825073242 224.70260620117188 3.6200196743011475 1.5600982904434204 1.6698793172836304 -20.499330520629883 1.596522331237793 24.056581497192383 -7.884718418121338 0.1112
Car 1 1 1 752.3909912109375 177.73272705078125 804.7815551757812 209.36495971679688 3.99668550491333 1.4943437576293945 1.6155065298080444 8.471503257751465 1.7561031579971313 36.73380661010742 -4.744672775268555 0.1108
Car 1 1 1 106.67701721191406 171.85226440429688 167.13417053222656 201.28091430664062 4.008819103240967 1.668717861175537 1.6812127828598022 -28.172914505004883 1.6116154193878174 43.049522399902344 -8.063828468322754 0.1108
Pedestrian 1 1 1 1096.0087890625 164.38035583496094 1115.624755859375 199.48681640625 0.725767195224762 1.7474942207336426 0.5943175554275513 24.925018310546875 1.3254013061523438 36.338680267333984 -7.615959644317627 0.1107
Pedestrian 1 1 1 95.8031005859375 164.68313598632812 132.93014526367188 234.26052856445312 0.7603978514671326 1.818056344985962 0.5994485020637512 -13.320767402648926 1.6042518615722656 19.31962776184082 -2.5140600204467773 0.1102
Car 1 1 1 813.9559936523438 167.25889587402344 854.5200805664062 193.40126037597656 3.961451768875122 1.6381596326828003 1.6716960668563843 14.593228340148926 1.2872533798217773 47.24829864501953 -4.642053604125977 0.1101
Pedestrian 1 1 1 62.544918060302734 160.8169403076172 103.56659698486328 237.77037048339844 0.7530142664909363 1.840311050415039 0.5862952470779419 -12.981922149658203 1.5521496534347534 17.707130432128906 -2.5596530437469482 0.1093
Car 1 1 1 357.6227111816406 182.1573944091797 413.79840087890625 219.71493530273438 3.8532025814056396 1.499117136001587 1.5639139413833618 -9.84050178527832 1.934011459350586 31.767749786376953 -4.794637680053711 0.1090
Car 1 1 1 745.1987915039062 176.62225341796875 782.389404296875 203.68075561523438 3.9046483039855957 1.5237847566604614 1.6105915307998657 9.117881774902344 1.7594600915908813 43.186710357666016 -4.652021884918213 0.1088
Car 1 1 1 450.94573974609375 179.0443572998047 480.8485412597656 199.64126586914062 3.960042715072632 1.5460530519485474 1.5692999362945557 -11.4373197555542 2.0546891689300537 57.33689880371094 -4.707320690155029 0.1083
Pedestrian 1 1 1 0.0 164.50518798828125 28.04993438720703 234.6466827392578 0.7680201530456543 1.8379666805267334 0.5964463949203491 -16.206989288330078 1.6188970804214478 19.344820022583008 -2.6808269023895264 0.1082
Car 1 1 1 1241.0 171.10203552246094 1241.0 308.0840759277344 3.9692511558532715 1.5063490867614746 1.6147480010986328 10.380147933959961 1.4867833852767944 8.947649002075195 -6.389346122741699 0.1080
Car 1 1 1 396.1861877441406 181.5870361328125 437.8104248046875 211.4559783935547 3.8039350509643555 1.4948137998580933 1.6229686737060547 -10.47838020324707 1.9934325218200684 39.24391174316406 -4.819157123565674 0.1079
Car 1 1 1 898.06298828125 173.1511688232422 942.8447265625 200.39378356933594 3.8306496143341064 1.5787208080291748 1.6358633041381836 18.782751083374023 1.5973275899887085 43.88190460205078 -7.687643527984619 0.1077
Pedestrian 1 1 1 32.48846435546875 163.33323669433594 74.35989379882812 237.69093322753906 0.7486093640327454 1.8129925727844238 0.5912322998046875 -13.962306022644043 1.5805569887161255 18.036727905273438 -2.612276315689087 0.1077
Car 1 1 1 648.4196166992188 180.35598754882812 717.2258911132812 237.0320587158203 3.9080212116241455 1.4951380491256714 1.6055538654327393 2.0301809310913086 1.739001750946045 21.519060134887695 -7.8673014640808105 0.1076
Pedestrian 1 1 1 1218.9169921875 148.4524688720703 1241.0 226.66934204101562 0.7138137221336365 1.8073028326034546 0.5769180655479431 14.963010787963867 1.243173599243164 17.080089569091797 -4.916756629943848 0.1075
Car 1 1 1 344.1973876953125 178.82504272460938 390.5284729003906 207.9746551513672 3.9760403633117676 1.570980191230774 1.6323559284210205 -14.017970085144043 1.9333038330078125 41.77212905883789 -4.792739391326904 0.1070
Car 1 1 1 710.55712890625 177.23809814453125 750.8672485351562 199.47784423828125 3.9630863666534424 1.5451120138168335 1.5900343656539917 8.797505378723145 1.8799817562103271 53.06023025512695 -4.918549060821533 0.1069
Pedestrian 1 1 1 107.3949966430664 164.49717712402344 133.60809326171875 226.20516967773438 0.7870931029319763 1.8310213088989258 0.5897101759910583 -14.908794403076172 1.5827548503875732 21.901010513305664 -5.3988165855407715 0.1067
Pedestrian 1 1 1 1219.65673828125 151.7781982421875 1241.0 222.90591430664062 0.6781496405601501 1.8351480960845947 0.552213728427887 16.568777084350586 1.2910767793655396 18.992023468017578 -4.859187602996826 0.1054
Car 1 1 1 1241.0 173.05154418945312 1241.0 374.0 4.066181659698486 1.5233572721481323 1.6422455310821533 6.23753547668457 1.5246919393539429 3.8811793327331543 -4.63616418838501 0.1049
Car 1 1 1 576.3919067382812 180.62435913085938 639.1865234375 237.64224243164062 3.840296506881714 1.5011637210845947 1.6059938669204712 -0.195726215839386 1.7537381649017334 21.50792121887207 -7.926742076873779 0.1047
Car 1 1 1 448.8572692871094 179.22067260742188 482.11273193359375 203.3566436767578 3.994645833969116 1.5977509021759033 1.6448637247085571 -10.168778419494629 2.063929796218872 50.847816467285156 -4.739140510559082 0.1045
Pedestrian 1 1 1 1017.7711181640625 163.2501220703125 1034.6099853515625 196.81341552734375 0.7208856344223022 1.7613980770111084 0.614791214466095 22.04593849182129 1.2570877075195312 38.29634475708008 -7.580237865447998 0.1041
Cyclist 1 1 1 0.0 0.0 1241.0 374.0 1.8701002597808838 1.660292625427246 0.5134735107421875 6.896758079528809 1.3148342370986938 -0.2945554554462433 -8.048934936523438 0.1034
Pedestrian 1 1 1 88.7096176147461 164.60308837890625 124.99581909179688 231.71697998046875 0.7616896629333496 1.8130728006362915 0.5978940725326538 -13.964888572692871 1.5898754596710205 19.955604553222656 -2.530486583709717 0.1033
Car 1 1 1 1203.6810302734375 173.70484924316406 1241.0 273.1755676269531 4.000301837921143 1.4941190481185913 1.6408437490463257 12.941559791564941 1.5114957094192505 12.931624412536621 -4.6337571144104 0.1030
Car 1 1 1 487.84515380859375 178.04029846191406 513.1569213867188 201.78953552246094 3.9811289310455322 1.6006053686141968 1.7096328735351562 -7.901651859283447 1.986741304397583 51.65581130981445 -4.883121013641357 0.1027
Car 1 1 1 295.5643005371094 181.84524536132812 363.6976623535156 222.495361328125 3.7946207523345947 1.5123217105865479 1.5535825490951538 -11.473563194274902 1.9057549238204956 29.650617599487305 -4.780985355377197 0.1024
Car 1 1 1 322.7587585449219 183.9176025390625 428.9494323730469 258.8174133300781 3.854670763015747 1.4679739475250244 1.5825250148773193 -5.334621906280518 1.7549068927764893 16.732479095458984 -4.818111419677734 0.1023
Pedestrian 1 1 1 1195.4566650390625 151.92745971679688 1239.0213623046875 222.59307861328125 0.6837777495384216 1.8221067190170288 0.5493456125259399 15.925094604492188 1.2822178602218628 18.992870330810547 -4.904677391052246 0.1022
Car 1 1 1 301.9979248046875 175.23863220214844 332.0550537109375 194.98777770996094 3.8831801414489746 1.674582600593567 1.7097581624984741 -25.862648010253906 1.8917704820632935 63.74340057373047 -4.893620014190674 0.1020
Pedestrian 1 1 1 29.572729110717773 159.55905151367188 76.39876556396484 241.48069763183594 0.751489520072937 1.8534165620803833 0.591778039932251 -12.984339714050293 1.5523282289505005 16.75632667541504 -2.680964231491089 0.1017
Car 1 1 1 0.0 186.19549560546875 0.0 374.0 4.093560695648193 1.5711885690689087 1.6332334280014038 -11.131002426147461 1.75859534740448 8.024442672729492 -4.827719688415527 0.1016
Pedestrian 1 1 1 0.0 165.94175720214844 0.7537880539894104 243.45106506347656 0.7608511447906494 1.8190590143203735 0.5970069169998169 -15.233296394348145 1.6565364599227905 17.402130126953125 -2.4869508743286133 0.1014
Car 1 1 1 752.232666015625 177.02752685546875 791.735107421875 200.55001831054688 3.963169574737549 1.5261750221252441 1.6461294889450073 11.03915786743164 1.8241711854934692 49.55107879638672 -4.761852741241455 0.1014
Car 1 1 1 108.6338119506836 180.48422241210938 210.93983459472656 226.27447509765625 3.673386573791504 1.4712119102478027 1.6286312341690063 -15.961967468261719 1.7630935907363892 25.723669052124023 -4.8078203201293945 0.1010
Pedestrian 1 1 1 302.77691650390625 170.06124877929688 321.0122375488281 209.94618225097656 0.5167993307113647 1.7627049684524536 0.6037108898162842 -13.322633743286133 1.6389799118041992 32.15135192871094 -7.869873523712158 0.1010
Pedestrian 1 1 1 0.0 160.68887329101562 32.075653076171875 249.74114990234375 0.777596652507782 1.8489447832107544 0.5940992832183838 -12.991169929504395 1.596066951751709 15.468038558959961 -3.966148853302002 0.1008
Car 1 1 1 748.7899780273438 178.1982879638672 834.4260864257812 235.42068481445312 4.022031784057617 1.5131618976593018 1.6018584966659546 5.238117218017578 1.6869890689849854 21.48369598388672 -7.835628032684326 0.1003
