Car 1 1 1 768.0465087890625 175.30528259277344 1031.440185546875 340.6329040527344 3.568720579147339 1.52558171749115 1.5741633176803589 3.045086622238159 1.5603889226913452 8.522830963134766 -7.889307498931885 0.8446
Car 1 1 1 708.9596557617188 177.41893005371094 853.6466064453125 273.66754150390625 3.9820446968078613 1.5127105712890625 1.6137617826461792 2.968909978866577 1.610992431640625 13.55709171295166 -7.89832067489624 0.8319
Car 1 1 1 148.21424865722656 183.29270935058594 411.7030029296875 353.68206787109375 3.7695693969726562 1.540475845336914 1.5894156694412231 -3.6757280826568604 1.6934822797775269 8.677629470825195 -4.758089065551758 0.7942
Car 1 1 1 708.6817626953125 177.89254760742188 786.5878295898438 239.3223419189453 3.664468765258789 1.4907068014144897 1.6004114151000977 3.6042532920837402 1.6409504413604736 19.68737030029297 -7.802469730377197 0.6890
Car 1 1 1 496.9261474609375 177.96156311035156 529.4407958984375 204.0856475830078 4.2352190017700195 1.5052334070205688 1.644732117652893 -5.967182159423828 1.835710883140564 44.572757720947266 -7.903591632843018 0.6436
Car 1 1 1 745.2039794921875 171.15553283691406 799.48193359375 221.64166259765625 3.9803905487060547 1.6186472177505493 1.660565733909607 5.552330017089844 1.563892126083374 25.236942291259766 -7.680674076080322 0.5828
Car 1 1 1 784.50634765625 174.7777099609375 891.2546997070312 213.27606201171875 3.775413990020752 1.4528141021728516 1.5479170083999634 8.951885223388672 1.531861424446106 28.555334091186523 -6.526595592498779 0.4076
Pedestrian 1 1 1 868.5215454101562 161.5428924560547 892.52880859375 224.8401641845703 0.6631912589073181 1.6901265382766724 0.5621183514595032 7.315295696258545 1.3878042697906494 19.66254425048828 -7.573338031768799 0.3767
Car 1 1 1 346.5650634765625 179.1112518310547 387.1175842285156 204.941650390625 3.7763350009918213 1.4892561435699463 1.5579895973205566 -14.977232933044434 1.891831636428833 44.50190353393555 -7.950669765472412 0.3018
Car 1 1 1 353.2622375488281 171.06381225585938 391.5387878417969 193.9501190185547 3.7887518405914307 1.5728232860565186 1.639535903930664 -16.94366455078125 1.4494948387145996 51.51641845703125 -7.899827480316162 0.3008
Car 1 1 1 630.4071044921875 174.5008087158203 679.4310913085938 192.68887329101562 3.9209365844726562 1.5142678022384644 1.626150369644165 3.7738735675811768 1.6563351154327393 61.320457458496094 -3.269566059112549 0.2949
Car 1 1 1 568.0879516601562 172.1818389892578 630.01953125 195.88796997070312 4.2528886795043945 1.6238129138946533 1.7268818616867065 -0.82041335105896 1.5774704217910767 50.38834762573242 -6.331308841705322 0.2592
Car 1 1 1 216.8745880126953 181.0465850830078 344.867431640625 256.43585205078125 3.2417032718658447 1.485880970954895 1.5476666688919067 -7.314079284667969 1.6888632774353027 16.242761611938477 -4.767048358917236 0.2553
Car 1 1 1 1072.319091796875 182.50929260253906 1241.0 264.8988037109375 4.078683853149414 1.5120939016342163 1.679411768913269 12.298969268798828 1.7511786222457886 15.809486389160156 -7.905222415924072 0.2535
Cyclist 1 1 1 295.097412109375 157.3630828857422 345.251953125 217.3072967529297 1.6188820600509644 1.7480227947235107 0.5560190081596375 -8.81848430633545 1.2959948778152466 21.894237518310547 -4.454079627990723 0.2363
Pedestrian 1 1 1 210.29209899902344 159.1904296875 241.77891540527344 215.25637817382812 0.8056537508964539 1.8167144060134888 0.5953061580657959 -12.699904441833496 1.3736716508865356 23.7919921875 -7.822904109954834 0.2273
Car 1 1 1 473.12457275390625 169.91464233398438 502.9393615722656 191.20152282714844 3.794961452484131 1.6057829856872559 1.6629196405410767 -9.511157989501953 1.383750557899475 56.332969665527344 -7.846667766571045 0.2272
Pedestrian 1 1 1 219.05184936523438 171.14266967773438 247.24761962890625 223.499755859375 0.7622851729393005 1.7653908729553223 0.5337796807289124 -12.987577438354492 1.7073875665664673 24.77812385559082 -3.8370275497436523 0.2150
Cyclist 1 1 1 1188.3145751953125 170.37930297851562 1241.0 267.61822509765625 1.7098009586334229 1.6737151145935059 0.4483081102371216 11.445898056030273 1.6308197975158691 13.290594100952148 -7.766608715057373 0.2082
Pedestrian 1 1 1 409.9705810546875 165.3383331298828 455.6694641113281 269.67803955078125 0.8093520402908325 1.7123212814331055 0.614349901676178 -3.052297592163086 1.5886815786361694 12.261537551879883 -7.906931400299072 0.2037
Pedestrian 1 1 1 886.4237060546875 154.93429565429688 927.0479736328125 234.8367919921875 0.7013224959373474 1.7349563837051392 0.610969603061676 6.582127094268799 1.3455586433410645 16.130491256713867 -7.053635597229004 0.2007
Pedestrian 1 1 1 550.7005615234375 171.49276733398438 564.6383056640625 195.47174072265625 0.9144720435142517 1.8021564483642578 0.5572975873947144 -3.994650363922119 1.6995514631271362 54.67397689819336 -6.721258640289307 0.1986
Pedestrian 1 1 1 1141.2337646484375 148.36363220214844 1176.209228515625 208.4801025390625 0.7224335074424744 1.7895759344100952 0.5791410803794861 16.585432052612305 1.0602350234985352 21.88604736328125 -7.675178050994873 0.1969
Cyclist 1 1 1 316.30767822265625 158.8436279296875 365.4952087402344 218.65719604492188 1.6222647428512573 1.7512784004211426 0.5586693286895752 -8.222926139831543 1.340769648551941 21.982154846191406 -4.441696643829346 0.1962
Pedestrian 1 1 1 905.831787109375 154.49432373046875 933.2868041992188 215.2012176513672 0.7395375967025757 1.7809207439422607 0.6235103607177734 9.207369804382324 1.2420144081115723 21.594135284423828 -7.643107891082764 0.1946
Car 1 1 1 786.3521728515625 166.55474853515625 870.970458984375 195.24563598632812 4.022665977478027 1.5002601146697998 1.6277967691421509 11.618250846862793 1.1705695390701294 38.60968017578125 -6.316348552703857 0.1941
Car 1 1 1 484.3653259277344 179.77236938476562 521.77587890625 203.71034240722656 3.918276071548462 1.5239598751068115 1.6348562240600586 -7.265045642852783 2.0142080783843994 49.133846282958984 -4.6186747550964355 0.1923
Car 1 1 1 79.76255798339844 183.77572631835938 273.52423095703125 269.0977478027344 3.943963050842285 1.5024795532226562 1.6402857303619385 -8.925942420959473 1.7625712156295776 15.20942211151123 -4.6856465339660645 0.1905
Pedestrian 1 1 1 847.5006103515625 163.22410583496094 874.6514892578125 221.07742309570312 0.7142434120178223 1.7227892875671387 0.6324379444122314 7.555947303771973 1.4357246160507202 21.875442504882812 -7.746158123016357 0.1890
Cyclist 1 1 1 983.2909545898438 153.6488037109375 1063.4368896484375 243.28335571289062 1.7297667264938354 1.691643476486206 0.5208312273025513 8.205889701843262 1.3288902044296265 14.498504638671875 -7.924889087677002 0.1871
Pedestrian 1 1 1 159.7548828125 169.25662231445312 217.93450927734375 273.3834533691406 0.6213750243186951 1.7157039642333984 0.5889661908149719 -7.213321685791016 1.6561295986175537 12.278159141540527 -4.382434368133545 0.1862
Cyclist 1 1 1 893.871826171875 162.0412139892578 940.9408569335938 229.6198272705078 1.712512493133545 1.6771142482757568 0.5193489789962769 7.916842460632324 1.4084707498550415 18.767152786254883 -7.8368401527404785 0.1859
Pedestrian 1 1 1 991.3596801757812 159.6825714111328 1025.544189453125 223.8413848876953 0.7747666239738464 1.7053042650222778 0.6223604083061218 10.776427268981934 1.3549153804779053 19.624547958374023 -7.631516933441162 0.1852
Car 1 1 1 435.0721130371094 178.75613403320312 476.9940490722656 204.91799926757812 3.809069871902466 1.5144882202148438 1.5925525426864624 -9.496463775634766 1.8948673009872437 44.592620849609375 -7.798770427703857 0.1822
Car 1 1 1 0.0 0.0 1241.0 374.0 3.8248672485351562 1.5289720296859741 1.622164011001587 4.3008809089660645 1.5406911373138428 1.0207340717315674 -7.90167760848999 0.1787
Pedestrian 1 1 1 181.46449279785156 159.61683654785156 216.73870849609375 220.22372436523438 0.7375155091285706 1.7820789813995361 0.6193766593933105 -12.34042739868164 1.3925549983978271 21.598974227905273 -4.66524600982666 0.1775
Car 1 1 1 370.36700439453125 182.5717315673828 449.3672180175781 242.7294921875 3.940459966659546 1.4960378408432007 1.5738972425460815 -5.665140151977539 1.801390528678894 20.649463653564453 -4.82310676574707 0.1756
Pedestrian 1 1 1 792.6416625976562 155.69874572753906 830.0115356445312 229.8566131591797 0.7591809630393982 1.8034900426864624 0.6112399101257324 4.98197078704834 1.3859810829162598 18.032766342163086 -3.9422154426574707 0.1755
Pedestrian 1 1 1 341.1893005371094 169.78543090820312 368.0166320800781 216.88604736328125 0.7603055238723755 1.7136943340301514 0.5697740912437439 -9.497783660888672 1.6017487049102783 26.715377807617188 -7.435110092163086 0.1741
Car 1 1 1 717.5457153320312 175.04664611816406 754.41943359375 200.7503204345703 3.837827682495117 1.5268000364303589 1.6263545751571655 7.79227352142334 1.6694103479385376 45.1074333190918 -7.855781078338623 0.1722
Car 1 1 1 612.9766235351562 171.97308349609375 643.6043090820312 199.5858154296875 4.0710768699646 1.630621314048767 1.6897249221801758 1.0546056032180786 1.5783007144927979 44.66527557373047 -7.879087924957275 0.1671
Pedestrian 1 1 1 585.434326171875 170.8974151611328 598.9031372070312 195.31260681152344 0.8727622032165527 1.833715796470642 0.5672127604484558 -1.379535436630249 1.6864652633666992 54.70180892944336 -3.9386954307556152 0.1663
Cyclist 1 1 1 893.88134765625 153.73171997070312 938.2002563476562 207.4286346435547 1.6212126016616821 1.7342607975006104 0.5409133434295654 10.173956871032715 1.1163644790649414 24.152023315429688 -4.91418981552124 0.1649
Car 1 1 1 730.1206665039062 166.44485473632812 794.2268676757812 188.2482147216797 4.278233051300049 1.5539941787719727 1.6609283685684204 10.968235969543457 1.096893548965454 52.3126106262207 -6.309449672698975 0.1640
Pedestrian 1 1 1 1074.36865234375 153.02468872070312 1115.7520751953125 221.1011505126953 0.752824604511261 1.7542365789413452 0.6168114542961121 12.707477569580078 1.2429627180099487 18.99501609802246 -7.766261577606201 0.1595
Car 1 1 1 1229.779541015625 178.50543212890625 1241.0 292.6231689453125 4.027915000915527 1.5041613578796387 1.610285758972168 12.614694595336914 1.611860752105713 11.75045394897461 -7.885255336761475 0.1528
Car 1 1 1 384.9966735839844 180.89007568359375 439.32781982421875 208.95640563964844 3.9393157958984375 1.5007357597351074 1.6158039569854736 -11.435150146484375 1.9892187118530273 41.82438278198242 -4.574279308319092 0.1523
Pedestrian 1 1 1 539.6515502929688 168.49612426757812 548.67431640625 194.8242950439453 0.7639791369438171 1.8148038387298584 0.6148993968963623 -4.609434604644775 1.5141139030456543 50.147281646728516 -7.957037448883057 0.1516
Pedestrian 1 1 1 97.37931823730469 166.57542419433594 143.73648071289062 246.01876831054688 0.6122133135795593 1.6923023462295532 0.5727114677429199 -10.724128723144531 1.5582563877105713 15.742368698120117 -4.438405990600586 0.1497
Pedestrian 1 1 1 481.50311279296875 173.83047485351562 493.3901672363281 198.9879608154297 0.7640954256057739 1.7233829498291016 0.6101299524307251 -8.501113891601562 1.791155219078064 49.88033676147461 -7.718803882598877 0.1493
Car 1 1 1 98.94195556640625 173.45790100097656 223.59446716308594 225.80335998535156 3.5955536365509033 1.5441895723342896 1.5996185541152954 -14.311689376831055 1.5648349523544312 23.176694869995117 -7.78489351272583 0.1483
Car 1 1 1 0.0 0.0 1241.0 374.0 3.795736074447632 1.5361062288284302 1.6457347869873047 1.7275255918502808 1.5637104511260986 0.9230312705039978 -7.871836185455322 0.1481
Car 1 1 1 423.8544921875 181.09280395507812 487.4664611816406 229.55691528320312 4.028187274932861 1.5061781406402588 1.6210660934448242 -5.344269752502441 1.8171029090881348 25.191335678100586 -4.7812724113464355 0.1476
Pedestrian 1 1 1 958.456787109375 155.9622344970703 989.4049682617188 219.2776641845703 0.7017262578010559 1.7409876585006714 0.6151893138885498 10.153593063354492 1.2762137651443481 20.246776580810547 -7.646878719329834 0.1475
Car 1 1 1 417.3516540527344 180.66526794433594 481.6780090332031 220.6060028076172 3.9677867889404297 1.497069239616394 1.5852011442184448 -6.599465370178223 1.8419685363769531 29.8617000579834 -4.6568522453308105 0.1472
Cyclist 1 1 1 1004.7130737304688 154.95960998535156 1085.1444091796875 242.4667510986328 1.7207175493240356 1.6938101053237915 0.5194998979568481 8.847185134887695 1.3471418619155884 14.843023300170898 -7.92568826675415 0.1464
Cyclist 1 1 1 328.26025390625 160.7107696533203 370.479736328125 215.81556701660156 1.6502561569213867 1.7264174222946167 0.5571788549423218 -8.501273155212402 1.3456734418869019 23.465063095092773 -4.5487260818481445 0.1440
Pedestrian 1 1 1 134.04295349121094 170.93792724609375 189.30282592773438 271.0721435546875 0.5950697064399719 1.6879193782806396 0.5596954822540283 -7.834428310394287 1.6553213596343994 12.532991409301758 -4.3930983543396 0.1416
Car 1 1 1 724.0170288085938 177.3533172607422 774.6483154296875 206.77987670898438 3.9120075702667236 1.5045262575149536 1.6269760131835938 7.534049034118652 1.7635325193405151 39.5485725402832 -4.825393199920654 0.1405
Pedestrian 1 1 1 761.8600463867188 165.0816650390625 772.983642578125 192.32293701171875 0.6622529625892639 1.8537598848342896 0.6421864628791809 10.775359153747559 1.3245551586151123 49.52824783325195 -4.325271129608154 0.1378
Car 1 1 1 704.33935546875 177.6544189453125 757.1328735351562 213.90335083007812 3.8822319507598877 1.4878093004226685 1.5784878730773926 5.2590718269348145 1.7141650915145874 32.10184860229492 -4.7454514503479 0.1365
Pedestrian 1 1 1 1168.8046875 148.11070251464844 1204.632080078125 208.83473205566406 0.7154715061187744 1.7817405462265015 0.5693498253822327 17.18678092956543 1.055432677268982 21.576425552368164 -7.662625789642334 0.1361
Car 1 1 1 0.0 0.0 1241.0 374.0 3.928051710128784 1.5562350749969482 1.662009596824646 -4.731236934661865 1.6523760557174683 1.6311402320861816 -7.878204822540283 0.1361
Cyclist 1 1 1 337.6622009277344 162.11602783203125 390.5794677734375 244.70469665527344 1.713942050933838 1.6675270795822144 0.5322003364562988 -5.278893947601318 1.4504194259643555 15.42814826965332 -4.701728343963623 0.1328
Car 1 1 1 175.64259338378906 182.9590301513672 358.7455139160156 292.5137939453125 3.8407692909240723 1.5150294303894043 1.6356868743896484 -5.664012908935547 1.7154474258422852 12.338908195495605 -4.813467502593994 0.1315
Pedestrian 1 1 1 1019.9781494140625 157.20025634765625 1056.33837890625 222.76243591308594 0.7452695369720459 1.7172865867614746 0.6323525309562683 11.409086227416992 1.3069642782211304 19.32988739013672 -7.643490314483643 0.1307
Car 1 1 1 368.9378967285156 181.2934112548828 434.6139831542969 220.16046142578125 3.853536605834961 1.5144320726394653 1.567030668258667 -8.88064956665039 1.8987009525299072 30.921743392944336 -4.671199798583984 0.1280
Pedestrian 1 1 1 109.4991226196289 170.61117553710938 155.33950805664062 251.86471557617188 0.5977944731712341 1.6623642444610596 0.5369780659675598 -10.0612154006958 1.6161786317825317 15.130252838134766 -4.3914666175842285 0.1275
Cyclist 1 1 1 936.917724609375 156.89012145996094 996.027587890625 230.62002563476562 1.754259705543518 1.6925263404846191 0.5104934573173523 8.533499717712402 1.3257635831832886 17.44890022277832 -7.888634204864502 0.1258
Cyclist 1 1 1 213.99087524414062 162.3312225341797 266.2384338378906 220.21420288085938 1.5978493690490723 1.7116851806640625 0.5540627837181091 -11.389915466308594 1.4002113342285156 22.174945831298828 -4.512597560882568 0.1257
Cyclist 1 1 1 1085.4036865234375 172.15972900390625 1165.140869140625 253.428466796875 1.6879805326461792 1.6837592124938965 0.45857003331184387 11.189117431640625 1.6690751314163208 15.805770874023438 -7.916440486907959 0.1236
Cyclist 1 1 1 908.8458862304688 161.9263458251953 955.8489990234375 225.29757690429688 1.696103572845459 1.6813526153564453 0.5387452840805054 8.854171752929688 1.391122579574585 19.992639541625977 -4.715734958648682 0.1218
Pedestrian 1 1 1 851.7882690429688 161.07388305664062 872.9703369140625 211.1351776123047 0.7749783396720886 1.732674241065979 0.6248830556869507 8.838746070861816 1.3246519565582275 25.421628952026367 -7.624307155609131 0.1217
Pedestrian 1 1 1 243.5547637939453 169.05584716796875 267.42718505859375 221.26913452148438 0.7840527296066284 1.7812072038650513 0.5678231120109558 -12.379481315612793 1.651336431503296 25.097007751464844 -8.562249183654785 0.1207
Pedestrian 1 1 1 528.8142700195312 170.35752868652344 540.4536743164062 196.20428466796875 0.7184342741966248 1.7825782299041748 0.6427584886550903 -5.269101619720459 1.6101032495498657 50.166927337646484 -7.699174404144287 0.1206
Car 1 1 1 730.5239868164062 177.2477569580078 791.5640869140625 212.0230712890625 3.890514612197876 1.489797830581665 1.5610361099243164 6.884722709655762 1.7056000232696533 33.45631408691406 -4.845705032348633 0.1199
Pedestrian 1 1 1 868.926025390625 160.29586791992188 895.85546875 218.9467010498047 0.737765371799469 1.7424702644348145 0.6393483877182007 8.194326400756836 1.3690779209136963 21.8560791015625 -7.675578594207764 0.1188
Pedestrian 1 1 1 100.27291107177734 177.0012664794922 161.19699096679688 279.74981689453125 0.5985788106918335 1.5523388385772705 0.5245131254196167 -7.530482292175293 1.6187759637832642 11.269733428955078 -4.533844470977783 0.1177
Pedestrian 1 1 1 176.5286865234375 169.4127960205078 209.0242919921875 239.0439453125 0.5921988487243652 1.6432939767837524 0.5342329740524292 -10.093367576599121 1.561781883239746 17.379793167114258 -4.954550743103027 0.1176
Car 1 1 1 640.6986083984375 173.03915405273438 664.6114501953125 190.3002166748047 3.8716518878936768 1.5807595252990723 1.591003656387329 3.9772655963897705 1.5984610319137573 68.13796997070312 -7.973117351531982 0.1175
Car 1 1 1 709.0979614257812 171.69679260253906 756.1879272460938 189.1074676513672 4.095571994781494 1.6200013160705566 1.6122791767120361 11.594392776489258 1.5120255947113037 68.39263153076172 -6.515604496002197 0.1174
Pedestrian 1 1 1 203.465087890625 169.9475860595703 237.31787109375 238.41302490234375 0.5852682590484619 1.6230112314224243 0.518076479434967 -9.44527816772461 1.553813099861145 17.410072326660156 -4.764054298400879 0.1170
Car 1 1 1 0.0 0.0 1241.0 374.0 3.869879961013794 1.5455660820007324 1.61998450756073 5.894010543823242 1.519290804862976 1.3316521644592285 -7.964989185333252 0.1168
Pedestrian 1 1 1 937.8717651367188 153.60560607910156 977.6925659179688 243.70193481445312 0.6625752449035645 1.7616004943847656 0.589737057685852 6.923667907714844 1.3849481344223022 14.497326850891113 -7.625206470489502 0.1167
Pedestrian 1 1 1 218.79481506347656 168.31080627441406 248.74534606933594 219.7122039794922 0.7825183272361755 1.7764880657196045 0.5444497466087341 -13.294726371765137 1.6191704273223877 25.412675857543945 -4.036575794219971 0.1164
Car 1 1 1 1226.4217529296875 162.4404296875 1241.0 342.78717041015625 4.009950637817383 1.481821060180664 1.595447063446045 8.454801559448242 1.3959579467773438 7.00534200668335 -6.42698860168457 0.1160
Pedestrian 1 1 1 936.6671752929688 158.61790466308594 965.6909790039062 218.53871154785156 0.7295159697532654 1.7566208839416504 0.6179665923118591 10.140789985656738 1.3389796018600464 21.5673770904541 -7.670616626739502 0.1151
Car 1 1 1 695.4905395507812 175.4814453125 730.7420043945312 198.6494598388672 4.041735649108887 1.553165078163147 1.660542368888855 7.197005271911621 1.7458020448684692 50.9124641418457 -4.77860689163208 0.1150
Car 1 1 1 410.6947021484375 180.279296875 458.151123046875 209.18453979492188 3.86659574508667 1.5103381872177124 1.5909665822982788 -9.873034477233887 1.9488637447357178 40.676509857177734 -4.669811725616455 0.1150
Car 1 1 1 0.0 0.0 932.1189575195312 374.0 3.8294737339019775 1.5427170991897583 1.613796591758728 0.11636839061975479 1.5885692834854126 0.6765134334564209 -7.886880397796631 0.1133
Pedestrian 1 1 1 777.0205078125 165.09237670898438 786.5536499023438 190.16668701171875 0.6746668219566345 1.7531005144119263 0.5892238616943359 12.0799560546875 1.2101370096206665 50.86253356933594 -4.378064155578613 0.1130
Cyclist 1 1 1 910.4688110351562 153.73565673828125 955.4732666015625 207.0372314453125 1.6463061571121216 1.7209460735321045 0.5304856896400452 10.740674018859863 1.1033729314804077 24.154233932495117 -4.898012161254883 0.1121
Cyclist 1 1 1 378.1283874511719 161.56642150878906 415.068359375 212.05859375 1.615278959274292 1.7171047925949097 0.5503569841384888 -7.535452842712402 1.332944393157959 25.384174346923828 -4.508852481842041 0.1118
Car 1 1 1 1236.2757568359375 164.9272003173828 1241.0 301.0981140136719 3.975510835647583 1.5077807903289795 1.5969189405441284 10.306087493896484 1.4197098016738892 8.947725296020508 -6.365059852600098 0.1118
Cyclist 1 1 1 931.8404541015625 159.55296325683594 981.7631225585938 223.7536163330078 1.740618109703064 1.699450969696045 0.5221627950668335 9.520362854003906 1.3470603227615356 19.97389030456543 -7.868947505950928 0.1111
Car 1 1 1 810.0028076171875 178.07655334472656 982.398193359375 288.4931640625 4.041466236114502 1.5369515419006348 1.5731950998306274 4.580345153808594 1.6407188177108765 12.308462142944336 -7.786422252655029 0.1104
Car 1 1 1 1144.15380859375 166.00994873046875 1241.0 227.8799591064453 3.667313575744629 1.4929468631744385 1.568276286125183 16.50004005432129 1.3274972438812256 19.311887741088867 -4.809274196624756 0.1101
Pedestrian 1 1 1 227.82496643066406 168.9583282470703 264.0709533691406 239.1859130859375 0.6367771625518799 1.6624361276626587 0.552718997001648 -8.82224178314209 1.5699173212051392 17.399036407470703 -4.711238861083984 0.1098
Car 1 1 1 946.7633666992188 173.11883544921875 1058.34423828125 221.72727966308594 3.744811534881592 1.4959473609924316 1.5651297569274902 12.939891815185547 1.505204439163208 24.132295608520508 -4.75762414932251 0.1094
Pedestrian 1 1 1 0.0 161.9825897216797 35.399314880371094 267.5121765136719 0.6749125123023987 1.6882960796356201 0.5456789135932922 -10.104353904724121 1.5140717029571533 11.923535346984863 -4.535762786865234 0.1093
Pedestrian 1 1 1 197.31639099121094 164.64041137695312 220.0167694091797 208.86273193359375 0.6205784678459167 1.7954368591308594 0.6036616563796997 -16.514490127563477 1.4616637229919434 29.62056541442871 -7.9073567390441895 0.1090
Cyclist 1 1 1 946.6893920898438 154.8785858154297 1020.2579956054688 243.23703002929688 1.7694214582443237 1.7038733959197998 0.5317625403404236 7.567606449127197 1.356942057609558 14.808943748474121 -7.8958258628845215 0.1086
Pedestrian 1 1 1 127.91337585449219 171.8248748779297 170.55941772460938 247.00889587402344 0.5927436351776123 1.6078144311904907 0.5268616676330566 -10.108695983886719 1.585506558418274 15.759475708007812 -4.57638692855835 0.1083
Car 1 1 1 685.2989501953125 176.9296112060547 713.7628173828125 203.9527130126953 3.9433414936065674 1.51454758644104 1.610779047012329 5.272155284881592 1.7692580223083496 43.101478576660156 -4.607722759246826 0.1083
Car 1 1 1 0.0 0.0 1241.0 374.0 3.908493757247925 1.543458342552185 1.6563904285430908 -2.7950942516326904 1.6246815919876099 0.948749840259552 -7.900251865386963 0.1068
Pedestrian 1 1 1 872.2312622070312 168.18521118164062 890.6305541992188 201.65957641601562 0.6287527680397034 1.7558841705322266 0.6753587126731873 14.341089248657227 1.5106849670410156 38.23337173461914 -4.951488494873047 0.1061
Car 1 1 1 1025.7940673828125 169.7080841064453 1156.5823974609375 219.70713806152344 3.5826525688171387 1.4735132455825806 1.545101523399353 15.223187446594238 1.3805007934570312 23.129545211791992 -4.822254180908203 0.1059
Car 1 1 1 1232.9427490234375 168.8333282470703 1241.0 374.0 4.0193352699279785 1.4892768859863281 1.6045271158218384 6.267050743103027 1.470641016960144 4.457888126373291 -6.473184108734131 0.1053
Pedestrian 1 1 1 187.1055908203125 164.1253662109375 218.443359375 219.46070861816406 0.7566578984260559 1.728230595588684 0.5564050078392029 -12.976601600646973 1.4553182125091553 22.92132568359375 -7.824748516082764 0.1053
Pedestrian 1 1 1 38.075931549072266 163.01402282714844 92.6780014038086 252.55401611328125 0.7008412480354309 1.7145094871520996 0.5400430560112 -10.735910415649414 1.5257939100265503 14.169842720031738 -4.699551105499268 0.1050
Pedestrian 1 1 1 9.217180252075195 170.31027221679688 80.2964096069336 287.1283264160156 0.6212188005447388 1.6215866804122925 0.5159791111946106 -8.151996612548828 1.585976481437683 10.352472305297852 -4.604477405548096 0.1044
Car 1 1 1 794.4329223632812 173.6017608642578 931.5440063476562 223.0682373046875 3.809117078781128 1.5145666599273682 1.6032291650772095 7.970241069793701 1.5391186475753784 23.050174713134766 -6.351622581481934 0.1041
Car 1 1 1 443.74737548828125 180.13165283203125 485.3145446777344 209.4749298095703 3.8083677291870117 1.4814919233322144 1.5883311033248901 -7.907464504241943 1.8970600366592407 39.307193756103516 -4.737783908843994 0.1035
Pedestrian 1 1 1 98.00665283203125 172.545166015625 150.334716796875 271.27752685546875 0.5418091416358948 1.6696736812591553 0.5305813550949097 -8.49135971069336 1.6641510725021362 12.539786338806152 -4.40902042388916 0.1035
Pedestrian 1 1 1 882.901611328125 163.20941162109375 907.3582763671875 222.00157165527344 0.6966471076011658 1.670223593711853 0.5857974290847778 8.20710277557373 1.3959311246871948 20.911270141601562 -7.587625980377197 0.1033
Cyclist 1 1 1 247.00778198242188 159.07020568847656 311.1185302734375 218.29945373535156 1.6732207536697388 1.759331226348877 0.5848279595375061 -10.058786392211914 1.3496006727218628 21.8666934967041 -3.3175082206726074 0.1033
Car 1 1 1 429.5442199707031 182.5627899169922 501.5433044433594 241.92164611816406 3.928341865539551 1.473246693611145 1.5801032781600952 -4.071509838104248 1.7772642374038696 20.593076705932617 -7.937407970428467 0.1030
Car 1 1 1 413.33233642578125 179.2174530029297 450.0716247558594 204.32656860351562 4.000246047973633 1.5042243003845215 1.6564524173736572 -11.429133415222168 1.9306390285491943 46.32642364501953 -4.789261817932129 0.1027
Car 1 1 1 286.1235046386719 179.78004455566406 357.90179443359375 224.22743225097656 3.583249568939209 1.4765050411224365 1.5343893766403198 -10.49557876586914 1.7476307153701782 26.413013458251953 -4.819545745849609 0.1026
Pedestrian 1 1 1 193.93975830078125 173.62648010253906 241.7826690673828 263.2181091308594 0.5642816424369812 1.5919952392578125 0.520852267742157 -7.209725379943848 1.6061784029006958 13.177629470825195 -4.389154434204102 0.1025
Cyclist 1 1 1 1145.6651611328125 167.3650665283203 1241.0 262.4220275878906 1.701263189315796 1.6690679788589478 0.4389091432094574 10.831587791442871 1.5723899602890015 13.521068572998047 -7.848278522491455 0.1024
Car 1 1 1 720.757080078125 170.32362365722656 753.3707275390625 189.92123413085938 3.993145704269409 1.7069625854492188 1.7130711078643799 11.373026847839355 1.4862641096115112 64.94725036621094 -4.860137462615967 0.1017
Car 1 1 1 361.13818359375 181.03555297851562 415.37841796875 212.501953125 3.7303004264831543 1.5032262802124023 1.535218596458435 -11.448528289794922 1.9479105472564697 37.34911346435547 -4.672350883483887 0.1011
Pedestrian 1 1 1 719.6907958984375 169.92689514160156 728.3928833007812 190.14439392089844 0.7666057348251343 1.7907463312149048 0.5605696439743042 10.153636932373047 1.531179666519165 64.37789154052734 -7.38818883895874 0.1011
Car 1 1 1 698.772216796875 178.51377868652344 744.5144653320312 207.7672119140625 3.8673107624053955 1.4645764827728271 1.6061309576034546 5.91816520690918 1.7848379611968994 38.87980270385742 -4.785370826721191 0.1002
