Car 1 1 1 607.3084106445312 177.9822998046875 661.2215576171875 229.6018524169922 3.439730644226074 1.5648283958435059 1.6315830945968628 0.6938656568527222 1.747016429901123 23.94617462158203 -7.865808010101318 0.8430
Car 1 1 1 601.4590454101562 178.3861846923828 621.8938598632812 195.45062255859375 3.9308485984802246 1.4951492547988892 1.616602897644043 0.1600288599729538 2.020554542541504 66.54698944091797 -4.640216827392578 0.3798
Car 1 1 1 572.5291137695312 178.60922241210938 595.6259155273438 195.23922729492188 3.5495400428771973 1.499788761138916 1.5756059885025024 -2.445673704147339 2.0586695671081543 68.23568725585938 -4.568538188934326 0.3753
Car 1 1 1 820.1473999023438 174.02894592285156 839.1082763671875 190.41371154785156 3.7794029712677 1.4989389181137085 1.6208683252334595 20.754304885864258 1.6132375001907349 68.3386459350586 -4.442121982574463 0.3002
Car 1 1 1 641.6370239257812 178.0846405029297 659.0089721679688 195.4746551513672 3.861816167831421 1.5059280395507812 1.5315845012664795 3.650782823562622 1.9957911968231201 65.64261627197266 -4.653380870819092 0.2722
Pedestrian 1 1 1 1221.8502197265625 153.81930541992188 1241.0 201.94664001464844 0.7638933658599854 1.773542881011963 0.5928512811660767 23.363601684570312 1.0717942714691162 27.063779830932617 -3.857783317565918 0.2719
Car 1 1 1 1131.493408203125 167.93179321289062 1227.515380859375 198.55247497558594 3.9099180698394775 1.531073808670044 1.6386374235153198 29.941600799560547 1.28465735912323 38.13610076904297 -8.009485244750977 0.2717
Car 1 1 1 201.45614624023438 174.6486358642578 238.77200317382812 194.4656982421875 4.110977649688721 1.7894480228424072 1.667959213256836 -36.5351676940918 1.9627902507781982 67.67704772949219 -7.9669671058654785 0.2307
Pedestrian 1 1 1 382.7945861816406 171.18142700195312 395.5921630859375 199.4757843017578 0.730441689491272 1.7620304822921753 0.6326171159744263 -13.901754379272461 1.6575711965560913 45.32593536376953 -7.944029331207275 0.2178
Pedestrian 1 1 1 1010.7066040039062 158.4032745361328 1026.9569091796875 193.92160034179688 0.6808367371559143 1.8152260780334473 0.6426569223403931 21.096128463745117 1.0763964653015137 37.310211181640625 -7.4771904945373535 0.2081
Pedestrian 1 1 1 141.45425415039062 164.03709411621094 179.39239501953125 228.5958709716797 0.7635898590087891 1.7797728776931763 0.5985486507415771 -12.67502498626709 1.536406397819519 20.278934478759766 -4.731337070465088 0.1991
Pedestrian 1 1 1 100.93172454833984 161.77391052246094 134.7428436279297 232.58602905273438 0.7794768810272217 1.8180232048034668 0.5962090492248535 -12.999489784240723 1.5332541465759277 19.000171661376953 -5.115903377532959 0.1951
Car 1 1 1 361.374755859375 170.92501831054688 398.9259338378906 194.63156127929688 3.8151721954345703 1.614137053489685 1.6641266345977783 -16.253639221191406 1.4824960231781006 51.085655212402344 -7.918679714202881 0.1922
Car 1 1 1 687.146728515625 177.78042602539062 707.2340087890625 195.5546417236328 3.8347244262695312 1.5271795988082886 1.5637730360031128 7.809930324554443 1.9843473434448242 65.04202270507812 -4.653306007385254 0.1896
Pedestrian 1 1 1 457.21636962890625 175.55279541015625 465.5464782714844 198.96502685546875 0.8580005764961243 1.764695644378662 0.572850227355957 -11.356439590454102 1.9718897342681885 54.98676681518555 -4.9731974601745605 0.1881
Pedestrian 1 1 1 287.366943359375 164.89724731445312 306.3100280761719 205.28903198242188 0.6322953104972839 1.815169334411621 0.6586874127388 -14.26986026763916 1.4573001861572266 32.79238510131836 -8.023351669311523 0.1871
Car 1 1 1 657.6464233398438 177.3542022705078 687.3711547851562 201.8628692626953 3.900364637374878 1.590262770652771 1.6087942123413086 4.305473804473877 1.9125384092330933 49.649085998535156 -4.51255989074707 0.1863
Car 1 1 1 189.346435546875 173.87107849121094 262.8273010253906 210.18161010742188 3.6671323776245117 1.4730219841003418 1.6335138082504272 -16.600610733032227 1.5195590257644653 31.302919387817383 -4.842860698699951 0.1786
Car 1 1 1 615.6620483398438 179.9473419189453 653.0846557617188 212.74696350097656 3.9568593502044678 1.48854660987854 1.6470119953155518 1.1111313104629517 1.8577897548675537 35.598548889160156 -4.728662967681885 0.1744
Car 1 1 1 695.7315673828125 177.072998046875 754.2752075195312 217.55438232421875 3.950000524520874 1.5344200134277344 1.655565857887268 4.622007846832275 1.71990168094635 29.76971435546875 -4.747479438781738 0.1724
Car 1 1 1 562.1673583984375 179.2135467529297 587.0174560546875 197.7132110595703 4.006844997406006 1.5105775594711304 1.5049861669540405 -3.0545685291290283 2.078782320022583 62.423301696777344 -4.594547271728516 0.1714
Car 1 1 1 0.0 0.0 1241.0 374.0 3.794379711151123 1.5320488214492798 1.6298283338546753 3.019731044769287 1.5564935207366943 0.9643287062644958 -7.878275394439697 0.1694
Car 1 1 1 512.7450561523438 179.21328735351562 538.1611938476562 203.5688018798828 3.9466452598571777 1.619752287864685 1.6764353513717651 -5.98152494430542 2.0877037048339844 51.08960723876953 -4.800107955932617 0.1684
Pedestrian 1 1 1 179.72787475585938 167.1767120361328 202.16078186035156 212.42340087890625 0.5583124756813049 1.798298716545105 0.596377968788147 -16.869997024536133 1.5723588466644287 28.97856903076172 -7.93197774887085 0.1639
Pedestrian 1 1 1 1217.866455078125 160.0773162841797 1241.0 216.9890899658203 0.7434658408164978 1.7736567258834839 0.570224404335022 19.791240692138672 1.375171184539795 22.850845336914062 -3.37750244140625 0.1614
Pedestrian 1 1 1 963.0440063476562 159.1455078125 978.9542236328125 193.14035034179688 0.672060489654541 1.7868013381958008 0.6229181289672852 19.13188934326172 1.0659701824188232 38.32567596435547 -4.469977378845215 0.1604
Car 1 1 1 1028.7462158203125 172.23788452148438 1129.8828125 203.00604248046875 3.967505931854248 1.4831856489181519 1.6209124326705933 23.09034538269043 1.45318603515625 35.64361572265625 -6.309171676635742 0.1579
Car 1 1 1 686.1361083984375 176.2978057861328 732.0264892578125 205.50608825683594 3.914185047149658 1.5704236030578613 1.6271568536758423 5.579212188720703 1.7771203517913818 41.323219299316406 -4.842719554901123 0.1556
Car 1 1 1 1101.9573974609375 165.52162170410156 1149.2354736328125 187.9277801513672 3.8759355545043945 1.6353306770324707 1.620617151260376 39.01923751831055 1.0998709201812744 54.73991775512695 -7.604751110076904 0.1523
Car 1 1 1 659.4121704101562 178.378662109375 679.3931274414062 195.21229553222656 3.769638776779175 1.4983772039413452 1.564773440361023 5.561491966247559 2.030245065689087 67.51587677001953 -4.549021244049072 0.1521
Car 1 1 1 0.0 0.0 1241.0 374.0 3.9033498764038086 1.5392874479293823 1.6497318744659424 -3.4277265071868896 1.6266038417816162 0.9590832591056824 -7.904120922088623 0.1511
Car 1 1 1 1086.4805908203125 162.5186309814453 1171.47802734375 193.8442840576172 3.771202325820923 1.6187667846679688 1.6450527906417847 28.08974266052246 1.0843816995620728 39.252132415771484 -7.9670586585998535 0.1509
Car 1 1 1 630.6246948242188 179.92532348632812 667.914306640625 209.83535766601562 3.9395365715026855 1.511557698249817 1.6444746255874634 2.057368516921997 1.917226791381836 39.41823196411133 -4.758615970611572 0.1487
Car 1 1 1 876.9055786132812 167.27093505859375 939.7420654296875 195.62022399902344 3.895565986633301 1.591484785079956 1.6511280536651611 17.479904174804688 1.2777597904205322 42.55498504638672 -4.861834526062012 0.1484
Pedestrian 1 1 1 827.0958251953125 170.4889678955078 839.4691162109375 193.0937957763672 0.7564194798469543 1.7992380857467651 0.5823667645454407 17.878368377685547 1.6106913089752197 57.863040924072266 -3.6171369552612305 0.1466
Car 1 1 1 1078.9049072265625 167.94947814941406 1130.94970703125 192.6708526611328 4.018589496612549 1.6259177923202515 1.6112959384918213 33.910858154296875 1.3030481338500977 49.59654235839844 -7.620388507843018 0.1448
Pedestrian 1 1 1 0.0 160.5353546142578 40.52833557128906 247.71202087402344 0.744763970375061 1.811464786529541 0.5678951740264893 -12.677562713623047 1.5551929473876953 15.457623481750488 -5.238529682159424 0.1446
Car 1 1 1 658.1033325195312 177.89337158203125 693.3823852539062 207.0485382080078 3.83866548538208 1.561743140220642 1.647098183631897 3.673611640930176 1.8628917932510376 41.23828887939453 -4.71703577041626 0.1440
Pedestrian 1 1 1 116.82849884033203 162.234130859375 144.97486877441406 229.61956787109375 0.7849013209342957 1.8181079626083374 0.5933593511581421 -13.29062557220459 1.5312763452529907 19.955163955688477 -8.3671875 0.1434
Pedestrian 1 1 1 45.264976501464844 161.0028533935547 85.42076110839844 240.29495239257812 0.7461094260215759 1.789309024810791 0.5735405683517456 -12.672868728637695 1.5215755701065063 16.736379623413086 -5.102858066558838 0.1415
Car 1 1 1 609.6749877929688 178.38064575195312 652.8513793945312 219.5698699951172 3.8407599925994873 1.5153310298919678 1.6193277835845947 0.7583838105201721 1.751766562461853 28.98421859741211 -7.8505682945251465 0.1405
Car 1 1 1 622.7252807617188 177.74990844726562 641.6275024414062 194.60299682617188 3.8232457637786865 1.5063767433166504 1.5730700492858887 2.030095338821411 1.9774377346038818 67.54005432128906 -4.732738494873047 0.1383
Car 1 1 1 0.0 186.2714080810547 0.0 374.0 3.908156633377075 1.5525319576263428 1.6233850717544556 -5.3408684730529785 1.6279195547103882 2.0880610942840576 -7.890117168426514 0.1346
Pedestrian 1 1 1 77.1697769165039 162.48907470703125 104.77944946289062 231.75595092773438 0.7717450261116028 1.8088442087173462 0.5907834768295288 -13.945304870605469 1.5378731489181519 19.3278865814209 -5.325082302093506 0.1344
Pedestrian 1 1 1 389.03594970703125 170.00489807128906 402.1817626953125 199.10812377929688 0.6890260577201843 1.7895281314849854 0.6442381143569946 -13.322504997253418 1.6140397787094116 44.731048583984375 -7.917974948883057 0.1344
Car 1 1 1 0.0 0.0 1224.5780029296875 374.0 3.8234012126922607 1.5425184965133667 1.6122397184371948 1.401488184928894 1.5706474781036377 0.6801337003707886 -7.877377033233643 0.1343
Car 1 1 1 150.3802032470703 175.82064819335938 186.07640075683594 199.0863037109375 3.983354091644287 1.7189693450927734 1.6399965286254883 -34.26894760131836 1.9578168392181396 56.01216125488281 -8.212607383728027 0.1326
Pedestrian 1 1 1 298.0568542480469 169.49069213867188 314.43988037109375 207.6746826171875 0.6386225819587708 1.7658672332763672 0.6195840239524841 -14.247124671936035 1.610026478767395 33.75461196899414 -8.104743003845215 0.1326
Car 1 1 1 673.6023559570312 176.7218780517578 703.4557495117188 198.31944274902344 3.854184627532959 1.5563517808914185 1.631639838218689 5.882657527923584 1.8596913814544678 54.67195510864258 -7.911686420440674 0.1321
Pedestrian 1 1 1 1028.3887939453125 162.07577514648438 1046.540283203125 197.54063415527344 0.7552105784416199 1.7810910940170288 0.653179407119751 21.696453094482422 1.2394946813583374 36.69940185546875 -7.525101184844971 0.1312
Pedestrian 1 1 1 781.1176147460938 169.1947021484375 818.4188232421875 257.3374328613281 0.7162008285522461 1.5673775672912598 0.5298253893852234 3.408959150314331 1.502007007598877 13.203981399536133 -4.652132034301758 0.1310
Car 1 1 1 662.6402587890625 176.26564025878906 725.13720703125 227.3598175048828 3.837057590484619 1.5356206893920898 1.616227149963379 2.6434898376464844 1.6572152376174927 23.86086082458496 -7.854546070098877 0.1305
Pedestrian 1 1 1 906.4906616210938 165.0782012939453 920.9765014648438 196.4955291748047 0.7116641402244568 1.7334339618682861 0.6305769085884094 16.89217185974121 1.3041081428527832 40.22765350341797 -7.628926753997803 0.1282
Car 1 1 1 0.0 0.0 1241.0 374.0 3.856454849243164 1.5365023612976074 1.6203924417495728 4.6129069328308105 1.5382386445999146 1.3199388980865479 -7.91287088394165 0.1280
Car 1 1 1 761.202880859375 176.50375366210938 796.7799072265625 194.33766174316406 3.9833061695098877 1.4772753715515137 1.6120318174362183 14.620841026306152 1.8048359155654907 62.72138977050781 -8.0150785446167 0.1276
Pedestrian 1 1 1 75.65705108642578 161.65496826171875 109.38288879394531 236.37173461914062 0.7663658857345581 1.817737102508545 0.5886483192443848 -12.987204551696777 1.54498291015625 18.034595489501953 -5.467345714569092 0.1266
Car 1 1 1 1137.0452880859375 173.62164306640625 1241.0 347.47894287109375 4.112104892730713 1.5216671228408813 1.6385164260864258 8.4625825881958 1.5325382947921753 8.416839599609375 -4.747122764587402 0.1262
Pedestrian 1 1 1 942.2556762695312 161.13392639160156 957.721435546875 194.3610076904297 0.6448153853416443 1.7610046863555908 0.6289400458335876 18.158323287963867 1.1395515203475952 38.62698745727539 -4.480052471160889 0.1247
Pedestrian 1 1 1 0.0 158.622802734375 32.61181640625 241.74325561523438 0.7358555197715759 1.8388899564743042 0.5727084875106812 -13.619449615478516 1.5237505435943604 16.424224853515625 -2.3746252059936523 0.1237
Pedestrian 1 1 1 845.1976318359375 170.7998046875 858.7368774414062 195.2388916015625 0.7805665731430054 1.7608228921890259 0.6276650428771973 17.54931640625 1.6125186681747437 52.43032455444336 -8.050029754638672 0.1225
Pedestrian 1 1 1 0.0 161.69021606445312 25.68448829650879 239.25283813476562 0.7214893698692322 1.821258544921875 0.5786150097846985 -14.605234146118164 1.558820366859436 17.39196014404297 -2.484330892562866 0.1219
Pedestrian 1 1 1 20.523317337036133 160.11399841308594 62.06060028076172 235.49964904785156 0.7420141696929932 1.8392906188964844 0.5838830471038818 -14.270747184753418 1.5281548500061035 18.043254852294922 -2.614870071411133 0.1213
Car 1 1 1 298.86700439453125 173.3275909423828 319.6728820800781 193.2445526123047 4.185703277587891 1.81527578830719 1.6851037740707397 -28.38210105895996 1.861170768737793 68.12549591064453 -8.217453956604004 0.1212
Car 1 1 1 705.298828125 175.8788299560547 773.7730102539062 224.14813232421875 3.779041051864624 1.5136734247207642 1.6072043180465698 4.31071662902832 1.62519109249115 24.768966674804688 -7.872037410736084 0.1211
Car 1 1 1 167.5963592529297 0.0 1241.0 374.0 3.835667610168457 1.5521163940429688 1.6526930332183838 -0.8662726879119873 1.5951238870620728 0.8579776883125305 -7.882728099822998 0.1203
Car 1 1 1 1147.9097900390625 175.7407989501953 1241.0 374.0 4.095865726470947 1.4967738389968872 1.6224291324615479 6.536757469177246 1.5282766819000244 5.849967956542969 -4.643387794494629 0.1202
Car 1 1 1 601.9124755859375 178.8927459716797 621.0955810546875 197.73851013183594 3.956902027130127 1.5352259874343872 1.5967261791229248 0.11627396196126938 2.0707314014434814 62.03559875488281 -4.70396614074707 0.1201
Car 1 1 1 435.38580322265625 179.16061401367188 457.9114074707031 200.01956176757812 3.832458972930908 1.5279000997543335 1.616250991821289 -12.70168399810791 2.0359420776367188 56.12175750732422 -8.051702499389648 0.1195
Car 1 1 1 179.83827209472656 175.30152893066406 213.6056671142578 194.8842315673828 4.21485710144043 1.7444344758987427 1.694631814956665 -38.39715576171875 1.9793624877929688 67.09226989746094 -8.112561225891113 0.1193
Pedestrian 1 1 1 84.94120025634766 159.7681884765625 114.4662094116211 237.527587890625 0.7531810998916626 1.8231723308563232 0.5707187652587891 -12.353017807006836 1.516058325767517 17.389814376831055 -5.3414530754089355 0.1177
Car 1 1 1 555.518798828125 180.355224609375 574.5270385742188 197.63650512695312 3.8876991271972656 1.5489732027053833 1.6477642059326172 -4.311066150665283 2.281174421310425 68.44175720214844 -4.813432216644287 0.1173
Car 1 1 1 1139.997314453125 159.09393310546875 1220.052734375 189.42950439453125 3.923682451248169 1.707531213760376 1.6486319303512573 33.49640655517578 0.9327032566070557 42.5838508605957 -7.844118595123291 0.1173
Car 1 1 1 203.83665466308594 178.59181213378906 243.2768096923828 197.61734008789062 4.119098663330078 1.5966755151748657 1.6625728607177734 -34.23088455200195 2.122143268585205 63.979248046875 -4.819931507110596 0.1171
Pedestrian 1 1 1 1218.8387451171875 155.16290283203125 1241.0 217.49024963378906 0.786456286907196 1.7729936838150024 0.5668208003044128 18.185157775878906 1.269444227218628 20.930988311767578 -3.509122848510742 0.1165
Pedestrian 1 1 1 27.236709594726562 159.9099578857422 66.85868072509766 237.752685546875 0.7385450005531311 1.8283838033676147 0.5748523473739624 -13.625282287597656 1.5240520238876343 17.397951126098633 -2.5073606967926025 0.1164
Pedestrian 1 1 1 1232.72607421875 149.263427734375 1241.0 227.81553649902344 0.7791870832443237 1.8157556056976318 0.5806894898414612 15.279730796813965 1.2701525688171387 17.07415199279785 -3.452434539794922 0.1163
Car 1 1 1 1015.6930541992188 167.68067932128906 1103.294921875 194.03114318847656 4.079241752624512 1.4945752620697021 1.6006933450698853 25.921457290649414 1.2008488178253174 41.74466323852539 -3.1510815620422363 0.1162
Car 1 1 1 449.359130859375 178.26516723632812 479.5013427734375 199.56260681152344 3.755192518234253 1.6833325624465942 1.720339059829712 -12.06548023223877 2.1461637020111084 59.87112045288086 -7.846492290496826 0.1155
Pedestrian 1 1 1 1211.3797607421875 147.61370849609375 1241.0 230.1190185546875 0.7628597021102905 1.791471242904663 0.594477653503418 14.00235652923584 1.2431187629699707 16.107555389404297 -4.949179649353027 0.1154
Car 1 1 1 638.3604736328125 177.2023162841797 669.5391845703125 198.34266662597656 4.054780006408691 1.5487004518508911 1.6380112171173096 3.3329906463623047 1.8977676630020142 55.85165786743164 -7.991978168487549 0.1153
Car 1 1 1 697.8442993164062 178.3625030517578 739.8591918945312 211.8118438720703 4.027861595153809 1.5123130083084106 1.6714928150177002 5.233818054199219 1.7976797819137573 35.359352111816406 -4.654391765594482 0.1147
Pedestrian 1 1 1 142.03134155273438 167.43783569335938 164.97703552246094 211.8934783935547 0.5439838171005249 1.8051763772964478 0.5848385691642761 -18.766145706176758 1.5849462747573853 29.598180770874023 -7.756170749664307 0.1142
Car 1 1 1 705.5643310546875 176.98646545410156 725.5679931640625 194.99020385742188 3.9627270698547363 1.53029203414917 1.6446624994277954 9.422403335571289 1.9107520580291748 64.38652038574219 -7.677266597747803 0.1141
Car 1 1 1 535.6436767578125 179.07577514648438 564.0567626953125 200.0033416748047 3.92311954498291 1.5394388437271118 1.6200059652328491 -4.68300724029541 2.0419092178344727 56.29058074951172 -4.639167785644531 0.1121
Pedestrian 1 1 1 347.7905578613281 171.55596923828125 364.6396484375 209.53233337402344 0.6366065144538879 1.7747066020965576 0.6295831203460693 -12.02176570892334 1.7137476205825806 34.07334899902344 -7.976998805999756 0.1117
Pedestrian 1 1 1 831.9773559570312 173.74603271484375 844.229736328125 196.76345825195312 0.8064447641372681 1.7892106771469116 0.567220151424408 17.865558624267578 1.8594704866409302 56.59873962402344 -6.967705249786377 0.1116
Car 1 1 1 617.5443725585938 178.57032775878906 651.8267822265625 206.13616943359375 3.973928213119507 1.549095630645752 1.6432113647460938 1.4047784805297852 1.9090930223464966 43.43634033203125 -4.785726547241211 0.1115
Pedestrian 1 1 1 1199.6630859375 152.44088745117188 1241.0 220.8177947998047 0.7762330174446106 1.8255003690719604 0.5595937371253967 16.581464767456055 1.2802188396453857 19.633460998535156 -6.543033123016357 0.1113
Car 1 1 1 177.55174255371094 174.30677795410156 233.5673065185547 198.044677734375 3.9659488201141357 1.7110556364059448 1.7283737659454346 -30.40182876586914 1.824259638786316 54.317317962646484 -7.758490085601807 0.1112
Car 1 1 1 125.24391174316406 178.4775848388672 161.2274627685547 199.86727905273438 4.057479381561279 1.7208536863327026 1.6976889371871948 -39.690155029296875 2.216221332550049 61.40071105957031 -8.199499130249023 0.1111
Car 1 1 1 941.7496948242188 166.929443359375 1008.7761840820312 196.1806640625 3.950718641281128 1.5614062547683716 1.6440250873565674 20.38512420654297 1.2448580265045166 40.52073287963867 -4.751034259796143 0.1110
Car 1 1 1 223.0118865966797 174.5957794189453 258.3183288574219 194.6680450439453 4.0095086097717285 1.8308649063110352 1.652358055114746 -34.90864562988281 2.000363349914551 68.25751495361328 -7.9618611335754395 0.1104
Car 1 1 1 934.488525390625 173.1103973388672 1053.1053466796875 223.464111328125 3.724041700363159 1.503258466720581 1.5684294700622559 12.308269500732422 1.5119988918304443 23.501115798950195 -4.828954696655273 0.1102
Pedestrian 1 1 1 1218.6131591796875 151.65487670898438 1241.0 222.78195190429688 0.7641980051994324 1.8365920782089233 0.5688982605934143 16.570476531982422 1.2889037132263184 19.002275466918945 -6.5369086265563965 0.1101
Pedestrian 1 1 1 922.5485229492188 160.72254943847656 954.375732421875 215.40269470214844 0.7415544390678406 1.7712653875350952 0.6107223033905029 10.79393482208252 1.3779886960983276 23.827409744262695 -8.21336841583252 0.1098
Pedestrian 1 1 1 761.3450317382812 175.21356201171875 767.7928466796875 192.71913146972656 0.7239735722541809 1.6498210430145264 0.5712760090827942 14.655661582946777 1.874910593032837 68.51688385009766 -7.680734157562256 0.1098
Car 1 1 1 356.199951171875 173.1435546875 384.1893310546875 193.66285705566406 4.1679463386535645 1.8247926235198975 1.675567626953125 -22.048179626464844 1.8520106077194214 66.40140533447266 -7.981062412261963 0.1096
Pedestrian 1 1 1 537.280029296875 177.95443725585938 545.8939819335938 195.75677490234375 0.6204231977462769 1.6817635297775269 0.6051555871963501 -6.541310787200928 2.1705322265625 68.7886734008789 -7.488198757171631 0.1085
Pedestrian 1 1 1 305.2593994140625 167.33740234375 323.0597839355469 206.5853271484375 0.6266748309135437 1.7823728322982788 0.6426565051078796 -13.622886657714844 1.5315465927124023 33.13420486450195 -8.03817081451416 0.1085
Cyclist 1 1 1 0.0 0.0 1241.0 374.0 1.8681330680847168 1.6546286344528198 0.5148229598999023 6.899341106414795 1.3100844621658325 -0.2911091446876526 -8.046279907226562 0.1079
Pedestrian 1 1 1 183.27464294433594 164.0230255126953 208.00955200195312 222.69021606445312 0.7900503873825073 1.7925033569335938 0.5910758972167969 -12.976505279541016 1.5223840475082397 22.52655029296875 -8.270895004272461 0.1073
Pedestrian 1 1 1 108.3798599243164 163.6520538330078 137.04161071777344 228.04763793945312 0.7766343355178833 1.7971819639205933 0.5824639797210693 -13.962057113647461 1.5400696992874146 20.614492416381836 -8.31672191619873 0.1067
Pedestrian 1 1 1 58.46056365966797 158.68197631835938 106.87266540527344 240.9677276611328 0.7328401803970337 1.8211958408355713 0.5588798522949219 -12.052881240844727 1.5072325468063354 16.42795753479004 -4.161818504333496 0.1066
Pedestrian 1 1 1 154.82366943359375 163.56480407714844 183.5802459716797 231.68724060058594 0.7551345229148865 1.8098883628845215 0.5784071683883667 -12.05415153503418 1.5627914667129517 19.64544677734375 -5.385772705078125 0.1065
Pedestrian 1 1 1 1218.6915283203125 146.46722412109375 1241.0 234.8602752685547 0.7705616354942322 1.7989832162857056 0.585032045841217 13.347278594970703 1.2616573572158813 15.135209083557129 -4.988373756408691 0.1062
Pedestrian 1 1 1 772.03466796875 170.81675720214844 808.9314575195312 247.80291748046875 0.6914311647415161 1.5736477375030518 0.534522294998169 3.722698926925659 1.5317051410675049 15.125811576843262 -4.840867519378662 0.1056
Pedestrian 1 1 1 0.0 158.19166564941406 0.042017970234155655 246.74539184570312 0.7462073564529419 1.8416882753372192 0.5944273471832275 -13.61429214477539 1.5364497900009155 15.46887493133545 -2.4885501861572266 0.1052
Pedestrian 1 1 1 0.0 160.5948028564453 20.07801628112793 242.0767059326172 0.7440828680992126 1.8394877910614014 0.5789084434509277 -14.27721118927002 1.5624313354492188 16.758159637451172 -3.9538755416870117 0.1047
Car 1 1 1 846.2901611328125 174.61029052734375 890.7659301757812 198.9766845703125 3.7459428310394287 1.5812376737594604 1.6248430013656616 17.460432052612305 1.7047518491744995 48.98110580444336 -4.728286266326904 0.1042
Pedestrian 1 1 1 1189.458740234375 156.11196899414062 1229.400634765625 217.87661743164062 0.7950440645217896 1.8153436183929443 0.5505325198173523 17.862594604492188 1.322973608970642 21.566190719604492 -6.515071392059326 0.1038
Car 1 1 1 921.11376953125 176.65943908691406 1110.8609619140625 257.3263854980469 4.061091423034668 1.4800362586975098 1.6148251295089722 8.41275691986084 1.5724642276763916 15.507954597473145 -4.770300388336182 0.1029
Pedestrian 1 1 1 280.1702880859375 168.17124938964844 297.8657531738281 207.02383422851562 0.6445770859718323 1.779030203819275 0.6297704577445984 -14.904101371765137 1.5643107891082764 33.41967010498047 -8.064605712890625 0.1026
Car 1 1 1 689.953857421875 177.4583282470703 724.6130981445312 202.1651611328125 3.922518730163574 1.5821160078048706 1.6255062818527222 6.521845817565918 1.9069652557373047 48.95206832885742 -4.765821933746338 0.1025
Car 1 1 1 0.0 185.73532104492188 0.0 374.0 4.0908942222595215 1.5736446380615234 1.633784532546997 -11.132368087768555 1.7547693252563477 8.039328575134277 -4.822872161865234 0.1021
Pedestrian 1 1 1 1215.56005859375 150.0999298095703 1241.0 222.7646942138672 0.7749194502830505 1.8070499897003174 0.5736923217773438 15.923373222351074 1.2408947944641113 18.34054183959961 -3.472301959991455 0.1020
Car 1 1 1 493.7940979003906 180.7708282470703 533.38134765625 210.07798767089844 3.9558663368225098 1.496970534324646 1.6127249002456665 -5.3177714347839355 1.956484079360962 39.91849899291992 -4.698639869689941 0.1020
Pedestrian 1 1 1 994.5703735351562 158.64859008789062 1094.994873046875 320.1287536621094 0.8263673782348633 1.5644450187683105 0.5078791975975037 4.383467197418213 1.4265207052230835 7.416295528411865 -4.764828681945801 0.1017
Pedestrian 1 1 1 175.0631561279297 163.9788818359375 203.16680908203125 227.66993713378906 0.7706725001335144 1.7774678468704224 0.5811258554458618 -12.057486534118652 1.5294840335845947 20.601070404052734 -5.084765434265137 0.1017
Car 1 1 1 1241.0 170.30120849609375 1241.0 214.7274932861328 3.9895052909851074 1.4342328310012817 1.5761550664901733 30.628908157348633 1.3515201807022095 25.414623260498047 -4.485487461090088 0.1013
Pedestrian 1 1 1 1173.199462890625 155.7582550048828 1211.0145263671875 215.637451171875 0.7895373702049255 1.811976432800293 0.5474810600280762 17.859460830688477 1.2943501472473145 22.202722549438477 -6.551535606384277 0.1013
Car 1 1 1 998.015869140625 175.05130004882812 1213.77392578125 258.50262451171875 3.854403495788574 1.501686692237854 1.6062144041061401 10.04129409790039 1.553415298461914 15.08700942993164 -4.8126373291015625 0.1011
Car 1 1 1 588.4835205078125 178.1873321533203 611.398193359375 198.83677673339844 4.121692180633545 1.518530011177063 1.6315233707427979 -0.843967080116272 1.9494953155517578 56.245391845703125 -4.7635111808776855 0.1008
Car 1 1 1 152.61207580566406 178.4016571044922 188.9394073486328 198.28561401367188 3.7852938175201416 1.6384310722351074 1.7008821964263916 -38.10690689086914 2.135540246963501 62.64573287963867 -8.115883827209473 0.1007
Car 1 1 1 621.5073852539062 177.04327392578125 646.006591796875 198.40731811523438 4.016953468322754 1.525719165802002 1.6255792379379272 1.7266910076141357 1.8527289628982544 54.348716735839844 -7.875556468963623 0.1006
Car 1 1 1 871.2664794921875 174.8058319091797 958.6338500976562 217.04617309570312 3.7887766361236572 1.5112085342407227 1.5663684606552124 11.651873588562012 1.591747522354126 27.938798904418945 -4.783125877380371 0.1001
Car 1 1 1 642.825927734375 176.92822265625 691.5348510742188 214.97911071777344 3.7771308422088623 1.5380507707595825 1.6217914819717407 2.392113447189331 1.7265830039978027 31.510330200195312 -7.910716533660889 0.1000
Car 1 1 1 836.1427001953125 173.7024688720703 863.200927734375 190.38438415527344 4.012661457061768 1.5242464542388916 1.6463613510131836 22.603729248046875 1.606633186340332 68.2286605834961 -4.595856666564941 0.1000
