Car 1 1 1 438.0083312988281 179.51004028320312 508.79736328125 206.60479736328125 3.8032522201538086 1.5197715759277344 1.624140739440918 -7.895354747772217 1.912204384803772 41.72991943359375 -3.1582536697387695 0.6337
Cyclist 1 1 1 919.729736328125 168.73255920410156 965.19384765625 208.77430725097656 1.7001320123672485 1.7137603759765625 0.6054106950759888 14.33732795715332 1.5370655059814453 31.227340698242188 -6.334621906280518 0.3262
Pedestrian 1 1 1 210.13433837890625 183.40011596679688 229.6005401611328 216.47171020507812 0.8092838525772095 1.7618051767349243 0.6974256038665771 -21.29033660888672 2.343731164932251 39.30503463745117 -5.5583062171936035 0.3237
Car 1 1 1 483.51861572265625 177.88580322265625 538.9324340820312 198.8509979248047 4.109841823577881 1.5913293361663818 1.6911767721176147 -7.673070430755615 1.9885313510894775 56.099727630615234 -3.1684045791625977 0.2964
Pedestrian 1 1 1 94.02949523925781 170.7871551513672 129.34361267089844 225.92495727539062 0.7180067896842957 1.7630290985107422 0.6289013028144836 -16.24324607849121 1.6966420412063599 23.461748123168945 -7.7467217445373535 0.2752
Car 1 1 1 987.8839111328125 162.5769500732422 1130.3636474609375 209.63571166992188 3.8452811241149902 1.5044550895690918 1.6035746335983276 14.85937786102295 1.1756006479263306 24.046470642089844 -6.377410888671875 0.2707
Car 1 1 1 609.1694946289062 178.05870056152344 628.6461791992188 194.6396942138672 3.705228805541992 1.5024913549423218 1.6249586343765259 0.8003516793251038 2.009631872177124 68.45803833007812 -7.902007579803467 0.2570
Car 1 1 1 0.0 0.0 1241.0 374.0 3.829501152038574 1.5192323923110962 1.6174582242965698 2.7139596939086914 1.541850209236145 1.3376009464263916 -7.91282320022583 0.2552
Car 1 1 1 928.037109375 175.66477966308594 964.5469970703125 198.77272033691406 3.8643014430999756 1.565315842628479 1.5986169576644897 23.89287567138672 1.7734464406967163 51.4417839050293 -4.482754707336426 0.2457
Car 1 1 1 452.5594482421875 179.95504760742188 519.476806640625 205.20901489257812 3.82228422164917 1.5128908157348633 1.6243727207183838 -7.668379783630371 1.9605276584625244 44.62130355834961 -3.0986061096191406 0.2375
Pedestrian 1 1 1 427.4231262207031 175.37481689453125 440.6878356933594 198.45945739746094 0.8835393190383911 1.8115147352218628 0.5827604532241821 -13.977136611938477 2.0127577781677246 57.20722198486328 -3.699822425842285 0.2251
Car 1 1 1 201.2755584716797 183.9357452392578 284.426025390625 211.51148986816406 3.864067316055298 1.4861812591552734 1.5459452867507935 -20.59211540222168 2.121539831161499 40.4959716796875 -6.345644474029541 0.2198
Pedestrian 1 1 1 483.98419189453125 169.98757934570312 497.6567077636719 195.41229248046875 0.8520756959915161 1.8535734415054321 0.5491708517074585 -8.800293922424316 1.64429771900177 53.10919189453125 -7.221237659454346 0.2190
Pedestrian 1 1 1 222.0039825439453 174.38430786132812 243.24571228027344 214.94944763183594 0.6098269820213318 1.7155252695083618 0.6008322834968567 -16.175512313842773 1.781331181526184 30.853466033935547 -7.889523029327393 0.2129
Car 1 1 1 527.7673950195312 180.3817138671875 547.0061645507812 199.2573699951172 3.8614420890808105 1.5443507432937622 1.5963366031646729 -6.298424243927002 2.218032121658325 62.61161804199219 -4.795236110687256 0.2070
Car 1 1 1 0.0 183.8614959716797 130.3405303955078 235.8302459716797 3.6139793395996094 1.4803552627563477 1.6500465869903564 -17.535066604614258 1.8617321252822876 23.176319122314453 -4.667137145996094 0.2038
Car 1 1 1 414.6273193359375 175.2764129638672 435.9395751953125 191.9817657470703 3.9198999404907227 1.5245287418365479 1.6179745197296143 -17.528745651245117 1.7611662149429321 68.5102767944336 -8.014845848083496 0.2024
Car 1 1 1 1023.0574951171875 176.6730194091797 1078.8270263671875 201.26463317871094 3.8558835983276367 1.5562994480133057 1.6161508560180664 29.38719940185547 1.8219865560531616 48.26700210571289 -4.6316447257995605 0.2009
Pedestrian 1 1 1 241.35081481933594 164.8773956298828 269.7181701660156 214.0953826904297 0.7995171546936035 1.8159319162368774 0.6329858303070068 -13.325578689575195 1.521329641342163 27.047014236450195 -4.626694202423096 0.1975
Cyclist 1 1 1 731.8523559570312 172.1234588623047 742.0244750976562 194.70306396484375 1.7724875211715698 1.7277777194976807 0.4642927348613739 9.835358619689941 1.6715770959854126 56.099754333496094 -7.862090587615967 0.1974
Pedestrian 1 1 1 328.6576843261719 165.20147705078125 359.4225769042969 219.9154052734375 0.8958835005760193 1.7720617055892944 0.681652843952179 -8.817910194396973 1.5239135026931763 23.81919288635254 -4.705732822418213 0.1918
Cyclist 1 1 1 797.1629028320312 171.0338592529297 810.6777954101562 198.5763397216797 1.6788884401321411 1.6869163513183594 0.4409790635108948 12.061988830566406 1.5751368999481201 45.038612365722656 -7.822457790374756 0.1909
Car 1 1 1 1101.7919921875 174.11642456054688 1173.2178955078125 194.4359130859375 4.019974231719971 1.4867099523544312 1.6248295307159424 39.57907485961914 1.5836485624313354 54.26591110229492 -2.8765854835510254 0.1898
Cyclist 1 1 1 815.0083618164062 172.37689208984375 831.3792114257812 205.27638244628906 1.8100547790527344 1.6840375661849976 0.5602236390113831 11.139439582824707 1.6593154668807983 37.86859130859375 -4.574188232421875 0.1853
Pedestrian 1 1 1 211.68942260742188 166.59701538085938 234.8303680419922 212.4545440673828 0.5783509612083435 1.7814559936523438 0.6073054075241089 -15.224044799804688 1.538087010383606 28.328594207763672 -7.885371685028076 0.1833
Pedestrian 1 1 1 684.413330078125 173.05299377441406 696.6099853515625 193.71047973632812 0.9082905054092407 1.7830575704574585 0.5339742302894592 6.973039150238037 1.800168514251709 62.71080017089844 -3.54209566116333 0.1825
Car 1 1 1 909.74560546875 175.26805114746094 949.7650756835938 198.2348175048828 3.838542938232422 1.5082050561904907 1.603403091430664 21.99506950378418 1.681390404701233 49.83073425292969 -4.551675796508789 0.1814
Pedestrian 1 1 1 107.9056396484375 168.81431579589844 143.97401428222656 225.71786499023438 0.7313470244407654 1.7950996160507202 0.6295973658561707 -15.593179702758789 1.6673623323440552 23.182588577270508 -7.654909610748291 0.1774
Pedestrian 1 1 1 260.2315673828125 166.22781372070312 281.1510925292969 209.3642578125 0.5981389284133911 1.7912994623184204 0.6132511496543884 -14.276949882507324 1.5158377885818481 30.276636123657227 -7.9032416343688965 0.1772
Car 1 1 1 1088.2274169921875 173.10391235351562 1131.0693359375 193.49562072753906 3.913780689239502 1.5605000257492065 1.6300289630889893 39.64043045043945 1.5807996988296509 57.37384033203125 -4.433036804199219 0.1754
Pedestrian 1 1 1 394.43304443359375 173.65499877929688 409.9225769042969 201.00198364257812 0.8948000073432922 1.809105634689331 0.5209160447120667 -13.918087005615234 1.8628216981887817 48.20853805541992 -3.667207717895508 0.1705
Car 1 1 1 451.5247802734375 177.82052612304688 472.89288330078125 194.66729736328125 3.884798765182495 1.5248979330062866 1.5951383113861084 -14.022775650024414 2.0099925994873047 68.50735473632812 -4.810379505157471 0.1676
Car 1 1 1 53.743953704833984 185.56796264648438 145.63385009765625 214.44674682617188 3.9418904781341553 1.5314136743545532 1.5626071691513062 -28.13750648498535 2.246941566467285 39.804405212402344 -6.302885055541992 0.1663
Car 1 1 1 391.537353515625 176.943603515625 447.01129150390625 197.52381896972656 4.016179084777832 1.6275427341461182 1.67851984500885 -15.453246116638184 1.96425199508667 58.459144592285156 -3.0598955154418945 0.1600
Pedestrian 1 1 1 169.82162475585938 165.55311584472656 201.87290954589844 219.4835662841797 0.7832855582237244 1.8226699829101562 0.6247914433479309 -14.611262321472168 1.5756245851516724 24.789905548095703 -7.812259197235107 0.1598
Car 1 1 1 993.4771118164062 173.71397399902344 1026.2088623046875 190.60147094726562 3.8478505611419678 1.474927544593811 1.575121283531189 36.10476303100586 1.554871678352356 65.2771224975586 -4.489668369293213 0.1581
Cyclist 1 1 1 319.0565185546875 179.16160583496094 341.9139404296875 214.09471130371094 1.7482328414916992 1.7176096439361572 0.5681532621383667 -14.237187385559082 2.045771598815918 36.68544387817383 -4.765048980712891 0.1568
Car 1 1 1 0.0 0.0 1241.0 374.0 3.891603469848633 1.5387792587280273 1.6472021341323853 -3.426600694656372 1.6232397556304932 0.9381702542304993 -7.90779447555542 0.1557
Car 1 1 1 356.4281005859375 173.29820251464844 393.6835632324219 195.802978515625 3.873483419418335 1.6843360662460327 1.662880301475525 -18.219758987426758 1.7197210788726807 56.02302932739258 -4.721093654632568 0.1556
Car 1 1 1 556.7996826171875 178.59963989257812 582.9591064453125 199.85313415527344 4.0200629234313965 1.544512152671814 1.6540058851242065 -3.0825815200805664 2.002993106842041 55.57539367675781 -4.676488876342773 0.1554
Car 1 1 1 60.07499694824219 181.39358520507812 181.93145751953125 218.19248962402344 3.924004077911377 1.4604108333587646 1.586708664894104 -20.42456817626953 1.8303173780441284 30.206634521484375 -6.430822849273682 0.1546
Car 1 1 1 391.99200439453125 176.6707000732422 433.1702575683594 200.68572998046875 3.9919326305389404 1.6960444450378418 1.6901724338531494 -14.659689903259277 1.9905424118041992 53.67179489135742 -7.77099084854126 0.1545
Car 1 1 1 734.510498046875 176.62608337402344 767.099365234375 202.51690673828125 3.988790273666382 1.5960358381271362 1.6436649560928345 9.117493629455566 1.8528560400009155 47.13010787963867 -4.6336822509765625 0.1525
Car 1 1 1 1157.0732421875 170.29478454589844 1218.8851318359375 194.31993103027344 4.0710930824279785 1.5656260251998901 1.620257019996643 39.26897430419922 1.3985519409179688 49.178131103515625 -7.647818088531494 0.1523
Pedestrian 1 1 1 248.7920684814453 168.59779357910156 269.9052734375 211.00650024414062 0.573183000087738 1.7772791385650635 0.6057897806167603 -14.879226684570312 1.5986087322235107 30.535831451416016 -7.817770481109619 0.1515
Car 1 1 1 959.6615600585938 175.57537841796875 1008.2954711914062 199.3553466796875 4.036063194274902 1.522490382194519 1.6609081029891968 25.185426712036133 1.7141797542572021 48.79144287109375 -4.575960636138916 0.1510
Pedestrian 1 1 1 379.7517395019531 175.85325622558594 390.70965576171875 204.16664123535156 0.7758485078811646 1.7317464351654053 0.6351989507675171 -13.961211204528809 1.9191927909851074 44.69874954223633 -8.172320365905762 0.1505
Pedestrian 1 1 1 992.76708984375 159.61807250976562 1024.6854248046875 216.71426391601562 0.7694610953330994 1.7474204301834106 0.5877629518508911 12.407641410827637 1.3420368432998657 22.54163932800293 -6.878590106964111 0.1495
Car 1 1 1 512.75830078125 178.81976318359375 544.7651977539062 201.13174438476562 3.9326887130737305 1.5561516284942627 1.6435692310333252 -6.003274917602539 2.0143609046936035 53.430782318115234 -4.6342668533325195 0.1483
Pedestrian 1 1 1 329.7640075683594 173.12522888183594 339.9124755859375 202.6713409423828 0.4388679563999176 1.7496939897537231 0.5519998073577881 -16.468143463134766 1.7657232284545898 43.08749771118164 -6.907787799835205 0.1480
Car 1 1 1 857.2132568359375 177.06759643554688 893.9180908203125 198.5483856201172 3.879176139831543 1.4666622877120972 1.6136804819107056 19.085174560546875 1.7822632789611816 52.076141357421875 -4.598023891448975 0.1473
Car 1 1 1 1203.3690185546875 173.5628662109375 1241.0 374.0 3.919159412384033 1.5262316465377808 1.6419075727462769 4.278130531311035 1.5300850868225098 2.2157552242279053 -7.923346042633057 0.1439
Pedestrian 1 1 1 849.1151123046875 163.85015869140625 864.0464477539062 198.71241760253906 0.6973993182182312 1.782767415046692 0.6705238819122314 12.70876693725586 1.3220338821411133 37.3159294128418 -7.614273548126221 0.1438
Car 1 1 1 876.9805297851562 173.73487854003906 910.0009155273438 190.90635681152344 3.932420015335083 1.5372868776321411 1.561715841293335 26.170076370239258 1.620924949645996 66.77745056152344 -4.6964850425720215 0.1438
Car 1 1 1 753.0890502929688 178.2677001953125 815.7030029296875 209.77650451660156 3.836108684539795 1.4909130334854126 1.5922805070877075 8.802170753479004 1.7827152013778687 36.88749694824219 -4.927806377410889 0.1436
Pedestrian 1 1 1 40.41420364379883 162.45938110351562 76.7624282836914 216.81704711914062 0.7776049971580505 1.8105872869491577 0.6182795166969299 -18.71875762939453 1.4640555381774902 24.444229125976562 -7.779648303985596 0.1427
Car 1 1 1 915.8804931640625 175.2733917236328 951.8455200195312 195.5675811767578 4.010776042938232 1.5081188678741455 1.6479421854019165 25.165618896484375 1.7035316228866577 56.24648666381836 -4.530868053436279 0.1418
Car 1 1 1 0.0 186.22242736816406 0.0 374.0 3.9114644527435303 1.5521270036697388 1.6263399124145508 -5.343794345855713 1.6269322633743286 2.0734004974365234 -7.885347843170166 0.1405
Car 1 1 1 727.60400390625 177.4925994873047 767.8140258789062 200.5052032470703 4.159855842590332 1.5398530960083008 1.6532961130142212 9.706740379333496 1.8832839727401733 51.30926513671875 -4.823094844818115 0.1396
Car 1 1 1 568.9000854492188 178.41265869140625 588.9866943359375 197.01812744140625 4.134143829345703 1.5281449556350708 1.6255954504013062 -2.748347520828247 2.0268125534057617 62.64878845214844 -4.78323221206665 0.1381
Pedestrian 1 1 1 442.7586364746094 168.92437744140625 458.1961364746094 203.0919952392578 0.8753743171691895 1.7886922359466553 0.5953527688980103 -8.48471450805664 1.5826746225357056 38.222232818603516 -7.813564777374268 0.1365
Car 1 1 1 392.92633056640625 181.13763427734375 435.6035461425781 211.69212341308594 3.90252423286438 1.500596523284912 1.6334151029586792 -10.441252708435059 1.9664030075073242 38.56864547729492 -4.825682163238525 0.1364
Pedestrian 1 1 1 708.7506103515625 167.5749969482422 722.1961669921875 196.3829803466797 0.8286166191101074 1.8792825937271118 0.5872724652290344 6.923349380493164 1.534608244895935 47.576663970947266 -4.140692710876465 0.1356
Cyclist 1 1 1 239.15797424316406 178.1041259765625 268.1777648925781 215.24314880371094 1.6672214269638062 1.697978138923645 0.574945330619812 -16.84735107421875 1.951648235321045 34.06464385986328 -4.731876850128174 0.1351
Pedestrian 1 1 1 1.8915456533432007 164.2381591796875 44.15509033203125 236.75338745117188 0.7406665682792664 1.8349213600158691 0.5851686000823975 -15.243824005126953 1.6166067123413086 18.67986488342285 -2.7032289505004883 0.1351
Car 1 1 1 999.8118896484375 180.3663330078125 1052.23828125 209.90768432617188 3.995129346847534 1.5240684747695923 1.6855512857437134 23.222963333129883 1.9676556587219238 40.477806091308594 -4.417560577392578 0.1350
Car 1 1 1 852.8275146484375 170.2201690673828 932.0762329101562 205.6363525390625 3.965733766555786 1.540007472038269 1.627520203590393 12.95713996887207 1.4251799583435059 33.462520599365234 -4.873622894287109 0.1347
Pedestrian 1 1 1 885.1149291992188 166.8346405029297 911.2889404296875 212.6492462158203 0.7658978700637817 1.749674916267395 0.5752186179161072 11.129128456115723 1.5194936990737915 27.979902267456055 -3.585230827331543 0.1338
Car 1 1 1 1054.125 173.26136779785156 1094.125 192.28680419921875 4.077239513397217 1.5563371181488037 1.6523271799087524 39.34374237060547 1.591873049736023 61.29692459106445 -4.4621758460998535 0.1335
Pedestrian 1 1 1 212.45716857910156 165.90924072265625 239.35267639160156 215.3707275390625 0.7254542708396912 1.8041393756866455 0.6364105343818665 -14.2523832321167 1.5505249500274658 26.700895309448242 -7.918015956878662 0.1325
Pedestrian 1 1 1 1127.8211669921875 149.29983520507812 1173.9537353515625 238.946044921875 0.713715136051178 1.7470362186431885 0.5847966074943542 10.804821968078613 1.2877099514007568 14.50347900390625 -4.3161091804504395 0.1322
Cyclist 1 1 1 825.2244873046875 171.3282928466797 845.2857055664062 204.61585998535156 1.721979022026062 1.697801113128662 0.583997905254364 11.710471153259277 1.619683861732483 37.67536544799805 -4.66440486907959 0.1316
Pedestrian 1 1 1 856.8325805664062 157.46585083007812 892.60498046875 234.50978088378906 0.8083512187004089 1.7000640630722046 0.5937879085540771 5.977254390716553 1.3602068424224854 16.422481536865234 -7.269062519073486 0.1310
Car 1 1 1 893.8009033203125 174.4681396484375 930.50048828125 191.59788513183594 4.052621841430664 1.518802285194397 1.5872310400009155 27.73631477355957 1.6716400384902954 66.40779113769531 -4.739594459533691 0.1301
Pedestrian 1 1 1 756.9124755859375 164.9348602294922 788.6350708007812 237.71649169921875 0.671919047832489 1.651099681854248 0.5632139444351196 3.7116076946258545 1.4711486101150513 16.714712142944336 -4.749410152435303 0.1294
Car 1 1 1 1232.15283203125 166.31773376464844 1241.0 329.9521789550781 3.987185001373291 1.5029524564743042 1.5950967073440552 9.096978187561035 1.4426181316375732 7.655459403991699 -6.402016639709473 0.1288
Pedestrian 1 1 1 125.32982635498047 165.2386474609375 156.41062927246094 227.45486450195312 0.8010638356208801 1.8449465036392212 0.6032622456550598 -14.281126022338867 1.618822455406189 21.88837242126465 -5.551319122314453 0.1282
Car 1 1 1 557.0538330078125 177.96871948242188 586.28076171875 203.45741271972656 3.851503372192383 1.539366602897644 1.6061781644821167 -2.454667091369629 1.8809831142425537 46.294837951660156 -4.694580554962158 0.1275
Car 1 1 1 988.4801635742188 174.18824768066406 1040.0771484375 198.5447998046875 4.045864105224609 1.5605236291885376 1.6484110355377197 27.10810661315918 1.653953194618225 48.57417297363281 -4.580564975738525 0.1264
Pedestrian 1 1 1 271.04290771484375 168.8657684326172 290.9935302734375 210.38726806640625 0.5702348351478577 1.7773795127868652 0.6020099520683289 -14.251778602600098 1.6063579320907593 31.17168426513672 -7.853164196014404 0.1261
Car 1 1 1 911.9591064453125 175.7328643798828 963.9221801757812 201.1572265625 3.777470350265503 1.5293104648590088 1.5272563695907593 20.683542251586914 1.7190582752227783 45.732112884521484 -7.869374752044678 0.1257
Pedestrian 1 1 1 312.5160827636719 174.02833557128906 328.7130126953125 203.26242065429688 0.743653416633606 1.806009292602539 0.6134510636329651 -18.099885940551758 1.879747748374939 45.05057907104492 -7.583058834075928 0.1256
Pedestrian 1 1 1 493.3581848144531 167.82957458496094 510.83062744140625 201.31228637695312 0.7863240838050842 1.799453854560852 0.6271540522575378 -5.90650749206543 1.5291273593902588 39.259857177734375 -7.467098712921143 0.1250
Pedestrian 1 1 1 311.62493896484375 172.21401977539062 328.4571228027344 208.67303466796875 0.6888571977615356 1.7682698965072632 0.6248648762702942 -14.254782676696777 1.7369307279586792 35.382102966308594 -8.00446891784668 0.1243
Pedestrian 1 1 1 912.3172607421875 164.2801513671875 932.3478393554688 207.3557586669922 0.7048351168632507 1.7778797149658203 0.601442813873291 13.048996925354004 1.4237072467803955 30.2435359954834 -7.169776439666748 0.1239
Pedestrian 1 1 1 792.5862426757812 166.0411834716797 819.1613159179688 215.04391479492188 0.744359016418457 1.718664526939392 0.6153203248977661 6.939113140106201 1.4794199466705322 25.75084114074707 -8.143233299255371 0.1237
Car 1 1 1 1037.1668701171875 170.23007202148438 1220.651123046875 227.08322143554688 3.9154465198516846 1.5008690357208252 1.6305885314941406 14.167434692382812 1.4313000440597534 19.905765533447266 -6.305027484893799 0.1235
Pedestrian 1 1 1 72.31291961669922 161.7333221435547 113.23670959472656 236.85675048828125 0.755072295665741 1.8313490152359009 0.592086136341095 -12.9827880859375 1.5599507093429565 18.0417423248291 -2.5764849185943604 0.1235
Car 1 1 1 969.4620971679688 172.59446716308594 1001.5728759765625 189.82345581054688 3.8691773414611816 1.5530433654785156 1.5676891803741455 34.84621810913086 1.5293478965759277 67.08331298828125 -4.53405237197876 0.1233
Pedestrian 1 1 1 1025.2332763671875 174.0301513671875 1048.7967529296875 209.35842895507812 0.8344723582267761 1.8029940128326416 0.6643897891044617 22.033262252807617 1.8642280101776123 37.30171203613281 -3.46616792678833 0.1232
Car 1 1 1 514.7088012695312 178.37649536132812 553.0732421875 204.9391326904297 3.9427473545074463 1.5391898155212402 1.6473264694213867 -4.6985859870910645 1.896514892578125 44.690731048583984 -7.7682013511657715 0.1220
Pedestrian 1 1 1 39.73027801513672 162.07508850097656 81.8652114868164 235.6172637939453 0.7589687705039978 1.8609423637390137 0.5923526883125305 -14.275060653686523 1.587888479232788 18.691539764404297 -2.6835813522338867 0.1218
Pedestrian 1 1 1 2.3828089237213135 159.37367248535156 48.383670806884766 241.34625244140625 0.7610003352165222 1.8534120321273804 0.5849848985671997 -13.623748779296875 1.5483200550079346 16.753324508666992 -2.6408486366271973 0.1217
Pedestrian 1 1 1 243.2015380859375 169.4976806640625 258.52508544921875 198.48789978027344 0.7274436354637146 1.8074743747711182 0.5983681082725525 -22.60413360595703 1.5979152917861938 45.35218048095703 -7.846574306488037 0.1206
Pedestrian 1 1 1 209.61468505859375 166.43873596191406 235.552734375 213.8556671142578 0.7122069597244263 1.7935720682144165 0.6353407502174377 -14.893383979797363 1.5506110191345215 27.66615104675293 -7.910855770111084 0.1206
Pedestrian 1 1 1 87.2789306640625 164.83436584472656 122.51969909667969 229.053466796875 0.766974151134491 1.8502634763717651 0.5935114026069641 -14.918177604675293 1.6189041137695312 21.242212295532227 -2.5914270877838135 0.1203
Cyclist 1 1 1 804.3831787109375 170.54058837890625 818.2183837890625 197.84181213378906 1.678564190864563 1.6988860368728638 0.441249281167984 12.7195405960083 1.5546282529830933 45.74330520629883 -7.832597255706787 0.1202
Car 1 1 1 580.7557373046875 178.3424530029297 602.6767578125 198.5326690673828 3.7843198776245117 1.5219062566757202 1.58542001247406 -1.5091140270233154 1.9728672504425049 57.38428497314453 -4.7790961265563965 0.1202
Pedestrian 1 1 1 150.72628784179688 167.32223510742188 181.030029296875 218.5592803955078 0.6998200416564941 1.804256796836853 0.6420333981513977 -15.900667190551758 1.6091619729995728 25.768964767456055 -7.81939172744751 0.1201
Car 1 1 1 944.8794555664062 172.094482421875 1026.7462158203125 212.36117553710938 3.8486077785491943 1.5018970966339111 1.6205154657363892 14.901434898376465 1.4732680320739746 28.91322898864746 -4.60380220413208 0.1198
Car 1 1 1 943.5269775390625 176.64321899414062 1016.2326049804688 208.01661682128906 4.026243686676025 1.4928085803985596 1.5918030738830566 18.749038696289062 1.6966632604599 36.8482666015625 -4.729629993438721 0.1194
Pedestrian 1 1 1 0.0 167.21011352539062 35.68073272705078 224.39234924316406 0.6757943630218506 1.8102833032608032 0.6414411664009094 -19.090259552001953 1.6313085556030273 23.184146881103516 -4.724021911621094 0.1194
Pedestrian 1 1 1 762.9721069335938 158.9811553955078 802.3705444335938 246.8539581298828 0.6545088887214661 1.7101683616638184 0.5831703543663025 3.4140236377716064 1.4398772716522217 14.475791931152344 -4.135592460632324 0.1193
Pedestrian 1 1 1 71.34463500976562 163.93850708007812 109.21282196044922 233.52850341796875 0.7532792091369629 1.8191134929656982 0.5976676940917969 -13.96495246887207 1.5857585668563843 19.319250106811523 -2.5510663986206055 0.1191
Pedestrian 1 1 1 939.5361328125 161.09451293945312 967.67333984375 214.3015594482422 0.7438318133354187 1.7450345754623413 0.5918323993682861 11.443535804748535 1.3590580224990845 24.129554748535156 -3.8343958854675293 0.1189
Cyclist 1 1 1 223.34585571289062 179.16050720214844 253.2350616455078 216.69508361816406 1.6666697263717651 1.6988856792449951 0.57757967710495 -17.426908493041992 2.0011918544769287 33.78111267089844 -4.738191604614258 0.1188
Cyclist 1 1 1 238.0785369873047 177.4773406982422 271.0854797363281 217.8358612060547 1.6789708137512207 1.704619288444519 0.5800528526306152 -15.548297882080078 1.9116888046264648 31.516244888305664 -4.686459064483643 0.1173
Cyclist 1 1 1 239.6201171875 175.26885986328125 269.0607604980469 214.10841369628906 1.7323672771453857 1.7113538980484009 0.5684787631034851 -16.18343734741211 1.8237205743789673 32.78279495239258 -4.768510818481445 0.1170
Cyclist 1 1 1 0.0 0.0 1241.0 374.0 1.8624076843261719 1.6471455097198486 0.5162135362625122 6.9053239822387695 1.299924612045288 -0.2791953980922699 -8.04141616821289 0.1169
Pedestrian 1 1 1 187.47854614257812 165.1434326171875 215.4761962890625 216.8611602783203 0.7602981925010681 1.8139170408248901 0.6371835470199585 -14.605544090270996 1.54318106174469 25.728906631469727 -7.998708248138428 0.1163
Pedestrian 1 1 1 516.9171142578125 172.265380859375 524.3081665039062 191.55691528320312 0.6614954471588135 1.821921944618225 0.5716396570205688 -8.504515647888184 1.7660307884216309 68.49720764160156 -7.767760753631592 0.1161
Pedestrian 1 1 1 365.35260009765625 169.7814178466797 381.0914306640625 200.0121307373047 0.7520883083343506 1.7617080211639404 0.6418431401252747 -13.961631774902344 1.5823520421981812 42.446746826171875 -7.779836177825928 0.1161
Car 1 1 1 1241.0 172.74183654785156 1241.0 202.8144073486328 3.8120315074920654 1.455294132232666 1.5595037937164307 38.410675048828125 1.4495662450790405 36.958492279052734 -4.456585884094238 0.1160
Pedestrian 1 1 1 129.25784301757812 165.6153106689453 161.9102325439453 230.62124633789062 0.759712278842926 1.8140125274658203 0.598925769329071 -13.316046714782715 1.6117146015167236 20.610471725463867 -2.4204139709472656 0.1152
Car 1 1 1 89.3741455078125 179.55723571777344 139.76010131835938 203.99488830566406 3.861144542694092 1.6161696910858154 1.6188372373580933 -34.91642761230469 2.107996702194214 50.91110610961914 -8.076568603515625 0.1151
Pedestrian 1 1 1 0.0 161.8686981201172 18.014747619628906 242.89266967773438 0.7728170156478882 1.8679805994033813 0.5831663608551025 -14.601101875305176 1.6144181489944458 17.07245635986328 -2.658813953399658 0.1151
Car 1 1 1 1132.4322509765625 172.54855346679688 1241.0 245.47186279296875 3.790266990661621 1.5058190822601318 1.5796765089035034 14.220364570617676 1.4992116689682007 16.838085174560547 -4.652806282043457 0.1148
Car 1 1 1 1049.8941650390625 176.26026916503906 1117.1446533203125 203.2122344970703 3.9528751373291016 1.5657718181610107 1.7154792547225952 29.042461395263672 1.7848656177520752 44.45118713378906 -4.655068397521973 0.1137
Car 1 1 1 395.8848571777344 180.89654541015625 455.3755798339844 219.0095977783203 3.901331663131714 1.4974161386489868 1.6053117513656616 -7.917609214782715 1.8659616708755493 31.132869720458984 -4.721779823303223 0.1136
Car 1 1 1 889.5360107421875 175.89971923828125 922.5123291015625 195.9869384765625 3.993941068649292 1.5061970949172974 1.650972604751587 23.253271102905273 1.754863977432251 56.86302185058594 -4.520384788513184 0.1131
Pedestrian 1 1 1 1157.9791259765625 166.92266845703125 1193.681640625 224.1732177734375 0.6759600043296814 1.7827680110931396 0.582829475402832 17.851118087768555 1.597767949104309 22.834611892700195 -4.815221309661865 0.1130
Car 1 1 1 911.9690551757812 176.5812530517578 1166.8502197265625 290.6275634765625 4.113210678100586 1.4886943101882935 1.6022452116012573 6.501871585845947 1.5591330528259277 11.623846054077148 -4.729494094848633 0.1119
Car 1 1 1 862.0706787109375 173.6786346435547 891.8572998046875 190.69659423828125 3.945089101791382 1.517035722732544 1.5360411405563354 24.555683135986328 1.5950922966003418 66.53897857666016 -4.640216827392578 0.1115
Pedestrian 1 1 1 145.930419921875 165.07887268066406 178.4333953857422 219.33279418945312 0.793407678604126 1.8098559379577637 0.6326388716697693 -15.232526779174805 1.5501857995986938 24.481977462768555 -7.904617786407471 0.1114
Pedestrian 1 1 1 151.26463317871094 166.86724853515625 186.72146606445312 223.33938598632812 0.7745968699455261 1.8276731967926025 0.6310281753540039 -14.600018501281738 1.6336171627044678 23.820056915283203 -7.527144908905029 0.1111
Car 1 1 1 1239.340087890625 165.9287872314453 1241.0 290.5384216308594 3.9855093955993652 1.501064658164978 1.5956482887268066 10.94801139831543 1.4173426628112793 9.59641170501709 -6.337418079376221 0.1104
Pedestrian 1 1 1 37.685218811035156 163.37286376953125 80.70967864990234 241.06065368652344 0.7424759864807129 1.8244413137435913 0.5913375020027161 -13.324084281921387 1.6014835834503174 17.3891544342041 -2.6021738052368164 0.1101
Pedestrian 1 1 1 60.925018310546875 166.35955810546875 96.01392364501953 231.73001098632812 0.7500929236412048 1.8270186185836792 0.5945829749107361 -15.241337776184082 1.6452078819274902 20.62346839904785 -2.539501190185547 0.1100
Pedestrian 1 1 1 64.32042694091797 171.6942596435547 102.22006225585938 229.3956756591797 0.7246586680412292 1.7699469327926636 0.6267435550689697 -16.513036727905273 1.7340728044509888 22.563678741455078 -7.592319965362549 0.1100
Pedestrian 1 1 1 780.5882568359375 171.38809204101562 792.7753295898438 194.6533203125 0.820741593837738 1.7890318632125854 0.5577539801597595 13.677322387695312 1.6760075092315674 55.967559814453125 -7.0286970138549805 0.1100
Pedestrian 1 1 1 86.89498901367188 160.26483154296875 119.1663818359375 239.07928466796875 0.7410820126533508 1.8125253915786743 0.5678889155387878 -12.040827751159668 1.5227077007293701 17.059974670410156 -5.4033203125 0.1097
Cyclist 1 1 1 347.39898681640625 176.76651000976562 367.11541748046875 207.71347045898438 1.6939677000045776 1.6935569047927856 0.5662197470664978 -14.232548713684082 1.9178225994110107 40.55812454223633 -4.745579242706299 0.1095
Car 1 1 1 864.9912109375 175.54852294921875 902.07861328125 193.87852478027344 3.857238531112671 1.520068883895874 1.4699581861495972 23.585481643676758 1.7602219581604004 62.403839111328125 -4.798544883728027 0.1095
Pedestrian 1 1 1 756.6548461914062 168.35983276367188 782.6624755859375 222.00706481933594 0.6822274923324585 1.6660966873168945 0.5748211145401001 5.01059103012085 1.5262236595153809 22.853736877441406 -7.212663173675537 0.1092
Pedestrian 1 1 1 294.35791015625 172.2065887451172 313.4434814453125 211.80972290039062 0.6894401907920837 1.7803057432174683 0.6128697395324707 -13.953707695007324 1.7509024143218994 32.803855895996094 -7.933948040008545 0.1090
Car 1 1 1 664.8451538085938 178.22906494140625 703.4701538085938 208.08078002929688 3.7504372596740723 1.5165419578552246 1.612831473350525 3.944817066192627 1.822662591934204 39.236209869384766 -4.740458011627197 0.1089
Pedestrian 1 1 1 19.59247589111328 161.56759643554688 62.96364974975586 238.18075561523438 0.7575697898864746 1.8696820735931396 0.5919498205184937 -14.272093772888184 1.5939468145370483 18.045503616333008 -2.664029598236084 0.1086
Car 1 1 1 941.1396484375 176.1499481201172 991.4436645507812 200.29147338867188 3.9224188327789307 1.496907114982605 1.6280115842819214 23.25910186767578 1.7219637632369995 47.312843322753906 -4.629978656768799 0.1086
Car 1 1 1 805.1615600585938 176.4183807373047 854.9216918945312 204.88230895996094 3.9766123294830322 1.5104012489318848 1.6046676635742188 12.329232215881348 1.72136390209198 40.77594757080078 -4.710171699523926 0.1086
Car 1 1 1 127.70748138427734 180.00999450683594 180.7532958984375 206.06980895996094 3.9020755290985107 1.5871882438659668 1.637750506401062 -29.744384765625 2.075129270553589 47.15670394897461 -8.048918724060059 0.1086
Car 1 1 1 0.0 0.0 1241.0 374.0 3.807753324508667 1.5499131679534912 1.6192435026168823 -1.1827943325042725 1.6107556819915771 0.07816192507743835 -7.896420955657959 0.1080
Pedestrian 1 1 1 108.33280944824219 162.45115661621094 145.55238342285156 232.64051818847656 0.7669696807861328 1.8340319395065308 0.5997337698936462 -12.98531436920166 1.5619081258773804 19.321474075317383 -2.5143656730651855 0.1077
Pedestrian 1 1 1 132.35560607910156 163.94317626953125 161.88851928710938 234.9930419921875 0.7579490542411804 1.7917386293411255 0.5820623636245728 -12.032708168029785 1.5667250156402588 18.67359733581543 -5.366199016571045 0.1076
Car 1 1 1 125.06536865234375 185.78146362304688 196.24559020996094 215.33560180664062 3.8495068550109863 1.5163391828536987 1.6250280141830444 -25.247888565063477 2.2786145210266113 40.63467788696289 -4.716377258300781 0.1072
Car 1 1 1 298.93170166015625 182.77056884765625 370.5460510253906 224.0782012939453 3.996492624282837 1.5010429620742798 1.5924229621887207 -11.099006652832031 1.9307310581207275 29.243270874023438 -4.773303985595703 0.1069
Pedestrian 1 1 1 977.1566162109375 156.10952758789062 1012.059814453125 217.50062561035156 0.7235743403434753 1.7454315423965454 0.5898289084434509 11.084756851196289 1.2690638303756714 20.903085708618164 -7.951563358306885 0.1069
Car 1 1 1 803.3692626953125 175.3657684326172 886.765380859375 217.0494384765625 3.8309106826782227 1.5071594715118408 1.5784016847610474 9.08483600616455 1.6125072240829468 28.339710235595703 -4.856457233428955 0.1064
Car 1 1 1 529.0302124023438 178.71531677246094 562.439453125 209.6488494873047 3.936613082885742 1.5065280199050903 1.6592426300048828 -3.3942716121673584 1.830846905708313 37.934688568115234 -4.789493083953857 0.1063
Pedestrian 1 1 1 369.4467468261719 174.4669647216797 381.7959899902344 199.09222412109375 0.756885826587677 1.753727674484253 0.6411141157150269 -16.858034133911133 1.8701006174087524 51.81367874145508 -7.853460788726807 0.1063
Car 1 1 1 774.593505859375 175.2127685546875 936.1351928710938 268.9236145019531 4.043140411376953 1.5710340738296509 1.6028722524642944 4.578449726104736 1.6241399049758911 14.268488883972168 -7.916983127593994 0.1055
Car 1 1 1 613.8832397460938 177.7761993408203 636.2805786132812 199.41001892089844 4.029447078704834 1.5381643772125244 1.6217619180679321 1.1253057718276978 1.921987533569336 54.2686767578125 -7.822359561920166 0.1053
Car 1 1 1 938.6720581054688 174.4912567138672 973.3092041015625 195.0403289794922 4.071727275848389 1.523469090461731 1.6174709796905518 26.777202606201172 1.655181646347046 56.00876998901367 -4.472859859466553 0.1048
Pedestrian 1 1 1 164.17938232421875 165.09689331054688 193.51522827148438 217.10562133789062 0.7471475005149841 1.8020671606063843 0.6408335566520691 -15.222723007202148 1.532988429069519 25.411252975463867 -7.978458881378174 0.1047
Pedestrian 1 1 1 0.0 169.1797332763672 26.792526245117188 223.54164123535156 0.5266298651695251 1.7973871231079102 0.5557270050048828 -20.04752540588379 1.6756038665771484 24.143869400024414 -7.944690227508545 0.1043
Car 1 1 1 591.651123046875 177.9410400390625 611.5026245117188 195.19439697265625 4.007146835327148 1.5666230916976929 1.6213245391845703 -0.8498292565345764 2.065875291824341 68.79402160644531 -4.792159557342529 0.1042
Car 1 1 1 1027.1763916015625 166.95578002929688 1196.9287109375 219.56771850585938 3.985990047454834 1.5375568866729736 1.5961440801620483 15.2520170211792 1.3648844957351685 22.1734619140625 -6.1332106590271 0.1033
Car 1 1 1 438.15423583984375 182.029541015625 506.9766540527344 239.1076202392578 3.8563451766967773 1.4938830137252808 1.5929582118988037 -4.050558567047119 1.7922617197036743 21.504594802856445 -7.929287433624268 0.1031
Pedestrian 1 1 1 120.47280883789062 165.43617248535156 147.00335693359375 225.2881317138672 0.7857319712638855 1.829001784324646 0.6172963976860046 -14.917678833007812 1.6020221710205078 22.540668487548828 -8.33801555633545 0.1030
Car 1 1 1 0.0 185.9619140625 0.0 374.0 4.089291095733643 1.572173833847046 1.6353037357330322 -11.130949020385742 1.7562296390533447 8.023001670837402 -4.827531814575195 0.1029
