Car 1 1 1 459.05084228515625 181.39805603027344 563.5913696289062 261.31292724609375 3.950559377670288 1.5394877195358276 1.6619011163711548 -2.146817922592163 1.7565041780471802 16.34099006652832 -4.66670036315918 0.8006
Car 1 1 1 614.8368530273438 179.93447875976562 663.3418579101562 222.23928833007812 3.7362072467803955 1.5166511535644531 1.5845195055007935 1.1621019840240479 1.814989686012268 28.47743034362793 -4.581801414489746 0.7790
Car 1 1 1 546.31201171875 180.78868103027344 614.4418334960938 236.4957275390625 3.769502639770508 1.5563451051712036 1.5869605541229248 -0.8951404094696045 1.8270080089569092 22.67850685119629 -4.6007537841796875 0.7582
Car 1 1 1 817.9598388671875 173.68310546875 844.3695678710938 196.1298065185547 3.906374454498291 1.5818220376968384 1.7006844282150269 16.210222244262695 1.6449657678604126 53.1076545715332 -7.5966877937316895 0.5327
Car 1 1 1 0.0 0.0 1241.0 374.0 3.8033952713012695 1.5637412071228027 1.6279608011245728 -3.070840358734131 1.6364965438842773 1.6871845722198486 -4.784435749053955 0.4656
Pedestrian 1 1 1 788.8806762695312 152.13026428222656 820.3922119140625 232.1126708984375 0.8188495635986328 1.7754913568496704 0.6286530494689941 4.382390975952148 1.3151551485061646 16.4763240814209 -4.5316691398620605 0.3439
Pedestrian 1 1 1 162.8101806640625 158.69680786132812 214.3928985595703 259.3922119140625 0.6273248195648193 1.7386270761489868 0.5549479126930237 -7.570838451385498 1.4938862323760986 12.875449180603027 -4.0740227699279785 0.3051
Cyclist 1 1 1 528.4034423828125 157.9507598876953 561.0047607421875 208.6748046875 1.6237543821334839 1.750794768333435 0.5560256838798523 -2.3624398708343506 1.2360934019088745 25.76278305053711 -4.3903093338012695 0.2710
Pedestrian 1 1 1 606.6674194335938 171.7410888671875 620.4566040039062 209.07217407226562 0.6973984837532043 1.7109854221343994 0.6275961399078369 0.11993712186813354 1.6596778631210327 33.42202377319336 -7.864490032196045 0.2468
Pedestrian 1 1 1 356.5852355957031 177.13052368164062 393.4040222167969 250.54612731933594 0.5528849959373474 1.5986226797103882 0.5580611228942871 -5.295944690704346 1.695941686630249 16.11178970336914 -4.342902660369873 0.2432
Car 1 1 1 670.8880004882812 182.19029235839844 717.4142456054688 205.892822265625 4.101755142211914 1.5417017936706543 1.6986265182495117 5.849477291107178 2.2285006046295166 50.888092041015625 -5.027390003204346 0.2378
Cyclist 1 1 1 802.2149658203125 154.9744873046875 841.3449096679688 206.57550048828125 1.614733099937439 1.7148151397705078 0.5545580387115479 7.220998764038086 1.1203395128250122 24.828516006469727 -4.953632354736328 0.2311
Car 1 1 1 549.7705688476562 176.8928680419922 603.4277954101562 212.69322204589844 3.961353302001953 1.4722346067428589 1.5622202157974243 -1.4670095443725586 1.6640249490737915 32.229766845703125 -4.536555767059326 0.2308
Pedestrian 1 1 1 240.65399169921875 167.160400390625 275.33380126953125 233.1082763671875 0.7732996344566345 1.7800261974334717 0.5959084033966064 -9.783806800842285 1.62604820728302 19.95142364501953 -2.449869155883789 0.2205
Car 1 1 1 643.788818359375 180.39077758789062 669.249267578125 203.53123474121094 4.083850383758545 1.5280951261520386 1.6646264791488647 3.30045485496521 2.0840353965759277 51.13813400268555 -4.6138482093811035 0.2091
Car 1 1 1 516.2661743164062 178.08900451660156 568.1951904296875 212.69461059570312 3.6961588859558105 1.468186855316162 1.580368161201477 -3.092090129852295 1.7223560810089111 33.135868072509766 -4.577568531036377 0.2026
Pedestrian 1 1 1 984.6666870117188 156.76087951660156 1015.7568969726562 217.8785858154297 0.6569603681564331 1.7690261602401733 0.6127018928527832 11.43578052520752 1.3029178380966187 21.251386642456055 -7.7187418937683105 0.2022
Cyclist 1 1 1 550.7716064453125 158.22833251953125 579.1934814453125 205.764892578125 1.6163126230239868 1.7477737665176392 0.5593265891075134 -1.740178108215332 1.2097326517105103 27.382951736450195 -4.426398754119873 0.1995
Pedestrian 1 1 1 1153.9310302734375 133.0392608642578 1241.0 334.2403259277344 0.8341309428215027 1.7530031204223633 0.5825923681259155 5.689000606536865 1.4058096408843994 6.778933048248291 -5.068051815032959 0.1994
Pedestrian 1 1 1 607.7594604492188 167.3800811767578 622.154541015625 202.6046905517578 0.758693277835846 1.7821041345596313 0.6442935466766357 0.21736490726470947 1.5048645734786987 36.924163818359375 -7.717356204986572 0.1839
Pedestrian 1 1 1 1067.6116943359375 151.5857391357422 1103.9239501953125 234.4097900390625 0.7000418305397034 1.72353196144104 0.5952627658843994 10.13327693939209 1.2806488275527954 15.46501636505127 -4.209444999694824 0.1826
Pedestrian 1 1 1 574.053955078125 165.0274200439453 586.7714233398438 196.37957763671875 0.679818332195282 1.7996946573257446 0.6304471492767334 -1.74790358543396 1.3501288890838623 41.795780181884766 -7.724893093109131 0.1812
Cyclist 1 1 1 933.3568725585938 158.7876434326172 1000.2581176757812 245.8993682861328 1.77787184715271 1.6814380884170532 0.5379685163497925 7.2356719970703125 1.4096280336380005 14.823444366455078 -4.683795928955078 0.1808
Pedestrian 1 1 1 1186.546630859375 133.20108032226562 1241.0 283.15478515625 0.7216089963912964 1.777381181716919 0.5570343732833862 7.581437110900879 1.3070803880691528 8.994749069213867 -3.812485694885254 0.1780
Pedestrian 1 1 1 644.1141967773438 171.0377655029297 657.3126831054688 203.16445922851562 0.5061496496200562 1.7170689105987549 0.5996566414833069 2.1532747745513916 1.6196972131729126 38.872432708740234 -8.057846069335938 0.1762
Car 1 1 1 883.192138671875 175.98208618164062 954.7802124023438 206.6744384765625 3.9502458572387695 1.4827463626861572 1.590728998184204 15.861310958862305 1.6533044576644897 37.344757080078125 -4.851140022277832 0.1751
Pedestrian 1 1 1 245.3993377685547 159.2383270263672 301.4874572753906 271.2601623535156 0.5755091309547424 1.694926142692566 0.5494775176048279 -5.31467342376709 1.4886165857315063 11.288776397705078 -4.31483793258667 0.1728
Car 1 1 1 751.052978515625 179.4695281982422 848.6483764648438 238.97354125976562 4.012564182281494 1.4966291189193726 1.5978151559829712 5.246596813201904 1.704193115234375 20.635812759399414 -4.75057315826416 0.1717
Pedestrian 1 1 1 468.66357421875 171.04229736328125 487.45343017578125 213.65023803710938 0.7487778663635254 1.6661925315856934 0.573386549949646 -5.27094030380249 1.595045566558838 28.605791091918945 -7.797757625579834 0.1708
Pedestrian 1 1 1 331.3959655761719 175.74252319335938 366.8141784667969 251.02565002441406 0.509056806564331 1.6426749229431152 0.5428835153579712 -5.871837615966797 1.7081838846206665 16.10414695739746 -4.348028182983398 0.1705
Pedestrian 1 1 1 569.7713623046875 168.729736328125 584.0400390625 202.7274932861328 0.5763463377952576 1.7428474426269531 0.6544310450553894 -1.748274803161621 1.5311226844787598 37.31187057495117 -7.740910053253174 0.1697
Pedestrian 1 1 1 625.259033203125 168.2310028076172 641.3825073242188 203.16807556152344 0.6908182501792908 1.7226190567016602 0.6493464708328247 1.126039981842041 1.4943758249282837 36.0003776550293 -7.563230991363525 0.1684
Car 1 1 1 56.79304504394531 176.57797241210938 211.89353942871094 247.43093872070312 3.68066668510437 1.572165846824646 1.6553030014038086 -11.781152725219727 1.6750646829605103 18.10227394104004 -7.922949314117432 0.1661
Pedestrian 1 1 1 197.8224639892578 165.07643127441406 235.97764587402344 231.3424835205078 0.724274754524231 1.7609930038452148 0.5842335224151611 -10.745566368103027 1.5540074110031128 19.63812255859375 -7.261207580566406 0.1657
Pedestrian 1 1 1 225.29629516601562 164.93492126464844 280.0391540527344 271.60784912109375 0.5831589102745056 1.7018611431121826 0.5601942539215088 -5.9346489906311035 1.575219988822937 11.88547134399414 -4.336458683013916 0.1638
Pedestrian 1 1 1 638.0132446289062 170.45265197753906 652.7957153320312 203.9624481201172 0.6579971313476562 1.6983157396316528 0.6539604663848877 1.7765626907348633 1.5763128995895386 36.96092987060547 -7.6335129737854 0.1612
Pedestrian 1 1 1 876.27880859375 158.1609344482422 902.0339965820312 210.7650604248047 0.7622455954551697 1.7766247987747192 0.6185898184776306 9.527724266052246 1.280089020729065 24.766313552856445 -7.799289226531982 0.1596
Pedestrian 1 1 1 0.0 149.6949920654297 90.16619110107422 309.9937744140625 0.8164674043655396 1.7574859857559204 0.5582737326622009 -6.596945285797119 1.5032750368118286 8.373900413513184 -3.7541069984436035 0.1594
Car 1 1 1 665.0794677734375 169.4533233642578 705.1646728515625 192.3396759033203 4.299782752990723 1.935920000076294 1.7470537424087524 6.525365829467773 1.6479606628417969 63.35371398925781 -8.218177795410156 0.1592
Pedestrian 1 1 1 1061.029052734375 156.05612182617188 1114.5120849609375 255.0326690673828 0.5928916931152344 1.6776548624038696 0.5341982245445251 8.230188369750977 1.3926303386688232 12.528210639953613 -4.718717098236084 0.1563
Pedestrian 1 1 1 191.556640625 164.76698303222656 237.1557159423828 247.1795196533203 0.6340526938438416 1.6515558958053589 0.5452526807785034 -8.170111656188965 1.4891911745071411 14.818344116210938 -4.542052268981934 0.1549
Pedestrian 1 1 1 613.4218139648438 164.4342498779297 627.39892578125 199.22271728515625 0.7341987490653992 1.8092668056488037 0.6484717130661011 0.5113979578018188 1.3710756301879883 37.93416213989258 -7.714245319366455 0.1528
Cyclist 1 1 1 864.7815551757812 154.7039794921875 905.2186889648438 211.1168670654297 1.6294376850128174 1.7009743452072144 0.5039998292922974 8.540162086486816 1.1534106731414795 22.592065811157227 -4.8141069412231445 0.1521
Car 1 1 1 756.6836547851562 169.91714477539062 783.7208251953125 196.22259521484375 4.082128524780273 1.844328761100769 1.7095272541046143 11.722275733947754 1.6381189823150635 52.78467559814453 -7.580088138580322 0.1498
Cyclist 1 1 1 546.2291259765625 158.78585815429688 576.6127319335938 209.29779052734375 1.6350548267364502 1.7461001873016357 0.5524693727493286 -1.7688837051391602 1.2594915628433228 25.804439544677734 -4.425607681274414 0.1418
Car 1 1 1 841.3317260742188 172.8563232421875 870.7801513671875 195.54449462890625 3.8565685749053955 1.5792278051376343 1.6745573282241821 17.760894775390625 1.579102873802185 52.294864654541016 -4.474635124206543 0.1394
Car 1 1 1 411.2418212890625 180.51644897460938 480.6893615722656 223.30230712890625 3.766265392303467 1.5038423538208008 1.5590163469314575 -6.323309898376465 1.8215138912200928 27.999210357666016 -4.627094745635986 0.1374
Car 1 1 1 0.0 0.0 1241.0 374.0 3.847362995147705 1.533002257347107 1.631381869316101 3.0234408378601074 1.5424728393554688 0.9703760743141174 -7.900752544403076 0.1369
Pedestrian 1 1 1 174.1370086669922 165.78477478027344 220.9877166748047 251.2560577392578 0.6122903823852539 1.6334924697875977 0.519760012626648 -8.152350425720215 1.4980882406234741 14.177847862243652 -4.268186569213867 0.1361
Pedestrian 1 1 1 218.68357849121094 166.58753967285156 252.20565795898438 234.1192626953125 0.7445136904716492 1.7666767835617065 0.5985479354858398 -10.096488952636719 1.6024417877197266 19.35051727294922 -2.360975742340088 0.1355
Pedestrian 1 1 1 1022.82958984375 157.68362426757812 1066.0291748046875 243.53985595703125 0.6508861184120178 1.7180778980255127 0.5731642246246338 8.854999542236328 1.4142019748687744 14.814032554626465 -7.656860828399658 0.1352
Pedestrian 1 1 1 470.5373840332031 168.9616241455078 498.07470703125 227.73397827148438 0.6740522384643555 1.6450542211532593 0.6028497219085693 -3.6470727920532227 1.5358057022094727 20.63343620300293 -5.185873508453369 0.1345
Pedestrian 1 1 1 836.5305786132812 162.8982696533203 859.246826171875 207.54574584960938 0.7744492888450623 1.7661304473876953 0.5986904501914978 9.497750282287598 1.37200927734375 28.959285736083984 -7.962076663970947 0.1329
Pedestrian 1 1 1 868.0323486328125 160.85861206054688 896.5772705078125 209.95375061035156 0.8151199221611023 1.8054194450378418 0.6078560948371887 10.148579597473145 1.3640022277832031 27.025890350341797 -8.241101264953613 0.1328
Pedestrian 1 1 1 872.4554443359375 165.99147033691406 897.6752319335938 210.26930236816406 0.8351770639419556 1.7679411172866821 0.5803484916687012 11.118965148925781 1.4936316013336182 29.283283233642578 -6.873307704925537 0.1313
Pedestrian 1 1 1 905.7968139648438 160.06431579589844 942.2545776367188 237.12326049804688 0.6405432224273682 1.6820036172866821 0.5754565000534058 6.944063186645508 1.4025368690490723 16.095762252807617 -7.757885456085205 0.1310
Car 1 1 1 0.0 184.4942169189453 42.82626724243164 374.0 3.931321144104004 1.5351022481918335 1.6329679489135742 -4.965809345245361 1.61932373046875 3.2621490955352783 -4.726583480834961 0.1303
Pedestrian 1 1 1 1173.656005859375 141.4273223876953 1225.6417236328125 261.2623596191406 0.6825076937675476 1.7439963817596436 0.573950469493866 8.892027854919434 1.2863342761993408 10.94626235961914 -3.9720349311828613 0.1301
Pedestrian 1 1 1 306.79595947265625 163.60733032226562 339.7547302246094 229.52000427246094 0.7056151628494263 1.7602593898773193 0.6057673692703247 -7.842583656311035 1.5130186080932617 19.629304885864258 -4.688406467437744 0.1295
Car 1 1 1 781.1497192382812 171.8179168701172 810.4933471679688 196.4163055419922 3.988765239715576 1.702755093574524 1.676025629043579 13.330923080444336 1.630733847618103 52.047279357910156 -7.697044849395752 0.1292
Pedestrian 1 1 1 203.814453125 164.36647033691406 231.5108642578125 220.93820190429688 0.5971285700798035 1.7884160280227661 0.5318559408187866 -12.662903785705566 1.5197978019714355 23.203807830810547 -4.160489559173584 0.1290
Cyclist 1 1 1 915.994140625 156.31201171875 975.8072509765625 243.86138916015625 1.7013490200042725 1.6534627676010132 0.5165439248085022 6.65820837020874 1.3407500982284546 14.494010925292969 -4.640615463256836 0.1280
Car 1 1 1 795.48583984375 177.73614501953125 845.0972290039062 210.07383728027344 3.988255500793457 1.4950628280639648 1.626749038696289 10.39199447631836 1.7525153160095215 36.03670883178711 -4.625940799713135 0.1279
Car 1 1 1 747.3233642578125 177.6138916015625 780.9930419921875 202.0775604248047 3.858625888824463 1.522261619567871 1.6358314752578735 10.100811004638672 1.8493458032608032 47.64780044555664 -4.645724773406982 0.1275
Car 1 1 1 671.5939331054688 179.7974090576172 714.0928955078125 203.02914428710938 3.9215173721313477 1.6535539627075195 1.6863371133804321 6.211450576782227 2.200653314590454 54.75629425048828 -5.040253162384033 0.1274
Car 1 1 1 980.7640991210938 169.7794952392578 1120.0501708984375 224.41258239746094 3.7236032485961914 1.4866667985916138 1.5901761054992676 12.952094078063965 1.402703881263733 21.57758140563965 -4.831709861755371 0.1263
Car 1 1 1 1169.4403076171875 163.1817169189453 1241.0 374.0 4.021378993988037 1.5276821851730347 1.6069374084472656 6.840478420257568 1.4753109216690063 5.926980018615723 -4.670546531677246 0.1245
Car 1 1 1 623.669677734375 169.5848388671875 644.2355346679688 189.01190185546875 3.855196237564087 1.6144007444381714 1.6751946210861206 2.0583512783050537 1.342430830001831 61.93242645263672 -7.796969890594482 0.1235
Pedestrian 1 1 1 14.274901390075684 144.50735473632812 119.67559051513672 322.27166748046875 0.7613065838813782 1.7295161485671997 0.5539868474006653 -5.6175618171691895 1.4534242153167725 7.427205562591553 -4.815633773803711 0.1233
Pedestrian 1 1 1 902.5574951171875 163.8096923828125 931.099609375 226.2559814453125 0.6909207701683044 1.5820776224136353 0.5336917638778687 7.878981113433838 1.35263991355896 18.665515899658203 -7.685340404510498 0.1230
Pedestrian 1 1 1 491.6032409667969 171.0627899169922 515.3436279296875 224.1996307373047 0.5773207545280457 1.613011360168457 0.5710744857788086 -3.327714443206787 1.558337688446045 22.236703872680664 -4.537904262542725 0.1230
Car 1 1 1 22.463993072509766 187.86936950683594 386.02984619140625 374.0 3.6813862323760986 1.5065538883209229 1.5938502550125122 -3.422879219055176 1.6878845691680908 6.832744598388672 -4.787355899810791 0.1228
Car 1 1 1 655.6766357421875 172.2322540283203 690.2222900390625 192.69850158691406 3.9368066787719727 1.6749203205108643 1.6676708459854126 5.271267890930176 1.6237372159957886 61.16676330566406 -8.116609573364258 0.1220
Pedestrian 1 1 1 184.966064453125 163.0867156982422 243.77713012695312 274.1333923339844 0.5866408348083496 1.6777400970458984 0.5572499632835388 -6.233014106750488 1.5298718214035034 11.279004096984863 -4.319059371948242 0.1220
Pedestrian 1 1 1 449.9488220214844 168.54261779785156 480.81353759765625 230.43077087402344 0.7345731854438782 1.6516988277435303 0.6140036582946777 -3.984715700149536 1.5363349914550781 19.664491653442383 -4.567471027374268 0.1212
Pedestrian 1 1 1 902.761962890625 151.1643829345703 941.7798461914062 250.73980712890625 0.7653560638427734 1.7603344917297363 0.5685726404190063 5.648142337799072 1.3765966892242432 13.20368766784668 -7.563600063323975 0.1209
Car 1 1 1 851.5138549804688 175.802490234375 898.8872680664062 200.6955108642578 3.785198926925659 1.5042389631271362 1.523055911064148 16.801239013671875 1.699623942375183 45.971065521240234 -4.744388580322266 0.1206
Car 1 1 1 806.3655395507812 167.39276123046875 839.6535034179688 187.21127319335938 3.9618167877197266 1.7270326614379883 1.6983702182769775 19.088138580322266 1.250826120376587 64.88682556152344 -7.89013147354126 0.1203
Car 1 1 1 829.033447265625 176.40829467773438 889.208984375 205.0305938720703 4.047760009765625 1.5114156007766724 1.6290491819381714 13.943411827087402 1.7220786809921265 40.724788665771484 -4.823394775390625 0.1200
Pedestrian 1 1 1 820.686767578125 162.4442138671875 843.7506103515625 207.43707275390625 0.7794751524925232 1.7788792848587036 0.6044502258300781 8.868785858154297 1.3670084476470947 28.95871925354004 -8.007370948791504 0.1183
Pedestrian 1 1 1 104.20398712158203 164.39688110351562 162.66757202148438 284.18499755859375 0.693786084651947 1.6450018882751465 0.5345649719238281 -6.856375217437744 1.5285637378692627 10.321582794189453 -5.029865741729736 0.1174
Pedestrian 1 1 1 656.8380737304688 175.18360900878906 668.2640991210938 195.81959533691406 0.8089267611503601 1.7021628618240356 0.565252423286438 4.353592872619629 1.897526741027832 60.1143798828125 -7.096180438995361 0.1172
Car 1 1 1 866.3037719726562 176.36111450195312 943.491455078125 211.9666748046875 3.902433395385742 1.5076335668563843 1.6353620290756226 13.333459854125977 1.6774100065231323 32.970306396484375 -4.808162689208984 0.1172
Pedestrian 1 1 1 196.8321533203125 168.56231689453125 241.83139038085938 254.36624145507812 0.5563706159591675 1.6015828847885132 0.5235292911529541 -7.537845611572266 1.5211760997772217 13.83080005645752 -4.275147438049316 0.1171
Cyclist 1 1 1 589.6444091796875 165.5078125 610.324951171875 206.48202514648438 1.7408629655838013 1.7192052602767944 0.5520415902137756 -0.46444398164749146 1.410672664642334 31.181453704833984 -4.521429061889648 0.1161
Car 1 1 1 690.248046875 177.296630859375 769.3724365234375 236.12014770507812 4.071898460388184 1.5408909320831299 1.6472208499908447 3.3669612407684326 1.683942198753357 21.2452392578125 -7.855016231536865 0.1159
Cyclist 1 1 1 171.4750213623047 157.16683959960938 270.8477478027344 260.3409423828125 1.7831286191940308 1.7128574848175049 0.5368203520774841 -6.953653335571289 1.4521251916885376 12.906779289245605 -4.500375747680664 0.1154
Car 1 1 1 363.0792541503906 179.41140747070312 436.045654296875 223.30819702148438 3.8002185821533203 1.5116513967514038 1.5565831661224365 -7.925943374633789 1.7773476839065552 27.345245361328125 -4.681311130523682 0.1152
Pedestrian 1 1 1 890.635009765625 162.4398193359375 921.640380859375 232.8063507080078 0.7122421264648438 1.6208537817001343 0.5745935440063477 6.930403232574463 1.380669116973877 17.03365707397461 -4.476327419281006 0.1145
Pedestrian 1 1 1 1156.0145263671875 146.8562774658203 1210.18994140625 235.67005920410156 0.6938676238059998 1.737371563911438 0.5630855560302734 11.438495635986328 1.2285053730010986 14.48577880859375 -4.6213788986206055 0.1145
Car 1 1 1 802.1656494140625 177.30543518066406 846.6926879882812 205.4791717529297 3.914278507232666 1.4903664588928223 1.5725618600845337 12.027189254760742 1.7541537284851074 40.803802490234375 -4.650006294250488 0.1143
Pedestrian 1 1 1 290.71356201171875 161.82212829589844 326.633544921875 231.26361083984375 0.6650111079216003 1.7612965106964111 0.596637487411499 -7.84376335144043 1.4811872243881226 18.677318572998047 -4.549782752990723 0.1138
Cyclist 1 1 1 545.9888305664062 160.17294311523438 572.328125 205.2600555419922 1.6172493696212769 1.7342503070831299 0.5534986853599548 -2.047347068786621 1.2461804151535034 28.605873107910156 -4.456555366516113 0.1136
Pedestrian 1 1 1 161.24732971191406 159.42755126953125 209.9168701171875 245.3558349609375 0.6608922481536865 1.7196948528289795 0.5673416256904602 -8.759435653686523 1.4506893157958984 14.8169527053833 -4.52863073348999 0.1133
Pedestrian 1 1 1 860.5718994140625 145.4320526123047 907.5413818359375 277.1224365234375 0.7022408246994019 1.74272882938385 0.5807604789733887 3.7184550762176514 1.3795397281646729 9.974079132080078 -4.386605262756348 0.1131
Pedestrian 1 1 1 1097.2762451171875 155.27406311035156 1164.0208740234375 271.71624755859375 0.6420580744743347 1.660400152206421 0.5122770071029663 7.58974552154541 1.4094202518463135 10.615569114685059 -4.7354326248168945 0.1118
Pedestrian 1 1 1 1012.7332153320312 155.97633361816406 1046.57666015625 219.73638916015625 0.7028480172157288 1.7586866617202759 0.6082010865211487 11.745361328125 1.2928520441055298 20.295957565307617 -7.700167179107666 0.1102
Pedestrian 1 1 1 302.5807189941406 168.84925842285156 345.77777099609375 260.6553039550781 0.5427679419517517 1.6391535997390747 0.5145020484924316 -5.280924320220947 1.567351222038269 13.209803581237793 -4.4596686363220215 0.1101
Pedestrian 1 1 1 1001.9442749023438 155.0120849609375 1042.6026611328125 229.64952087402344 0.725538432598114 1.69032621383667 0.6021193265914917 9.505414009094238 1.2859573364257812 16.746761322021484 -4.55288553237915 0.1096
Cyclist 1 1 1 389.0570983886719 165.28848266601562 429.48834228515625 241.71951293945312 1.6459884643554688 1.6802870035171509 0.5351819396018982 -4.673081874847412 1.5136638879776 16.694950103759766 -4.749722003936768 0.1090
Pedestrian 1 1 1 522.6587524414062 172.3870391845703 547.7493896484375 226.8071746826172 0.6487191915512085 1.6705589294433594 0.5834874510765076 -2.380838632583618 1.6559247970581055 22.539804458618164 -4.4423322677612305 0.1088
Pedestrian 1 1 1 353.6864318847656 174.02186584472656 388.4963684082031 247.52076721191406 0.5140873193740845 1.6671035289764404 0.5688016414642334 -5.584518909454346 1.6944187879562378 16.7191104888916 -4.343494892120361 0.1088
Car 1 1 1 611.9872436523438 179.42538452148438 648.6328735351562 201.66859436035156 3.9957778453826904 1.5432027578353882 1.662817358970642 1.4317600727081299 2.04938006401062 53.468406677246094 -4.967229843139648 0.1086
Pedestrian 1 1 1 458.0221862792969 165.5272979736328 482.3779602050781 213.41563415527344 0.7470028400421143 1.7650275230407715 0.633528470993042 -5.279321670532227 1.4946860074996948 27.036396026611328 -7.593047618865967 0.1086
Pedestrian 1 1 1 316.94873046875 174.39894104003906 358.019287109375 257.7734069824219 0.5586437582969666 1.5591832399368286 0.49100014567375183 -5.281534671783447 1.5892950296401978 13.854752540588379 -4.348657608032227 0.1079
Car 1 1 1 0.0 183.8385772705078 69.53766632080078 314.7467956542969 3.9720003604888916 1.485162615776062 1.6240333318710327 -10.163313865661621 1.6768105030059814 10.56831169128418 -4.78556489944458 0.1078
Pedestrian 1 1 1 353.6829528808594 163.35511779785156 379.1351623535156 217.46812438964844 0.7207448482513428 1.7813080549240112 0.610627293586731 -8.181890487670898 1.4683209657669067 24.113866806030273 -7.859578609466553 0.1073
Car 1 1 1 814.6356811523438 177.0966033935547 915.7067260742188 231.664306640625 4.002205848693848 1.4728710651397705 1.5995196104049683 7.520199775695801 1.6125539541244507 21.797348022460938 -4.722908020019531 0.1070
Pedestrian 1 1 1 308.6124572753906 167.734375 385.0319519042969 351.8298034667969 0.7975406050682068 1.536313533782959 0.5178961753845215 -2.3914246559143066 1.4932893514633179 6.460550785064697 -4.895045280456543 0.1061
Pedestrian 1 1 1 787.2565307617188 163.23223876953125 810.3713989257812 211.66590881347656 0.7738690376281738 1.76556396484375 0.6218217611312866 6.936446189880371 1.4145199060440063 26.704992294311523 -7.9061102867126465 0.1059
Car 1 1 1 718.1688842773438 176.50233459472656 792.1306762695312 218.02882385253906 3.825470209121704 1.4951608180999756 1.5839173793792725 5.568591594696045 1.6484172344207764 28.351327896118164 -4.87951135635376 0.1042
Car 1 1 1 905.2696533203125 173.80250549316406 1014.9614868164062 219.62770080566406 3.720172166824341 1.4648820161819458 1.5917863845825195 12.006131172180176 1.500166416168213 25.107812881469727 -4.8689093589782715 0.1040
Pedestrian 1 1 1 223.8406524658203 169.33251953125 264.94549560546875 250.55203247070312 0.5729899406433105 1.6291719675064087 0.4975472092628479 -7.553700923919678 1.5582351684570312 14.81456470489502 -4.449325084686279 0.1035
Car 1 1 1 870.717041015625 175.89906311035156 918.1524047851562 200.18357849121094 3.7695863246917725 1.500854253768921 1.5371135473251343 18.42066764831543 1.706791877746582 46.969276428222656 -4.732324123382568 0.1032
Car 1 1 1 627.474609375 179.0345916748047 664.7305908203125 201.23974609375 4.136820316314697 1.5927765369415283 1.703202247619629 2.68731427192688 2.084304094314575 55.20294952392578 -4.960933208465576 0.1032
Pedestrian 1 1 1 224.78851318359375 165.36585998535156 257.2384948730469 230.2602996826172 0.6691115498542786 1.7840325832366943 0.5545173287391663 -10.414162635803223 1.577873706817627 20.269145965576172 -3.94094181060791 0.1027
Pedestrian 1 1 1 154.6947784423828 163.4927215576172 200.95481872558594 255.4483184814453 0.5530261397361755 1.6780400276184082 0.510088324546814 -8.150362014770508 1.506912112236023 13.525099754333496 -4.277649879455566 0.1027
Car 1 1 1 771.0186157226562 176.92123413085938 823.4322509765625 212.15223693847656 3.8339061737060547 1.4992098808288574 1.6428070068359375 8.48216438293457 1.6967287063598633 33.125980377197266 -4.6454854011535645 0.1027
Pedestrian 1 1 1 595.1238403320312 166.08277893066406 609.4788208007812 201.07289123535156 0.6837875247001648 1.7911150455474854 0.6519608497619629 -0.43459880352020264 1.444201946258545 37.31682586669922 -7.721676349639893 0.1026
Pedestrian 1 1 1 710.3912353515625 172.695556640625 722.9968872070312 198.751708984375 0.7486084699630737 1.8413515090942383 0.6225349307060242 7.582036972045898 1.8298531770706177 51.474979400634766 -7.248150825500488 0.1021
Pedestrian 1 1 1 662.2381591796875 172.38453674316406 670.70068359375 192.33290100097656 0.5737902522087097 1.7675726413726807 0.5457410216331482 5.011711120605469 1.7256745100021362 64.32245635986328 -7.283268451690674 0.1021
Car 1 1 1 0.0 0.0 1241.0 374.0 3.9266085624694824 1.533366084098816 1.6163443326950073 4.603954792022705 1.5269830226898193 1.327941656112671 -7.950592517852783 0.1018
Pedestrian 1 1 1 331.0711364746094 176.75791931152344 365.1686096191406 243.7325897216797 0.5555883049964905 1.5477759838104248 0.524130642414093 -6.241613388061523 1.6417056322097778 17.0656795501709 -4.366353511810303 0.1015
Pedestrian 1 1 1 815.1149291992188 162.9639434814453 834.86328125 206.44873046875 0.7901197671890259 1.7774531841278076 0.6205851435661316 8.861251831054688 1.3728941679000854 29.90608787536621 -7.793742656707764 0.1013
Car 1 1 1 586.7509765625 179.71926879882812 620.3198852539062 201.7837677001953 3.7942495346069336 1.502905011177063 1.5476070642471313 -0.5380582213401794 2.020925521850586 52.443416595458984 -4.97122049331665 0.1012
Pedestrian 1 1 1 372.78045654296875 162.86758422851562 398.4920654296875 217.34271240234375 0.7024800181388855 1.7928828001022339 0.6121399998664856 -7.5404953956604 1.463910460472107 24.116165161132812 -7.7940239906311035 0.1011
Car 1 1 1 465.5552673339844 180.5260009765625 528.98095703125 216.82115173339844 3.968796491622925 1.468873381614685 1.5996226072311401 -4.990255832672119 1.8329790830612183 32.178653717041016 -4.538136959075928 0.1008
Pedestrian 1 1 1 266.1086730957031 163.20669555664062 318.17242431640625 268.82391357421875 0.5684950351715088 1.687145471572876 0.5422946214675903 -5.289200305938721 1.5327379703521729 11.894372940063477 -4.304958343505859 0.1007
Car 1 1 1 0.0 185.4222412109375 467.6192626953125 374.0 3.853384017944336 1.5355215072631836 1.6370733976364136 -1.5353633165359497 1.6125248670578003 2.43247127532959 -4.823343753814697 0.1006
Pedestrian 1 1 1 256.0303649902344 164.57064819335938 286.3724670410156 232.52281188964844 0.7566637396812439 1.7754898071289062 0.5946923494338989 -9.131171226501465 1.5587579011917114 19.33378791809082 -8.497208595275879 0.1006
Car 1 1 1 483.12396240234375 179.3776397705078 544.3430786132812 221.36376953125 3.8609957695007324 1.4957292079925537 1.5715183019638062 -3.7442574501037598 1.7694684267044067 28.316686630249023 -4.6228461265563965 0.1004
Car 1 1 1 116.26527404785156 169.38526916503906 242.37278747558594 221.63372802734375 3.773601531982422 1.5366668701171875 1.642133116722107 -13.706710815429688 1.4343490600585938 23.151830673217773 -7.796496868133545 0.1001
