Car 1 1 1 378.3878173828125 181.50259399414062 501.9063720703125 277.65069580078125 3.7517569065093994 1.529012680053711 1.6006454229354858 -3.121049404144287 1.71603524684906 13.7225923538208 -4.751064777374268 0.8022
Car 1 1 1 0.0 190.0447235107422 345.55609130859375 374.0 3.696070909500122 1.4893907308578491 1.58297598361969 -3.3620765209198 1.6582707166671753 5.216966152191162 -4.760465621948242 0.7981
Pedestrian 1 1 1 174.84725952148438 154.46156311035156 238.13194274902344 244.59857177734375 0.993481457233429 1.813781976699829 0.6522181034088135 -8.4681978225708 1.443380355834961 15.07943344116211 -4.4710307121276855 0.5528
Cyclist 1 1 1 1011.525146484375 151.41995239257812 1096.8653564453125 270.8313293457031 1.7410832643508911 1.6528229713439941 0.5505513548851013 6.598701477050781 1.355845332145691 10.896246910095215 -4.498405933380127 0.3529
Car 1 1 1 720.6410522460938 174.9657440185547 755.0089721679688 196.5819549560547 4.04004430770874 1.531322717666626 1.6097208261489868 9.416377067565918 1.6938905715942383 53.583560943603516 -7.914938449859619 0.3033
Car 1 1 1 53.1518440246582 188.3402862548828 161.15988159179688 230.85008239746094 3.8970260620117188 1.4869486093521118 1.59336256980896 -19.842437744140625 2.1428329944610596 28.61800765991211 -4.720579147338867 0.3012
Car 1 1 1 677.17919921875 175.9993896484375 702.9563598632812 196.11973571777344 3.8604700565338135 1.581199049949646 1.6307018995285034 6.514986991882324 1.8476670980453491 59.253177642822266 -4.727512359619141 0.2880
Pedestrian 1 1 1 783.1425170898438 154.75033569335938 808.2112426757812 217.36912536621094 0.82166588306427 1.7767395973205566 0.6259657144546509 5.327902793884277 1.2627681493759155 20.926713943481445 -4.5588250160217285 0.2771
Car 1 1 1 908.9583129882812 172.2422637939453 1241.0 374.0 3.9484736919403076 1.504056453704834 1.6046202182769775 3.8717617988586426 1.5013536214828491 4.122182846069336 -6.546151638031006 0.2655
Pedestrian 1 1 1 1216.755859375 160.9422149658203 1236.636962890625 208.29193115234375 0.42882537841796875 1.7757213115692139 0.5097076892852783 23.365938186645508 1.3287028074264526 27.39234733581543 -3.83876895904541 0.2593
Pedestrian 1 1 1 237.19178771972656 158.9420928955078 281.2693176269531 235.1591033935547 0.8752949833869934 1.7902787923812866 0.6420877575874329 -8.491479873657227 1.4631990194320679 17.38872528076172 -7.862472057342529 0.2549
Cyclist 1 1 1 285.4189147949219 183.1577911376953 310.4996643066406 223.1165008544922 1.6782667636871338 1.7100496292114258 0.5005142688751221 -13.941886901855469 2.181413173675537 32.17412567138672 -7.925044536590576 0.2505
Pedestrian 1 1 1 74.1412582397461 161.80352783203125 120.94953155517578 236.65013122558594 0.7599184513092041 1.761364221572876 0.5813923478126526 -12.372398376464844 1.5010136365890503 17.36489486694336 -4.6949968338012695 0.2502
Pedestrian 1 1 1 392.44708251953125 165.32293701171875 409.5785217285156 204.58627319335938 0.599755585193634 1.798613429069519 0.5514944791793823 -9.732073783874512 1.4533231258392334 33.455047607421875 -3.808358669281006 0.2496
Cyclist 1 1 1 732.4651489257812 174.11741638183594 745.685791015625 207.58811950683594 1.6849493980407715 1.6744824647903442 0.4842412769794464 6.57485294342041 1.740503191947937 37.01875305175781 -7.787195682525635 0.2486
Pedestrian 1 1 1 472.8993835449219 169.3730926513672 485.550048828125 195.4105682373047 0.8037484288215637 1.7841514348983765 0.6279439926147461 -9.07080078125 1.545330286026001 49.8889274597168 -7.691359043121338 0.2473
Pedestrian 1 1 1 324.1568298339844 164.35494995117188 358.4312744140625 224.10037231445312 0.9967293739318848 1.7715450525283813 0.6487747430801392 -8.193681716918945 1.5192351341247559 21.902097702026367 -4.683996677398682 0.2437
Pedestrian 1 1 1 1105.1217041015625 147.42160034179688 1142.1771240234375 212.77554321289062 0.7211775183677673 1.8001556396484375 0.5605600476264954 14.362525939941406 1.099327564239502 20.259267807006836 -7.762344837188721 0.2365
Pedestrian 1 1 1 411.5675964355469 167.4720916748047 427.7748718261719 200.42897033691406 0.8092363476753235 1.829849362373352 0.6473752856254578 -10.714070320129395 1.5307323932647705 40.49123001098633 -7.77244234085083 0.2335
Pedestrian 1 1 1 1095.0152587890625 146.31289672851562 1167.80615234375 269.42169189453125 0.6671836972236633 1.7503763437271118 0.604974627494812 7.594645977020264 1.3727115392684937 10.61126708984375 -7.789627552032471 0.2314
Pedestrian 1 1 1 50.85713577270508 167.91171264648438 79.97478485107422 232.47044372558594 0.5723749995231628 1.8087924718856812 0.510191023349762 -15.59603500366211 1.670020580291748 20.599254608154297 -3.991318702697754 0.2258
Cyclist 1 1 1 746.10693359375 156.10333251953125 778.7911987304688 201.27462768554688 1.6095613241195679 1.7423964738845825 0.5653237104415894 6.000242233276367 1.095971703529358 28.684106826782227 -5.006503582000732 0.2185
Pedestrian 1 1 1 3.439094066619873 170.4477081298828 43.839317321777344 242.04286193847656 0.7908919453620911 1.804370403289795 0.6318522691726685 -15.224933624267578 1.7434260845184326 18.673076629638672 -2.5090298652648926 0.2173
Car 1 1 1 1032.2945556640625 164.05343627929688 1122.309814453125 202.62596130371094 3.5745909214019775 1.4632481336593628 1.5667245388031006 18.76490592956543 1.1290990114212036 29.220458984375 -4.624850749969482 0.2126
Car 1 1 1 574.2578125 179.70974731445312 601.9281005859375 204.94325256347656 4.008232116699219 1.53487229347229 1.6422617435455322 -1.4995722770690918 2.001293659210205 47.063472747802734 -7.924437046051025 0.2116
Car 1 1 1 9.917391777038574 193.0712432861328 106.88456726074219 224.16647338867188 3.8351633548736572 1.4842653274536133 1.7227352857589722 -28.24248695373535 2.549703359603882 36.94629669189453 -3.0191831588745117 0.2101
Pedestrian 1 1 1 899.331298828125 148.156005859375 950.697021484375 246.32521057128906 0.7941817045211792 1.8217136859893799 0.5816320776939392 5.9655914306640625 1.3630961179733276 13.816722869873047 -7.966516971588135 0.2098
Pedestrian 1 1 1 1050.6953125 158.2522735595703 1075.68310546875 213.67677307128906 0.616312563419342 1.8470593690872192 0.5834453701972961 15.289713859558105 1.3601471185684204 24.429059982299805 -4.3976898193359375 0.2082
Car 1 1 1 741.1542358398438 176.92311096191406 802.9598388671875 213.40296936035156 3.9966795444488525 1.5132309198379517 1.5794403553009033 7.162943363189697 1.7075257301330566 32.44755172729492 -4.797302722930908 0.2076
Pedestrian 1 1 1 21.560518264770508 181.470703125 46.05552673339844 222.74671936035156 0.740658164024353 1.7651461362838745 0.6694428324699402 -25.236600875854492 2.1474640369415283 31.54990005493164 -5.645596027374268 0.2066
Pedestrian 1 1 1 1034.8515625 170.9180908203125 1060.118408203125 210.2161407470703 0.7475938200950623 1.7632511854171753 0.6576697826385498 19.84770965576172 1.6760896444320679 32.809364318847656 -3.482656955718994 0.2047
Pedestrian 1 1 1 471.7422790527344 166.973876953125 485.8175964355469 197.92471313476562 0.8220099806785583 1.832358956336975 0.6391474604606628 -7.8797197341918945 1.4839421510696411 43.151771545410156 -7.7744059562683105 0.2032
Pedestrian 1 1 1 926.7559204101562 154.73251342773438 970.8347778320312 247.61383056640625 0.6570238471031189 1.7691066265106201 0.5627728700637817 6.600133419036865 1.423647403717041 14.170416831970215 -6.990048885345459 0.2009
Pedestrian 1 1 1 907.4263916015625 168.5019989013672 931.1845092773438 212.63824462890625 0.8005512356758118 1.7018837928771973 0.5950616598129272 12.094019889831543 1.5337721109390259 28.314701080322266 -7.054626941680908 0.1984
Car 1 1 1 389.2272033691406 178.7383575439453 434.5198669433594 203.85678100585938 3.833697557449341 1.6016976833343506 1.6341146230697632 -13.416348457336426 2.0169081687927246 48.94843292236328 -7.733288288116455 0.1952
Car 1 1 1 510.6024475097656 177.18064880371094 539.2199096679688 194.01007080078125 3.8152847290039062 1.4871491193771362 1.5788030624389648 -7.866472244262695 1.8996162414550781 66.81659698486328 -7.671950817108154 0.1950
Cyclist 1 1 1 836.8010864257812 176.04432678222656 878.3394165039062 215.55517578125 1.7283849716186523 1.8027997016906738 0.6463353037834167 11.439485549926758 1.9526169300079346 33.47509765625 -6.467324733734131 0.1939
Cyclist 1 1 1 712.4102172851562 157.64779663085938 742.9100341796875 201.99061584472656 1.6339924335479736 1.732377052307129 0.556603729724884 4.678036212921143 1.1380040645599365 29.051280975341797 -5.000120639801025 0.1927
Pedestrian 1 1 1 1086.5950927734375 152.61170959472656 1114.181884765625 204.69227600097656 0.6790074110031128 1.8069666624069214 0.6198437213897705 17.23870277404785 1.1043483018875122 25.444477081298828 -7.581976413726807 0.1880
Pedestrian 1 1 1 45.86415100097656 161.84332275390625 93.58295440673828 240.60983276367188 0.7372860908508301 1.7511268854141235 0.5590760111808777 -12.340317726135254 1.506039023399353 16.427913665771484 -4.780375003814697 0.1879
Car 1 1 1 75.01680755615234 183.12954711914062 153.4778594970703 217.40553283691406 3.9727375507354736 1.5467931032180786 1.6788711547851562 -24.599964141845703 2.087728500366211 35.910892486572266 -4.871077537536621 0.1863
Car 1 1 1 351.1613464355469 182.0980224609375 381.7842712402344 211.39894104003906 3.8874802589416504 1.543144941329956 1.5915119647979736 -13.989459991455078 2.100288152694702 41.4163703918457 -5.027263641357422 0.1858
Pedestrian 1 1 1 107.1842041015625 165.74974060058594 136.32664489746094 229.85923767089844 0.8037592768669128 1.78731107711792 0.6090147495269775 -13.988212585449219 1.5889513492584229 20.6136531829834 -8.343685150146484 0.1856
Cyclist 1 1 1 0.0 173.43276977539062 50.926387786865234 220.76181030273438 1.762519121170044 1.8126208782196045 0.6395913362503052 -22.87891960144043 1.835060715675354 27.99554443359375 -3.1798272132873535 0.1820
Pedestrian 1 1 1 126.380615234375 164.99781799316406 171.92413330078125 240.8290252685547 0.7271470427513123 1.7201571464538574 0.5706687569618225 -10.739236831665039 1.5416474342346191 16.749786376953125 -4.6432881355285645 0.1820
Pedestrian 1 1 1 213.7729949951172 161.3478546142578 248.42185974121094 220.70623779296875 0.8011172413825989 1.7923955917358398 0.6263779997825623 -11.698029518127441 1.444654107093811 22.201465606689453 -7.810500621795654 0.1791
Pedestrian 1 1 1 221.45895385742188 166.9621124267578 258.61956787109375 229.33949279785156 0.8201882243156433 1.7162744998931885 0.6101892590522766 -10.433243751525879 1.5538630485534668 20.27110481262207 -7.8260626792907715 0.1762
Pedestrian 1 1 1 152.84881591796875 166.36978149414062 196.90982055664062 246.77232360839844 0.6381186842918396 1.7584320306777954 0.5786388516426086 -9.766464233398438 1.6163198947906494 16.123271942138672 -4.6254072189331055 0.1750
Pedestrian 1 1 1 1009.2672119140625 155.9492645263672 1044.3734130859375 252.39596557617188 0.5759856104850769 1.7136529684066772 0.5456334352493286 7.564671516418457 1.4129917621612549 13.204366683959961 -7.347549915313721 0.1743
Pedestrian 1 1 1 316.6753845214844 174.73941040039062 333.2469482421875 208.09271240234375 0.6927676200866699 1.7228221893310547 0.5917295813560486 -14.91085147857666 1.8218231201171875 37.65574645996094 -7.854287624359131 0.1740
Pedestrian 1 1 1 93.25204467773438 166.01907348632812 139.00404357910156 245.72520446777344 0.6511369347572327 1.7380812168121338 0.5367829203605652 -11.080121994018555 1.588737964630127 16.122337341308594 -4.42431116104126 0.1739
Cyclist 1 1 1 684.6224975585938 178.0775146484375 703.1725463867188 215.36822509765625 1.7438640594482422 1.7690852880477905 0.635309636592865 4.087021350860596 2.031867742538452 35.41477966308594 -7.5780558586120605 0.1721
Car 1 1 1 416.6003112792969 182.5058135986328 492.9353332519531 248.77809143066406 3.958299160003662 1.4972871541976929 1.6263927221298218 -4.022181987762451 1.778342843055725 18.96819496154785 -4.837264060974121 0.1717
Car 1 1 1 689.2136840820312 175.71449279785156 727.408935546875 200.5657958984375 4.142537593841553 1.5939457416534424 1.6401891708374023 6.580197334289551 1.7960647344589233 48.91547393798828 -7.954555034637451 0.1692
Cyclist 1 1 1 478.36676025390625 175.8844757080078 488.7148742675781 201.59140014648438 1.6941965818405151 1.6816909313201904 0.5003478527069092 -8.485749244689941 1.8877257108688354 48.26582336425781 -7.917759418487549 0.1678
Pedestrian 1 1 1 848.3494262695312 162.43829345703125 873.981689453125 219.6185302734375 0.7087933421134949 1.7038183212280273 0.6124527454376221 7.565892696380615 1.3931584358215332 21.895328521728516 -4.5654072761535645 0.1666
Pedestrian 1 1 1 1206.615478515625 160.36537170410156 1241.0 224.44699096679688 0.7437571883201599 1.7933740615844727 0.5827363729476929 17.53802490234375 1.4435702562332153 20.624351501464844 -6.770357608795166 0.1660
Car 1 1 1 441.4529724121094 180.3732147216797 475.7553405761719 212.89627075195312 3.829230785369873 1.489469051361084 1.5892658233642578 -7.603586673736572 1.8858363628387451 36.02544021606445 -4.922906398773193 0.1657
Pedestrian 1 1 1 973.0785522460938 156.7294464111328 1008.2042236328125 221.1222686767578 0.7542635202407837 1.7458378076553345 0.6191038489341736 10.473862648010254 1.3083641529083252 19.967500686645508 -7.758402347564697 0.1655
Car 1 1 1 724.4274291992188 177.7499237060547 847.706298828125 222.31895446777344 3.9804232120513916 1.4877163171768188 1.6170910596847534 6.200104236602783 1.6706029176712036 25.685199737548828 -6.554296970367432 0.1617
Pedestrian 1 1 1 74.3635025024414 163.42527770996094 119.50747680664062 241.62155151367188 0.7155458927154541 1.7387863397598267 0.5433844327926636 -11.715774536132812 1.5288275480270386 16.419416427612305 -4.779460906982422 0.1611
Pedestrian 1 1 1 868.1438598632812 163.92857360839844 887.9794311523438 208.64805603027344 0.7310978770256042 1.729641079902649 0.617985188961029 10.472497940063477 1.384126901626587 28.32489776611328 -4.52130651473999 0.1598
Car 1 1 1 601.6851196289062 177.82838439941406 620.4954833984375 196.1594696044922 3.881943941116333 1.516582727432251 1.584301471710205 0.09576946496963501 1.9620563983917236 62.7072639465332 -4.697366237640381 0.1588
Pedestrian 1 1 1 827.017578125 169.4471435546875 838.7080688476562 199.40724182128906 0.7256307005882263 1.7842187881469727 0.6575912833213806 13.368756294250488 1.5810290575027466 43.40946960449219 -4.432140827178955 0.1585
Cyclist 1 1 1 701.9642333984375 172.74375915527344 717.9122314453125 202.78799438476562 1.7121845483779907 1.6817318201065063 0.5150883793830872 5.669487476348877 1.6752609014511108 41.265594482421875 -7.953201770782471 0.1583
Cyclist 1 1 1 847.9771118164062 158.87608337402344 887.2813110351562 227.05072021484375 1.7042193412780762 1.6874632835388184 0.5269864201545715 6.612868785858154 1.3411811590194702 18.72894859313965 -7.779268741607666 0.1581
Car 1 1 1 707.811767578125 175.93345642089844 753.2012939453125 212.18954467773438 3.850450038909912 1.515749454498291 1.5974620580673218 5.317978858947754 1.662400484085083 32.46543884277344 -4.65731954574585 0.1569
Pedestrian 1 1 1 189.45458984375 164.8629608154297 221.8950653076172 223.36837768554688 0.80373615026474 1.7922106981277466 0.6085675954818726 -12.664088249206543 1.5471190214157104 22.530431747436523 -7.94323205947876 0.1566
Car 1 1 1 1097.643798828125 156.2373046875 1241.0 218.32785034179688 3.467128038406372 1.5697910785675049 1.6435186862945557 15.523933410644531 1.1493830680847168 20.012922286987305 -7.9017157554626465 0.1563
Pedestrian 1 1 1 245.1033477783203 173.39617919921875 277.18890380859375 225.01100158691406 0.8082725405693054 1.7371482849121094 0.5890506505966187 -12.031270980834961 1.7558550834655762 24.7945613861084 -4.100622177124023 0.1561
Cyclist 1 1 1 819.5023193359375 176.37974548339844 860.0032958984375 215.0071563720703 1.7291713953018188 1.7926758527755737 0.6484702825546265 10.80570125579834 1.961332082748413 34.07697296142578 -6.4961113929748535 0.1549
Car 1 1 1 564.918701171875 179.98019409179688 600.5111694335938 211.553466796875 3.8055684566497803 1.490632176399231 1.624359369277954 -1.4807482957839966 1.8744102716445923 36.92087173461914 -7.943177700042725 0.1545
Cyclist 1 1 1 722.6889038085938 174.0607147216797 735.1195068359375 208.1532745361328 1.709774374961853 1.7029000520706177 0.530295729637146 6.04699182510376 1.765916347503662 36.98062515258789 -7.748088359832764 0.1541
Pedestrian 1 1 1 45.27299118041992 160.81689453125 83.77764129638672 239.0492401123047 0.7312572598457336 1.8014684915542603 0.590739905834198 -12.945679664611816 1.5239883661270142 17.071842193603516 -5.1548004150390625 0.1521
Cyclist 1 1 1 963.2384033203125 156.96116638183594 1027.90966796875 233.29312133789062 1.717608094215393 1.6789072751998901 0.5098154544830322 8.856099128723145 1.329047441482544 16.740764617919922 -7.9049506187438965 0.1516
Pedestrian 1 1 1 877.1171875 156.22511291503906 906.1727294921875 225.28024291992188 0.7449444532394409 1.7465912103652954 0.6188997030258179 7.235270023345947 1.3257017135620117 18.688486099243164 -7.597218990325928 0.1515
Pedestrian 1 1 1 126.64723205566406 162.0858154296875 165.57884216308594 232.40516662597656 0.7477441430091858 1.777652382850647 0.6067092418670654 -12.037291526794434 1.5051360130310059 18.661724090576172 -8.03105640411377 0.1515
Pedestrian 1 1 1 1007.73583984375 160.74351501464844 1053.6669921875 255.93678283691406 0.5799838304519653 1.6193634271621704 0.5176223516464233 7.282408714294434 1.4130479097366333 12.601204872131348 -7.696959018707275 0.1510
Cyclist 1 1 1 762.95263671875 154.35581970214844 802.2542724609375 208.4341278076172 1.628432273864746 1.7169756889343262 0.5469608902931213 5.618078231811523 1.1293621063232422 23.765995025634766 -4.975386619567871 0.1504
Car 1 1 1 430.2386474609375 176.79257202148438 459.7171325683594 195.4475860595703 3.750948667526245 1.5520890951156616 1.5713428258895874 -14.335979461669922 1.9046775102615356 62.742435455322266 -7.813162326812744 0.1501
Pedestrian 1 1 1 155.39695739746094 162.91648864746094 184.98651123046875 225.7681884765625 0.790556788444519 1.809430718421936 0.6041831970214844 -12.9909086227417 1.5230408906936646 21.247833251953125 -8.20849895477295 0.1497
Pedestrian 1 1 1 1193.53173828125 162.4274139404297 1227.13623046875 213.64109802246094 0.7394393086433411 1.7739452123641968 0.6211268901824951 21.09156608581543 1.4124881029129028 25.41054344177246 -3.488844394683838 0.1488
Pedestrian 1 1 1 1090.6539306640625 151.2005157470703 1137.9613037109375 229.47439575195312 0.7382791638374329 1.7403095960617065 0.5851644277572632 11.418787956237793 1.2585749626159668 16.43020248413086 -4.645658493041992 0.1482
Cyclist 1 1 1 310.5412292480469 177.84542846679688 329.8572998046875 210.49354553222656 1.690459966659546 1.6947691440582275 0.5136895775794983 -15.525367736816406 1.9674062728881836 38.58740997314453 -4.8151774406433105 0.1473
Pedestrian 1 1 1 459.3160095214844 169.30453491210938 471.2023010253906 195.4025421142578 0.7837101221084595 1.8009235858917236 0.6338926553726196 -10.09857177734375 1.5556880235671997 50.19993591308594 -7.796644687652588 0.1472
Car 1 1 1 562.4948120117188 180.05691528320312 593.466552734375 209.19898986816406 3.794954299926758 1.5319702625274658 1.6325687170028687 -1.806053638458252 1.9578266143798828 40.78147888183594 -4.725274562835693 0.1465
Car 1 1 1 251.9882049560547 183.56593322753906 311.5095520019531 219.4847412109375 3.872856378555298 1.5102649927139282 1.6432558298110962 -15.250608444213867 2.0395448207855225 33.61748504638672 -4.896431922912598 0.1464
Car 1 1 1 357.72845458984375 173.54591369628906 381.48870849609375 195.34007263183594 3.941818952560425 1.6989866495132446 1.7238601446151733 -19.488142013549805 1.7568528652191162 58.520137786865234 -5.006706714630127 0.1455
Car 1 1 1 64.69624328613281 186.39453125 296.69134521484375 299.48162841796875 4.191211700439453 1.5001291036605835 1.6304877996444702 -6.983102321624756 1.7693397998809814 12.222541809082031 -4.769822597503662 0.1447
Pedestrian 1 1 1 232.78427124023438 170.50575256347656 263.8929748535156 222.12220764160156 0.8005504012107849 1.7600542306900024 0.5925825238227844 -12.625615119934082 1.6796821355819702 25.100248336791992 -4.003922939300537 0.1433
Pedestrian 1 1 1 1096.8167724609375 161.77015686035156 1114.5888671875 201.93763732910156 0.5437447428703308 1.7680461406707764 0.6180331110954285 22.055200576782227 1.2798700332641602 32.164730072021484 -4.043507099151611 0.1430
Cyclist 1 1 1 464.1947021484375 177.39215087890625 471.8833312988281 200.52664184570312 1.6842341423034668 1.7573661804199219 0.45005476474761963 -11.043293952941895 2.114767551422119 56.010406494140625 -7.966155529022217 0.1428
Car 1 1 1 422.111083984375 179.71908569335938 461.42376708984375 208.6712646484375 3.8209517002105713 1.5252488851547241 1.597944974899292 -9.521407127380371 1.932837963104248 40.90658187866211 -4.785255432128906 0.1428
Pedestrian 1 1 1 267.9627990722656 177.54380798339844 286.61865234375 211.44833374023438 0.7288181185722351 1.8126943111419678 0.6832231283187866 -18.118831634521484 2.0704898834228516 39.21140670776367 -5.563572883605957 0.1414
Car 1 1 1 548.1806030273438 177.61264038085938 573.4536743164062 196.3874969482422 3.7649786472320557 1.5651828050613403 1.6270586252212524 -4.359889984130859 1.9949498176574707 63.192134857177734 -8.082088470458984 0.1394
Car 1 1 1 0.0 0.0 1241.0 374.0 3.86120867729187 1.5451194047927856 1.618769884109497 2.6844851970672607 1.532127857208252 0.7210803031921387 -7.879008769989014 0.1386
Car 1 1 1 442.2362365722656 181.44552612304688 501.65960693359375 234.1727752685547 3.9728784561157227 1.490530252456665 1.6233793497085571 -4.390913486480713 1.7904880046844482 23.144285202026367 -4.837314128875732 0.1381
Pedestrian 1 1 1 872.5123291015625 157.1638946533203 915.76220703125 238.9542999267578 0.7754636406898499 1.7740881443023682 0.564461350440979 6.289271831512451 1.4334595203399658 16.104473114013672 -6.895711898803711 0.1379
Pedestrian 1 1 1 770.1067504882812 164.95608520507812 800.8389282226562 230.9914093017578 0.8068960309028625 1.722756028175354 0.5678524374961853 4.65126895904541 1.5164122581481934 19.316652297973633 -7.28372049331665 0.1378
Cyclist 1 1 1 801.982421875 177.90431213378906 824.23095703125 215.4573516845703 1.743790864944458 1.7722419500350952 0.6270853877067566 9.844813346862793 2.0242347717285156 35.16643524169922 -7.832033634185791 0.1376
Pedestrian 1 1 1 4.347447395324707 160.68038940429688 48.10453414916992 241.193603515625 0.7296274304389954 1.8219411373138428 0.5716803073883057 -13.60973834991455 1.5461632013320923 16.759540557861328 -2.6071863174438477 0.1372
Cyclist 1 1 1 1002.3895874023438 151.2982940673828 1085.961181640625 244.7931365966797 1.7544676065444946 1.6770304441452026 0.506188690662384 8.215517044067383 1.2900828123092651 13.826045989990234 -7.8808674812316895 0.1372
Pedestrian 1 1 1 950.0782470703125 167.29324340820312 977.5641479492188 215.14588928222656 0.8100962042808533 1.7826409339904785 0.601753830909729 13.365836143493652 1.5751878023147583 27.350688934326172 -6.850744724273682 0.1370
Pedestrian 1 1 1 1108.0308837890625 155.48452758789062 1156.2857666015625 237.1502227783203 0.7752014994621277 1.6988884210586548 0.5702837109565735 11.111989974975586 1.3372522592544556 15.448063850402832 -4.505345821380615 0.1363
Car 1 1 1 499.0193176269531 180.4226837158203 535.88720703125 205.00892639160156 3.9094197750091553 1.5639240741729736 1.6464042663574219 -6.291886806488037 2.1007261276245117 49.17448043823242 -4.609907150268555 0.1353
Pedestrian 1 1 1 122.50149536132812 164.31097412109375 169.33538818359375 251.1908721923828 0.6354956030845642 1.7811031341552734 0.560300350189209 -9.770594596862793 1.605664849281311 15.123956680297852 -4.660343170166016 0.1351
Car 1 1 1 979.5166625976562 171.24118041992188 1105.72119140625 224.18394470214844 3.5549862384796143 1.4746267795562744 1.5151362419128418 12.947466850280762 1.429404616355896 21.92596435546875 -4.786672115325928 0.1348
Car 1 1 1 520.335205078125 182.0269317626953 547.6971435546875 204.59530639648438 3.9419713020324707 1.63552725315094 1.6835300922393799 -5.969566822052002 2.375300645828247 56.10774612426758 -4.929396152496338 0.1348
Car 1 1 1 426.5877990722656 180.8701934814453 483.65399169921875 221.2122344970703 4.026522636413574 1.4967001676559448 1.6324577331542969 -6.322594165802002 1.8482635021209717 29.62652587890625 -4.752946376800537 0.1345
Pedestrian 1 1 1 910.1237182617188 158.9759979248047 936.4605712890625 224.93043518066406 0.642539918422699 1.6979306936264038 0.6072638034820557 8.200929641723633 1.340355396270752 18.997371673583984 -7.398247241973877 0.1344
Pedestrian 1 1 1 49.96516799926758 161.93360900878906 85.37085723876953 236.3503875732422 0.7502803802490234 1.8127261400222778 0.5974763631820679 -13.620402336120605 1.5464152097702026 18.051525115966797 -2.373250961303711 0.1337
Pedestrian 1 1 1 1213.930908203125 156.9803466796875 1238.138671875 201.6829071044922 0.5500205159187317 1.7878365516662598 0.626371443271637 24.914623260498047 1.1526850461959839 29.240966796875 -4.26308536529541 0.1337
Pedestrian 1 1 1 11.496978759765625 154.1099853515625 74.39058685302734 254.0572052001953 0.7087286114692688 1.7805308103561401 0.5840110182762146 -10.432113647460938 1.446311593055725 13.2239990234375 -4.656893253326416 0.1323
Pedestrian 1 1 1 912.7984619140625 160.4143524169922 939.1665649414062 213.48768615722656 0.7737281918525696 1.7864446640014648 0.585114061832428 10.80032730102539 1.3674273490905762 24.766998291015625 -3.922044277191162 0.1322
Car 1 1 1 160.5122528076172 182.3161163330078 299.6502990722656 249.4378204345703 3.576249361038208 1.4879542589187622 1.5481294393539429 -9.529961585998535 1.751778244972229 18.324077606201172 -4.6735944747924805 0.1313
Pedestrian 1 1 1 1203.5784912109375 164.81881713867188 1236.753662109375 218.39666748046875 0.668316662311554 1.7403947114944458 0.575684130191803 20.09143829345703 1.4790838956832886 23.819400787353516 -3.474978446960449 0.1313
Car 1 1 1 0.0 173.3523406982422 105.38424682617188 215.23277282714844 3.8670263290405273 1.6368701457977295 1.6618483066558838 -23.300518035888672 1.6587934494018555 30.211952209472656 -7.892868518829346 0.1311
Car 1 1 1 188.70057678222656 182.3380126953125 232.60018920898438 205.4940185546875 4.007161617279053 1.5294396877288818 1.6191164255142212 -28.482391357421875 2.2342941761016846 51.52280044555664 -4.913720607757568 0.1296
Pedestrian 1 1 1 1182.9805908203125 158.36146545410156 1213.5101318359375 219.2855224609375 0.6053874492645264 1.7862999439239502 0.5441760420799255 17.5167293548584 1.3610771894454956 21.547740936279297 -3.7094197273254395 0.1293
Pedestrian 1 1 1 117.58757019042969 162.71319580078125 160.26255798339844 237.65411376953125 0.7090775966644287 1.766880750656128 0.5513197779655457 -11.386880874633789 1.5274914503097534 17.377643585205078 -4.669777870178223 0.1288
Car 1 1 1 474.18548583984375 179.6809844970703 506.73931884765625 208.59033203125 3.7338666915893555 1.4882432222366333 1.5608816146850586 -6.620455741882324 1.8847243785858154 39.99762725830078 -4.816380500793457 0.1287
Pedestrian 1 1 1 855.9490966796875 155.55860900878906 893.50634765625 248.7389373779297 0.7026925683021545 1.7352840900421143 0.5781715512275696 5.013443946838379 1.4128944873809814 13.839520454406738 -4.5093302726745605 0.1286
Pedestrian 1 1 1 806.6759643554688 164.40744018554688 829.803955078125 214.90521240234375 0.6268659830093384 1.6673699617385864 0.5932725071907043 6.913969993591309 1.3881756067276 24.138214111328125 -4.710521697998047 0.1276
Cyclist 1 1 1 974.6034545898438 157.466064453125 1039.8861083984375 231.6805419921875 1.7340854406356812 1.7016725540161133 0.5161578059196472 9.50540542602539 1.3485409021377563 17.42823028564453 -7.929317951202393 0.1265
Pedestrian 1 1 1 362.2662658691406 170.8404541015625 381.23529052734375 204.9647979736328 0.7893171906471252 1.7426977157592773 0.6411310434341431 -12.347291946411133 1.639567255973816 37.287994384765625 -7.697624683380127 0.1263
Car 1 1 1 186.18368530273438 182.1234893798828 233.53927612304688 208.9645233154297 4.035715579986572 1.5394338369369507 1.6192384958267212 -24.93450927734375 2.145287036895752 45.02744674682617 -4.963200569152832 0.1261
Pedestrian 1 1 1 1214.8292236328125 145.126953125 1241.0 220.0336456298828 0.6675911545753479 1.794378638267517 0.5532317757606506 15.259928703308105 1.1298813819885254 17.6984806060791 -7.461986064910889 0.1257
Pedestrian 1 1 1 966.932861328125 150.3492889404297 1036.2476806640625 271.47369384765625 0.8250234723091125 1.7098160982131958 0.529793381690979 5.6886887550354 1.3918352127075195 10.618873596191406 -7.938943386077881 0.1255
Pedestrian 1 1 1 17.903430938720703 161.4912109375 70.67805480957031 252.0961456298828 0.6413397192955017 1.772494912147522 0.5370141267776489 -11.410700798034668 1.5499058961868286 14.496853828430176 -4.437647819519043 0.1255
Pedestrian 1 1 1 965.3400268554688 154.80276489257812 1013.4505615234375 246.5631561279297 0.5932818055152893 1.715739130973816 0.567152738571167 7.218040466308594 1.377916693687439 13.8438138961792 -8.079181671142578 0.1250
Pedestrian 1 1 1 8.762252807617188 160.85299682617188 65.1826171875 256.4602355957031 0.6524472832679749 1.7842060327529907 0.5467237234115601 -11.047290802001953 1.5599454641342163 13.854460716247559 -4.431331157684326 0.1249
Pedestrian 1 1 1 838.6882934570312 109.7446060180664 953.3449096679688 374.0 0.7059783935546875 1.7572842836380005 0.5568455457687378 1.8200737237930298 1.3693610429763794 4.8184428215026855 -4.579809665679932 0.1247
Car 1 1 1 415.1951904296875 176.97254943847656 437.5308837890625 198.09278869628906 3.858380079269409 1.560617208480835 1.6299247741699219 -14.327011108398438 1.892889380455017 56.193843841552734 -8.102874755859375 0.1245
Pedestrian 1 1 1 185.0930633544922 162.32559204101562 211.20545959472656 224.7400360107422 0.8145297169685364 1.8238844871520996 0.5973780155181885 -12.356687545776367 1.5159220695495605 21.57797622680664 -8.268631935119629 0.1245
Pedestrian 1 1 1 4.799695014953613 164.39134216308594 56.18864822387695 246.72543334960938 0.7429587841033936 1.7838457822799683 0.5734230279922485 -12.976399421691895 1.6001943349838257 16.099123001098633 -4.166808605194092 0.1244
Cyclist 1 1 1 306.2930908203125 178.8740234375 329.6290588378906 218.25270080566406 1.6934715509414673 1.7308069467544556 0.4896709620952606 -13.319849967956543 2.011693239212036 32.839630126953125 -7.926826000213623 0.1239
Car 1 1 1 258.781982421875 180.5587921142578 287.117919921875 201.91368103027344 4.066893100738525 1.590923547744751 1.6571800708770752 -26.857730865478516 2.228362798690796 57.52983474731445 -5.050816059112549 0.1237
Cyclist 1 1 1 736.2468872070312 174.4997100830078 753.50146484375 204.6337127685547 1.6505849361419678 1.665540337562561 0.5222221612930298 7.583390235900879 1.7602732181549072 40.819114685058594 -4.807956218719482 0.1236
Pedestrian 1 1 1 1241.0 158.46055603027344 1241.0 229.07281494140625 0.7320983409881592 1.8144654035568237 0.5896344184875488 17.22284507751465 1.444309115409851 18.99178695678711 -6.890746593475342 0.1228
Pedestrian 1 1 1 112.95174407958984 159.8305206298828 159.15780639648438 243.0315704345703 0.651680052280426 1.774165391921997 0.5373386740684509 -10.407557487487793 1.496155023574829 15.775941848754883 -4.4166951179504395 0.1225
Car 1 1 1 0.0 184.04336547851562 0.0 374.0 4.012545108795166 1.543282151222229 1.6427701711654663 -5.044663906097412 1.6092268228530884 2.2094228267669678 -4.787576675415039 0.1221
Car 1 1 1 706.7548217773438 175.0435333251953 751.2327880859375 201.4817352294922 3.742609977722168 1.527793049812317 1.5984115600585938 7.166294097900391 1.6669634580612183 43.99155044555664 -8.003666877746582 0.1220
Pedestrian 1 1 1 1137.6153564453125 154.4569549560547 1164.2486572265625 213.60601806640625 0.7548384666442871 1.7801525592803955 0.5580013394355774 16.571664810180664 1.2261741161346436 22.180908203125 -7.34584379196167 0.1219
Pedestrian 1 1 1 73.3082275390625 168.56773376464844 113.06501007080078 233.47666931152344 0.7146976590156555 1.7879716157913208 0.5638386011123657 -14.572990417480469 1.6696029901504517 20.287202835083008 -4.4843430519104 0.1212
Pedestrian 1 1 1 990.3773193359375 161.37010192871094 1020.8353271484375 216.64414978027344 0.8073515295982361 1.8386517763137817 0.5729402899742126 13.359169960021973 1.4563482999801636 24.4532527923584 -3.674442768096924 0.1210
Car 1 1 1 0.0 0.0 1241.0 374.0 3.8864715099334717 1.5392969846725464 1.6506513357162476 -2.132415294647217 1.5920459032058716 0.8513792157173157 -4.765226364135742 0.1210
Cyclist 1 1 1 380.31036376953125 177.19993591308594 396.8628845214844 209.99542236328125 1.6949760913848877 1.6774901151657104 0.49374938011169434 -11.690522193908691 1.9113003015518188 38.00226593017578 -7.942873477935791 0.1207
Pedestrian 1 1 1 399.2527770996094 170.1703338623047 414.7306823730469 202.93527221679688 0.7900751829147339 1.808288812637329 0.6356391310691833 -11.349299430847168 1.6598782539367676 40.219295501708984 -7.845252513885498 0.1206
Pedestrian 1 1 1 391.6787109375 168.6812286376953 414.47833251953125 208.41799926757812 0.8263231515884399 1.782092571258545 0.5975810885429382 -9.463227272033691 1.5946542024612427 32.85359191894531 -6.981379985809326 0.1205
Cyclist 1 1 1 1036.100341796875 152.01451110839844 1118.8551025390625 244.7773895263672 1.7442209720611572 1.66721510887146 0.5050606727600098 8.867889404296875 1.2923697233200073 13.848112106323242 -7.820785045623779 0.1204
Cyclist 1 1 1 743.5689086914062 173.5070037841797 758.3219604492188 206.84432983398438 1.677779197692871 1.681977391242981 0.48801422119140625 7.234983921051025 1.7161865234375 37.283843994140625 -7.819861888885498 0.1200
Pedestrian 1 1 1 1223.584228515625 148.31146240234375 1241.0 233.4769287109375 0.76375812292099 1.8081085681915283 0.5955333113670349 13.994674682617188 1.286757469177246 15.777759552001953 -8.19271469116211 0.1200
Car 1 1 1 593.4337768554688 178.038330078125 623.05126953125 205.52854919433594 3.8619980812072754 1.5412942171096802 1.638407588005066 -0.1799163818359375 1.865134835243225 43.15320587158203 -4.748896598815918 0.1199
Pedestrian 1 1 1 1171.3394775390625 143.86605834960938 1241.0 252.84336853027344 0.7521926760673523 1.741436243057251 0.6012641787528992 9.804553985595703 1.2779145240783691 11.9196138381958 -4.666178226470947 0.1199
Pedestrian 1 1 1 974.431396484375 157.0311737060547 1010.4364624023438 251.90321350097656 0.6130797266960144 1.6871657371520996 0.5233908295631409 6.961862087249756 1.405479073524475 13.231850624084473 -7.263853549957275 0.1196
Car 1 1 1 0.0 175.76483154296875 56.93588638305664 239.98988342285156 3.4941728115081787 1.5097497701644897 1.58067786693573 -16.631242752075195 1.5927289724349976 18.882110595703125 -7.872155666351318 0.1191
Pedestrian 1 1 1 180.86830139160156 165.85519409179688 223.419677734375 246.23434448242188 0.6565779447555542 1.7562228441238403 0.5666446089744568 -9.145952224731445 1.6030043363571167 16.104053497314453 -4.673674583435059 0.1189
Car 1 1 1 11.97487735748291 188.68214416503906 335.63299560546875 349.1011047363281 3.94216251373291 1.4707272052764893 1.6122945547103882 -5.050297260284424 1.7110506296157837 8.987540245056152 -4.69932222366333 0.1189
Pedestrian 1 1 1 134.58023071289062 161.9158477783203 162.1952362060547 225.06427001953125 0.7773434519767761 1.8181928396224976 0.607982873916626 -13.640275955200195 1.5029573440551758 21.258453369140625 -8.318479537963867 0.1187
Car 1 1 1 642.0148315429688 177.5953369140625 662.6288452148438 195.36395263671875 3.8400158882141113 1.4646083116531372 1.600359320640564 3.6699612140655518 1.8883309364318848 62.53324508666992 -7.746612071990967 0.1186
Car 1 1 1 754.4993896484375 175.46624755859375 783.5888061523438 193.60780334472656 4.021932125091553 1.4937636852264404 1.520905613899231 13.607251167297363 1.725362777709961 62.02452087402344 -4.7371954917907715 0.1182
Cyclist 1 1 1 109.37725830078125 179.36746215820312 157.7286834716797 220.32540893554688 1.7061501741409302 1.8115992546081543 0.649475634098053 -21.470502853393555 2.1082603931427 32.472599029541016 -3.2605819702148438 0.1178
Pedestrian 1 1 1 699.5429077148438 172.6851806640625 709.9668579101562 194.8381805419922 0.7901970744132996 1.7623159885406494 0.598307728767395 7.576785087585449 1.7485860586166382 57.88791275024414 -7.379988670349121 0.1177
Pedestrian 1 1 1 169.9699249267578 165.38233947753906 199.3909149169922 223.58541870117188 0.7873749136924744 1.780880093574524 0.5897307395935059 -13.319697380065918 1.5519647598266602 22.529861450195312 -8.09384822845459 0.1172
Pedestrian 1 1 1 1172.0357666015625 145.7641143798828 1241.0 268.99700927734375 0.6984658241271973 1.6984587907791138 0.5687552094459534 8.524357795715332 1.3247920274734497 10.322588920593262 -7.745424747467041 0.1159
Pedestrian 1 1 1 54.58147048950195 160.6297149658203 107.68582153320312 252.88278198242188 0.6687564253807068 1.7689948081970215 0.5486490726470947 -10.431507110595703 1.534288763999939 14.175328254699707 -4.69345235824585 0.1157
Pedestrian 1 1 1 914.3607788085938 158.47242736816406 947.29736328125 217.09451293945312 0.738734781742096 1.7697925567626953 0.60951828956604 9.818625450134277 1.3353148698806763 22.20659065246582 -8.0580415725708 0.1157
Cyclist 1 1 1 1066.4664306640625 148.7462615966797 1156.3350830078125 242.3082275390625 1.7331414222717285 1.681963324546814 0.501531720161438 9.510479927062988 1.2482786178588867 13.840675354003906 -7.866296291351318 0.1156
Pedestrian 1 1 1 920.0609741210938 112.53886413574219 1053.23876953125 374.0 0.6366235613822937 1.776874303817749 0.5389729142189026 2.4288411140441895 1.4014544486999512 4.8199310302734375 -4.766602993011475 0.1151
Pedestrian 1 1 1 0.0 168.7965545654297 54.82987976074219 329.7877197265625 0.6846922636032104 1.6335068941116333 0.5293850302696228 -6.547159194946289 1.5920377969741821 7.749885559082031 -4.189937591552734 0.1148
Car 1 1 1 485.43170166015625 174.81668090820312 509.341064453125 195.686767578125 3.9410276412963867 1.6230744123458862 1.640406608581543 -9.203332901000977 1.7879363298416138 58.61427307128906 -4.938503265380859 0.1144
Pedestrian 1 1 1 138.84219360351562 174.67633056640625 170.16600036621094 225.44708251953125 0.764941394329071 1.7981079816818237 0.6040873527526855 -16.5008544921875 1.864872932434082 26.071378707885742 -4.183616638183594 0.1142
Pedestrian 1 1 1 223.92599487304688 167.00636291503906 258.3617248535156 226.5703582763672 0.7991437315940857 1.7461047172546387 0.6112680435180664 -11.059892654418945 1.5743827819824219 21.557308197021484 -7.834010601043701 0.1142
Pedestrian 1 1 1 261.57489013671875 182.1605987548828 286.12738037109375 224.32362365722656 0.8120414018630981 1.7792524099349976 0.6645184755325317 -14.571657180786133 2.1877918243408203 31.18572998046875 -5.622427940368652 0.1139
Pedestrian 1 1 1 938.8356323242188 156.971435546875 972.2069702148438 221.1620330810547 0.6798447966575623 1.7433525323867798 0.627060055732727 9.498892784118652 1.311698079109192 19.95798110961914 -7.78148889541626 0.1136
Cyclist 1 1 1 714.7960815429688 162.56785583496094 754.4610595703125 221.22848510742188 1.747868537902832 1.7134231328964233 0.5731810927391052 3.7278218269348145 1.4126744270324707 21.990493774414062 -8.069820404052734 0.1135
Car 1 1 1 372.53558349609375 177.35052490234375 405.3821105957031 202.3863983154297 3.850576877593994 1.6333194971084595 1.660079836845398 -15.25247859954834 1.9562559127807617 49.83565139770508 -8.013936042785645 0.1134
Pedestrian 1 1 1 149.4427490234375 184.39341735839844 166.48257446289062 226.2376251220703 0.6008047461509705 1.6994792222976685 0.568169116973877 -18.80177116394043 2.1845407485961914 29.939607620239258 -8.46646785736084 0.1132
Cyclist 1 1 1 50.63657760620117 178.63308715820312 106.10951232910156 223.10598754882812 1.776625394821167 1.7805992364883423 0.6203809976577759 -21.63005828857422 2.0177955627441406 29.314414978027344 -3.172853469848633 0.1131
Pedestrian 1 1 1 949.74609375 153.8184814453125 996.1289672851562 243.47488403320312 0.6214050650596619 1.7545874118804932 0.5626388788223267 7.227908611297607 1.3817600011825562 14.490330696105957 -8.09940242767334 0.1128
Cyclist 1 1 1 1161.6236572265625 163.4763641357422 1214.1260986328125 206.30189514160156 1.7549601793289185 1.7042855024337769 0.6040163040161133 23.65052032470703 1.330792784690857 29.623003005981445 -4.839504241943359 0.1124
Pedestrian 1 1 1 945.9146118164062 168.06942749023438 963.2579956054688 207.76744079589844 0.5044859051704407 1.7527146339416504 0.582880437374115 15.310419082641602 1.5411701202392578 32.155433654785156 -7.680867671966553 0.1121
Car 1 1 1 425.84344482421875 178.83419799804688 460.5144348144531 202.38497924804688 3.7703723907470703 1.5652532577514648 1.6338304281234741 -11.735113143920898 2.0018951892852783 50.819679260253906 -4.730329990386963 0.1120
Pedestrian 1 1 1 463.8216857910156 165.6882781982422 478.013671875 196.31825256347656 0.7419242262840271 1.8377749919891357 0.6418182849884033 -8.456201553344727 1.4075371026992798 43.702003479003906 -7.720789432525635 0.1118
Pedestrian 1 1 1 1128.2843017578125 150.46620178222656 1177.8106689453125 231.11241149902344 0.7542629241943359 1.755039930343628 0.5863842964172363 12.060826301574707 1.2675321102142334 16.11328125 -4.586224555969238 0.1118
