Car 1 1 1 806.9229736328125 181.57589721679688 1064.9730224609375 323.3197937011719 3.7746732234954834 1.4867209196090698 1.617822527885437 4.010921001434326 1.6273635625839233 9.732497215270996 -7.906594753265381 0.8555
Car 1 1 1 595.6710205078125 177.74154663085938 660.1486206054688 231.58702087402344 3.6332104206085205 1.4329636096954346 1.6658490896224976 0.4023115336894989 1.5900835990905762 21.388731002807617 -7.897078990936279 0.8419
Car 1 1 1 745.7587280273438 179.65579223632812 881.9506225585938 263.7535705566406 3.8233590126037598 1.479912519454956 1.5978063344955444 3.9954774379730225 1.6389292478561401 14.956089973449707 -7.897049427032471 0.8392
Car 1 1 1 281.9153747558594 179.92530822753906 503.54449462890625 265.1865234375 3.7684497833251953 1.445052146911621 1.5739566087722778 -4.1380205154418945 1.5913052558898926 13.695782661437988 -2.873429298400879 0.7491
Car 1 1 1 602.4566650390625 176.09571838378906 639.7288818359375 209.33474731445312 3.8082962036132812 1.5282742977142334 1.6506325006484985 0.4565171003341675 1.696055293083191 35.48134231567383 -7.886308193206787 0.7157
Car 1 1 1 196.30690002441406 179.32000732421875 337.89794921875 249.30113220214844 3.504288911819458 1.4519743919372559 1.5522572994232178 -8.006203651428223 1.6208746433258057 17.09110450744629 -4.660809516906738 0.7043
Car 1 1 1 720.1710205078125 171.79444885253906 816.949462890625 237.22695922851562 4.005414962768555 1.6457226276397705 1.6763041019439697 4.253653049468994 1.6187735795974731 20.183387756347656 -7.895355701446533 0.7039
Car 1 1 1 0.0 179.76119995117188 230.8519744873047 293.0487976074219 3.9218595027923584 1.5065124034881592 1.6451351642608643 -8.146443367004395 1.6382406949996948 11.81406307220459 -4.691360950469971 0.6777
Pedestrian 1 1 1 691.225341796875 170.10765075683594 710.2221069335938 208.02618408203125 0.9003349542617798 1.6812372207641602 0.647339940071106 4.035962104797363 1.5591691732406616 32.477867126464844 -7.976023197174072 0.5674
Car 1 1 1 422.25067138671875 178.03994750976562 543.195556640625 223.65945434570312 3.770293951034546 1.4617671966552734 1.576518177986145 -4.385787487030029 1.6482772827148438 24.702238082885742 -2.8548879623413086 0.5603
Car 1 1 1 0.0 179.84071350097656 106.509521484375 251.833984375 3.792592763900757 1.480641484260559 1.6188604831695557 -14.072344779968262 1.6652766466140747 17.1574764251709 -4.772164821624756 0.5592
Pedestrian 1 1 1 975.8621826171875 133.99339294433594 1111.031494140625 374.0 0.7212562561035156 1.6535232067108154 0.6806890368461609 2.7790427207946777 1.4199497699737549 4.797435283660889 -7.445380687713623 0.5402
Car 1 1 1 779.4483032226562 173.3951873779297 881.6600952148438 211.863037109375 3.9616446495056152 1.6374164819717407 1.6718075275421143 9.61256217956543 1.6616746187210083 31.741416931152344 -6.367846965789795 0.4970
Car 1 1 1 417.34820556640625 176.75213623046875 497.2193603515625 232.46945190429688 3.72015118598938 1.485602617263794 1.6100667715072632 -4.686321258544922 1.6126713752746582 21.548904418945312 -8.267065048217773 0.4871
Car 1 1 1 0.0 176.90304565429688 118.7510757446289 374.0 3.9029717445373535 1.5568324327468872 1.633199691772461 -4.701204776763916 1.5939970016479492 4.562960147857666 -8.204068183898926 0.4739
Pedestrian 1 1 1 947.3665771484375 158.83905029296875 975.3839721679688 216.4814453125 0.9247929453849792 1.7830356359481812 0.6570256352424622 11.072005271911621 1.3492155075073242 22.85641860961914 -4.420907974243164 0.4364
Car 1 1 1 467.0724792480469 177.83067321777344 562.849609375 212.15065002441406 3.9671823978424072 1.4538230895996094 1.605635643005371 -4.303286552429199 1.6867607831954956 32.396148681640625 -2.8008761405944824 0.3962
Car 1 1 1 281.5690002441406 177.8728790283203 376.91668701171875 234.08084106445312 3.8370299339294434 1.491580605506897 1.5939801931381226 -8.273656845092773 1.654354453086853 21.47190284729004 -4.786654949188232 0.3874
Pedestrian 1 1 1 1026.7254638671875 156.78219604492188 1049.762451171875 205.7772674560547 0.5747162699699402 1.8086552619934082 0.5574641227722168 15.995741844177246 1.2150640487670898 27.029382705688477 -3.7611141204833984 0.3778
Pedestrian 1 1 1 921.0763549804688 155.29168701171875 945.4022216796875 204.9764862060547 0.7000201940536499 1.8363912105560303 0.64531010389328 12.065970420837402 1.1869735717773438 27.050016403198242 -4.6092305183410645 0.3716
Pedestrian 1 1 1 1010.3064575195312 156.20809936523438 1032.731689453125 200.06060791015625 0.6305150389671326 1.8558896780014038 0.6756476163864136 17.583145141601562 1.151115894317627 30.915674209594727 -4.50016450881958 0.3402
Car 1 1 1 23.05154800415039 166.48065185546875 144.530029296875 213.72459411621094 3.65213680267334 1.4982459545135498 1.574293613433838 -17.926532745361328 1.295828104019165 24.729562759399414 -4.740484714508057 0.3243
Car 1 1 1 390.044189453125 176.86184692382812 445.6969909667969 214.89581298828125 3.7335150241851807 1.5128486156463623 1.6075477600097656 -8.228222846984863 1.6954500675201416 31.015548706054688 -4.773609161376953 0.3218
Pedestrian 1 1 1 1221.233154296875 158.5743865966797 1241.0 221.62582397460938 0.6066590547561646 1.7673735618591309 0.6126517057418823 17.887723922729492 1.3668063879013062 20.64695930480957 -4.130393981933594 0.3124
Car 1 1 1 559.806884765625 175.49594116210938 590.9681396484375 195.73956298828125 3.747889518737793 1.525505542755127 1.6037418842315674 -2.7920336723327637 1.7410577535629272 56.92655944824219 -8.14348316192627 0.2887
Car 1 1 1 0.0 181.66065979003906 52.872039794921875 367.9642333984375 3.6933224201202393 1.4756708145141602 1.5706332921981812 -8.230886459350586 1.592665433883667 7.7505035400390625 -4.729137420654297 0.2861
Pedestrian 1 1 1 200.7695770263672 176.8090057373047 242.2953643798828 259.2772216796875 0.5516976118087769 1.4693007469177246 0.4629606008529663 -7.186154365539551 1.5435973405838013 13.24946403503418 -3.9635748863220215 0.2638
Car 1 1 1 500.53076171875 175.70396423339844 570.7362670898438 201.8714141845703 3.8365392684936523 1.5027575492858887 1.6266193389892578 -4.461320400238037 1.6777236461639404 43.049072265625 -2.854092597961426 0.2568
Pedestrian 1 1 1 223.16006469726562 164.3240966796875 243.8202362060547 205.83816528320312 0.6550651788711548 1.831770420074463 0.6585659980773926 -16.85057830810547 1.4550966024398804 32.2213020324707 -8.04498291015625 0.2509
Car 1 1 1 352.7646179199219 178.0838165283203 421.76519775390625 224.0277099609375 3.7398641109466553 1.4910486936569214 1.5348018407821655 -7.909745693206787 1.6914241313934326 25.769651412963867 -4.778775691986084 0.2405
Car 1 1 1 690.7447509765625 176.28367614746094 727.4616088867188 197.351318359375 3.9457900524139404 1.5394357442855835 1.5871529579162598 7.54870080947876 1.8128548860549927 55.49480056762695 -4.910695552825928 0.2331
Cyclist 1 1 1 490.8899230957031 156.68182373046875 514.6077880859375 202.673095703125 1.66801118850708 1.789446234703064 0.5577408671379089 -4.33159065246582 1.1599129438400269 28.930519104003906 -4.617681503295898 0.2219
Cyclist 1 1 1 858.4679565429688 172.68597412109375 887.3343505859375 218.47946166992188 1.7295253276824951 1.6648112535476685 0.4662417471408844 9.810551643371582 1.658402681350708 27.098051071166992 -7.845435619354248 0.2129
Car 1 1 1 666.1419677734375 176.75563049316406 699.30322265625 205.4181365966797 3.770311117172241 1.4919966459274292 1.6207298040390015 3.949808120727539 1.7183793783187866 40.00128173828125 -7.8088812828063965 0.2122
Car 1 1 1 646.9301147460938 175.9224395751953 674.31787109375 198.07794189453125 3.8668010234832764 1.5524601936340332 1.6012630462646484 3.6572084426879883 1.7861658334732056 53.06439208984375 -4.749851226806641 0.2090
Car 1 1 1 875.467041015625 163.6140594482422 951.2526245117188 201.45526123046875 3.8096258640289307 1.5747257471084595 1.6228808164596558 13.297919273376465 1.1899142265319824 31.96377182006836 -7.8966288566589355 0.2066
Car 1 1 1 699.8751220703125 178.09011840820312 734.3573608398438 210.30503845214844 3.591360569000244 1.4777082204818726 1.5995315313339233 5.258469104766846 1.7496187686920166 35.61247253417969 -7.6977458000183105 0.2053
Car 1 1 1 1087.21337890625 163.45098876953125 1241.0 374.0 3.9141576290130615 1.5234489440917969 1.643869400024414 3.9619925022125244 1.5124222040176392 2.807673454284668 -4.747269153594971 0.2034
Cyclist 1 1 1 374.9362487792969 176.07801818847656 391.25946044921875 205.52574157714844 1.7502799034118652 1.7175250053405762 0.6547858119010925 -13.609115600585938 1.9143089056015015 43.19533157348633 -4.852142810821533 0.2024
Cyclist 1 1 1 564.42822265625 170.00958251953125 579.6405639648438 198.9534149169922 1.7562758922576904 1.744384527206421 0.5067951679229736 -2.362584352493286 1.5726577043533325 44.39683151245117 -7.650085926055908 0.2006
Pedestrian 1 1 1 235.00091552734375 165.37974548339844 259.3846435546875 209.5806884765625 0.6996974945068359 1.7549580335617065 0.6190240979194641 -14.623522758483887 1.457899808883667 29.005800247192383 -7.827921390533447 0.1996
Car 1 1 1 1097.193359375 162.8502197265625 1183.1510009765625 200.54258728027344 3.7499258518218994 1.608447790145874 1.6044371128082275 23.917333602905273 1.1812560558319092 32.76799011230469 -7.69607400894165 0.1896
Car 1 1 1 653.5248413085938 176.01856994628906 685.8357543945312 201.7823486328125 3.7360448837280273 1.5274019241333008 1.5836681127548218 3.6575963497161865 1.7333755493164062 45.13663864135742 -7.889357089996338 0.1890
Pedestrian 1 1 1 0.0 127.16525268554688 132.48011779785156 374.0 0.5663193464279175 1.7190724611282349 0.5269791483879089 -3.0380146503448486 1.4955674409866333 3.9110560417175293 -3.90315580368042 0.1858
Cyclist 1 1 1 530.1300048828125 169.40216064453125 543.6469116210938 202.4576416015625 1.7156051397323608 1.761398434638977 0.5704759955406189 -4.01298713684082 1.5771633386611938 39.30693054199219 -4.716553211212158 0.1833
Car 1 1 1 450.0335388183594 173.64356994628906 467.8408203125 192.3611602783203 3.905644178390503 1.7189680337905884 1.6089420318603516 -14.338619232177734 1.7959036827087402 68.51000213623047 -8.048144340515137 0.1829
Pedestrian 1 1 1 0.0 164.1226348876953 71.45661926269531 302.0501403808594 0.5705704092979431 1.6633154153823853 0.5112543702125549 -7.267637252807617 1.5577207803726196 9.021759033203125 -4.561404705047607 0.1775
Pedestrian 1 1 1 1064.1510009765625 156.3417510986328 1089.0311279296875 203.48960876464844 0.5530205965042114 1.7853097915649414 0.5786618590354919 17.825441360473633 1.1597537994384766 27.641380310058594 -8.015780448913574 0.1758
Car 1 1 1 504.54815673828125 179.86114501953125 557.8114624023438 220.9062957763672 3.7369189262390137 1.5028961896896362 1.603013277053833 -3.1406168937683105 1.8022925853729248 28.963701248168945 -7.817351818084717 0.1684
Pedestrian 1 1 1 291.6494140625 165.36688232421875 307.89129638671875 198.20741271972656 0.7515990138053894 1.828894019126892 0.604872465133667 -17.47503089904785 1.411635160446167 40.566829681396484 -7.882500171661377 0.1682
Cyclist 1 1 1 669.681396484375 177.46002197265625 693.1334228515625 214.36563110351562 1.7378556728363037 1.7362022399902344 0.573051929473877 3.4189484119415283 1.9656996726989746 35.085044860839844 -8.10510540008545 0.1669
Car 1 1 1 253.43850708007812 180.9080047607422 325.79156494140625 213.95509338378906 4.127581596374512 1.5051308870315552 1.6551754474639893 -15.912430763244629 1.9297564029693604 35.97524642944336 -4.675731658935547 0.1656
Car 1 1 1 1040.3681640625 166.23521423339844 1102.7347412109375 195.2681121826172 3.9885993003845215 1.6298370361328125 1.6602216958999634 27.128393173217773 1.2579740285873413 42.60804748535156 -4.54921817779541 0.1653
Pedestrian 1 1 1 991.3644409179688 150.96876525878906 1030.1331787109375 231.499267578125 0.6957996487617493 1.7474995851516724 0.6363053321838379 8.871173858642578 1.2722935676574707 16.087364196777344 -7.535106182098389 0.1637
Pedestrian 1 1 1 1204.1871337890625 151.73171997070312 1229.0845947265625 208.6604461669922 0.6392939686775208 1.768288016319275 0.577286958694458 19.148399353027344 1.1118996143341064 22.841428756713867 -4.0540852546691895 0.1625
Pedestrian 1 1 1 447.7021179199219 175.57960510253906 457.80718994140625 195.9388885498047 0.7054373025894165 1.7817814350128174 0.5247346758842468 -13.905134201049805 2.023777484893799 63.70326614379883 -7.266455173492432 0.1624
Cyclist 1 1 1 842.7750244140625 170.24110412597656 871.19970703125 216.4685821533203 1.7422374486923218 1.6796927452087402 0.46292778849601746 9.2101411819458 1.5844521522521973 27.089447021484375 -7.858285427093506 0.1617
Car 1 1 1 673.3497314453125 175.75421142578125 705.6700439453125 197.43870544433594 3.8768470287323 1.5530415773391724 1.6188634634017944 5.905401706695557 1.7788029909133911 54.228336334228516 -4.818663120269775 0.1604
Car 1 1 1 397.7269287109375 170.95120239257812 434.77685546875 194.31060791015625 3.858109951019287 1.6681513786315918 1.6411592960357666 -14.338937759399414 1.5319665670394897 53.47252655029297 -7.833053112030029 0.1582
Car 1 1 1 312.6408996582031 177.6339874267578 372.2185363769531 207.5386199951172 4.1737260818481445 1.563926100730896 1.6473000049591064 -14.984091758728027 1.846203088760376 40.533695220947266 -4.668182849884033 0.1570
Cyclist 1 1 1 419.7441711425781 149.9152374267578 461.0039978027344 222.52011108398438 1.6943234205245972 1.7555510997772217 0.5434011816978455 -4.331943511962891 1.2006027698516846 18.31039810180664 -4.643008708953857 0.1560
Car 1 1 1 618.0121459960938 174.92633056640625 640.2647705078125 195.5685577392578 4.009227752685547 1.5292108058929443 1.5941392183303833 1.422886848449707 1.6951278448104858 55.86465072631836 -7.8590216636657715 0.1556
Pedestrian 1 1 1 1155.6566162109375 153.55630493164062 1181.26904296875 203.46951293945312 0.5815231204032898 1.7737752199172974 0.5876350402832031 20.11439323425293 1.0876893997192383 26.049333572387695 -3.7591209411621094 0.1535
Car 1 1 1 646.0591430664062 175.8516082763672 671.0291137695312 194.32630920410156 3.7750234603881836 1.4672945737838745 1.6199642419815063 3.969855785369873 1.7236943244934082 59.86021423339844 -7.908046245574951 0.1525
Car 1 1 1 1071.8897705078125 166.12442016601562 1138.3802490234375 194.8445281982422 4.072210788726807 1.5858350992202759 1.663582682609558 28.680524826049805 1.2139486074447632 41.992496490478516 -4.533937454223633 0.1501
Car 1 1 1 609.4692993164062 177.13827514648438 651.47509765625 205.1024169921875 3.952925205230713 1.5179098844528198 1.6406586170196533 1.1000471115112305 1.7788265943527222 41.89989471435547 -8.037739753723145 0.1500
Pedestrian 1 1 1 1072.12939453125 168.35874938964844 1085.2493896484375 190.13319396972656 0.7754955887794495 1.7735989093780518 0.5599014759063721 38.41276550292969 1.407145380973816 59.177303314208984 -3.5292177200317383 0.1493
Pedestrian 1 1 1 859.7053833007812 158.19720458984375 881.971923828125 211.13265991210938 0.7048644423484802 1.7831315994262695 0.6139386892318726 8.9070405960083 1.2891170978546143 24.762216567993164 -7.346371173858643 0.1476
Car 1 1 1 1038.8240966796875 163.53857421875 1092.8792724609375 192.19479370117188 4.3156609535217285 1.8046807050704956 1.71774160861969 30.041019439697266 1.2177236080169678 47.73847198486328 -7.619858264923096 0.1473
Car 1 1 1 204.35403442382812 175.69529724121094 279.2579040527344 209.56195068359375 4.092061519622803 1.558354377746582 1.6772180795669556 -18.104711532592773 1.70640230178833 35.60979461669922 -7.874182224273682 0.1466
Car 1 1 1 169.92022705078125 182.34481811523438 279.6269226074219 234.5594482421875 3.7344212532043457 1.5104328393936157 1.5039843320846558 -12.422826766967773 1.8432668447494507 23.44186019897461 -4.6886091232299805 0.1431
Pedestrian 1 1 1 936.5111083984375 159.39187622070312 955.5598754882812 202.2694549560547 0.506106972694397 1.8184611797332764 0.5886041522026062 14.327801704406738 1.247225046157837 30.86526107788086 -7.8145670890808105 0.1422
Pedestrian 1 1 1 1151.91357421875 152.7743682861328 1202.8209228515625 230.81842041015625 0.7531156539916992 1.7964361906051636 0.5855877995491028 13.358838081359863 1.3339385986328125 17.06561851501465 -5.083433628082275 0.1417
Pedestrian 1 1 1 1032.7403564453125 157.3879852294922 1072.904052734375 234.9258270263672 0.7468850016593933 1.6841588020324707 0.6069391965866089 9.82911205291748 1.3479299545288086 16.12125015258789 -4.39727258682251 0.1413
Car 1 1 1 508.3924560546875 170.04588317871094 578.4873046875 196.55479431152344 4.125587463378906 1.6316965818405151 1.6560057401657104 -4.263047218322754 1.4585492610931396 45.88740921020508 -2.7978501319885254 0.1383
Car 1 1 1 601.2398071289062 178.5826416015625 650.0628051757812 221.71937561035156 3.8376238346099854 1.5035654306411743 1.6235004663467407 0.49011921882629395 1.7380456924438477 27.619646072387695 -7.8964362144470215 0.1373
Car 1 1 1 0.0 186.12680053710938 112.47237396240234 311.78045654296875 4.034790515899658 1.4803367853164673 1.609415054321289 -9.862442970275879 1.7194665670394897 10.973907470703125 -4.68051815032959 0.1361
Car 1 1 1 848.119384765625 178.6476593017578 1028.509521484375 275.635009765625 4.064722537994385 1.5191398859024048 1.6054614782333374 5.875126361846924 1.6444107294082642 13.592303276062012 -4.694760799407959 0.1359
Pedestrian 1 1 1 1148.5823974609375 152.01698303222656 1196.8890380859375 225.8057098388672 0.7616087198257446 1.7980244159698486 0.5753268599510193 14.006510734558105 1.2899847030639648 18.036062240600586 -5.04739236831665 0.1347
Car 1 1 1 588.9309692382812 175.947021484375 610.9417114257812 195.74917602539062 3.8816704750061035 1.503239393234253 1.623273491859436 -0.8562665581703186 1.7573283910751343 57.36764144897461 -7.900162220001221 0.1344
Pedestrian 1 1 1 824.903564453125 159.75987243652344 849.2691040039062 208.1934051513672 0.7590593695640564 1.8064759969711304 0.6040812730789185 8.551919937133789 1.3177906274795532 27.334646224975586 -8.013540267944336 0.1338
Car 1 1 1 515.8073120117188 177.18655395507812 551.3779907226562 209.85423278808594 3.913194417953491 1.4894808530807495 1.6429290771484375 -3.7530605792999268 1.7141854763031006 35.45298767089844 -4.79693078994751 0.1336
Car 1 1 1 951.107177734375 170.27642822265625 1064.1700439453125 220.77566528320312 3.9469244480133057 1.5305572748184204 1.5920214653015137 12.941069602966309 1.4521347284317017 23.850412368774414 -4.701934814453125 0.1330
Car 1 1 1 0.0 185.56082153320312 0.0 374.0 4.083184242248535 1.566529631614685 1.6192009449005127 -9.834238052368164 1.7229952812194824 6.830662250518799 -4.674168586730957 0.1328
Pedestrian 1 1 1 1125.623046875 151.2560272216797 1180.98291015625 234.37225341796875 0.7807117104530334 1.8046690225601196 0.6061948537826538 12.068288803100586 1.335421085357666 16.11297035217285 -4.929635524749756 0.1328
Car 1 1 1 1020.0950927734375 173.6290283203125 1152.924072265625 225.63412475585938 3.841658592224121 1.503738522529602 1.5706439018249512 14.881199836730957 1.5300966501235962 22.86983871459961 -4.749087333679199 0.1284
Car 1 1 1 346.45361328125 178.18565368652344 389.67218017578125 204.23031616210938 4.110383987426758 1.5053008794784546 1.6283397674560547 -14.956119537353516 1.8508825302124023 44.68944549560547 -4.800990104675293 0.1283
Pedestrian 1 1 1 304.39508056640625 166.44850158691406 320.51617431640625 198.43531799316406 0.7297050356864929 1.7949268817901611 0.5878052115440369 -16.886619567871094 1.4351844787597656 40.86884689331055 -7.800384044647217 0.1280
Cyclist 1 1 1 551.4618530273438 176.39605712890625 571.7208251953125 213.63995361328125 1.734269380569458 1.7555267810821533 0.612568199634552 -2.3834104537963867 1.9319100379943848 35.08692932128906 -7.696052074432373 0.1279
Car 1 1 1 746.0173950195312 168.0550079345703 808.8954467773438 191.21812438964844 4.30843448638916 1.701981782913208 1.667125940322876 12.554352760314941 1.3490601778030396 54.286865234375 -6.4959540367126465 0.1278
Car 1 1 1 128.7887420654297 181.9374237060547 239.48887634277344 232.39767456054688 3.6125268936157227 1.4985145330429077 1.5085445642471313 -14.012336730957031 1.8218532800674438 23.894289016723633 -4.702250003814697 0.1269
Car 1 1 1 0.0 176.97686767578125 37.124359130859375 239.79112243652344 3.567533493041992 1.5375633239746094 1.6058038473129272 -17.88971519470215 1.659981608390808 19.68675422668457 -7.861842632293701 0.1267
Car 1 1 1 323.0184631347656 181.7601318359375 429.7328796386719 254.9972381591797 3.7954695224761963 1.4484585523605347 1.6059074401855469 -5.320312976837158 1.6788897514343262 16.721342086791992 -4.817515850067139 0.1263
Car 1 1 1 855.71923828125 177.39122009277344 911.6072387695312 202.80487060546875 3.830491542816162 1.448406457901001 1.6709455251693726 16.510099411010742 1.7360587120056152 43.81108474731445 -4.799906253814697 0.1245
Pedestrian 1 1 1 1209.84716796875 144.6066436767578 1241.0 241.67747497558594 0.789989709854126 1.8128753900527954 0.5820082426071167 12.072713851928711 1.2850334644317627 13.855779647827148 -3.394193649291992 0.1237
Car 1 1 1 128.1820068359375 187.48985290527344 328.9300842285156 325.7706298828125 3.6493277549743652 1.4546293020248413 1.5633782148361206 -5.048121929168701 1.6959187984466553 9.956902503967285 -4.9380011558532715 0.1232
Car 1 1 1 0.0 0.0 1241.0 374.0 3.810872793197632 1.540126919746399 1.6120761632919312 2.0407979488372803 1.5393964052200317 0.6601799130439758 -7.890326976776123 0.1228
Pedestrian 1 1 1 395.3206787109375 166.811767578125 438.03790283203125 267.10888671875 0.7409409880638123 1.6536273956298828 0.5577335953712463 -3.3333394527435303 1.5537073612213135 12.279437065124512 -7.9012675285339355 0.1228
Pedestrian 1 1 1 1099.3729248046875 152.27792358398438 1148.727783203125 233.33541870117188 0.7752613425254822 1.7633390426635742 0.6037948727607727 11.417479515075684 1.3154233694076538 16.119707107543945 -4.583371162414551 0.1223
Car 1 1 1 1236.6903076171875 165.2276153564453 1241.0 227.62660217285156 3.823899030685425 1.50453519821167 1.5769728422164917 19.357624053955078 1.320351243019104 19.384965896606445 -4.823497772216797 0.1219
Pedestrian 1 1 1 713.930419921875 171.26258850097656 738.5949096679688 216.60488891601562 0.7826343774795532 1.810296893119812 0.6145505905151367 4.674149513244629 1.7464598417282104 29.285327911376953 -6.905981540679932 0.1206
Car 1 1 1 949.4673461914062 174.33775329589844 1094.5703125 234.45579528808594 3.9493257999420166 1.5144944190979004 1.5842053890228271 11.357739448547363 1.560146689414978 20.31182098388672 -4.7968058586120605 0.1204
Car 1 1 1 457.91693115234375 170.89825439453125 490.0945129394531 191.84767150878906 4.271763801574707 1.8454041481018066 1.7063168287277222 -12.374309539794922 1.6728252172470093 65.77690124511719 -7.7423529624938965 0.1198
Car 1 1 1 616.5743408203125 173.59461975097656 655.8719482421875 197.11485290527344 3.9624295234680176 1.5512200593948364 1.6018612384796143 1.73343825340271 1.6042579412460327 49.84312057495117 -8.120519638061523 0.1196
Car 1 1 1 819.9652099609375 176.16712951660156 938.1854248046875 245.62872314453125 4.134887218475342 1.5155186653137207 1.6347445249557495 6.509739875793457 1.607838749885559 18.057571411132812 -4.651429653167725 0.1195
Car 1 1 1 1065.605712890625 169.32814025878906 1112.2708740234375 189.20994567871094 3.764956474304199 1.5946414470672607 1.6430692672729492 39.621097564697266 1.311545968055725 59.824337005615234 -7.757981777191162 0.1192
Car 1 1 1 250.3367462158203 179.06820678710938 336.13201904296875 218.2081756591797 4.010660648345947 1.4747899770736694 1.6122524738311768 -13.047961235046387 1.7495193481445312 29.88587760925293 -4.655282974243164 0.1189
Pedestrian 1 1 1 1065.63525390625 155.6613311767578 1112.7838134765625 237.70367431640625 0.7568157315254211 1.749672293663025 0.6069532632827759 10.435540199279785 1.3827136754989624 15.812578201293945 -4.540508270263672 0.1186
Cyclist 1 1 1 683.1640625 176.3434600830078 704.3650512695312 212.94485473632812 1.7299656867980957 1.7246406078338623 0.4976122975349426 4.018611907958984 1.898273229598999 35.067440032958984 -8.062457084655762 0.1186
Car 1 1 1 869.7578125 176.14500427246094 971.4254150390625 221.7825469970703 3.9678568840026855 1.4965993165969849 1.607425332069397 11.022140502929688 1.624388337135315 26.020896911621094 -4.825557708740234 0.1185
Pedestrian 1 1 1 959.458984375 161.0028076171875 977.4673461914062 204.0445098876953 0.5113482475280762 1.8234378099441528 0.5949050784111023 15.298056602478027 1.3210690021514893 30.88813018798828 -7.607238292694092 0.1182
Pedestrian 1 1 1 1042.9068603515625 154.93106079101562 1064.874755859375 203.63621520996094 0.626438558101654 1.7563931941986084 0.6009618043899536 16.22861099243164 1.1097606420516968 26.452993392944336 -7.155869960784912 0.1178
Car 1 1 1 0.0 0.0 1241.0 374.0 3.8843674659729004 1.5308241844177246 1.6173566579818726 -3.7672715187072754 1.6215133666992188 0.7954794764518738 -7.884562015533447 0.1178
Car 1 1 1 1042.171630859375 171.58990478515625 1129.50537109375 206.92529296875 3.9969747066497803 1.5191445350646973 1.649393916130066 21.65243911743164 1.464498519897461 33.08583450317383 -4.621062278747559 0.1177
Car 1 1 1 1060.502685546875 172.1490478515625 1200.3148193359375 222.7328643798828 3.8899762630462646 1.4847429990768433 1.6003007888793945 16.459735870361328 1.463750958442688 23.145811080932617 -4.7410783767700195 0.1163
Car 1 1 1 923.2081909179688 174.70547485351562 1004.029541015625 215.31008911132812 3.8388137817382812 1.454933524131775 1.6252355575561523 13.582982063293457 1.5317037105560303 28.03564453125 -4.598427772521973 0.1148
Car 1 1 1 0.0 178.570068359375 0.0 374.0 3.922647476196289 1.5749224424362183 1.6126575469970703 -6.264209747314453 1.620162844657898 3.67073917388916 -8.0427827835083 0.1138
Car 1 1 1 712.5123291015625 175.68907165527344 733.8715209960938 193.8642578125 3.866800546646118 1.5610888004302979 1.6278103590011597 10.080978393554688 1.8224389553070068 64.59406280517578 -4.624736785888672 0.1138
Car 1 1 1 0.0 0.0 1241.0 374.0 3.7890470027923584 1.5433193445205688 1.6164112091064453 -1.1833195686340332 1.5959187746047974 0.06250032782554626 -7.876308917999268 0.1137
Car 1 1 1 200.618408203125 181.3650360107422 287.6457214355469 219.1005401611328 3.900289297103882 1.4659556150436401 1.6529861688613892 -15.594762802124023 1.8534302711486816 30.898040771484375 -4.679617881774902 0.1122
Pedestrian 1 1 1 1142.8599853515625 147.43380737304688 1206.2296142578125 243.22801208496094 0.7654089331626892 1.779460072517395 0.5801604986190796 10.777524948120117 1.3069580793380737 13.85842514038086 -5.037023067474365 0.1122
Pedestrian 1 1 1 998.439453125 158.1680145263672 1020.6070556640625 201.90719604492188 0.5787564516067505 1.8302468061447144 0.6871253252029419 16.867420196533203 1.2154184579849243 30.55103302001953 -7.629507541656494 0.1120
Car 1 1 1 0.0 180.32493591308594 120.58641815185547 237.2526397705078 3.496738910675049 1.4976650476455688 1.5520514249801636 -16.301624298095703 1.7366024255752563 21.283039093017578 -4.821327209472656 0.1114
Pedestrian 1 1 1 229.9370574951172 178.56649780273438 271.5934753417969 258.2558288574219 0.5328134894371033 1.4198192358016968 0.4470326602458954 -6.624218940734863 1.5265377759933472 13.208598136901855 -4.49249267578125 0.1114
Car 1 1 1 717.3710327148438 176.65687561035156 782.8724975585938 225.9976348876953 3.780956745147705 1.523606538772583 1.6179449558258057 4.622713565826416 1.6625275611877441 24.49571990966797 -7.816709995269775 0.1111
Car 1 1 1 733.157958984375 178.65782165527344 773.5188598632812 211.65110778808594 3.8488638401031494 1.4770658016204834 1.6067485809326172 6.85819149017334 1.7744884490966797 35.0101203918457 -7.740373134613037 0.1108
Car 1 1 1 243.0543212890625 181.9486083984375 343.21319580078125 232.23916625976562 3.871238946914673 1.4923040866851807 1.560819149017334 -10.486602783203125 1.820088505744934 24.07355499267578 -4.685920238494873 0.1107
Car 1 1 1 651.3557739257812 177.07809448242188 693.3521118164062 214.5504608154297 3.638143301010132 1.5598305463790894 1.6098068952560425 2.6936304569244385 1.7592031955718994 32.2772331237793 -7.840376377105713 0.1105
Pedestrian 1 1 1 989.82421875 153.68528747558594 1032.177734375 235.07167053222656 0.6709834337234497 1.7030510902404785 0.6077778339385986 8.540043830871582 1.3016362190246582 15.481531143188477 -4.538577556610107 0.1103
Car 1 1 1 667.774658203125 175.1647186279297 696.0721435546875 198.4060516357422 3.841601848602295 1.5244503021240234 1.6535310745239258 4.9633941650390625 1.6900521516799927 49.76820755004883 -7.677581310272217 0.1095
Car 1 1 1 380.2169494628906 175.4700927734375 416.8291015625 200.49331665039062 4.040760040283203 1.6094194650650024 1.6609830856323242 -14.322025299072266 1.7941313982009888 48.93619918823242 -4.809929847717285 0.1095
Car 1 1 1 1003.1796264648438 165.33531188964844 1124.1002197265625 203.64559936523438 4.000409126281738 1.4767322540283203 1.6096115112304688 18.07221221923828 1.1866122484207153 28.885175704956055 -6.421201229095459 0.1088
Car 1 1 1 27.97641372680664 174.20382690429688 539.3021850585938 374.0 3.6283044815063477 1.5535509586334229 1.6216038465499878 -1.810785174369812 1.5665266513824463 5.178525447845459 -7.698415279388428 0.1087
Car 1 1 1 1101.5975341796875 176.89102172851562 1235.54736328125 214.0361785888672 4.13742733001709 1.4701792001724243 1.631606101989746 22.92933464050293 1.642298698425293 29.797971725463867 -6.183009147644043 0.1084
