Car 1 1 1 628.5764770507812 178.03134155273438 650.0604858398438 196.99021911621094 4.046766757965088 1.5063356161117554 1.6788822412490845 2.4016475677490234 1.9545273780822754 60.4711799621582 -4.701045513153076 0.5331
Car 1 1 1 795.3099365234375 176.3927001953125 858.2708740234375 205.62176513671875 3.765331268310547 1.492291808128357 1.5580509901046753 11.712252616882324 1.6948498487472534 39.344730377197266 -4.966235160827637 0.3727
Car 1 1 1 782.5269165039062 171.14532470703125 830.0703125 203.36203002929688 3.8992443084716797 1.4859830141067505 1.6223808526992798 9.496834754943848 1.4068708419799805 35.30167007446289 -4.612131118774414 0.3417
Cyclist 1 1 1 564.0392456054688 178.10433959960938 573.8162841796875 209.0808868408203 1.7106060981750488 1.703080654144287 0.4559721052646637 -2.3547868728637695 2.0060014724731445 40.81531524658203 -7.853531360626221 0.3409
Pedestrian 1 1 1 1039.9324951171875 158.77740478515625 1087.436279296875 231.86236572265625 0.8136947751045227 1.7461152076721191 0.5762520432472229 11.06950569152832 1.4095033407211304 17.70354652404785 -4.958975791931152 0.3216
Pedestrian 1 1 1 1042.4000244140625 155.2415008544922 1066.119140625 196.58436584472656 0.7496878504753113 1.7646232843399048 0.6102468371391296 19.16211700439453 1.0125747919082642 31.202713012695312 -7.745869159698486 0.3122
Car 1 1 1 697.7531127929688 178.99313354492188 734.758544921875 207.86447143554688 3.7850091457366943 1.5155766010284424 1.6236181259155273 5.893205642700195 1.8770532608032227 40.605377197265625 -7.8257880210876465 0.3087
Pedestrian 1 1 1 257.0552978515625 178.6026153564453 307.8451232910156 269.50537109375 0.6152741312980652 1.4889689683914185 0.5005435943603516 -5.601435661315918 1.5890960693359375 12.235248565673828 -4.398867607116699 0.2759
Pedestrian 1 1 1 1025.158203125 151.25820922851562 1052.5565185546875 205.5900115966797 0.6990649700164795 1.8354518413543701 0.6281905174255371 14.67805004119873 1.105596899986267 24.787616729736328 -7.6217827796936035 0.2665
Pedestrian 1 1 1 967.6585693359375 162.14495849609375 987.5938720703125 212.02163696289062 0.5770313739776611 1.7535638809204102 0.5718086361885071 13.062177658081055 1.376755952835083 25.73826789855957 -4.3541436195373535 0.2628
Pedestrian 1 1 1 156.17861938476562 163.1524200439453 204.18807983398438 244.0230712890625 0.7129136323928833 1.7272565364837646 0.6051169037818909 -9.44526195526123 1.5197477340698242 15.786432266235352 -4.646371841430664 0.2500
Pedestrian 1 1 1 706.736328125 175.65176391601562 741.5592041015625 267.0732421875 0.6669406294822693 1.4654061794281006 0.4962223172187805 1.82425856590271 1.512701392173767 11.930689811706543 -4.668570518493652 0.2423
Pedestrian 1 1 1 954.2380981445312 164.41433715820312 972.4495239257812 207.52735900878906 0.4706803858280182 1.7696725130081177 0.5212478637695312 14.623440742492676 1.4229474067687988 29.95282554626465 -5.250475883483887 0.2420
Car 1 1 1 839.6420288085938 174.62278747558594 893.332275390625 214.20126342773438 3.6567986011505127 1.5065006017684937 1.5772240161895752 10.401042938232422 1.5835106372833252 29.587804794311523 -7.652489185333252 0.2320
Car 1 1 1 861.587890625 174.6712188720703 1003.2646484375 221.66761779785156 4.050409317016602 1.5165656805038452 1.6480591297149658 10.740822792053223 1.580142617225647 24.36188507080078 -6.194272518157959 0.2253
Pedestrian 1 1 1 766.0919189453125 162.3925018310547 779.2200317382812 197.2508544921875 0.891871452331543 1.822562336921692 0.5916673541069031 8.58513069152832 1.2752851247787476 38.24232482910156 -7.530548572540283 0.2227
Car 1 1 1 485.0283203125 176.9964141845703 525.5423583984375 205.31463623046875 3.896547794342041 1.485464096069336 1.5837515592575073 -5.968851089477539 1.73008394241333 40.5620002746582 -8.177042961120605 0.2211
Cyclist 1 1 1 689.226806640625 176.99168395996094 705.529052734375 209.25091552734375 1.691482424736023 1.7203662395477295 0.4907308518886566 4.745013236999512 1.9519803524017334 39.57197189331055 -7.978640079498291 0.2204
Car 1 1 1 780.8726806640625 175.1361083984375 811.1349487304688 195.5493621826172 3.790126323699951 1.4698922634124756 1.5975017547607422 13.94059944152832 1.6476774215698242 54.34929275512695 -7.768605709075928 0.2152
Pedestrian 1 1 1 940.3742065429688 165.19956970214844 996.7499389648438 282.1719970703125 0.8059253692626953 1.600388526916504 0.48394307494163513 5.0470967292785645 1.4953625202178955 10.302619934082031 -4.583527565002441 0.2113
Cyclist 1 1 1 744.044189453125 173.8095703125 765.3423461914062 206.75930786132812 1.7172861099243164 1.7000682353973389 0.5222963094711304 7.603767395019531 1.7514983415603638 38.170310974121094 -8.023098945617676 0.2087
Car 1 1 1 811.0507202148438 174.76898193359375 848.4793701171875 199.21090698242188 4.004481792449951 1.586066484451294 1.6318854093551636 14.90206241607666 1.72184157371521 49.20793151855469 -4.629148006439209 0.2070
Pedestrian 1 1 1 1193.131591796875 145.8900146484375 1238.22705078125 235.8598175048828 0.7181827425956726 1.7493969202041626 0.5536932349205017 12.092117309570312 1.2248018980026245 14.468656539916992 -3.801736354827881 0.2044
Pedestrian 1 1 1 1000.4115600585938 138.2080535888672 1063.72314453125 279.605712890625 0.8518706560134888 1.8010774850845337 0.5831853151321411 5.6252360343933105 1.3594688177108765 9.703124046325684 -7.132679462432861 0.2011
Cyclist 1 1 1 239.63314819335938 169.90940856933594 283.77679443359375 230.3867950439453 1.6981836557388306 1.6837563514709473 0.5227146148681641 -10.134665489196777 1.601475715637207 20.947404861450195 -7.894611835479736 0.1983
Pedestrian 1 1 1 972.887939453125 155.86398315429688 991.5789184570312 196.51280212402344 0.6792877912521362 1.8592097759246826 0.6720787286758423 17.198984146118164 1.0818146467208862 33.430213928222656 -7.533145427703857 0.1965
Pedestrian 1 1 1 1114.2801513671875 164.03306579589844 1134.5433349609375 195.48313903808594 0.6824845671653748 1.7623019218444824 0.6502639651298523 29.089324951171875 1.2677215337753296 40.858551025390625 -8.179243087768555 0.1956
Car 1 1 1 925.1209106445312 170.81527709960938 999.9879760742188 199.30044555664062 3.749037027359009 1.49813711643219 1.5809186697006226 19.413236618041992 1.3906137943267822 39.97328186035156 -8.157142639160156 0.1933
Car 1 1 1 0.0 173.99549865722656 49.76900100708008 250.54176330566406 3.6565396785736084 1.575461745262146 1.6756609678268433 -15.283352851867676 1.6046065092086792 16.75887680053711 -7.884581089019775 0.1913
Pedestrian 1 1 1 325.97607421875 165.6235809326172 349.02911376953125 211.1345672607422 0.7178010940551758 1.7637271881103516 0.6301009654998779 -10.73609447479248 1.483220100402832 28.32403564453125 -4.7035722732543945 0.1904
Cyclist 1 1 1 1047.5545654296875 152.63636779785156 1123.6439208984375 235.92335510253906 1.7239599227905273 1.69252347946167 0.5149784684181213 10.13661003112793 1.2813693284988403 15.527480125427246 -7.843260288238525 0.1903
Cyclist 1 1 1 777.3805541992188 174.23159790039062 797.7522583007812 207.0888671875 1.7127370834350586 1.7251578569412231 0.5772794485092163 9.505584716796875 1.8006603717803955 38.83000946044922 -7.9167256355285645 0.1900
Pedestrian 1 1 1 952.33740234375 154.82135009765625 981.7923583984375 216.16110229492188 0.6897781491279602 1.7715394496917725 0.6251129508018494 10.453933715820312 1.2504428625106812 21.24075698852539 -7.6451802253723145 0.1867
Pedestrian 1 1 1 1139.177978515625 140.57362365722656 1241.0 314.0641174316406 0.817599892616272 1.7546650171279907 0.636120080947876 6.265235424041748 1.427884578704834 7.7511396408081055 -8.011297225952148 0.1850
Pedestrian 1 1 1 1061.415771484375 152.34783935546875 1098.062744140625 216.06536865234375 0.7274594306945801 1.7863584756851196 0.6062026023864746 13.36306095123291 1.2111563682556152 20.61749839782715 -7.766729831695557 0.1830
Car 1 1 1 187.47654724121094 188.39732360839844 268.51995849609375 214.8784637451172 4.132055759429932 1.4929099082946777 1.7189887762069702 -22.95681381225586 2.4527225494384766 43.34331130981445 -2.9558777809143066 0.1805
Car 1 1 1 759.1151733398438 174.396240234375 811.8311767578125 201.5254364013672 3.7599189281463623 1.5916554927825928 1.5914394855499268 10.746936798095703 1.6909524202346802 44.57913589477539 -4.959597587585449 0.1786
Pedestrian 1 1 1 921.562255859375 152.18141174316406 962.2698974609375 243.26077270507812 0.6427496671676636 1.7781040668487549 0.5783258676528931 6.626679420471191 1.374221920967102 14.518590927124023 -7.118853569030762 0.1767
Cyclist 1 1 1 226.11521911621094 164.3165740966797 276.8981018066406 233.62954711914062 1.691622257232666 1.680155634880066 0.5131144523620605 -9.135980606079102 1.4729074239730835 18.34598159790039 -4.754262924194336 0.1750
Pedestrian 1 1 1 253.4247283935547 179.49436950683594 270.3232727050781 210.82049560546875 0.7450928092002869 1.8267909288406372 0.6258293986320496 -20.669050216674805 2.2245163917541504 42.76542282104492 -7.047114849090576 0.1708
Pedestrian 1 1 1 221.17591857910156 175.1015625 273.1586608886719 270.65008544921875 0.6047160029411316 1.5724395513534546 0.5141582489013672 -6.2093658447265625 1.6114447116851807 12.254813194274902 -4.421482086181641 0.1693
Pedestrian 1 1 1 1137.9219970703125 148.95010375976562 1176.735595703125 214.54266357421875 0.7513113021850586 1.8029956817626953 0.6147717237472534 15.313604354858398 1.1456298828125 20.268835067749023 -7.626296520233154 0.1687
Pedestrian 1 1 1 1181.8140869140625 154.2388153076172 1214.2646484375 220.32525634765625 0.6934342980384827 1.7551143169403076 0.6154953241348267 15.930411338806152 1.2604351043701172 19.621213912963867 -7.273304462432861 0.1677
Pedestrian 1 1 1 378.3703308105469 164.30535888671875 407.9058837890625 219.469970703125 0.7477830052375793 1.7858282327651978 0.623796820640564 -7.197355270385742 1.5087854862213135 23.80657958984375 -7.558857440948486 0.1674
Pedestrian 1 1 1 1026.9202880859375 158.38470458984375 1058.3653564453125 221.5890655517578 0.6934970617294312 1.7370036840438843 0.6101834774017334 12.083972930908203 1.3390535116195679 20.251365661621094 -7.5518479347229 0.1672
Cyclist 1 1 1 868.881103515625 172.1085968017578 907.8729858398438 207.4646453857422 1.710413932800293 1.7264865636825562 0.6498792171478271 13.729698181152344 1.6897876262664795 35.70316696166992 -3.317310333251953 0.1663
Car 1 1 1 776.3795166015625 172.73776245117188 811.8439331054688 192.25889587402344 3.7187483310699463 1.5705190896987915 1.642974853515625 15.238556861877441 1.5608677864074707 59.98933029174805 -7.966650485992432 0.1656
Pedestrian 1 1 1 800.8323974609375 169.75502014160156 812.3849487304688 192.0970001220703 0.7292305827140808 1.7598665952682495 0.6088011860847473 15.589067459106445 1.5154602527618408 57.308834075927734 -3.9421253204345703 0.1630
Pedestrian 1 1 1 909.1814575195312 159.1365203857422 933.4638061523438 217.92787170410156 0.6849177479743958 1.7695322036743164 0.6462953090667725 9.519064903259277 1.3563563823699951 22.168317794799805 -7.388220310211182 0.1623
Car 1 1 1 0.0 0.0 1241.0 374.0 3.9034423828125 1.5443233251571655 1.652642846107483 -3.4121832847595215 1.6224684715270996 0.9739970564842224 -7.9237847328186035 0.1620
Pedestrian 1 1 1 841.1829223632812 162.7261505126953 855.72509765625 199.15032958984375 0.710587203502655 1.7791317701339722 0.6393090486526489 11.743006706237793 1.2841391563415527 35.66830825805664 -7.596746921539307 0.1606
Pedestrian 1 1 1 43.78633117675781 164.5434112548828 81.94567108154297 235.0049591064453 0.6547350883483887 1.7545840740203857 0.572172224521637 -13.961942672729492 1.5473397970199585 18.3588924407959 -8.12320613861084 0.1583
Pedestrian 1 1 1 257.73626708984375 169.4883270263672 289.7218933105469 238.58029174804688 0.6576253771781921 1.6351361274719238 0.5315625667572021 -8.170570373535156 1.5551841259002686 17.438310623168945 -7.992392063140869 0.1581
Car 1 1 1 639.4360961914062 179.2595672607422 680.0385131835938 208.42965698242188 3.8431763648986816 1.5222063064575195 1.6282275915145874 2.704861640930176 1.8994197845458984 40.52680969238281 -7.960278034210205 0.1577
Car 1 1 1 873.3193359375 173.7115478515625 1042.678955078125 230.0068817138672 3.903635263442993 1.4674252271652222 1.6195119619369507 9.430997848510742 1.492084264755249 19.920516967773438 -6.140204429626465 0.1573
Cyclist 1 1 1 552.7019653320312 178.0468292236328 563.07958984375 209.00723266601562 1.7052674293518066 1.719368577003479 0.4703134000301361 -3.0069637298583984 2.0217812061309814 41.208892822265625 -7.853823184967041 0.1560
Pedestrian 1 1 1 1055.5531005859375 158.06134033203125 1087.889404296875 222.61973571777344 0.7281244397163391 1.746753454208374 0.582397997379303 12.711119651794434 1.3462090492248535 19.957149505615234 -4.408379554748535 0.1549
Car 1 1 1 772.921875 173.311279296875 795.437744140625 191.24575805664062 4.0186381340026855 1.5487626791000366 1.57810378074646 15.518937110900879 1.590680718421936 64.51708221435547 -4.571139812469482 0.1548
Car 1 1 1 594.8362426757812 178.58560180664062 629.144775390625 207.47386169433594 3.8134078979492188 1.5122932195663452 1.6346393823623657 0.1179613322019577 1.8494877815246582 40.519569396972656 -7.772653102874756 0.1547
Pedestrian 1 1 1 854.8550415039062 174.05776977539062 871.7288208007812 202.50477600097656 0.757006824016571 1.706754207611084 0.6641324758529663 15.326713562011719 1.7802177667617798 43.77106475830078 -8.078808784484863 0.1546
Car 1 1 1 1188.1588134765625 157.0616912841797 1241.0 230.73922729492188 3.6611948013305664 1.584847331047058 1.708846092224121 16.168548583984375 1.2448456287384033 17.36113929748535 -7.842319965362549 0.1526
Pedestrian 1 1 1 439.93878173828125 171.24952697753906 454.7742004394531 205.65570068359375 0.670356273651123 1.7626872062683105 0.6055666208267212 -8.445446014404297 1.680187702178955 37.30693054199219 -7.833469867706299 0.1522
Car 1 1 1 845.9029541015625 176.3277587890625 886.3430786132812 202.2656707763672 3.8967692852020264 1.556848406791687 1.5990527868270874 16.195219039916992 1.787204623222351 45.880794525146484 -4.594222545623779 0.1512
Cyclist 1 1 1 257.6631774902344 167.51336669921875 301.4209289550781 229.75338745117188 1.7108200788497925 1.7042369842529297 0.5186907649040222 -9.467450141906738 1.557701587677002 20.620622634887695 -7.887850284576416 0.1511
Car 1 1 1 0.0 0.0 1241.0 374.0 3.854839563369751 1.5333114862442017 1.6178985834121704 4.292616367340088 1.5509498119354248 1.3269670009613037 -7.901761531829834 0.1510
Car 1 1 1 740.0936889648438 175.27294921875 771.6654052734375 202.0331268310547 3.7391357421875 1.5425792932510376 1.5798771381378174 8.796533584594727 1.6959702968597412 43.89453887939453 -4.594730377197266 0.1488
Pedestrian 1 1 1 167.6128692626953 168.54835510253906 196.69332885742188 220.5144500732422 0.6373746991157532 1.7821427583694458 0.6103869080543518 -14.92066478729248 1.6341831684112549 25.093481063842773 -7.749283313751221 0.1477
Pedestrian 1 1 1 1143.019287109375 155.87469482421875 1165.0537109375 207.54725646972656 0.625151515007019 1.7903777360916138 0.5814581513404846 19.11443519592285 1.2017700672149658 25.421236038208008 -4.128973960876465 0.1471
Pedestrian 1 1 1 178.51414489746094 171.74835205078125 219.48068237304688 248.6778564453125 0.6137197017669678 1.6134835481643677 0.5252217054367065 -8.84015941619873 1.5899945497512817 15.441998481750488 -4.70496940612793 0.1464
Car 1 1 1 1099.04248046875 172.05947875976562 1147.5052490234375 193.7034454345703 3.9317338466644287 1.5437246561050415 1.5895187854766846 38.0013313293457 1.4867558479309082 53.561065673828125 -4.472399711608887 0.1456
Car 1 1 1 1080.5203857421875 169.44984436035156 1141.4735107421875 197.22775268554688 3.806358814239502 1.574279546737671 1.6768468618392944 29.689006805419922 1.3810529708862305 42.934207916259766 -4.488239288330078 0.1452
Cyclist 1 1 1 573.1515502929688 177.68666076660156 584.9642944335938 208.73171997070312 1.701927661895752 1.7087363004684448 0.45337948203086853 -1.782285213470459 1.9878559112548828 40.851234436035156 -7.767442226409912 0.1449
Car 1 1 1 876.5118408203125 174.53726196289062 944.2338256835938 214.63504028320312 3.9059813022613525 1.4866522550582886 1.629388689994812 11.923113822937012 1.5587536096572876 28.97952651977539 -4.55720853805542 0.1448
Pedestrian 1 1 1 1065.7044677734375 158.26092529296875 1090.5157470703125 199.45408630371094 0.7476961612701416 1.7230119705200195 0.5934341549873352 19.784950256347656 1.1123186349868774 30.573684692382812 -7.784765720367432 0.1442
Pedestrian 1 1 1 128.3942413330078 166.5932159423828 176.21221923828125 250.1225128173828 0.6377364993095398 1.678893804550171 0.5553654432296753 -9.462509155273438 1.55275559425354 14.848553657531738 -4.608121395111084 0.1438
Pedestrian 1 1 1 294.4909362792969 169.62149047851562 338.5856628417969 264.7191162109375 0.5776786804199219 1.6532524824142456 0.5168358683586121 -5.275960922241211 1.596756100654602 12.85806941986084 -4.6075968742370605 0.1435
Car 1 1 1 0.0 0.0 1241.0 374.0 3.7858545780181885 1.5339010953903198 1.6160920858383179 2.708843946456909 1.5599764585494995 0.9511839747428894 -7.88077974319458 0.1424
Cyclist 1 1 1 834.4619750976562 167.02719116210938 868.2955932617188 212.4351348876953 1.7190968990325928 1.6886417865753174 0.5304960012435913 9.208773612976074 1.4716532230377197 27.719688415527344 -7.985929012298584 0.1423
Pedestrian 1 1 1 792.2470092773438 172.8089599609375 815.2780151367188 224.36441040039062 0.7796850800514221 1.579962968826294 0.5278096199035645 5.989998817443848 1.5782827138900757 22.509645462036133 -4.682825088500977 0.1419
Car 1 1 1 0.0 167.9763946533203 108.89590454101562 224.80259704589844 3.6209778785705566 1.574419379234314 1.6253823041915894 -17.24709129333496 1.4389814138412476 21.814390182495117 -7.870358943939209 0.1413
Pedestrian 1 1 1 1090.5274658203125 154.75567626953125 1135.2886962890625 225.201416015625 0.7724584937095642 1.748778223991394 0.5678801536560059 12.708579063415527 1.2991970777511597 18.32248306274414 -4.804434776306152 0.1412
Car 1 1 1 733.0855102539062 174.10955810546875 760.7205810546875 191.0983123779297 3.898979425430298 1.4807884693145752 1.54851233959198 12.307740211486816 1.5973669290542603 65.17679595947266 -4.770542144775391 0.1402
Car 1 1 1 432.69818115234375 175.02316284179688 482.0160827636719 202.70587158203125 3.6804745197296143 1.5799095630645752 1.6382004022598267 -9.169171333312988 1.716094732284546 43.44291305541992 -7.675114154815674 0.1402
Pedestrian 1 1 1 92.17779541015625 162.1693115234375 139.58644104003906 246.55410766601562 0.7592893242835999 1.7201604843139648 0.5753278732299805 -10.406505584716797 1.5020560026168823 15.139549255371094 -4.922072887420654 0.1401
Pedestrian 1 1 1 1082.2196044921875 164.2118377685547 1123.3343505859375 225.15577697753906 0.8498799204826355 1.7905268669128418 0.5842974185943604 14.672093391418457 1.5363211631774902 21.563766479492188 -6.46745491027832 0.1397
Pedestrian 1 1 1 815.1898803710938 174.68112182617188 849.9920043945312 236.9617919921875 0.849594235420227 1.7330132722854614 0.5634339451789856 6.302872180938721 1.7860726118087769 20.58880615234375 -6.943516254425049 0.1383
Car 1 1 1 481.1961975097656 173.1763458251953 515.650146484375 197.3912811279297 3.7884926795959473 1.6446359157562256 1.6718673706054688 -7.872170925140381 1.6679800748825073 50.99199295043945 -4.660674095153809 0.1375
Pedestrian 1 1 1 308.82452392578125 166.55409240722656 336.46588134765625 221.95941162109375 0.6124232411384583 1.7278708219528198 0.61763596534729 -9.13046932220459 1.5311018228530884 22.8193416595459 -7.8168511390686035 0.1367
Pedestrian 1 1 1 114.01239776611328 163.7388153076172 156.8494873046875 237.7201690673828 0.7451149821281433 1.7684792280197144 0.5698059797286987 -11.700753211975098 1.5502864122390747 17.71654510498047 -7.160850524902344 0.1358
Pedestrian 1 1 1 324.1950378417969 172.3767852783203 350.8291320800781 220.71322631835938 0.6702756881713867 1.6951290369033813 0.5840450525283813 -9.762421607971191 1.6780939102172852 25.73554801940918 -4.2367024421691895 0.1355
Car 1 1 1 532.2228393554688 174.03079223632812 561.7952880859375 196.1351318359375 4.040744781494141 1.7026246786117554 1.6828206777572632 -5.040736675262451 1.8001409769058228 57.887367248535156 -7.764634609222412 0.1348
Cyclist 1 1 1 227.10855102539062 170.37991333007812 267.919921875 230.26919555664062 1.6980054378509521 1.690980315208435 0.5078794360160828 -10.696907997131348 1.6208244562149048 21.243587493896484 -7.9587082862854 0.1343
Pedestrian 1 1 1 281.2711486816406 164.159423828125 309.7018737792969 218.76101684570312 0.6250631213188171 1.7760324478149414 0.6357954740524292 -10.421813011169434 1.4929232597351074 23.81243896484375 -7.7533183097839355 0.1341
Pedestrian 1 1 1 259.1402282714844 169.54615783691406 304.3197326660156 264.79620361328125 0.564460039138794 1.656427025794983 0.5134921669960022 -5.897223472595215 1.5986026525497437 12.859785079956055 -4.587430477142334 0.1332
Car 1 1 1 428.2288818359375 180.59921264648438 494.5252990722656 205.05795288085938 3.8421456813812256 1.5015718936920166 1.5964800119400024 -9.53687572479248 2.010063648223877 46.220706939697266 -6.075046062469482 0.1326
Cyclist 1 1 1 1110.406005859375 166.38758850097656 1133.63427734375 194.3986053466797 1.6724328994750977 1.703377604484558 0.4270136058330536 31.695085525512695 1.3098485469818115 44.7331657409668 -7.734476566314697 0.1321
Pedestrian 1 1 1 741.9019165039062 174.71304321289062 777.8136596679688 266.1394348144531 0.6638793349266052 1.4644336700439453 0.5043132305145264 2.412785530090332 1.4957613945007324 11.923556327819824 -4.628389358520508 0.1319
Pedestrian 1 1 1 219.07443237304688 169.95236206054688 273.9526672363281 275.8046875 0.5841531157493591 1.6541496515274048 0.5351772904396057 -5.907395839691162 1.6085059642791748 11.632418632507324 -4.419001579284668 0.1313
Pedestrian 1 1 1 163.4578399658203 173.46212768554688 203.81105041503906 253.1845245361328 0.5423523187637329 1.6065267324447632 0.48022621870040894 -8.821269989013672 1.6189990043640137 14.849311828613281 -4.559443473815918 0.1311
Cyclist 1 1 1 955.2235107421875 157.0056915283203 1022.6622924804688 238.3267059326172 1.7557841539382935 1.6821190118789673 0.5111762285232544 8.210062026977539 1.353998064994812 15.810016632080078 -7.883542537689209 0.1300
Pedestrian 1 1 1 135.34970092773438 163.7994842529297 180.57879638671875 237.47186279296875 0.7151395678520203 1.7059129476547241 0.6176192760467529 -10.734623908996582 1.4959521293640137 17.06962776184082 -4.6974568367004395 0.1295
Pedestrian 1 1 1 30.353452682495117 162.8051300048828 90.57658386230469 259.5247497558594 0.6885051727294922 1.7243638038635254 0.5677241683006287 -10.1108980178833 1.5449079275131226 13.222575187683105 -4.65995979309082 0.1294
Car 1 1 1 365.1730041503906 178.1765594482422 399.1265563964844 202.6212158203125 3.9397997856140137 1.5408238172531128 1.6135886907577515 -15.28529167175293 1.9132500886917114 48.45547103881836 -8.011898040771484 0.1283
Car 1 1 1 1127.20361328125 159.31784057617188 1220.401611328125 196.7432098388672 4.322032451629639 1.889410376548767 1.6850394010543823 29.988740921020508 1.205741047859192 38.608394622802734 -7.8285651206970215 0.1279
Pedestrian 1 1 1 394.3374328613281 163.27777099609375 423.73736572265625 219.4195098876953 0.7281098365783691 1.7934722900390625 0.6217821836471558 -6.586162090301514 1.4872558116912842 23.4934024810791 -7.532893657684326 0.1267
Pedestrian 1 1 1 1072.771240234375 157.1695098876953 1109.3702392578125 232.86056518554688 0.74744713306427 1.7126494646072388 0.5749456286430359 11.125364303588867 1.3574590682983398 16.781665802001953 -4.317580223083496 0.1267
Pedestrian 1 1 1 355.3270568847656 171.03028869628906 375.105224609375 212.86866760253906 0.7180005311965942 1.6946851015090942 0.6088063716888428 -10.08309268951416 1.6205142736434937 29.606874465942383 -7.928368091583252 0.1266
Pedestrian 1 1 1 1202.924560546875 147.6154327392578 1241.0 228.40370178222656 0.6508650183677673 1.7596497535705566 0.5904285311698914 13.68580436706543 1.2096284627914429 16.133121490478516 -4.294004440307617 0.1253
Car 1 1 1 829.6520385742188 178.10459899902344 893.5150756835938 207.10914611816406 3.9418747425079346 1.465118169784546 1.6237949132919312 13.572854042053223 1.7656391859054565 39.26797866821289 -4.863892078399658 0.1253
Pedestrian 1 1 1 1010.7030029296875 161.45103454589844 1065.456787109375 255.61912536621094 0.7029650211334229 1.6328136920928955 0.5164974331855774 7.583500385284424 1.4347935914993286 12.893743515014648 -4.845986366271973 0.1251
Car 1 1 1 1099.022216796875 154.21485900878906 1241.0 225.32406616210938 3.464444875717163 1.6086764335632324 1.6733200550079346 14.26914119720459 1.186710238456726 18.089685440063477 -7.897017002105713 0.1245
Pedestrian 1 1 1 978.5830688476562 155.8773651123047 1010.7550048828125 217.33303833007812 0.6828822493553162 1.7499531507492065 0.6138474941253662 11.094846725463867 1.2662428617477417 20.919273376464844 -7.742543697357178 0.1244
Pedestrian 1 1 1 981.4091186523438 162.8011932373047 995.2538452148438 198.48281860351562 0.553803026676178 1.7617241144180298 0.5661604404449463 18.842439651489258 1.2650827169418335 36.01064682006836 -7.284262180328369 0.1242
Pedestrian 1 1 1 300.5034484863281 167.2897491455078 328.4940490722656 223.38392639160156 0.6159705519676208 1.7024441957473755 0.6035884618759155 -9.139344215393066 1.5332708358764648 22.211580276489258 -7.836916446685791 0.1223
Pedestrian 1 1 1 54.019290924072266 163.92648315429688 83.97502899169922 233.78097534179688 0.6375157237052917 1.7977689504623413 0.5443476438522339 -14.272733688354492 1.5677114725112915 18.979501724243164 -5.210604667663574 0.1221
Pedestrian 1 1 1 337.5685729980469 167.42640686035156 363.8727111816406 221.32034301757812 0.5948063135147095 1.728985071182251 0.5985974669456482 -8.481698036193848 1.5545611381530762 23.483150482177734 -4.576064586639404 0.1213
Pedestrian 1 1 1 278.2327575683594 167.05691528320312 309.9797058105469 229.232666015625 0.8078754544258118 1.6825884580612183 0.6063540577888489 -8.781913757324219 1.5254089832305908 19.966903686523438 -4.84625768661499 0.1213
Pedestrian 1 1 1 1193.4713134765625 156.68817138671875 1241.0 259.12615966796875 0.7291283011436462 1.6394555568695068 0.5759420394897461 10.163187026977539 1.3804315328598022 11.91913890838623 -4.6883392333984375 0.1212
Pedestrian 1 1 1 1232.65625 143.80613708496094 1241.0 236.50119018554688 0.7181129455566406 1.7671496868133545 0.5427528619766235 12.647652626037598 1.2130776643753052 14.18515396118164 -3.7629284858703613 0.1209
Pedestrian 1 1 1 360.927734375 166.64244079589844 387.1297912597656 220.6383056640625 0.6131359338760376 1.7561872005462646 0.618864119052887 -7.829988956451416 1.553859829902649 23.81110191345215 -4.584746837615967 0.1208
Car 1 1 1 0.0 187.16050720214844 0.0 374.0 3.91866135597229 1.5422314405441284 1.6141750812530518 -5.333440780639648 1.6233540773391724 2.1188464164733887 -7.890701770782471 0.1206
Car 1 1 1 617.3297729492188 177.37335205078125 646.9721069335938 202.93133544921875 3.88092303276062 1.568172812461853 1.6239254474639893 1.3687999248504639 1.8743199110031128 46.94853210449219 -7.902394771575928 0.1201
Car 1 1 1 746.2257080078125 178.36880493164062 796.89794921875 216.0609130859375 3.744715690612793 1.4977965354919434 1.6035757064819336 6.866855144500732 1.7503962516784668 31.1622257232666 -7.780272960662842 0.1201
Pedestrian 1 1 1 333.1329650878906 167.5658721923828 357.20684814453125 218.2358856201172 0.5838590264320374 1.717577576637268 0.5936480760574341 -9.132389068603516 1.5380240678787231 24.765819549560547 -7.799609661102295 0.1201
Pedestrian 1 1 1 324.2923889160156 167.07167053222656 351.552490234375 224.2312469482422 0.6664928793907166 1.680053949356079 0.5830297470092773 -8.169679641723633 1.5097979307174683 21.552967071533203 -7.89630651473999 0.1200
Car 1 1 1 978.6622314453125 176.08900451660156 1015.9539794921875 195.6857147216797 3.991767644882202 1.4788637161254883 1.6529064178466797 30.66974639892578 1.7449895143508911 57.28975296020508 -4.474809646606445 0.1200
Cyclist 1 1 1 1036.2086181640625 153.2715606689453 1116.7734375 240.21127319335938 1.7295840978622437 1.6884011030197144 0.5107342004776001 9.521170616149902 1.3078030347824097 14.882969856262207 -7.87700891494751 0.1196
Car 1 1 1 904.5018310546875 172.68814086914062 964.5549926757812 202.13929748535156 4.013008117675781 1.519845724105835 1.6323438882827759 17.544113159179688 1.510986566543579 39.28068542480469 -4.66171932220459 0.1194
Cyclist 1 1 1 1032.894775390625 154.30897521972656 1118.7615966796875 246.85682678222656 1.761088252067566 1.6669604778289795 0.519119918346405 8.853428840637207 1.3326297998428345 13.877805709838867 -7.850042819976807 0.1190
Car 1 1 1 1072.017822265625 167.33837890625 1147.4307861328125 199.8644256591797 4.228358745574951 1.6751015186309814 1.6704949140548706 27.11418342590332 1.3907451629638672 39.371337890625 -4.568835258483887 0.1188
Car 1 1 1 1058.8857421875 170.27365112304688 1191.640625 221.0419158935547 3.52917742729187 1.458127498626709 1.5756350755691528 15.85947322845459 1.3837169408798218 22.501768112182617 -4.73015022277832 0.1182
Cyclist 1 1 1 805.43408203125 174.3572235107422 821.6641845703125 202.72909545898438 1.717490792274475 1.6935464143753052 0.521217405796051 12.373859405517578 1.7867547273635864 44.02206802368164 -4.701877593994141 0.1177
Pedestrian 1 1 1 1103.814208984375 167.51004028320312 1130.110595703125 208.5101318359375 0.6689751744270325 1.7128753662109375 0.6177706718444824 21.40101432800293 1.4893192052841187 30.528188705444336 -4.891831398010254 0.1176
Pedestrian 1 1 1 519.9415893554688 169.71107482910156 530.4575805664062 195.19232177734375 0.7883192300796509 1.8471680879592896 0.6225367784500122 -6.234582901000977 1.619032621383667 52.77589797973633 -8.166114807128906 0.1176
Pedestrian 1 1 1 1104.56689453125 154.02947998046875 1154.4290771484375 242.97723388671875 0.7717990279197693 1.6926862001419067 0.564262866973877 10.13956356048584 1.334153652191162 14.178789138793945 -4.438424110412598 0.1176
Car 1 1 1 0.0 0.0 1241.0 374.0 3.852572441101074 1.5479060411453247 1.6484012603759766 -1.5055952072143555 1.6051583290100098 0.9035943150520325 -7.933004856109619 0.1172
Car 1 1 1 552.6748657226562 174.7467498779297 581.0161743164062 197.0959930419922 4.117135047912598 1.70247220993042 1.6811275482177734 -3.423931360244751 1.8584295511245728 57.445213317871094 -7.769657611846924 0.1170
Car 1 1 1 1232.920166015625 165.79457092285156 1241.0 329.2255554199219 4.019141674041748 1.5022233724594116 1.5860933065414429 9.113699913024902 1.4370347261428833 7.639183044433594 -6.392189979553223 0.1160
Pedestrian 1 1 1 904.2238159179688 167.59295654296875 922.0906372070312 203.4141082763672 0.7476071715354919 1.7510559558868408 0.657475471496582 14.950923919677734 1.4935790300369263 35.692867279052734 -7.692751407623291 0.1157
Car 1 1 1 0.0 0.0 907.8220825195312 374.0 3.8168253898620605 1.5436893701553345 1.644591212272644 0.4240095615386963 1.5824790000915527 0.8933591246604919 -7.920849323272705 0.1154
Pedestrian 1 1 1 13.410205841064453 156.24395751953125 77.81016540527344 269.6214294433594 0.7284965515136719 1.7524354457855225 0.5682483315467834 -9.135506629943848 1.495399832725525 11.613409042358398 -3.9808764457702637 0.1152
Car 1 1 1 781.5738525390625 171.74673461914062 828.6714477539062 197.8109588623047 3.9188125133514404 1.6737587451934814 1.6603920459747314 12.992691040039062 1.6023532152175903 48.3869514465332 -7.986958026885986 0.1152
Cyclist 1 1 1 445.4217224121094 175.7703857421875 462.5855712890625 210.48605346679688 1.7309552431106567 1.6864246129989624 0.5251691937446594 -7.827920436859131 1.8354355096817017 36.06916046142578 -4.737154483795166 0.1144
Cyclist 1 1 1 976.0029907226562 157.68165588378906 1043.115478515625 237.7714385986328 1.7702339887619019 1.694869875907898 0.5197346210479736 8.852355003356934 1.3734909296035767 16.15464973449707 -7.854989528656006 0.1142
Pedestrian 1 1 1 77.71004486083984 169.656982421875 133.46546936035156 265.7958679199219 0.5996545553207397 1.627648949623108 0.5293060541152954 -8.8152437210083 1.5732231140136719 12.546422958374023 -4.5866169929504395 0.1140
Car 1 1 1 1119.2052001953125 167.25779724121094 1183.2178955078125 192.7662353515625 3.8043856620788574 1.592156171798706 1.628782868385315 35.14509201049805 1.2425589561462402 47.016807556152344 -7.743005275726318 0.1139
Cyclist 1 1 1 473.3902587890625 174.529541015625 490.0647888183594 208.22677612304688 1.6664131879806519 1.6717383861541748 0.5088648796081543 -6.558072566986084 1.7586586475372314 36.719520568847656 -4.683958530426025 0.1138
Car 1 1 1 653.3137817382812 177.1827392578125 688.6492919921875 203.940673828125 3.890207290649414 1.5590875148773193 1.6374197006225586 3.694572687149048 1.8387507200241089 44.675636291503906 -4.771816730499268 0.1135
Car 1 1 1 593.4563598632812 179.26217651367188 625.0850219726562 198.16233825683594 4.009449481964111 1.6407177448272705 1.6803112030029297 -0.12410940229892731 2.248312473297119 66.27728271484375 -5.047844886779785 0.1134
Pedestrian 1 1 1 594.68359375 170.520263671875 620.646240234375 217.2139892578125 0.8383373618125916 1.7562271356582642 0.613016664981842 -0.13743282854557037 1.6681510210037231 27.65736961364746 -5.364386081695557 0.1130
Car 1 1 1 963.642333984375 175.9087677001953 1014.9625244140625 198.1044921875 3.92324161529541 1.496225118637085 1.6455090045928955 26.794994354248047 1.7209205627441406 51.164222717285156 -4.68942403793335 0.1128
Pedestrian 1 1 1 296.0887145996094 166.97674560546875 327.414794921875 225.81951904296875 0.8055692911148071 1.6986544132232666 0.6190797090530396 -8.822617530822754 1.5286916494369507 21.24707794189453 -7.9047064781188965 0.1127
Pedestrian 1 1 1 1124.9034423828125 149.65341186523438 1202.20947265625 277.11175537109375 0.6749066114425659 1.699937343597412 0.5340438485145569 7.583523273468018 1.3902064561843872 9.97998046875 -4.788119792938232 0.1123
Pedestrian 1 1 1 1184.1954345703125 172.71578979492188 1209.2730712890625 208.91555786132812 0.7977775931358337 1.7316166162490845 0.6674365997314453 28.445220947265625 1.724705457687378 35.03346633911133 -5.335846900939941 0.1121
Car 1 1 1 1013.26708984375 175.06546020507812 1051.5782470703125 194.74330139160156 4.011571407318115 1.4795200824737549 1.6210319995880127 33.21700668334961 1.6601446866989136 56.8820686340332 -4.444562911987305 0.1113
Pedestrian 1 1 1 1164.7537841796875 158.26266479492188 1194.5145263671875 217.45428466796875 0.5914191603660583 1.7606223821640015 0.5823819041252136 17.19424819946289 1.3263113498687744 21.851438522338867 -7.427453517913818 0.1109
Pedestrian 1 1 1 1112.080810546875 154.87062072753906 1179.2857666015625 259.37152099609375 0.6787236928939819 1.621012806892395 0.5481294393539429 8.551164627075195 1.3417556285858154 11.606119155883789 -5.068822860717773 0.1108
Car 1 1 1 1001.514404296875 174.2692413330078 1048.6917724609375 196.48292541503906 4.07898473739624 1.5374537706375122 1.6423228979110718 30.02200698852539 1.644060730934143 52.359107971191406 -4.5476155281066895 0.1104
Car 1 1 1 369.89794921875 180.4600372314453 432.8367614746094 218.6988983154297 3.8730525970458984 1.4961631298065186 1.581846833229065 -8.904690742492676 1.8424144983291626 30.938556671142578 -4.712577819824219 0.1102
Pedestrian 1 1 1 799.6201171875 167.4516143798828 822.9519653320312 232.30813598632812 0.8130078315734863 1.69436514377594 0.5625238418579102 5.3453874588012695 1.5529286861419678 19.324636459350586 -4.3905930519104 0.1099
Pedestrian 1 1 1 1155.041259765625 151.3202362060547 1196.140869140625 236.03250122070312 0.7002770304679871 1.7190086841583252 0.5821936726570129 11.763100624084473 1.2817386388778687 15.090315818786621 -4.190580368041992 0.1098
Cyclist 1 1 1 995.7725830078125 158.79660034179688 1062.0733642578125 231.56063842773438 1.7645100355148315 1.6920416355133057 0.5232868790626526 10.169899940490723 1.3648535013198853 17.67337417602539 -7.906945705413818 0.1097
Pedestrian 1 1 1 1061.210693359375 167.3874969482422 1086.8040771484375 214.75946044921875 0.7715436220169067 1.7631406784057617 0.6144148111343384 17.535484313964844 1.559382677078247 27.338274002075195 -6.981314182281494 0.1094
Cyclist 1 1 1 540.9627075195312 177.46412658691406 551.5175170898438 208.6824493408203 1.6954134702682495 1.7202776670455933 0.4655216634273529 -3.6417651176452637 1.9864835739135742 40.86119842529297 -7.863982677459717 0.1089
Car 1 1 1 400.8954772949219 180.16123962402344 448.05419921875 211.64259338378906 3.7712600231170654 1.4918941259384155 1.611820101737976 -9.49215030670166 1.8858323097229004 37.0068359375 -4.759354114532471 0.1089
Pedestrian 1 1 1 0.0 159.58274841308594 46.92237854003906 261.37750244140625 0.7858454585075378 1.7622054815292358 0.573695719242096 -10.722176551818848 1.5321621894836426 12.898994445800781 -4.657013893127441 0.1087
Car 1 1 1 1226.6759033203125 173.07595825195312 1241.0 374.0 4.0273661613464355 1.4907951354980469 1.6063193082809448 6.278496265411377 1.4922138452529907 4.470024585723877 -6.444784164428711 0.1086
Car 1 1 1 981.8219604492188 173.1236114501953 1031.4266357421875 198.3440704345703 3.934891700744629 1.5333141088485718 1.6293102502822876 25.178085327148438 1.5509790182113647 45.99625015258789 -4.5249810218811035 0.1084
Pedestrian 1 1 1 1112.66357421875 168.9070587158203 1133.985595703125 208.4597930908203 0.7278150320053101 1.7016019821166992 0.6347867250442505 22.383411407470703 1.5315004587173462 31.522342681884766 -3.9069924354553223 0.1079
Car 1 1 1 726.9777221679688 176.2530975341797 756.4329833984375 195.26744079589844 3.785862684249878 1.490530252456665 1.5735291242599487 10.737452507019043 1.778064489364624 59.174583435058594 -4.755545139312744 0.1074
Car 1 1 1 956.2288208007812 169.807373046875 1008.8511352539062 197.6493377685547 3.934966564178467 1.5174983739852905 1.6308529376983643 21.268749237060547 1.3511446714401245 41.41215133666992 -7.665371417999268 0.1074
Pedestrian 1 1 1 1081.6923828125 151.5413055419922 1119.460205078125 215.5055694580078 0.7258107662200928 1.7947839498519897 0.5934566259384155 13.957538604736328 1.1964677572250366 20.615861892700195 -7.82930326461792 0.1073
Car 1 1 1 1138.9735107421875 171.34742736816406 1194.23583984375 193.54388427734375 3.894638776779175 1.507392406463623 1.6222752332687378 39.29390335083008 1.4047781229019165 51.08087921142578 -4.484458923339844 0.1072
Cyclist 1 1 1 0.0 0.0 1241.0 374.0 1.8442292213439941 1.6363328695297241 0.5049915909767151 6.896463871002197 1.2960110902786255 -0.2964476943016052 -8.072467803955078 0.1070
Pedestrian 1 1 1 1231.0511474609375 151.69796752929688 1241.0 204.68975830078125 0.6245087385177612 1.7886137962341309 0.5857597589492798 21.70050621032715 1.0742416381835938 24.778507232666016 -4.085628032684326 0.1069
Pedestrian 1 1 1 1029.8839111328125 155.7581329345703 1059.510498046875 216.99899291992188 0.7186998724937439 1.7652459144592285 0.616369366645813 12.738018989562988 1.2721638679504395 21.24008560180664 -7.511240482330322 0.1066
Cyclist 1 1 1 485.2981262207031 174.84690856933594 499.61785888671875 209.61990356445312 1.7104891538619995 1.6910791397094727 0.5429242849349976 -5.905920505523682 1.7927846908569336 36.06040954589844 -4.776045799255371 0.1061
Pedestrian 1 1 1 821.619384765625 166.92291259765625 838.7030029296875 201.25228881835938 0.7141198515892029 1.7249473333358765 0.6691904067993164 11.131074905395508 1.4266279935836792 36.62482452392578 -7.815298557281494 0.1061
Pedestrian 1 1 1 25.75713539123535 158.03890991210938 57.50361633300781 240.0767059326172 0.6795178651809692 1.8181676864624023 0.5588090419769287 -12.989090919494629 1.4895275831222534 16.430862426757812 -5.374173164367676 0.1059
Car 1 1 1 406.141845703125 174.6212921142578 458.0346374511719 201.9851531982422 3.741647481918335 1.5750007629394531 1.6695383787155151 -10.769147872924805 1.6868038177490234 43.77797317504883 -7.672505855560303 0.1058
Pedestrian 1 1 1 259.7347717285156 173.9993133544922 309.8299560546875 273.0946960449219 0.5855222940444946 1.5524452924728394 0.4968782663345337 -5.292744159698486 1.571142554283142 11.63971996307373 -4.553425312042236 0.1057
Car 1 1 1 1160.7596435546875 159.53790283203125 1241.0 199.54945373535156 4.010813236236572 1.6043171882629395 1.6659783124923706 26.125722885131836 1.0700905323028564 31.013126373291016 -4.818084716796875 0.1051
Pedestrian 1 1 1 395.93975830078125 176.6580352783203 409.5690612792969 209.44931030273438 0.5871016383171082 1.7201976776123047 0.6066573262214661 -11.023090362548828 1.923292875289917 38.2531623840332 -7.968621730804443 0.1049
