Car 1 1 1 757.42919921875 161.02114868164062 1105.0382080078125 374.0 3.907766580581665 1.6636546850204468 1.6443464756011963 2.7331786155700684 1.5761350393295288 7.305819988250732 -7.896923542022705 0.8412
Car 1 1 1 701.822021484375 176.54586791992188 814.8886108398438 257.1109619140625 3.5620338916778564 1.5147342681884766 1.5635064840316772 3.0068109035491943 1.603251576423645 15.545222282409668 -7.8972249031066895 0.8210
Car 1 1 1 656.7193603515625 175.5908660888672 703.9165649414062 212.81668090820312 3.6440064907073975 1.554078459739685 1.6133348941802979 3.0417726039886475 1.6831262111663818 32.247745513916016 -7.894239902496338 0.8031
Car 1 1 1 581.359619140625 177.56546020507812 629.4089965820312 222.44570922851562 3.9093616008758545 1.5185036659240723 1.6282819509506226 -0.28111732006073 1.7063361406326294 26.82122230529785 -7.900487422943115 0.7540
Car 1 1 1 594.725830078125 175.06002807617188 633.8060302734375 210.37222290039062 4.100238800048828 1.6041666269302368 1.6522800922393799 0.11280326545238495 1.717678427696228 35.13229751586914 -7.9093708992004395 0.7491
Car 1 1 1 647.6890869140625 175.8869171142578 687.459716796875 207.81777954101562 3.951327323913574 1.579738974571228 1.6159076690673828 2.946873188018799 1.7479838132858276 38.088050842285156 -7.897862911224365 0.4622
Pedestrian 1 1 1 798.6405029296875 162.31602478027344 831.9185180664062 226.35256958007812 0.8070759177207947 1.7252223491668701 0.6034500002861023 5.626098155975342 1.441016435623169 19.941909790039062 -4.005616664886475 0.3712
Pedestrian 1 1 1 637.9143676757812 172.4407196044922 655.7588500976562 202.01817321777344 0.8840456008911133 1.7073179483413696 0.5621864795684814 2.1152126789093018 1.683161735534668 42.13733673095703 -6.9131622314453125 0.3175
Car 1 1 1 592.0140380859375 175.12774658203125 621.4757690429688 202.7851104736328 3.93410587310791 1.6251094341278076 1.6407101154327393 -0.19724074006080627 1.772059679031372 44.726646423339844 -7.810226917266846 0.3105
Car 1 1 1 332.5082702636719 182.24798583984375 394.380859375 224.88572692871094 3.7802891731262207 1.4760916233062744 1.6062984466552734 -9.474125862121582 1.8641724586486816 27.84302520751953 -8.001946449279785 0.2950
Pedestrian 1 1 1 14.623252868652344 176.994873046875 29.4487247467041 220.4027862548828 0.3989332914352417 1.7601373195648193 0.5131953954696655 -24.194683074951172 1.9317967891693115 29.641220092773438 -6.814037799835205 0.2911
Pedestrian 1 1 1 334.539794921875 171.2444305419922 347.07806396484375 201.87083435058594 0.7848526835441589 1.7803245782852173 0.6634954810142517 -15.869071960449219 1.6864590644836426 42.432674407958984 -8.246095657348633 0.2836
Pedestrian 1 1 1 103.2654037475586 168.90245056152344 126.54720306396484 205.06793212890625 0.7941780686378479 1.768776774406433 0.6126729249954224 -24.52334213256836 1.5752146244049072 35.69033432006836 -7.868381023406982 0.2729
Pedestrian 1 1 1 173.1238250732422 163.33460998535156 208.92555236816406 220.50196838378906 0.8103281855583191 1.7764285802841187 0.6161922216415405 -13.314308166503906 1.4803212881088257 22.861724853515625 -7.72851037979126 0.2686
Pedestrian 1 1 1 338.1278381347656 165.0039825439453 372.531982421875 217.52911376953125 0.9115409851074219 1.7593744993209839 0.637271523475647 -8.769512176513672 1.4961316585540771 24.72427749633789 -4.066531181335449 0.2664
Car 1 1 1 406.76654052734375 182.00718688964844 444.6745300292969 211.2948760986328 4.058900833129883 1.5093281269073486 1.6397974491119385 -10.484548568725586 2.053600311279297 40.73998260498047 -5.071520805358887 0.2621
Car 1 1 1 632.22021484375 176.65692138671875 666.7225341796875 203.58274841308594 3.96138858795166 1.5605496168136597 1.5804476737976074 2.350259780883789 1.805209994316101 44.436058044433594 -7.939754962921143 0.2544
Pedestrian 1 1 1 137.04603576660156 160.78111267089844 175.1651153564453 224.16070556640625 0.7102319598197937 1.7721123695373535 0.589667558670044 -12.995818138122559 1.4342509508132935 20.591476440429688 -4.462189674377441 0.2489
Car 1 1 1 254.84249877929688 170.01748657226562 298.07305908203125 200.1621856689453 3.881697416305542 1.6179277896881104 1.654510736465454 -18.844480514526367 1.465386152267456 40.820621490478516 -8.135222434997559 0.2428
Car 1 1 1 352.41839599609375 180.73179626464844 384.9349365234375 200.42172241210938 4.1658782958984375 1.5371347665786743 1.6388963460922241 -20.107847213745117 2.217402219772339 60.18940353393555 -4.797137260437012 0.2316
Pedestrian 1 1 1 223.21046447753906 158.18589782714844 269.1211242675781 237.86444091796875 0.7294079661369324 1.8118380308151245 0.6552776098251343 -8.521341323852539 1.4779951572418213 16.815919876098633 -4.565906047821045 0.2229
Pedestrian 1 1 1 97.7136001586914 161.2443084716797 133.62130737304688 223.23147583007812 0.7121559977531433 1.7934545278549194 0.5817981362342834 -14.59348201751709 1.4572551250457764 21.242441177368164 -4.748779296875 0.2172
Pedestrian 1 1 1 175.34786987304688 167.12831115722656 211.09393310546875 228.87539672851562 0.7801405787467957 1.7862756252288818 0.5997524261474609 -12.323324203491211 1.620337963104248 21.265901565551758 -4.703914642333984 0.2172
Pedestrian 1 1 1 303.5422668457031 167.65093994140625 321.97589111328125 202.55038452148438 0.8393793106079102 1.8000158071517944 0.6209365129470825 -15.538549423217773 1.5313562154769897 37.63703918457031 -7.861926555633545 0.2154
Car 1 1 1 542.2362670898438 179.27268981933594 564.1276245117188 200.2090606689453 3.8015990257263184 1.5227305889129639 1.5617445707321167 -4.377093315124512 2.0342466831207275 55.59958267211914 -4.758584976196289 0.2128
Pedestrian 1 1 1 221.18637084960938 164.7129364013672 253.5721893310547 219.92701721191406 0.7913932204246521 1.791357398033142 0.6324514746665955 -12.34327220916748 1.5269298553466797 23.82537841796875 -7.787193775177002 0.2118
Car 1 1 1 556.8807373046875 179.22129821777344 584.4409790039062 197.72702026367188 4.056959629058838 1.5085402727127075 1.6135294437408447 -3.390190362930298 2.0776541233062744 62.40241622924805 -4.56823205947876 0.2112
Pedestrian 1 1 1 256.119140625 165.3564910888672 275.8768615722656 206.5403289794922 0.6226499676704407 1.8361538648605347 0.659538984298706 -15.547106742858887 1.5015822649002075 32.53144073486328 -4.880712032318115 0.2071
Pedestrian 1 1 1 115.29615020751953 164.40211486816406 155.16529846191406 234.83607482910156 0.750479519367218 1.7851930856704712 0.5879496932029724 -12.34013557434082 1.5706747770309448 18.69403076171875 -4.826242446899414 0.2053
Car 1 1 1 303.3157653808594 181.1968231201172 371.1001892089844 216.31411743164062 3.907743215560913 1.5067713260650635 1.592463493347168 -12.760483741760254 1.9211266040802002 33.8809928894043 -4.676882743835449 0.2027
Pedestrian 1 1 1 87.65607452392578 177.1066436767578 121.09577941894531 230.5284881591797 0.7632267475128174 1.7685394287109375 0.6275448799133301 -17.183460235595703 1.9152973890304565 24.458040237426758 -4.091609477996826 0.2003
Pedestrian 1 1 1 222.42657470703125 169.75489807128906 239.5617218017578 214.51173400878906 0.49032291769981384 1.7745944261550903 0.5679506659507751 -15.269606590270996 1.6514159440994263 28.98389434814453 -7.002338886260986 0.1998
Pedestrian 1 1 1 77.54389953613281 162.96917724609375 117.76155090332031 230.0867156982422 0.7673249840736389 1.7824368476867676 0.6169150471687317 -13.949149131774902 1.519626498222351 19.59069061279297 -4.87627649307251 0.1977
Car 1 1 1 270.0250244140625 181.06280517578125 301.3416442871094 198.69189453125 3.9473071098327637 1.5216320753097534 1.6200478076934814 -29.76833152770996 2.298962354660034 66.28018188476562 -4.861262321472168 0.1944
Car 1 1 1 490.7818908691406 174.41769409179688 521.205810546875 196.21249389648438 4.130813121795654 1.8330602645874023 1.708743691444397 -9.173104286193848 1.974656105041504 63.24089431762695 -5.09435510635376 0.1940
Pedestrian 1 1 1 338.04376220703125 165.9703826904297 354.3568420410156 199.8841552734375 0.7494738101959229 1.811604380607605 0.6293851733207703 -14.267396926879883 1.4435960054397583 38.93077087402344 -7.896237850189209 0.1917
Pedestrian 1 1 1 11.303258895874023 160.91946411132812 54.07822799682617 231.41165161132812 0.7408254146575928 1.8138294219970703 0.6023050546646118 -15.228841781616211 1.5064427852630615 18.985794067382812 -4.899447917938232 0.1871
Pedestrian 1 1 1 483.03240966796875 175.40879821777344 493.3695983886719 195.656005859375 0.6739334464073181 1.7715572118759155 0.618054211139679 -10.772547721862793 1.9983158111572266 63.68532943725586 -7.371358394622803 0.1866
Car 1 1 1 0.0 0.0 1241.0 374.0 3.7733662128448486 1.5245305299758911 1.6152845621109009 3.0230517387390137 1.5533065795898438 0.9860501885414124 -7.9032464027404785 0.1783
Pedestrian 1 1 1 36.69578170776367 165.3662567138672 86.49193572998047 249.5985565185547 0.7494807839393616 1.7961747646331787 0.5898935794830322 -12.051126480102539 1.636206030845642 15.805612564086914 -4.883513450622559 0.1772
Pedestrian 1 1 1 159.87420654296875 163.1584014892578 194.9244842529297 219.57171630859375 0.7917655110359192 1.7789283990859985 0.6119440793991089 -13.936738014221191 1.4728890657424927 23.179697036743164 -7.74490213394165 0.1745
Cyclist 1 1 1 744.7944946289062 156.396728515625 779.1453247070312 204.54629516601562 1.6657260656356812 1.7507890462875366 0.5531944632530212 5.647581577301025 1.152078628540039 27.112836837768555 -4.98670768737793 0.1687
Pedestrian 1 1 1 21.047882080078125 173.23924255371094 55.26478958129883 228.418701171875 0.7338399291038513 1.8341783285140991 0.6445861458778381 -19.409984588623047 1.8471628427505493 24.435638427734375 -5.856051921844482 0.1686
Car 1 1 1 374.69842529296875 180.39599609375 404.2913513183594 199.58082580566406 4.033886432647705 1.515974760055542 1.6349976062774658 -18.54706573486328 2.172494411468506 60.74797058105469 -4.814112663269043 0.1649
Pedestrian 1 1 1 358.87860107421875 169.22042846679688 386.7853088378906 217.18731689453125 0.7500069737434387 1.680192470550537 0.5915582776069641 -8.503095626831055 1.5526155233383179 25.740095138549805 -4.2660298347473145 0.1646
Cyclist 1 1 1 340.1002197265625 180.16366577148438 365.441650390625 218.70790100097656 1.7134053707122803 1.686730146408081 0.5537469387054443 -11.706048011779785 2.0270133018493652 32.759979248046875 -4.72090482711792 0.1637
Cyclist 1 1 1 423.219482421875 160.79574584960938 451.04620361328125 204.65814208984375 1.6251683235168457 1.765060544013977 0.5645627379417419 -7.187726974487305 1.2795259952545166 29.879417419433594 -4.571820259094238 0.1637
Cyclist 1 1 1 636.109619140625 173.49464416503906 644.5512084960938 197.73861694335938 1.6923720836639404 1.6807324886322021 0.4397343695163727 2.104626178741455 1.7264047861099243 50.922576904296875 -7.904495716094971 0.1620
Car 1 1 1 747.5933227539062 169.60488891601562 873.8786010742188 218.79653930664062 3.7665517330169678 1.586720585823059 1.6239827871322632 6.583795547485352 1.48161780834198 24.09364128112793 -3.1374459266662598 0.1611
Pedestrian 1 1 1 13.312171936035156 162.7191162109375 59.597389221191406 242.26792907714844 0.7695922255516052 1.8278559446334839 0.5761787295341492 -13.60820198059082 1.5946787595748901 17.05830192565918 -3.9848484992980957 0.1585
Car 1 1 1 530.2218017578125 178.55665588378906 552.971923828125 197.7113494873047 3.939063310623169 1.574083685874939 1.6452597379684448 -5.988532543182373 2.0851516723632812 62.618221282958984 -8.03076171875 0.1579
Pedestrian 1 1 1 377.1371765136719 177.0089569091797 401.32763671875 222.9695281982422 0.7223233580589294 1.6657220125198364 0.6144760251045227 -8.219468116760254 1.821961522102356 26.710111618041992 -8.572417259216309 0.1579
Pedestrian 1 1 1 474.34332275390625 175.0350341796875 487.5601501464844 199.22837829589844 0.82426518201828 1.8142064809799194 0.5792441368103027 -9.810359001159668 1.98077392578125 54.700687408447266 -7.276670932769775 0.1563
Pedestrian 1 1 1 155.72019958496094 168.4459228515625 186.00045776367188 222.67581176757812 0.7715728282928467 1.8077472448349 0.615131676197052 -14.93312931060791 1.6605045795440674 24.47311019897461 -7.97743558883667 0.1534
Car 1 1 1 683.1471557617188 177.24082946777344 729.1220092773438 210.7393341064453 3.748798370361328 1.5331298112869263 1.6107898950576782 4.6211652755737305 1.7598167657852173 35.42816925048828 -7.895507335662842 0.1512
Pedestrian 1 1 1 818.2350463867188 160.845458984375 849.6759033203125 227.84642028808594 0.7731382250785828 1.7488768100738525 0.6063978672027588 5.9507646560668945 1.435126781463623 19.323843002319336 -4.117534160614014 0.1509
Pedestrian 1 1 1 696.2193603515625 169.49468994140625 712.8696899414062 200.42941284179688 0.8752825856208801 1.8264923095703125 0.5515756011009216 5.61276912689209 1.6278470754623413 43.10067367553711 -7.021960735321045 0.1505
Car 1 1 1 586.0596923828125 177.8655242919922 612.88427734375 199.44581604003906 3.969916582107544 1.5074176788330078 1.6101362705230713 -0.8440170288085938 1.8924709558486938 53.41982650756836 -4.823038578033447 0.1502
Cyclist 1 1 1 363.91802978515625 178.34422302246094 384.4413757324219 213.263916015625 1.657904028892517 1.6760245561599731 0.4819842576980591 -11.703688621520996 1.9538538455963135 35.72234344482422 -7.8584675788879395 0.1489
Car 1 1 1 0.0 0.0 1221.6907958984375 374.0 3.8013246059417725 1.5399194955825806 1.6100883483886719 1.4086045026779175 1.5613616704940796 0.6902222037315369 -7.884236812591553 0.1483
Pedestrian 1 1 1 57.40830612182617 165.15257263183594 88.2450180053711 236.51963806152344 0.7604255080223083 1.8022433519363403 0.586770236492157 -13.961894989013672 1.607458233833313 18.6993465423584 -5.278202056884766 0.1449
Pedestrian 1 1 1 458.73626708984375 175.99717712402344 469.5109558105469 195.91943359375 0.7260543704032898 1.795547366142273 0.633047342300415 -13.295679092407227 2.083352565765381 65.6589584350586 -7.265649318695068 0.1448
Car 1 1 1 0.0 187.04234313964844 0.0 374.0 3.91133975982666 1.553638219833374 1.6294891834259033 -5.342319965362549 1.6333390474319458 2.099226951599121 -7.870871067047119 0.1447
Pedestrian 1 1 1 234.39849853515625 166.53643798828125 266.9709167480469 220.8360137939453 0.7929721474647522 1.736769199371338 0.6220444440841675 -11.744754791259766 1.53440260887146 23.504932403564453 -7.750176906585693 0.1442
Pedestrian 1 1 1 212.34274291992188 168.2727813720703 244.31015014648438 220.81076049804688 0.8358278274536133 1.7486716508865356 0.6233149766921997 -12.968889236450195 1.595890760421753 24.44483757019043 -7.81681489944458 0.1425
Car 1 1 1 663.0584106445312 175.9052276611328 693.880859375 203.59580993652344 3.947232723236084 1.552751898765564 1.6486867666244507 3.9935531616210938 1.7424451112747192 42.91624450683594 -7.803868770599365 0.1417
Car 1 1 1 680.249755859375 170.60452270507812 714.5771484375 194.68505859375 3.9852333068847656 1.6758606433868408 1.6862581968307495 6.256951332092285 1.5190091133117676 52.27208709716797 -4.798030853271484 0.1405
Pedestrian 1 1 1 76.89358520507812 162.7373504638672 113.10264587402344 223.91651916503906 0.7165072560310364 1.7711540460586548 0.5701720118522644 -15.213549613952637 1.4779741764068604 21.258878707885742 -4.755349636077881 0.1396
Car 1 1 1 318.3497314453125 182.7057342529297 354.37982177734375 201.889404296875 3.711292028427124 1.4904886484146118 1.5638110637664795 -22.669797897338867 2.3325133323669434 59.831356048583984 -4.706384181976318 0.1396
Pedestrian 1 1 1 1146.347412109375 131.43714904785156 1241.0 316.28619384765625 0.8250158429145813 1.7773661613464355 0.5696504712104797 5.940018177032471 1.3788337707519531 7.412579536437988 -6.923337459564209 0.1380
Car 1 1 1 0.0 0.0 1241.0 374.0 3.9190146923065186 1.5440794229507446 1.6533933877944946 -3.4272279739379883 1.6271824836730957 0.9767075181007385 -7.900603771209717 0.1377
Pedestrian 1 1 1 281.4994812011719 167.99618530273438 306.5337219238281 213.9680938720703 0.7361825108528137 1.7189230918884277 0.6170713305473328 -12.018178939819336 1.5369861125946045 27.353612899780273 -7.8319783210754395 0.1375
Pedestrian 1 1 1 554.7620849609375 174.90687561035156 562.6591186523438 194.68243408203125 0.4865865707397461 1.7872551679611206 0.5286456346511841 -4.687233924865723 1.9746856689453125 65.63316345214844 -4.112137317657471 0.1372
Car 1 1 1 0.0 0.0 1241.0 374.0 3.7910845279693604 1.5331308841705322 1.6096060276031494 4.624175071716309 1.5300726890563965 1.3228731155395508 -7.9390435218811035 0.1357
Pedestrian 1 1 1 86.14631652832031 164.58346557617188 120.74073791503906 228.46627807617188 0.7221447229385376 1.759577989578247 0.5535264015197754 -14.279568672180176 1.5314759016036987 20.282835006713867 -4.912646293640137 0.1349
Car 1 1 1 29.981874465942383 173.1813201904297 122.66832733154297 209.24993896484375 3.8753418922424316 1.6333574056625366 1.6380112171173096 -25.553115844726562 1.6496670246124268 34.662357330322266 -4.7306342124938965 0.1347
Car 1 1 1 441.3070983886719 183.2554168701172 473.1446838378906 205.74246215820312 3.6759865283966064 1.5738890171051025 1.6826839447021484 -11.437455177307129 2.379848003387451 54.073753356933594 -4.734134197235107 0.1343
Pedestrian 1 1 1 30.86920928955078 163.11656188964844 74.51779174804688 243.81207275390625 0.7604979872703552 1.8234386444091797 0.5902776122093201 -12.996622085571289 1.6031064987182617 16.760690689086914 -2.553948402404785 0.1323
Pedestrian 1 1 1 251.4129638671875 165.77842712402344 270.60748291015625 204.52230834960938 0.6514093279838562 1.7754645347595215 0.6212539672851562 -16.203474044799805 1.4509214162826538 33.42429733276367 -7.969580173492432 0.1317
Car 1 1 1 166.07528686523438 0.0 1241.0 374.0 3.807549476623535 1.5520225763320923 1.6505883932113647 -0.8578292727470398 1.5854973793029785 0.8675106167793274 -7.888073444366455 0.1310
Pedestrian 1 1 1 691.0949096679688 171.61181640625 703.2398071289062 197.67628479003906 0.6606250405311584 1.7859728336334229 0.6285972595214844 5.995655059814453 1.700555682182312 49.8828239440918 -7.340611934661865 0.1309
Pedestrian 1 1 1 88.1064682006836 164.0513916015625 124.19280242919922 233.58828735351562 0.7609326839447021 1.787376880645752 0.5917596220970154 -13.308274269104004 1.5608147382736206 19.00198745727539 -5.040863037109375 0.1302
Car 1 1 1 315.9305419921875 181.28782653808594 351.9969787597656 202.14031982421875 3.7942633628845215 1.5167962312698364 1.538636326789856 -21.39950942993164 2.1936018466949463 55.99018859863281 -4.76987886428833 0.1295
Pedestrian 1 1 1 302.3941345214844 169.03045654296875 323.290283203125 208.3147430419922 0.7432634234428406 1.8168076276779175 0.6225535869598389 -13.94636344909668 1.6396771669387817 33.77443313598633 -7.738601207733154 0.1285
Car 1 1 1 619.6106567382812 175.47543334960938 647.5292358398438 198.178955078125 4.161013603210449 1.626378059387207 1.6544424295425415 1.7064999341964722 1.8311917781829834 54.31904220581055 -4.788968086242676 0.1280
Car 1 1 1 339.5743103027344 181.9043731689453 397.9142150878906 212.86614990234375 4.006860256195068 1.5008591413497925 1.6836172342300415 -12.723197937011719 2.0047366619110107 38.17604064941406 -4.6931233406066895 0.1277
Car 1 1 1 589.2598876953125 178.25540161132812 610.977783203125 196.8477783203125 3.8021085262298584 1.4693185091018677 1.5465048551559448 -0.8204994797706604 1.9334001541137695 60.09194564819336 -4.655490875244141 0.1260
Pedestrian 1 1 1 820.7032470703125 158.3412628173828 845.7603759765625 229.0017852783203 0.7634265422821045 1.751438856124878 0.5906233191490173 5.627894878387451 1.3914165496826172 18.340389251708984 -7.529942035675049 0.1259
Pedestrian 1 1 1 1010.397705078125 155.03704833984375 1063.0526123046875 263.6578369140625 0.6211064457893372 1.6442147493362427 0.5524730086326599 6.607992649078369 1.3742159605026245 11.289396286010742 -4.472270965576172 0.1257
Pedestrian 1 1 1 115.9669189453125 163.6926727294922 154.89683532714844 226.96437072753906 0.7211841940879822 1.7699863910675049 0.5866308212280273 -13.60035228729248 1.5134042501449585 20.613494873046875 -4.425099849700928 0.1256
Pedestrian 1 1 1 115.57940673828125 172.89239501953125 148.62255859375 227.43043518066406 0.7549821734428406 1.8104643821716309 0.6101119518280029 -16.228878021240234 1.8114901781082153 24.436279296875 -4.127187252044678 0.1256
Pedestrian 1 1 1 365.43408203125 165.00914001464844 397.724853515625 216.93795776367188 0.8631729483604431 1.7436985969543457 0.6351537108421326 -7.878719806671143 1.4799792766571045 24.756101608276367 -4.250922679901123 0.1255
Car 1 1 1 562.234130859375 178.73870849609375 584.522216796875 200.1088104248047 3.8628907203674316 1.5296239852905273 1.6236944198608398 -2.7739295959472656 1.991262435913086 54.681888580322266 -4.7460479736328125 0.1249
Car 1 1 1 413.54669189453125 180.88380432128906 457.2268371582031 213.78933715820312 3.9333369731903076 1.4765167236328125 1.6248133182525635 -8.551154136657715 1.8932294845581055 35.423770904541016 -4.82908821105957 0.1247
Car 1 1 1 357.0299377441406 181.03460693359375 385.8906555175781 202.63832092285156 3.8716726303100586 1.5401633977890015 1.5955103635787964 -18.18462371826172 2.1871695518493652 55.0427360534668 -4.899251461029053 0.1242
Pedestrian 1 1 1 6.385583400726318 166.36012268066406 33.32054901123047 231.20220947265625 0.5626711845397949 1.8163200616836548 0.5089266300201416 -16.87659454345703 1.6341171264648438 20.58182716369629 -5.231587886810303 0.1227
Cyclist 1 1 1 419.28936767578125 163.73269653320312 442.94140625 205.15487670898438 1.6504088640213013 1.7587335109710693 0.5527309775352478 -7.83247709274292 1.3711544275283813 31.472978591918945 -4.664888381958008 0.1226
Pedestrian 1 1 1 784.44189453125 165.69728088378906 812.8287963867188 225.1615753173828 0.7151446342468262 1.6580650806427002 0.5527283549308777 5.3306708335876465 1.4582117795944214 20.570796966552734 -4.066647052764893 0.1221
Pedestrian 1 1 1 0.0 159.62332153320312 46.93638610839844 246.99447631835938 0.7442957758903503 1.819202184677124 0.5731300711631775 -12.636940002441406 1.543419361114502 15.45278549194336 -4.950594425201416 0.1220
Car 1 1 1 250.6730194091797 181.05465698242188 275.1884460449219 198.70919799804688 3.9990150928497314 1.49247145652771 1.6025885343551636 -31.323806762695312 2.257103204727173 65.14996337890625 -5.059854030609131 0.1216
Pedestrian 1 1 1 44.94290542602539 161.54345703125 85.19397735595703 231.50694274902344 0.7549791932106018 1.8285696506500244 0.5982964038848877 -14.607477188110352 1.5326567888259888 19.29085922241211 -4.927825927734375 0.1209
Pedestrian 1 1 1 18.232624053955078 164.99273681640625 58.60877990722656 237.9957275390625 0.7583006620407104 1.8147088289260864 0.6018585562705994 -14.610822677612305 1.6189937591552734 18.396041870117188 -5.067013740539551 0.1204
Car 1 1 1 548.9789428710938 176.48680114746094 587.1338500976562 209.13125610351562 3.9715654850006104 1.5481948852539062 1.627944827079773 -2.119293451309204 1.742594838142395 36.668128967285156 -4.690972328186035 0.1202
Pedestrian 1 1 1 1045.3978271484375 143.5415802001953 1105.2874755859375 284.4725341796875 0.6806263327598572 1.737166166305542 0.5926602482795715 5.973689079284668 1.375550627708435 9.344552993774414 -7.190419673919678 0.1201
Cyclist 1 1 1 438.1556396484375 160.96055603027344 466.5250549316406 204.5233612060547 1.6211004257202148 1.7561028003692627 0.5607616901397705 -6.570246696472168 1.2763549089431763 29.935190200805664 -4.525180816650391 0.1197
Pedestrian 1 1 1 153.5441436767578 161.00025939941406 189.7294158935547 226.19375610351562 0.7518447637557983 1.7989307641983032 0.5836576819419861 -12.373278617858887 1.4715418815612793 20.300382614135742 -4.76401948928833 0.1196
Car 1 1 1 775.50244140625 176.8272247314453 909.6947021484375 264.037109375 3.8794100284576416 1.5456963777542114 1.58512282371521 4.575112342834473 1.6383187770843506 14.920605659484863 -7.835379123687744 0.1187
Car 1 1 1 596.9929809570312 177.58380126953125 629.0305786132812 208.31759643554688 3.9225075244903564 1.5616111755371094 1.6437276601791382 0.08247190713882446 1.831555724143982 39.24844741821289 -4.732969284057617 0.1182
Car 1 1 1 533.1827392578125 177.63787841796875 569.0873413085938 206.53460693359375 4.025855541229248 1.5646226406097412 1.6512539386749268 -3.3952643871307373 1.854781985282898 41.775230407714844 -4.686119556427002 0.1181
Car 1 1 1 660.7861328125 170.2714385986328 681.6709594726562 190.49464416503906 4.183333396911621 1.8049129247665405 1.6620867252349854 5.591616153717041 1.574118733406067 66.50736236572266 -7.8307108879089355 0.1174
Car 1 1 1 521.1119384765625 179.17970275878906 543.631591796875 200.6324920654297 3.862990140914917 1.5418176651000977 1.6232212781906128 -5.917521953582764 2.0413997173309326 55.025718688964844 -4.797004222869873 0.1170
Pedestrian 1 1 1 814.4143676757812 161.7135772705078 834.9796752929688 209.73440551757812 0.6700987219810486 1.7554738521575928 0.6012561321258545 7.903777122497559 1.347919225692749 26.733564376831055 -7.778866291046143 0.1166
Car 1 1 1 485.3561096191406 180.4247589111328 528.6961669921875 212.20079040527344 4.071717262268066 1.5105960369110107 1.678502082824707 -5.303114414215088 1.9231929779052734 37.31214141845703 -4.71653413772583 0.1154
Car 1 1 1 611.992431640625 176.54856872558594 642.5751342773438 200.94422912597656 3.8301446437835693 1.5496273040771484 1.6063635349273682 1.0883643627166748 1.8073848485946655 48.41558837890625 -7.948915004730225 0.1153
Pedestrian 1 1 1 201.3822021484375 169.1839599609375 234.56146240234375 228.8659210205078 0.7811639308929443 1.7476698160171509 0.5987507104873657 -11.741846084594727 1.6399000883102417 21.538278579711914 -4.778319835662842 0.1148
Pedestrian 1 1 1 146.6721954345703 164.26708984375 185.11439514160156 234.0419464111328 0.7510629296302795 1.7975879907608032 0.597621738910675 -11.73074722290039 1.576066017150879 18.994274139404297 -4.8202691078186035 0.1139
Car 1 1 1 612.349853515625 177.57464599609375 634.700927734375 195.97120666503906 3.8822450637817383 1.4720830917358398 1.5394901037216187 1.084540843963623 1.882254719734192 60.74909973144531 -7.924435138702393 0.1124
Car 1 1 1 699.4796752929688 177.74794006347656 763.3411865234375 222.73719787597656 3.8527119159698486 1.5112909078598022 1.628150224685669 4.3462018966674805 1.7046180963516235 26.604162216186523 -7.875338077545166 0.1123
Pedestrian 1 1 1 147.28359985351562 168.51376342773438 179.42709350585938 223.59417724609375 0.8006331324577332 1.7613232135772705 0.5921398997306824 -14.583250045776367 1.6222344636917114 23.49669647216797 -4.7968220710754395 0.1119
Car 1 1 1 708.633544921875 175.82803344726562 809.8388061523438 236.56198120117188 4.062776565551758 1.4932488203048706 1.6457308530807495 3.9587249755859375 1.5842026472091675 20.042423248291016 -7.943492412567139 0.1108
Car 1 1 1 636.885498046875 171.3992462158203 663.914794921875 191.72340393066406 4.245699882507324 1.8089869022369385 1.6419447660446167 3.661778211593628 1.6792038679122925 66.44441223144531 -8.005903244018555 0.1105
Pedestrian 1 1 1 194.10482788085938 166.53724670410156 227.84060668945312 222.979248046875 0.8164101839065552 1.7569178342819214 0.6099268198013306 -12.688419342041016 1.5599908828735352 22.87359046936035 -7.835801601409912 0.1105
Car 1 1 1 439.4601745605469 178.7999725341797 461.5560607910156 196.20985412597656 3.9128332138061523 1.5516408681869507 1.584389567375183 -14.958296775817871 2.126077651977539 67.71722412109375 -4.8137593269348145 0.1099
Pedestrian 1 1 1 0.0 159.36825561523438 12.134760856628418 255.8592071533203 0.7401267886161804 1.8335548639297485 0.5808057188987732 -12.318309783935547 1.5769940614700317 14.178415298461914 -3.9359045028686523 0.1095
Car 1 1 1 1241.0 162.27224731445312 1241.0 374.0 4.089519500732422 1.4864453077316284 1.5879275798797607 7.257044792175293 1.427156925201416 5.085391044616699 -6.418810844421387 0.1094
Car 1 1 1 220.0102996826172 182.54803466796875 252.974609375 201.36276245117188 3.877873659133911 1.520282506942749 1.5144280195236206 -32.311195373535156 2.3867063522338867 62.4624137878418 -4.907230377197266 0.1090
Car 1 1 1 0.0 0.0 1241.0 374.0 3.83720326423645 1.549165964126587 1.6162232160568237 6.196364879608154 1.5088213682174683 1.6336734294891357 -7.9861273765563965 0.1083
Pedestrian 1 1 1 136.80091857910156 168.0760498046875 172.93199157714844 228.47457885742188 0.7137140035629272 1.768436074256897 0.5762587189674377 -13.649235725402832 1.6282402276992798 21.569211959838867 -4.295315742492676 0.1067
Car 1 1 1 722.167236328125 177.21145629882812 775.7406616210938 213.3057861328125 4.006524562835693 1.524256944656372 1.6688663959503174 6.230790615081787 1.7351009845733643 32.95853042602539 -7.8551344871521 0.1053
Car 1 1 1 841.3386840820312 173.06936645507812 1022.4450073242188 231.3910369873047 4.111756801605225 1.4862830638885498 1.6222423315048218 8.442063331604004 1.4920066595077515 19.287527084350586 -6.242982387542725 0.1051
Car 1 1 1 106.44950866699219 177.3106231689453 208.12168884277344 222.00648498535156 3.7124996185302734 1.5075098276138306 1.6120080947875977 -16.614944458007812 1.6834112405776978 26.62176513671875 -4.778729438781738 0.1050
Car 1 1 1 288.6253356933594 180.9325408935547 324.14691162109375 202.17877197265625 3.784397840499878 1.5084716081619263 1.5644453763961792 -23.004547119140625 2.1429972648620605 54.71786880493164 -4.850564002990723 0.1050
Car 1 1 1 175.45655822753906 179.21141052246094 275.26373291015625 224.44326782226562 3.707602024078369 1.5061780214309692 1.532078504562378 -14.021726608276367 1.7556177377700806 26.45147132873535 -4.657770156860352 0.1047
Pedestrian 1 1 1 9.084477424621582 165.27877807617188 39.116031646728516 217.15281677246094 0.5746555328369141 1.8067361116409302 0.5909774899482727 -20.68259048461914 1.5425968170166016 25.420543670654297 -4.703690528869629 0.1038
Car 1 1 1 585.5028686523438 176.81765747070312 612.6715087890625 201.36825561523438 3.9571104049682617 1.5679360628128052 1.6256029605865479 -0.8060629367828369 1.846673607826233 48.766090393066406 -7.922293186187744 0.1037
Car 1 1 1 200.57130432128906 183.0301971435547 237.47259521484375 201.8225860595703 3.7471539974212646 1.5260238647460938 1.5777920484542847 -33.93437957763672 2.4372668266296387 62.67320251464844 -4.840953826904297 0.1036
Pedestrian 1 1 1 32.044368743896484 176.8998260498047 45.80584716796875 219.9706268310547 0.3953712284564972 1.77849280834198 0.5261882543563843 -23.92983055114746 1.9492762088775635 30.183387756347656 -6.840696811676025 0.1034
Car 1 1 1 832.2289428710938 175.6605224609375 926.6153564453125 221.5191192626953 3.8373477458953857 1.4921317100524902 1.6163088083267212 9.43471908569336 1.5995838642120361 25.711511611938477 -7.95548677444458 0.1034
Pedestrian 1 1 1 273.1687316894531 165.844970703125 291.97174072265625 206.6370391845703 0.623302698135376 1.8331058025360107 0.6615931987762451 -14.921107292175293 1.5178353786468506 32.79866027832031 -4.9246625900268555 0.1027
Car 1 1 1 501.9383850097656 179.0439910888672 534.7857666015625 203.85760498046875 3.96012020111084 1.6090543270111084 1.6728003025054932 -6.3103108406066895 2.0530314445495605 49.78697204589844 -4.687348365783691 0.1026
Pedestrian 1 1 1 84.24472045898438 174.3154296875 119.51593780517578 229.94932556152344 0.7805237174034119 1.799798607826233 0.619540810585022 -16.849590301513672 1.8488396406173706 23.86453628540039 -7.274364948272705 0.1024
