Car 1 1 1 155.24517822265625 185.24269104003906 254.63185119628906 242.04071044921875 3.95188045501709 1.6549659967422485 1.6590328216552734 -13.389559745788574 2.1029717922210693 24.022390365600586 -4.882165431976318 0.7239
Car 1 1 1 719.6039428710938 179.64076232910156 751.5819702148438 209.57699584960938 3.913031816482544 1.506466269493103 1.6323082447052002 6.803485870361328 1.8954180479049683 39.315391540527344 -4.538747310638428 0.7154
Car 1 1 1 207.89065551757812 189.1227264404297 278.53460693359375 230.56031799316406 3.751805305480957 1.5592398643493652 1.622102975845337 -15.547359466552734 2.2956206798553467 30.690004348754883 -4.875472068786621 0.4535
Pedestrian 1 1 1 940.9700317382812 167.80364990234375 957.9971923828125 199.84652709960938 0.892699658870697 1.7919892072677612 0.5626370310783386 19.156982421875 1.5092498064041138 40.80677795410156 -4.68093729019165 0.3943
Car 1 1 1 911.128662109375 173.923095703125 946.30224609375 190.65284729003906 3.840399742126465 1.4980297088623047 1.5750750303268433 29.429250717163086 1.5995261669158936 66.77928924560547 -4.706546306610107 0.3571
Pedestrian 1 1 1 610.966552734375 177.79832458496094 633.545166015625 217.33580017089844 0.7848146557807922 1.7109466791152954 0.6482322216033936 0.4967026114463806 1.9324512481689453 31.85979461669922 -8.512860298156738 0.3539
Pedestrian 1 1 1 276.8025207519531 188.505615234375 295.4053649902344 221.87705993652344 0.7927389740943909 1.7214785814285278 0.6587886810302734 -17.194093704223633 2.561272621154785 38.21516418457031 -5.500219821929932 0.3326
Car 1 1 1 892.5574340820312 174.45108032226562 927.6157836914062 192.21499633789062 3.733393669128418 1.515842080116272 1.554115653038025 26.455778121948242 1.6608432531356812 63.776123046875 -4.709046840667725 0.3317
Car 1 1 1 304.70220947265625 181.11276245117188 348.1597595214844 210.28005981445312 3.518481969833374 1.493764042854309 1.5390925407409668 -15.65040397644043 1.9711134433746338 39.86867904663086 -4.877418041229248 0.3154
Car 1 1 1 920.097412109375 182.63294982910156 999.5570068359375 220.03733825683594 3.5159542560577393 1.471454381942749 1.6233619451522827 14.942113876342773 1.9169105291366577 31.10420799255371 -4.748070240020752 0.3121
Pedestrian 1 1 1 1153.0732421875 162.65660095214844 1241.0 319.5513610839844 0.7709724307060242 1.584247350692749 0.6110731363296509 6.305500030517578 1.4809789657592773 7.731490135192871 -4.478745937347412 0.2885
Car 1 1 1 0.0 192.91363525390625 59.851036071777344 225.68885803222656 3.955941677093506 1.5230604410171509 1.6237248182296753 -31.080303192138672 2.6451451778411865 38.24959945678711 -4.979665756225586 0.2798
Pedestrian 1 1 1 484.9831848144531 176.38963317871094 509.1490783691406 225.8328857421875 0.7618085741996765 1.7012922763824463 0.6285200119018555 -4.022259712219238 1.8277236223220825 25.37962532043457 -8.335573196411133 0.2743
Car 1 1 1 1003.1526489257812 170.88597106933594 1074.31494140625 203.4609832763672 4.012458801269531 1.5594837665557861 1.6337864398956299 21.62510108947754 1.4649676084518433 36.634552001953125 -4.588287353515625 0.2697
Car 1 1 1 946.05419921875 173.09100341796875 998.2523193359375 192.66859436035156 3.9601328372955322 1.4989339113235474 1.6099990606307983 28.71588706970215 1.5181753635406494 57.3946533203125 -4.911444664001465 0.2620
Cyclist 1 1 1 1082.4415283203125 166.17515563964844 1114.872802734375 201.49758911132812 1.7230310440063477 1.7140114307403564 0.6513767242431641 24.260787963867188 1.389622449874878 35.912078857421875 -4.566782474517822 0.2539
Car 1 1 1 807.5037231445312 174.98236083984375 835.1990966796875 195.4873504638672 3.9579811096191406 1.5980167388916016 1.6129463911056519 17.138486862182617 1.7770849466323853 58.73509216308594 -7.712193965911865 0.2317
Car 1 1 1 853.2288818359375 175.6896514892578 880.9239501953125 193.12669372558594 3.7187728881835938 1.4765276908874512 1.4786030054092407 22.618938446044922 1.73396635055542 63.653953552246094 -4.60373592376709 0.2219
Car 1 1 1 312.931396484375 189.94512939453125 371.94708251953125 212.07058715820312 3.664004325866699 1.5102875232696533 1.7182031869888306 -19.42527961730957 2.7789762020111084 52.35419464111328 -2.9336190223693848 0.2219
Pedestrian 1 1 1 455.61334228515625 165.69264221191406 468.594970703125 196.563232421875 0.7484521269798279 1.8140472173690796 0.6390548944473267 -8.802334785461426 1.3929246664047241 42.784934997558594 -7.88918924331665 0.2158
Pedestrian 1 1 1 853.5442504882812 172.751953125 863.9970092773438 191.61109924316406 0.8611182570457458 1.7612704038619995 0.5650696158409119 23.382400512695312 1.7514395713806152 67.87747955322266 -3.8352389335632324 0.2151
Car 1 1 1 754.9395141601562 179.4151153564453 774.3345336914062 198.37181091308594 4.024446487426758 1.5790282487869263 1.6227916479110718 13.626509666442871 2.177563428878784 63.71806716918945 -4.502511024475098 0.2119
Pedestrian 1 1 1 582.5836791992188 165.10873413085938 597.0098876953125 198.72181701660156 0.7159504890441895 1.7932225465774536 0.6101791858673096 -1.1252410411834717 1.37972092628479 38.9135627746582 -7.613831996917725 0.2118
Cyclist 1 1 1 1061.2808837890625 166.64852905273438 1115.9818115234375 214.24237060546875 1.7376296520233154 1.7771729230880737 0.6338240504264832 18.100954055786133 1.5451581478118896 27.367395401000977 -6.410777568817139 0.2050
Pedestrian 1 1 1 1011.4710083007812 165.20034790039062 1030.004150390625 193.1887969970703 0.9009518623352051 1.770052194595337 0.5482889413833618 26.156536102294922 1.2857178449630737 46.012088775634766 -3.400646686553955 0.2038
Car 1 1 1 683.4095458984375 170.96031188964844 712.6532592773438 197.5575408935547 4.142385482788086 1.7969534397125244 1.6904373168945312 6.222631931304932 1.6687119007110596 50.95034408569336 -7.643547534942627 0.2032
Pedestrian 1 1 1 490.12945556640625 170.09373474121094 512.2534790039062 215.6786651611328 0.7145941853523254 1.7619078159332275 0.6543657779693604 -4.3085832595825195 1.6549204587936401 28.30278968811035 -4.514861583709717 0.2023
Pedestrian 1 1 1 606.4487915039062 172.52391052246094 619.5144653320312 199.4292449951172 0.6781655550003052 1.7714955806732178 0.5819942355155945 0.1662120819091797 1.7494616508483887 47.95269012451172 -4.084781646728516 0.1977
Car 1 1 1 116.46154022216797 188.7027130126953 174.8350372314453 219.9315948486328 3.7138257026672363 1.5890170335769653 1.687456727027893 -26.18753433227539 2.528125047683716 40.76006317138672 -4.962562084197998 0.1971
Car 1 1 1 409.82147216796875 186.35296630859375 454.9969482421875 204.14431762695312 3.9357540607452393 1.5447381734848022 1.5562022924423218 -16.126392364501953 2.793100118637085 65.57849884033203 -3.3475959300994873 0.1969
Pedestrian 1 1 1 626.3152465820312 171.5442657470703 641.7628784179688 199.52667236328125 0.774652898311615 1.7649956941604614 0.617590606212616 1.4989488124847412 1.6820833683013916 46.00129699707031 -3.894623279571533 0.1944
Cyclist 1 1 1 563.15673828125 158.7123260498047 579.1061401367188 200.41053771972656 1.6329870223999023 1.7742348909378052 0.5523546934127808 -1.7323338985443115 1.1722147464752197 31.526954650878906 -4.676219940185547 0.1937
Car 1 1 1 504.0303649902344 184.21914672851562 578.401611328125 212.58987426757812 3.7718729972839355 1.48469877243042 1.6593378782272339 -3.8462908267974854 2.136751890182495 40.1105842590332 -6.011557579040527 0.1888
Pedestrian 1 1 1 709.9660034179688 171.83880615234375 723.1642456054688 196.1980438232422 0.6792662143707275 1.7328404188156128 0.6601676344871521 7.6164140701293945 1.6603227853775024 51.78497314453125 -8.35932445526123 0.1875
Pedestrian 1 1 1 1141.5626220703125 142.6765594482422 1196.76416015625 232.68133544921875 0.7462893724441528 1.797046422958374 0.6000739932060242 11.41205883026123 1.1942201852798462 14.814685821533203 -4.584451675415039 0.1856
Pedestrian 1 1 1 1223.122802734375 156.47821044921875 1241.0 223.89569091796875 0.6639272570610046 1.7708452939987183 0.5541069507598877 16.902332305908203 1.340404987335205 19.335233688354492 -6.674404621124268 0.1846
Pedestrian 1 1 1 1101.5616455078125 157.66952514648438 1133.6800537109375 219.55848693847656 0.6979967951774597 1.7594412565231323 0.5641924142837524 14.663372993469238 1.3274619579315186 20.925954818725586 -7.574046611785889 0.1839
Pedestrian 1 1 1 679.0213623046875 169.12940979003906 691.3167114257812 197.36936950683594 0.7277625203132629 1.7588210105895996 0.6459478139877319 4.6953020095825195 1.5265487432479858 45.37936019897461 -7.564103603363037 0.1836
Car 1 1 1 407.9772644042969 184.21694946289062 433.9234924316406 208.60107421875 4.101362228393555 1.575880527496338 1.7009735107421875 -13.34913444519043 2.411421298980713 50.877349853515625 -4.9640583992004395 0.1823
Pedestrian 1 1 1 596.4564208984375 168.58062744140625 609.8803100585938 199.04698181152344 0.7350887656211853 1.7477540969848633 0.6447389721870422 -0.42975011467933655 1.5023049116134644 41.81433868408203 -7.662871837615967 0.1798
Car 1 1 1 934.1932983398438 169.8048095703125 963.68505859375 186.95864868164062 3.854008197784424 1.5708646774291992 1.5880882740020752 31.933828353881836 1.2913343906402588 68.11358642578125 -4.530858516693115 0.1764
Car 1 1 1 106.83837127685547 184.64898681640625 157.9733123779297 213.08493041992188 3.913958787918091 1.6035691499710083 1.6580469608306885 -29.45728874206543 2.36637544631958 44.56393051147461 -5.028963565826416 0.1754
Pedestrian 1 1 1 1054.0911865234375 168.12928771972656 1163.052490234375 343.70654296875 0.7702895402908325 1.465035319328308 0.48620641231536865 4.352648735046387 1.4253119230270386 6.42800235748291 -4.612756729125977 0.1731
Pedestrian 1 1 1 1077.349853515625 164.11187744140625 1112.9600830078125 217.84628295898438 0.8146092295646667 1.746439814567566 0.5795938968658447 15.971680641174316 1.4620091915130615 23.83108139038086 -6.5288262367248535 0.1729
Car 1 1 1 745.608642578125 179.7969970703125 771.709716796875 201.17770385742188 3.9732425212860107 1.532341480255127 1.6290868520736694 11.382088661193848 2.084099054336548 55.23558044433594 -4.4245991706848145 0.1723
Car 1 1 1 625.80126953125 176.18484497070312 690.839599609375 200.94036865234375 3.950618267059326 1.5506397485733032 1.6712658405303955 3.1197614669799805 1.7732336521148682 46.92308807373047 -2.854337692260742 0.1694
Pedestrian 1 1 1 971.2532958984375 158.24591064453125 990.6354370117188 205.51084899902344 0.836085319519043 1.7599059343338013 0.598310112953186 14.018146514892578 1.2156749963760376 27.368755340576172 -4.304966449737549 0.1662
Car 1 1 1 0.0 0.0 1241.0 374.0 3.82407546043396 1.529449701309204 1.6272554397583008 4.296693801879883 1.5386887788772583 1.004992961883545 -7.896874904632568 0.1661
Car 1 1 1 1208.9722900390625 170.78216552734375 1241.0 372.40716552734375 4.152121067047119 1.4843695163726807 1.6063787937164307 8.12973690032959 1.4688166379928589 6.426814079284668 -6.127786636352539 0.1655
Pedestrian 1 1 1 506.89068603515625 175.865478515625 521.2845458984375 203.8448486328125 0.7779311537742615 1.7827903032302856 0.6753501296043396 -6.228426456451416 1.9790501594543457 46.589500427246094 -8.377655029296875 0.1640
Pedestrian 1 1 1 1001.2039184570312 151.6163330078125 1055.64990234375 259.3183288574219 0.7180386781692505 1.720031976699829 0.5303714275360107 6.873271942138672 1.380560278892517 11.947434425354004 -3.760434150695801 0.1636
Pedestrian 1 1 1 557.787353515625 172.3978271484375 574.0972900390625 217.22731018066406 0.688651978969574 1.6576520204544067 0.585767924785614 -1.7009660005569458 1.6404839754104614 27.051143646240234 -4.809046268463135 0.1621
Pedestrian 1 1 1 277.6849365234375 173.39205932617188 306.5239562988281 222.77682495117188 0.7061413526535034 1.7294526100158691 0.6243090629577637 -11.381590843200684 1.7486848831176758 25.73541259765625 -4.233238220214844 0.1619
Cyclist 1 1 1 245.43516540527344 183.0788116455078 280.8775329589844 227.7172088623047 1.770177960395813 1.756040096282959 0.5837993621826172 -14.290651321411133 2.1889705657958984 29.682146072387695 -4.695906162261963 0.1606
Pedestrian 1 1 1 1161.4222412109375 147.98341369628906 1214.1602783203125 228.4372100830078 0.7675368189811707 1.8165587186813354 0.5833995342254639 13.356616020202637 1.2547082901000977 16.75579071044922 -5.0898237228393555 0.1595
Car 1 1 1 815.8184204101562 177.30050659179688 845.0946655273438 200.02525329589844 3.88100004196167 1.553263545036316 1.6003168821334839 15.869895935058594 1.88716459274292 52.17656707763672 -4.527370929718018 0.1579
Car 1 1 1 1011.608154296875 164.27847290039062 1047.890869140625 184.772216796875 3.9657044410705566 1.6575044393539429 1.7252010107040405 35.1175422668457 0.9636276960372925 60.50213623046875 -7.569733142852783 0.1565
Car 1 1 1 112.06057739257812 181.1903533935547 163.01852416992188 206.23062133789062 3.7872562408447266 1.583354115486145 1.6097888946533203 -32.03506088256836 2.1722793579101562 48.983154296875 -4.913333415985107 0.1565
Car 1 1 1 869.0283203125 175.0130157470703 902.2699584960938 192.77381896972656 3.7759125232696533 1.5101149082183838 1.5208090543746948 24.270219802856445 1.7061049938201904 63.70475769042969 -4.70281457901001 0.1555
Car 1 1 1 730.3936767578125 178.8190155029297 760.0284423828125 204.82969665527344 4.098880290985107 1.53163743019104 1.6622228622436523 8.47018051147461 1.9262111186981201 45.61838912963867 -4.570668697357178 0.1546
Pedestrian 1 1 1 663.9850463867188 170.9380340576172 675.8527221679688 199.2626190185547 0.7387028336524963 1.762116551399231 0.6368399262428284 3.731536865234375 1.642621636390686 45.32201385498047 -7.616145610809326 0.1543
Car 1 1 1 0.0 0.0 1241.0 374.0 3.9006896018981934 1.5386879444122314 1.649788498878479 -3.428011894226074 1.6272772550582886 0.9593603014945984 -7.901322841644287 0.1538
Car 1 1 1 434.3831481933594 181.2472381591797 463.68701171875 206.7422637939453 3.982461452484131 1.5893009901046753 1.6264318227767944 -10.796610832214355 2.176762819290161 48.440574645996094 -4.856270790100098 0.1512
Pedestrian 1 1 1 944.7283935546875 166.94346618652344 960.083251953125 194.25128173828125 0.7640154957771301 1.7950351238250732 0.6502096652984619 22.70786476135254 1.4062159061431885 47.921085357666016 -6.952165126800537 0.1510
Car 1 1 1 786.2324829101562 177.73863220214844 812.6099853515625 199.5027618408203 4.131814002990723 1.5524808168411255 1.6706775426864624 14.275213241577148 1.9368820190429688 54.638736724853516 -4.519131660461426 0.1504
Pedestrian 1 1 1 429.93658447265625 174.6453857421875 441.9071960449219 198.23080444335938 0.7369353175163269 1.8321599960327148 0.5845600962638855 -13.677377700805664 1.9734587669372559 56.576866149902344 -3.803532600402832 0.1502
Car 1 1 1 149.8292999267578 180.95481872558594 203.19686889648438 205.76693725585938 4.061796188354492 1.5483163595199585 1.6112571954727173 -29.11136817932129 2.1167147159576416 48.532249450683594 -4.849060535430908 0.1494
Pedestrian 1 1 1 592.830810546875 170.7899627685547 603.5064697265625 198.03390502929688 0.4383564591407776 1.7490016222000122 0.5423178672790527 -0.7992332577705383 1.6161953210830688 46.66853713989258 -3.907412528991699 0.1479
Cyclist 1 1 1 295.2246398925781 177.8724365234375 327.53387451171875 221.05032348632812 1.7524205446243286 1.7597723007202148 0.6152668595314026 -12.644340515136719 1.977691411972046 30.493576049804688 -4.694907188415527 0.1466
Car 1 1 1 186.2158203125 180.8983917236328 229.42454528808594 202.93116760253906 3.8708879947662354 1.5794425010681152 1.6060199737548828 -30.754920959472656 2.2175650596618652 55.234371185302734 -7.994388103485107 0.1450
Pedestrian 1 1 1 512.1226196289062 172.63278198242188 523.5269775390625 201.66969299316406 0.7399448156356812 1.7291737794876099 0.6382970809936523 -5.571667671203613 1.7156997919082642 43.35926818847656 -7.922824382781982 0.1439
Car 1 1 1 0.0 0.0 1241.0 374.0 3.8336679935455322 1.543086051940918 1.6150187253952026 2.687476396560669 1.547748327255249 0.6879571676254272 -7.8683037757873535 0.1438
Car 1 1 1 982.68505859375 172.9493408203125 1027.39794921875 193.3837127685547 4.024773597717285 1.5280309915542603 1.6246833801269531 30.601255416870117 1.535414695739746 56.061912536621094 -7.746988773345947 0.1437
Pedestrian 1 1 1 604.8733520507812 168.1822967529297 621.227294921875 197.23095703125 0.7898661494255066 1.7552523612976074 0.6250766515731812 0.15187421441078186 1.4726662635803223 44.09904479980469 -7.0720534324646 0.1433
Car 1 1 1 901.6908569335938 174.94192504882812 940.35546875 194.3585662841797 3.8862571716308594 1.4932758808135986 1.5209616422653198 24.86949348449707 1.6661454439163208 57.87868881225586 -4.682781219482422 0.1427
Pedestrian 1 1 1 1184.040283203125 149.356689453125 1234.04638671875 225.70635986328125 0.7597407102584839 1.8248034715652466 0.5834415555000305 14.64201831817627 1.2629035711288452 17.707895278930664 -8.247625350952148 0.1409
Car 1 1 1 1160.3087158203125 170.3592071533203 1241.0 317.6465148925781 4.114261627197266 1.5173828601837158 1.630975365638733 8.92841911315918 1.491381049156189 8.28706169128418 -6.3018012046813965 0.1408
Car 1 1 1 304.15411376953125 186.6612091064453 333.838623046875 204.0626983642578 3.768751382827759 1.5219472646713257 1.6512260437011719 -27.480913162231445 2.8640618324279785 68.18767547607422 -7.965068340301514 0.1408
Pedestrian 1 1 1 553.9984130859375 168.50245666503906 564.7305908203125 196.70187377929688 0.7559384703636169 1.8462435007095337 0.633105993270874 -3.3727362155914307 1.5610440969467163 47.62783432006836 -4.679957389831543 0.1387
Pedestrian 1 1 1 0.0 161.12721252441406 32.717384338378906 242.0300750732422 0.7491292357444763 1.8272737264633179 0.5813083648681641 -13.95199966430664 1.5621124505996704 16.74510383605957 -2.5613088607788086 0.1386
Pedestrian 1 1 1 0.0 162.3555908203125 22.141633987426758 237.5229034423828 0.7627413868904114 1.8303630352020264 0.5913045406341553 -15.242828369140625 1.5744214057922363 18.03050422668457 -2.532400608062744 0.1371
Car 1 1 1 413.47076416015625 175.8189239501953 434.7060546875 194.9302215576172 4.0840020179748535 1.7304316759109497 1.6665762662887573 -17.551193237304688 2.019091844558716 68.16119384765625 -8.036916732788086 0.1370
Pedestrian 1 1 1 1161.88134765625 155.08457946777344 1190.712890625 212.72982788085938 0.7328581213951111 1.786300539970398 0.6083717942237854 17.857988357543945 1.2353649139404297 22.82680892944336 -7.348085880279541 0.1368
Car 1 1 1 0.0 187.19461059570312 0.0 374.0 3.900071620941162 1.5489035844802856 1.6274429559707642 -5.343227863311768 1.629136562347412 2.083054542541504 -7.8778462409973145 0.1364
Pedestrian 1 1 1 1107.163330078125 156.9161834716797 1136.7452392578125 211.87733459472656 0.7572727203369141 1.781227469444275 0.6175099611282349 16.86199951171875 1.2644014358520508 23.845369338989258 -7.506404399871826 0.1363
Car 1 1 1 1080.7554931640625 164.33123779296875 1153.46630859375 197.2108917236328 3.857076406478882 1.5869137048721313 1.6274813413619995 25.774293899536133 1.1752690076828003 36.87619400024414 -7.654202938079834 0.1357
Pedestrian 1 1 1 1188.0894775390625 147.02305603027344 1241.0 227.6592559814453 0.761913001537323 1.8218951225280762 0.5813653469085693 13.980613708496094 1.2379705905914307 16.748455047607422 -4.989921569824219 0.1357
Car 1 1 1 467.9398193359375 180.79299926757812 498.0901794433594 208.8046112060547 4.077574253082275 1.5277222394943237 1.6217964887619019 -7.596083641052246 2.021469831466675 42.73954391479492 -4.9199066162109375 0.1355
Pedestrian 1 1 1 1226.771240234375 154.7497100830078 1241.0 215.43544006347656 0.6014607548713684 1.8066169023513794 0.6109780073165894 19.122756958007812 1.2673513889312744 21.898086547851562 -7.285597324371338 0.1353
Pedestrian 1 1 1 439.4686279296875 171.75930786132812 452.08221435546875 199.6278839111328 0.7746995091438293 1.7482755184173584 0.6482342481613159 -10.424112319946289 1.6793020963668823 45.6641731262207 -7.8940606117248535 0.1352
Pedestrian 1 1 1 0.0 179.5120391845703 25.284873962402344 219.9340362548828 0.704139232635498 1.8408265113830566 0.6173405647277832 -27.73434066772461 2.1531999111175537 33.44437789916992 -7.481044292449951 0.1347
Pedestrian 1 1 1 1209.6966552734375 149.40301513671875 1241.0 226.3368682861328 0.7471833229064941 1.8398152589797974 0.5847987532615662 15.275731086730957 1.278702735900879 17.70452308654785 -8.192503929138184 0.1343
Car 1 1 1 914.639404296875 174.66510009765625 955.9320678710938 193.19834899902344 3.976469039916992 1.5409313440322876 1.6564956903457642 28.053253173828125 1.7023341655731201 62.40423583984375 -4.750238418579102 0.1339
Car 1 1 1 352.9491882324219 181.41197204589844 383.6925964355469 206.81752014160156 4.007026195526123 1.5508016347885132 1.6567720174789429 -15.94382095336914 2.1410000324249268 47.6384391784668 -4.967087745666504 0.1318
Pedestrian 1 1 1 279.1165771484375 176.866455078125 289.35333251953125 195.6489715576172 0.6945022940635681 1.766918659210205 0.5766808390617371 -30.95567512512207 2.1501665115356445 68.52041625976562 -7.208261966705322 0.1314
Car 1 1 1 7.704010486602783 192.8874969482422 101.96286010742188 221.43060302734375 3.9122493267059326 1.5148149728775024 1.7072021961212158 -31.568796157836914 2.6872754096984863 41.079490661621094 -3.304356098175049 0.1309
Pedestrian 1 1 1 574.5601196289062 169.65536499023438 583.8684692382812 196.78517150878906 0.8399303555488586 1.7967898845672607 0.6108031272888184 -2.092839002609253 1.5846457481384277 48.223106384277344 -7.908886432647705 0.1309
Pedestrian 1 1 1 30.641033172607422 159.42745971679688 75.08025360107422 241.22190856933594 0.7471268773078918 1.849623680114746 0.582960844039917 -12.989608764648438 1.5457086563110352 16.757646560668945 -2.6051273345947266 0.1300
Car 1 1 1 829.538330078125 174.824462890625 858.8953857421875 191.80299377441406 3.8752903938293457 1.5403708219528198 1.5936535596847534 21.97201156616211 1.7307783365249634 67.87440490722656 -4.685182571411133 0.1292
Cyclist 1 1 1 548.3657836914062 160.06617736816406 564.6888427734375 201.9141387939453 1.62693452835083 1.7652913331985474 0.5527483224868774 -2.350334882736206 1.2255570888519287 31.256319046020508 -4.690363883972168 0.1285
Pedestrian 1 1 1 550.051025390625 174.3249969482422 566.15380859375 204.84059143066406 0.7922539114952087 1.718316912651062 0.6145044565200806 -2.995147705078125 1.802930235862732 41.16361618041992 -7.43203592300415 0.1284
Pedestrian 1 1 1 958.9645385742188 167.16380310058594 972.7745361328125 196.4181671142578 0.8323812484741211 1.7908384799957275 0.6140182614326477 22.006450653076172 1.4422062635421753 44.68679428100586 -7.195668697357178 0.1282
Pedestrian 1 1 1 58.28249740600586 163.4814453125 99.9438247680664 237.92205810546875 0.7561782002449036 1.8147079944610596 0.5914331674575806 -13.32060432434082 1.5859246253967285 18.037126541137695 -2.6044921875 0.1268
Pedestrian 1 1 1 581.8135986328125 171.0056610107422 591.802734375 199.98876953125 0.5500887632369995 1.7327295541763306 0.5634270906448364 -1.4295146465301514 1.6219284534454346 43.42236328125 -7.814859867095947 0.1267
Cyclist 1 1 1 618.5772705078125 175.24041748046875 631.018310546875 205.75860595703125 1.7014366388320923 1.711715579032898 0.571728527545929 0.8209627270698547 1.8515158891677856 41.48326873779297 -4.6056671142578125 0.1264
Pedestrian 1 1 1 61.94219970703125 166.55352783203125 93.79548645019531 228.5170440673828 0.8006685376167297 1.8389971256256104 0.5860875248908997 -16.19453239440918 1.6517072916030884 21.892127990722656 -2.475231647491455 0.1258
Pedestrian 1 1 1 596.0333862304688 169.194091796875 609.861328125 198.21946716308594 0.6949156522750854 1.7178674936294556 0.6556947827339172 -0.45505645871162415 1.500955581665039 43.12872314453125 -7.574232578277588 0.1251
Pedestrian 1 1 1 1137.5972900390625 147.94837951660156 1191.686767578125 234.0352020263672 0.7453003525733948 1.8282017707824707 0.5777797698974609 12.06406021118164 1.2989883422851562 15.774484634399414 -5.0786213874816895 0.1244
Pedestrian 1 1 1 0.0 159.75677490234375 0.0 243.64305114746094 0.7351807951927185 1.8574481010437012 0.5800416469573975 -14.925543785095215 1.5671435594558716 16.43694305419922 -2.4227123260498047 0.1238
Car 1 1 1 1049.385498046875 166.27984619140625 1109.5921630859375 186.69894409179688 3.913388252258301 1.58375084400177 1.684976577758789 37.69414138793945 1.0735445022583008 58.077274322509766 -8.1333589553833 0.1235
Car 1 1 1 852.8491821289062 175.24688720703125 883.0306396484375 194.22079467773438 3.7562079429626465 1.5095140933990479 1.5536398887634277 21.3302001953125 1.7141963243484497 59.853267669677734 -4.594888687133789 0.1229
Car 1 1 1 1006.2113037109375 173.1062774658203 1065.0152587890625 199.83372497558594 3.96873140335083 1.5290400981903076 1.6018545627593994 25.472267150878906 1.5446327924728394 43.38626480102539 -4.586884498596191 0.1227
Car 1 1 1 762.5386962890625 176.716064453125 793.1129150390625 203.6693572998047 3.9253334999084473 1.5836236476898193 1.6508949995040894 10.40327262878418 1.8356510400772095 45.06513977050781 -4.537102222442627 0.1222
Pedestrian 1 1 1 1112.943359375 164.51498413085938 1142.4083251953125 210.9326171875 0.6995956897735596 1.7529265880584717 0.6469839811325073 19.811710357666016 1.4377102851867676 27.68136978149414 -3.5358753204345703 0.1222
Pedestrian 1 1 1 20.60692024230957 160.87472534179688 61.861568450927734 236.7801971435547 0.7611854076385498 1.8506299257278442 0.5928493738174438 -14.275117874145508 1.5582668781280518 18.046205520629883 -2.573763847351074 0.1220
Pedestrian 1 1 1 1195.7755126953125 143.02000427246094 1241.0 237.2474365234375 0.7604564428329468 1.800840139389038 0.5891486406326294 12.065744400024414 1.2303637266159058 14.179429054260254 -4.745115756988525 0.1214
Pedestrian 1 1 1 0.0 161.6371307373047 35.707401275634766 246.95986938476562 0.754334568977356 1.8481110334396362 0.5903663635253906 -13.321911811828613 1.6048510074615479 16.099618911743164 -2.4179844856262207 0.1213
Car 1 1 1 131.8300018310547 174.6171112060547 183.9109344482422 197.9468231201172 4.088024616241455 1.8255916833877563 1.6881707906723022 -36.807212829589844 1.9740047454833984 58.81521224975586 -7.854642391204834 0.1212
Car 1 1 1 568.6312255859375 178.7307891845703 596.7838745117188 203.7867431640625 3.9999310970306396 1.4816092252731323 1.6282637119293213 -1.8000673055648804 1.870158314704895 45.686222076416016 -4.788167476654053 0.1207
Pedestrian 1 1 1 1166.7344970703125 155.3584747314453 1209.8446044921875 221.67359924316406 0.769486129283905 1.803808569908142 0.5626175999641418 15.948699951171875 1.3276207447052002 19.969566345214844 -6.456175327301025 0.1198
Car 1 1 1 833.7413330078125 175.96871948242188 863.87158203125 196.31051635742188 3.915642738342285 1.500444769859314 1.6343885660171509 18.436767578125 1.7504587173461914 55.92043685913086 -4.5464396476745605 0.1196
Car 1 1 1 152.3915557861328 173.75900268554688 201.90072631835938 195.4915008544922 3.675795316696167 1.6441962718963623 1.6474411487579346 -33.91379928588867 1.7171918153762817 56.59048080444336 -7.841710567474365 0.1194
Car 1 1 1 891.03564453125 174.88327026367188 931.1837768554688 196.4680938720703 4.082319736480713 1.5505510568618774 1.6619142293930054 22.58969497680664 1.709020733833313 54.341068267822266 -4.615273952484131 0.1186
Pedestrian 1 1 1 0.0 163.0431365966797 25.253461837768555 241.2158660888672 0.7475884556770325 1.8330096006393433 0.5876471400260925 -14.607210159301758 1.6026626825332642 17.382715225219727 -2.4573135375976562 0.1183
Car 1 1 1 861.1954345703125 174.2925262451172 884.8225708007812 191.10699462890625 3.9434633255004883 1.5165245532989502 1.5750192403793335 24.560583114624023 1.655037522315979 67.53092193603516 -4.4934587478637695 0.1180
Car 1 1 1 478.23486328125 179.68077087402344 511.7773132324219 204.59974670410156 3.7478199005126953 1.5186480283737183 1.5535414218902588 -7.576313495635986 1.9831881523132324 47.106082916259766 -5.039121627807617 0.1178
Car 1 1 1 1241.0 171.3313446044922 1241.0 374.0 4.086475372314453 1.4920260906219482 1.600966453552246 6.3225932121276855 1.4857234954833984 3.824903964996338 -6.372939109802246 0.1176
Car 1 1 1 75.0933837890625 183.8316650390625 127.6831283569336 210.0789031982422 4.040256023406982 1.5734302997589111 1.6453059911727905 -33.25639343261719 2.324969530105591 47.24396896362305 -5.011235237121582 0.1175
Pedestrian 1 1 1 112.52340698242188 185.8928985595703 132.74783325195312 216.9457550048828 0.7889559268951416 1.7880085706710815 0.6341946721076965 -28.717647552490234 2.5641582012176514 42.466304779052734 -7.32857084274292 0.1175
Car 1 1 1 401.9314880371094 181.4699249267578 437.3343200683594 207.59547424316406 4.015420913696289 1.5763508081436157 1.6573103666305542 -12.382089614868164 2.16217303276062 46.99829864501953 -4.822113513946533 0.1174
Car 1 1 1 0.0 0.0 927.9641723632812 374.0 3.820892333984375 1.543136477470398 1.6096317768096924 0.11655370146036148 1.5871214866638184 0.6637844443321228 -7.887524127960205 0.1168
Pedestrian 1 1 1 0.0 157.9314727783203 0.8342066407203674 247.49842834472656 0.7614665031433105 1.8647243976593018 0.5883037447929382 -13.631470680236816 1.5537474155426025 15.475798606872559 -2.5668582916259766 0.1165
Pedestrian 1 1 1 1035.63427734375 160.77069091796875 1048.5311279296875 188.71177673339844 0.8087137341499329 1.8871263265609741 0.5782918930053711 29.445161819458008 1.070725917816162 49.223026275634766 -7.072936534881592 0.1161
Car 1 1 1 884.7899780273438 172.5133056640625 915.9393920898438 189.23330688476562 3.766451835632324 1.5391043424606323 1.548801302909851 27.43564224243164 1.5074414014816284 68.32905578613281 -4.675801753997803 0.1161
Pedestrian 1 1 1 25.156320571899414 160.0023651123047 68.77220153808594 238.1294403076172 0.749602735042572 1.8366016149520874 0.5807852745056152 -13.624642372131348 1.5341870784759521 17.396957397460938 -2.6383986473083496 0.1157
Pedestrian 1 1 1 90.10749053955078 161.34283447265625 130.8053436279297 233.6711883544922 0.7589120268821716 1.828414797782898 0.5907321572303772 -12.982819557189941 1.5371198654174805 18.68204689025879 -2.6368489265441895 0.1154
Car 1 1 1 246.1347198486328 184.1449737548828 302.1443176269531 213.12100219726562 3.788760185241699 1.5460073947906494 1.587438941001892 -19.47035789489746 2.2315475940704346 41.91001892089844 -7.8847479820251465 0.1151
Pedestrian 1 1 1 59.562828063964844 162.23858642578125 98.61431884765625 232.6769561767578 0.7714583277702332 1.8421673774719238 0.5971258878707886 -14.269805908203125 1.5642437934875488 19.3268985748291 -2.5889909267425537 0.1149
Car 1 1 1 970.1759033203125 171.20382690429688 1039.5421142578125 204.2036895751953 3.9782111644744873 1.5906810760498047 1.6539751291275024 20.019641876220703 1.5108383893966675 36.83552932739258 -7.763805866241455 0.1148
Car 1 1 1 660.3323364257812 180.33909606933594 725.730712890625 236.20120239257812 3.917856216430664 1.497610092163086 1.6033505201339722 2.3758299350738525 1.744441270828247 21.84779930114746 -7.833634853363037 0.1144
Pedestrian 1 1 1 1098.73291015625 162.27395629882812 1135.548583984375 218.3951873779297 0.8280590176582336 1.775098443031311 0.5706567764282227 16.257823944091797 1.440154790878296 23.20529556274414 -6.5465240478515625 0.1143
Pedestrian 1 1 1 77.95220947265625 161.85211181640625 108.98912811279297 240.8931121826172 0.7350285649299622 1.7843904495239258 0.5654920935630798 -12.034181594848633 1.5357176065444946 16.751850128173828 -5.304950714111328 0.1143
Pedestrian 1 1 1 0.0 160.9011688232422 0.0 238.96742248535156 0.7607709765434265 1.8690286874771118 0.585753858089447 -15.883659362792969 1.58255934715271 17.72163963317871 -2.6009159088134766 0.1141
Car 1 1 1 784.7974243164062 177.00540161132812 806.9600830078125 195.27464294433594 3.9632790088653564 1.519121527671814 1.5971423387527466 16.184680938720703 1.8935787677764893 63.04178237915039 -4.5308427810668945 0.1141
Car 1 1 1 575.516845703125 180.74118041992188 638.732666015625 241.70556640625 3.8454573154449463 1.500421166419983 1.6039997339248657 -0.1995125263929367 1.742464303970337 20.216806411743164 -7.894049167633057 0.1135
Car 1 1 1 147.53256225585938 188.03013610839844 237.6577911376953 228.54647827148438 3.951906681060791 1.5074312686920166 1.691697120666504 -17.49306869506836 2.1886844635009766 30.38191032409668 -4.770832061767578 0.1130
Car 1 1 1 877.9818725585938 175.25418090820312 910.9673461914062 194.62139892578125 3.8679869174957275 1.5197871923446655 1.5582107305526733 23.239688873291016 1.7228538990020752 59.12739944458008 -4.600484848022461 0.1130
Pedestrian 1 1 1 15.032320022583008 160.72117614746094 56.83667755126953 233.78952026367188 0.766016960144043 1.8476290702819824 0.58681321144104 -14.912301063537598 1.5405348539352417 18.682355880737305 -2.660580635070801 0.1123
Pedestrian 1 1 1 252.7727508544922 172.66693115234375 277.4620361328125 220.14712524414062 0.7523043155670166 1.6662992238998413 0.5870121121406555 -12.338739395141602 1.65943443775177 25.731666564941406 -4.836409568786621 0.1123
Cyclist 1 1 1 646.15380859375 176.61875915527344 658.7901000976562 206.0648651123047 1.6645606756210327 1.688667893409729 0.5741161108016968 2.470363140106201 1.914481282234192 42.46821594238281 -4.549849987030029 0.1122
Car 1 1 1 923.607666015625 174.00369262695312 971.6396484375 193.64793395996094 4.0279011726379395 1.5016831159591675 1.5598177909851074 26.813861846923828 1.5963362455368042 57.49720764160156 -4.836100101470947 0.1122
Car 1 1 1 913.4678955078125 175.13165283203125 955.9641723632812 196.8249969482422 4.072067737579346 1.5465483665466309 1.6455001831054688 24.201732635498047 1.7232718467712402 53.97991180419922 -4.625735282897949 0.1122
Car 1 1 1 630.6716918945312 178.26788330078125 676.649658203125 213.50006103515625 3.892291784286499 1.4822208881378174 1.5928874015808105 2.013979196548462 1.7454160451889038 33.05348587036133 -4.516328811645508 0.1119
Car 1 1 1 282.66864013671875 183.29559326171875 315.10284423828125 201.12013244628906 3.745985507965088 1.5842996835708618 1.6443166732788086 -29.42670249938965 2.600142478942871 68.29912567138672 -7.913685321807861 0.1111
Pedestrian 1 1 1 942.751953125 165.85935974121094 958.5283813476562 198.8680419921875 0.8998385667800903 1.8050230741500854 0.5399340391159058 18.811471939086914 1.422232747077942 39.93726348876953 -4.58191442489624 0.1105
