Car 1 1 1 712.4393920898438 176.3549041748047 740.9461669921875 196.30812072753906 4.116109848022461 1.487083077430725 1.6202309131622314 9.08049201965332 1.7713004350662231 56.57020568847656 -7.840169429779053 0.5990
Car 1 1 1 537.9337768554688 177.88380432128906 565.3155517578125 197.37405395507812 3.9799611568450928 1.4850109815597534 1.607477068901062 -4.688580513000488 1.903786063194275 58.07395935058594 -4.639094829559326 0.5516
Car 1 1 1 354.63427734375 178.40509033203125 396.3211669921875 201.49911499023438 3.6314644813537598 1.544521450996399 1.713910460472107 -16.544662475585938 1.9504060745239258 50.966304779052734 -4.695161819458008 0.3299
Pedestrian 1 1 1 295.91375732421875 163.26364135742188 317.9512023925781 206.90670776367188 0.670540988445282 1.8509681224822998 0.660729169845581 -13.033622741699219 1.4439263343811035 30.939287185668945 -4.70471715927124 0.3050
Pedestrian 1 1 1 1058.5299072265625 155.61019897460938 1077.8580322265625 193.2930145263672 0.7606245875358582 1.7923038005828857 0.5885195136070251 22.028539657592773 0.9718385934829712 34.763126373291016 -7.58574914932251 0.2956
Car 1 1 1 942.0103759765625 164.17140197753906 979.6221313476562 188.51393127441406 3.821476936340332 1.5769658088684082 1.660569190979004 23.64513397216797 1.0141863822937012 48.809200286865234 -7.572214603424072 0.2717
Pedestrian 1 1 1 771.2384033203125 171.48228454589844 782.8335571289062 191.75216674804688 0.8671147227287292 1.8119211196899414 0.5493415594100952 15.010944366455078 1.689003586769104 64.94088745117188 -3.6172361373901367 0.2524
Car 1 1 1 388.75762939453125 176.3069305419922 424.7999572753906 196.6483612060547 3.6721625328063965 1.4994279146194458 1.6651166677474976 -15.663688659667969 1.7744488716125488 55.67478942871094 -7.827487468719482 0.2370
Pedestrian 1 1 1 1081.7286376953125 162.16207885742188 1095.0164794921875 187.9442138671875 0.7452089786529541 1.7642005681991577 0.5708529949188232 32.98857116699219 1.032281756401062 49.81121063232422 -7.56582498550415 0.2250
Pedestrian 1 1 1 419.8865966796875 168.93653869628906 434.3782958984375 198.3781280517578 0.7950894236564636 1.8069559335708618 0.6483923196792603 -11.361618041992188 1.5662249326705933 44.706451416015625 -7.7726149559021 0.2096
Cyclist 1 1 1 933.9131469726562 170.34072875976562 953.6697387695312 200.14271545410156 1.6713732481002808 1.678254246711731 0.45865803956985474 19.141155242919922 1.536422610282898 41.48107147216797 -7.789174556732178 0.2041
Pedestrian 1 1 1 280.9648132324219 167.13966369628906 302.4100646972656 208.4942626953125 0.6441491842269897 1.7886109352111816 0.6529510617256165 -13.947566986083984 1.541162133216858 31.52933120727539 -7.852932453155518 0.2031
Pedestrian 1 1 1 806.4982299804688 165.9190216064453 823.0825805664062 199.6193084716797 0.8933302760124207 1.7686619758605957 0.6108707785606384 10.832690238952637 1.4043997526168823 38.321189880371094 -7.876288890838623 0.2031
Car 1 1 1 963.4285888671875 174.46279907226562 1007.546630859375 194.52590942382812 3.82016921043396 1.510610580444336 1.5585795640945435 29.35165786743164 1.640748381614685 56.56878662109375 -4.682958602905273 0.2030
Pedestrian 1 1 1 785.7150268554688 168.48455810546875 801.5399169921875 194.83692932128906 0.9251775741577148 1.8179314136505127 0.5357863903045654 12.739066123962402 1.5162028074264526 50.184295654296875 -3.4868621826171875 0.1972
Pedestrian 1 1 1 211.12295532226562 173.6251678466797 233.6709442138672 218.730712890625 0.8106223940849304 1.697364091873169 0.6093418598175049 -14.887711524963379 1.7271170616149902 27.643556594848633 -8.142061233520508 0.1887
Car 1 1 1 498.11199951171875 179.32052612304688 525.1373291015625 199.5587158203125 3.9008657932281494 1.5363558530807495 1.59233558177948 -7.896717548370361 2.073336362838745 57.988956451416016 -4.6987152099609375 0.1876
Car 1 1 1 557.033935546875 175.8940887451172 583.0535888671875 194.8318328857422 3.880270004272461 1.5505255460739136 1.5465044975280762 -3.4109034538269043 1.8189114332199097 61.747798919677734 -4.5850725173950195 0.1851
Pedestrian 1 1 1 763.8251953125 172.06997680664062 773.4620361328125 192.59326171875 0.7467013001441956 1.798627495765686 0.6037057042121887 13.98604965209961 1.7296161651611328 63.71223831176758 -4.129333019256592 0.1848
Car 1 1 1 633.6044311523438 180.34829711914062 658.5037231445312 202.63377380371094 3.9387197494506836 1.5941530466079712 1.6458532810211182 2.682130813598633 2.184904098510742 54.92555236816406 -4.725485801696777 0.1823
Pedestrian 1 1 1 104.04352569580078 168.3086700439453 140.9363555908203 225.88880920410156 0.7440171241760254 1.7653201818466187 0.6294803023338318 -15.2513427734375 1.6256674528121948 22.514253616333008 -7.784397602081299 0.1797
Cyclist 1 1 1 992.7341918945312 172.1368865966797 1027.89697265625 211.1880645751953 1.753469467163086 1.6981124877929688 0.5495398640632629 17.83521270751953 1.6666291952133179 32.261192321777344 -4.74666690826416 0.1777
Pedestrian 1 1 1 0.0 167.17733764648438 31.250377655029297 240.853271484375 0.7557225823402405 1.7926965951919556 0.575260579586029 -14.920937538146973 1.6542710065841675 18.028526306152344 -5.474363327026367 0.1773
Pedestrian 1 1 1 42.848365783691406 174.11224365234375 57.66405487060547 217.67640686035156 0.4272032678127289 1.7840169668197632 0.5248542428016663 -23.243099212646484 1.8364535570144653 29.904420852661133 -7.059084415435791 0.1699
Car 1 1 1 0.0 0.0 1241.0 374.0 3.8937275409698486 1.5391695499420166 1.6493217945098877 -3.4224002361297607 1.6245739459991455 0.9608277678489685 -7.901119709014893 0.1698
Car 1 1 1 0.0 180.2927703857422 53.0114860534668 249.94717407226562 3.5710818767547607 1.5191328525543213 1.577770471572876 -15.962560653686523 1.7236074209213257 17.99853515625 -7.968480587005615 0.1666
Car 1 1 1 320.9609680175781 173.55255126953125 364.4252624511719 195.6014862060547 3.989548444747925 1.6482369899749756 1.678690791130066 -20.758718490600586 1.7042465209960938 56.1154670715332 -4.642974853515625 0.1632
Car 1 1 1 0.0 176.37142944335938 80.26256561279297 217.68858337402344 3.8104660511016846 1.613822340965271 1.7304025888442993 -24.60684585571289 1.771459937095642 30.455781936645508 -4.757441520690918 0.1618
Pedestrian 1 1 1 133.00408935546875 180.7760009765625 153.8602752685547 226.0459747314453 0.5685500502586365 1.779086709022522 0.6311229467391968 -18.74825096130371 2.1009864807128906 28.924739837646484 -8.563338279724121 0.1582
Pedestrian 1 1 1 428.2044677734375 175.99317932128906 440.2918395996094 196.5800323486328 0.8734947443008423 1.7706384658813477 0.5389227271080017 -15.300379753112793 2.045438766479492 62.722633361816406 -7.176268100738525 0.1567
Pedestrian 1 1 1 1121.2781982421875 154.15371704101562 1144.2100830078125 199.0531005859375 0.625367283821106 1.8164832592010498 0.6425517797470093 21.39853286743164 1.0596305131912231 29.606101989746094 -7.442841053009033 0.1530
Car 1 1 1 133.33021545410156 182.3711395263672 232.21812438964844 228.08055114746094 3.5978286266326904 1.446618914604187 1.5322952270507812 -14.98673152923584 1.8062527179718018 25.445466995239258 -4.7741312980651855 0.1528
Car 1 1 1 0.0 0.0 1241.0 374.0 3.841770648956299 1.52947199344635 1.6204975843429565 3.9836697578430176 1.55831778049469 1.3113291263580322 -7.879077434539795 0.1524
Car 1 1 1 484.3446960449219 179.85159301757812 518.8594360351562 202.5601806640625 3.9501566886901855 1.5562524795532227 1.6624386310577393 -7.906266689300537 2.0870511531829834 52.73139953613281 -4.637977123260498 0.1516
Car 1 1 1 323.1944274902344 176.63482666015625 381.8140869140625 208.2310333251953 3.735090494155884 1.5042426586151123 1.6200535297393799 -13.052379608154297 1.7059413194656372 36.6748046875 -4.703216552734375 0.1512
Car 1 1 1 1074.510498046875 161.9967041015625 1123.24853515625 186.00205993652344 3.899233341217041 1.627112627029419 1.6810568571090698 34.45917510986328 0.890891432762146 51.00889205932617 -7.587347507476807 0.1478
Car 1 1 1 975.8614501953125 176.34613037109375 1052.10888671875 210.41856384277344 3.87532377243042 1.5068987607955933 1.6665054559707642 19.063465118408203 1.6822876930236816 34.30977249145508 -4.643046855926514 0.1464
Pedestrian 1 1 1 0.0 161.61138916015625 33.70717239379883 242.6300811767578 0.7423140406608582 1.8323888778686523 0.5772199630737305 -13.955323219299316 1.5778162479400635 16.74906349182129 -2.6473050117492676 0.1444
Car 1 1 1 750.3746948242188 177.45828247070312 784.6995239257812 198.0144805908203 3.769853353500366 1.537232756614685 1.6196062564849854 12.324074745178223 1.9115806818008423 56.76953125 -4.789437294006348 0.1442
Car 1 1 1 247.53472900390625 173.45773315429688 302.3071594238281 201.04281616210938 3.8397774696350098 1.7183152437210083 1.6389003992080688 -21.783798217773438 1.758969783782959 46.98918914794922 -7.804805278778076 0.1439
Car 1 1 1 892.6287841796875 172.6112518310547 940.6390380859375 196.10618591308594 3.8041529655456543 1.5523686408996582 1.5968888998031616 20.98296356201172 1.5360288619995117 49.59698486328125 -4.739739418029785 0.1422
Car 1 1 1 365.2282409667969 173.550048828125 397.2466735839844 194.9930877685547 3.8129961490631104 1.5826462507247925 1.6324739456176758 -17.538818359375 1.6376737356185913 55.368507385253906 -7.964823246002197 0.1411
Pedestrian 1 1 1 86.0417251586914 166.84112548828125 124.793701171875 229.7436065673828 0.7753973603248596 1.8100465536117554 0.5975658893585205 -14.906543731689453 1.6367236375808716 21.251331329345703 -4.109374523162842 0.1411
Pedestrian 1 1 1 1128.3143310546875 158.53555297851562 1158.356689453125 209.7637481689453 0.6469535231590271 1.7540186643600464 0.6316384077072144 18.490325927734375 1.2634650468826294 25.089353561401367 -7.634854793548584 0.1388
Cyclist 1 1 1 201.04833984375 174.04537963867188 228.78915405273438 209.85870361328125 1.7426704168319702 1.7110859155654907 0.5247881412506104 -19.418712615966797 1.7707408666610718 35.42161178588867 -7.930810451507568 0.1387
Pedestrian 1 1 1 24.59269142150879 159.74473571777344 69.40715026855469 238.3649139404297 0.745912492275238 1.849484920501709 0.5841988325119019 -13.625163078308105 1.5407987833023071 17.399808883666992 -2.6873011589050293 0.1379
Car 1 1 1 537.1800537109375 175.42529296875 567.0633544921875 194.36447143554688 4.046206474304199 1.5641553401947021 1.553102970123291 -4.983644962310791 1.793480396270752 62.30296325683594 -4.522936820983887 0.1376
Pedestrian 1 1 1 1082.3729248046875 155.5414581298828 1104.9140625 200.32382202148438 0.6291975975036621 1.8110746145248413 0.6349366307258606 19.7797908782959 1.1106263399124146 29.584270477294922 -7.5056471824646 0.1358
Car 1 1 1 1024.267333984375 161.54876708984375 1123.7738037109375 192.13780212402344 4.285944938659668 1.4832674264907837 1.651976466178894 23.243995666503906 0.9347752332687378 36.2443733215332 -6.494387149810791 0.1352
Car 1 1 1 413.8858947753906 179.29776000976562 455.2709655761719 204.238037109375 3.824092149734497 1.5258318185806274 1.64748215675354 -11.427591323852539 1.9633922576904297 47.08789825439453 -4.6750807762146 0.1347
Car 1 1 1 1146.3582763671875 162.51373291015625 1241.0 201.1594696044922 4.076294898986816 1.5096696615219116 1.636744737625122 24.221649169921875 1.1054341793060303 29.17692756652832 -6.369247913360596 0.1339
Pedestrian 1 1 1 1029.8111572265625 158.70062255859375 1050.51904296875 197.30320739746094 0.6962634921073914 1.784091591835022 0.6276225447654724 20.071365356445312 1.1296666860580444 33.74602127075195 -7.673574924468994 0.1335
Car 1 1 1 0.0 0.0 1241.0 374.0 3.802396535873413 1.547193169593811 1.6517928838729858 1.7216410636901855 1.5660916566848755 0.8881401419639587 -7.8645548820495605 0.1332
Car 1 1 1 894.059326171875 172.3344268798828 937.6500244140625 189.44578552246094 3.9918596744537354 1.5238687992095947 1.596688985824585 28.067739486694336 1.477297306060791 66.3888931274414 -8.104796409606934 0.1322
Pedestrian 1 1 1 365.87542724609375 171.0092315673828 379.7459716796875 196.40420532226562 0.8863077163696289 1.8524119853973389 0.6008950471878052 -17.49156951904297 1.7175462245941162 53.1302375793457 -7.6324076652526855 0.1307
Cyclist 1 1 1 181.477783203125 173.92208862304688 210.4044952392578 209.31890869140625 1.7647366523742676 1.690683126449585 0.5210797190666199 -20.346677780151367 1.7441414594650269 35.41682815551758 -7.928140163421631 0.1305
Car 1 1 1 373.0014953613281 183.49951171875 451.87060546875 238.73716735839844 4.023904800415039 1.4748051166534424 1.6239174604415894 -5.996204853057861 1.8316528797149658 22.13506317138672 -4.79473876953125 0.1302
Car 1 1 1 0.0 176.04055786132812 54.993316650390625 229.43797302246094 3.7358548641204834 1.5797274112701416 1.6862232685089111 -20.441171646118164 1.6915332078933716 23.47894287109375 -7.807192325592041 0.1295
Car 1 1 1 948.5545043945312 172.9432373046875 1019.6994018554688 203.29537963867188 3.9760186672210693 1.5500679016113281 1.6061474084854126 20.030296325683594 1.5548286437988281 38.888954162597656 -4.766415119171143 0.1288
Car 1 1 1 559.2044677734375 176.89120483398438 582.341064453125 197.2893829345703 4.063568115234375 1.5462327003479004 1.5658878087997437 -3.123241901397705 1.8793576955795288 57.5468635559082 -4.697017669677734 0.1286
Car 1 1 1 655.2702026367188 178.77627563476562 679.5198364257812 201.26011657714844 3.9490654468536377 1.6120754480361938 1.6285383701324463 4.29533052444458 2.0777900218963623 54.78098678588867 -4.68533992767334 0.1285
Car 1 1 1 689.1807250976562 176.00274658203125 714.4815063476562 198.47300720214844 4.01285457611084 1.6193338632583618 1.6418651342391968 6.887641429901123 1.8663829565048218 54.6269416809082 -7.792039394378662 0.1284
Car 1 1 1 476.6976623535156 179.6599578857422 522.4378051757812 214.78158569335938 3.776893138885498 1.4827380180358887 1.6117677688598633 -5.048805236816406 1.8127353191375732 33.10871505737305 -4.737310409545898 0.1279
Pedestrian 1 1 1 1170.1865234375 154.82278442382812 1213.7686767578125 219.34022521972656 0.7748086452484131 1.8038626909255981 0.5823983550071716 16.568798065185547 1.2994226217269897 20.615293502807617 -8.073923110961914 0.1276
Car 1 1 1 464.1935119628906 179.81639099121094 504.7565002441406 206.93814086914062 3.7838873863220215 1.5351649522781372 1.5987859964370728 -7.598593235015869 1.9759190082550049 43.77164077758789 -4.652462005615234 0.1275
Car 1 1 1 776.764404296875 177.23068237304688 830.2625732421875 209.95779418945312 3.747105598449707 1.509527564048767 1.6126394271850586 9.454998016357422 1.7369502782821655 35.662811279296875 -7.861342906951904 0.1270
Car 1 1 1 948.9309692382812 174.28817749023438 1065.3153076171875 223.4835662841797 3.741323947906494 1.4876227378845215 1.5498791933059692 12.940954208374023 1.538590908050537 23.862239837646484 -4.799559116363525 0.1261
Pedestrian 1 1 1 1096.68212890625 159.3552703857422 1119.6031494140625 206.71719360351562 0.4958512485027313 1.77008056640625 0.5632729530334473 18.825605392456055 1.2652862071990967 27.33642578125 -3.6969447135925293 0.1255
Cyclist 1 1 1 0.0 172.75436401367188 40.379573822021484 213.08966064453125 1.6987005472183228 1.7962570190429688 0.6344457268714905 -26.78251838684082 1.7915197610855103 32.4690055847168 -3.16459059715271 0.1253
Car 1 1 1 492.61785888671875 179.1591796875 532.5894775390625 206.17031860351562 3.8627824783325195 1.5525258779525757 1.591060996055603 -5.978164196014404 1.957754373550415 44.40644073486328 -4.613512992858887 0.1250
Car 1 1 1 78.55308532714844 0.0 1241.0 374.0 3.834310531616211 1.5562330484390259 1.6455233097076416 -1.1591445207595825 1.60286545753479 0.8159616589546204 -7.890173435211182 0.1248
Pedestrian 1 1 1 83.92401123046875 179.0425567626953 105.93029022216797 228.32083129882812 0.505281388759613 1.7887592315673828 0.6034532785415649 -19.090917587280273 2.0206353664398193 26.679584503173828 -8.60024356842041 0.1239
Car 1 1 1 326.4357604980469 176.3452911376953 375.3421936035156 201.1814727783203 3.7408950328826904 1.5383206605911255 1.664346694946289 -16.903615951538086 1.7754439115524292 47.14927291870117 -4.6499409675598145 0.1238
Car 1 1 1 0.0 187.56414794921875 0.0 374.0 3.9030160903930664 1.5423803329467773 1.615112543106079 -5.334711074829102 1.6257425546646118 2.1215736865997314 -7.893764972686768 0.1228
Pedestrian 1 1 1 1217.5181884765625 153.6730194091797 1241.0 224.24729919433594 0.7568156123161316 1.816056728363037 0.5767055153846741 16.570634841918945 1.322180986404419 19.001873016357422 -8.087494850158691 0.1220
Pedestrian 1 1 1 1217.8427734375 148.33404541015625 1241.0 226.92291259765625 0.7641043066978455 1.8098572492599487 0.5888397693634033 14.959126472473145 1.244876742362976 17.077219009399414 -5.067721366882324 0.1219
Pedestrian 1 1 1 83.59538269042969 161.55303955078125 122.41722869873047 232.21987915039062 0.7656850814819336 1.8485803604125977 0.5951412916183472 -13.630071640014648 1.5526577234268188 19.328298568725586 -2.5931379795074463 0.1205
Car 1 1 1 1028.0123291015625 163.0897979736328 1092.328369140625 188.39364624023438 4.160979747772217 1.709112524986267 1.676801323890686 31.625417709350586 1.0493029356002808 50.882083892822266 -7.943080425262451 0.1202
Pedestrian 1 1 1 29.311248779296875 160.0259552001953 75.8727798461914 242.260009765625 0.7479676604270935 1.8609474897384644 0.5868802070617676 -12.99395751953125 1.5703502893447876 16.756906509399414 -2.683438301086426 0.1200
Pedestrian 1 1 1 116.7252426147461 167.0308074951172 154.4015350341797 226.80072021484375 0.7729189395904541 1.8039389848709106 0.6102889180183411 -14.638785362243652 1.6278871297836304 22.202669143676758 -7.712377071380615 0.1199
Car 1 1 1 20.705270767211914 181.77642822265625 150.34744262695312 234.25457763671875 3.5200772285461426 1.466173768043518 1.5820258855819702 -16.281509399414062 1.7668613195419312 22.5533390045166 -4.747702598571777 0.1199
Pedestrian 1 1 1 265.0945739746094 172.18899536132812 278.604736328125 201.7296600341797 0.799702525138855 1.8126270771026611 0.5869036912918091 -20.99069595336914 1.771521806716919 44.72410583496094 -8.054426193237305 0.1184
Car 1 1 1 1067.422119140625 163.1543731689453 1180.5614013671875 195.01148986816406 4.194374084472656 1.4786430597305298 1.6435884237289429 24.355562210083008 1.0281363725662231 34.34170913696289 -6.2689127922058105 0.1184
Cyclist 1 1 1 937.1264038085938 172.10220336914062 960.8084106445312 203.58331298828125 1.67685866355896 1.6897610425949097 0.4896949231624603 18.537975311279297 1.6491080522537231 39.57062530517578 -7.868098735809326 0.1175
Pedestrian 1 1 1 603.8675537109375 178.40280151367188 627.6578369140625 219.15249633789062 0.8486456274986267 1.7238248586654663 0.6234714984893799 0.20405060052871704 1.9674279689788818 31.190929412841797 -8.56566333770752 0.1168
Pedestrian 1 1 1 45.02931213378906 161.11827087402344 88.80331420898438 236.44252014160156 0.7423840761184692 1.8380950689315796 0.5920101404190063 -13.619104385375977 1.5514148473739624 18.030914306640625 -2.7123446464538574 0.1157
Car 1 1 1 521.5638427734375 179.27122497558594 555.1546630859375 206.60479736328125 3.951003313064575 1.5597097873687744 1.6104916334152222 -4.3673319816589355 1.96921968460083 44.09162139892578 -4.698547840118408 0.1156
Pedestrian 1 1 1 1214.6759033203125 150.06578063964844 1241.0 210.41424560546875 0.703289806842804 1.7956383228302002 0.5667194128036499 18.820117950439453 1.1172864437103271 21.878320693969727 -7.611852169036865 0.1146
Pedestrian 1 1 1 67.66893005371094 162.58566284179688 107.20548248291016 232.03375244140625 0.7558944821357727 1.8450950384140015 0.5692170858383179 -14.272867202758789 1.571986198425293 19.642271041870117 -4.0145263671875 0.1137
Cyclist 1 1 1 502.831298828125 159.93861389160156 528.3523559570312 202.90087890625 1.595104455947876 1.757169485092163 0.5498075485229492 -4.001965045928955 1.2286261320114136 30.349546432495117 -4.491087913513184 0.1135
Car 1 1 1 121.16700744628906 183.08409118652344 200.18234252929688 215.0910186767578 3.9322056770324707 1.5237421989440918 1.6633328199386597 -23.331064224243164 2.084089517593384 37.57535934448242 -4.710585594177246 0.1133
Pedestrian 1 1 1 1157.5262451171875 157.5832061767578 1189.9200439453125 215.582763671875 0.7284243106842041 1.7743545770645142 0.603537380695343 17.5360050201416 1.3068820238113403 22.520009994506836 -7.499401569366455 0.1131
Pedestrian 1 1 1 1158.462158203125 156.61842346191406 1191.1282958984375 210.77755737304688 0.6539999842643738 1.7813585996627808 0.6339028477668762 18.82097816467285 1.2470511198043823 24.115894317626953 -7.653149127960205 0.1127
Car 1 1 1 1241.0 170.4587860107422 1241.0 307.74603271484375 3.9549927711486816 1.5093683004379272 1.615536093711853 10.381192207336426 1.4827347993850708 8.945097923278809 -6.389125347137451 0.1126
Car 1 1 1 464.0631408691406 174.9861602783203 485.9058532714844 192.01019287109375 3.936060905456543 1.5472526550292969 1.614788293838501 -12.734689712524414 1.754197597503662 68.10940551757812 -7.931111812591553 0.1112
Car 1 1 1 194.42230224609375 181.0473175048828 283.43927001953125 220.0548858642578 3.7487261295318604 1.468595266342163 1.6256840229034424 -15.296829223632812 1.8292810916900635 29.878936767578125 -4.664675235748291 0.1110
Pedestrian 1 1 1 1113.4058837890625 161.5373077392578 1143.47607421875 214.85621643066406 0.6822757124900818 1.7779982089996338 0.6189484596252441 17.52401351928711 1.400326132774353 24.466453552246094 -7.610402584075928 0.1110
Car 1 1 1 328.51019287109375 175.72369384765625 369.7840576171875 198.96807861328125 3.965550422668457 1.6260625123977661 1.6728715896606445 -19.12240982055664 1.8443893194198608 52.96974563598633 -4.734206676483154 0.1109
Car 1 1 1 543.0060424804688 179.4779815673828 584.1520385742188 214.98739624023438 4.005345344543457 1.4904102087020874 1.6224291324615479 -2.1103479862213135 1.811791181564331 33.036170959472656 -4.710791110992432 0.1105
Pedestrian 1 1 1 0.0 160.60589599609375 21.7122802734375 239.84107971191406 0.7492133378982544 1.8310413360595703 0.5973894000053406 -14.594956398010254 1.5477007627487183 17.082477569580078 -4.589066028594971 0.1104
Pedestrian 1 1 1 1204.533203125 145.99586486816406 1241.0 234.422607421875 0.7587025761604309 1.799178957939148 0.5849930047988892 13.033448219299316 1.2524088621139526 15.131054878234863 -5.020883560180664 0.1100
Car 1 1 1 580.5242919921875 177.67996215820312 602.162109375 198.95489501953125 4.079345226287842 1.5893430709838867 1.6443331241607666 -1.4802296161651611 1.98325777053833 56.88677978515625 -4.7288498878479 0.1098
Car 1 1 1 872.0181884765625 172.53318786621094 912.419921875 189.65066528320312 3.9685301780700684 1.5423481464385986 1.6168409585952759 26.180383682250977 1.5131402015686035 67.11654663085938 -8.049163818359375 0.1097
Pedestrian 1 1 1 230.8417510986328 171.0347442626953 251.39132690429688 217.5098419189453 0.8156722187995911 1.768094539642334 0.6147800087928772 -14.321757316589355 1.698582649230957 27.938806533813477 -8.20521354675293 0.1097
Pedestrian 1 1 1 0.0 159.29605102539062 31.47450065612793 248.64634704589844 0.768031656742096 1.8610212802886963 0.5877372026443481 -12.99096393585205 1.5783313512802124 15.473937034606934 -2.623459577560425 0.1095
Car 1 1 1 78.95863342285156 186.08758544921875 295.3495788574219 291.05987548828125 3.958888292312622 1.5028959512710571 1.6343284845352173 -7.278992176055908 1.7748912572860718 12.84114933013916 -4.7452802658081055 0.1087
Pedestrian 1 1 1 1200.1390380859375 149.10720825195312 1241.0 230.8970947265625 0.7564190626144409 1.8116965293884277 0.5749910473823547 13.99289608001709 1.2853904962539673 16.42188262939453 -4.97220516204834 0.1087
Car 1 1 1 393.44659423828125 172.73333740234375 421.2760925292969 193.60845947265625 4.18325662612915 1.9131101369857788 1.6682806015014648 -19.149593353271484 1.9017506837844849 68.25979614257812 -7.908786296844482 0.1083
Car 1 1 1 1193.9267578125 160.7345428466797 1241.0 224.91053771972656 3.653728485107422 1.5442250967025757 1.6461855173110962 17.804370880126953 1.252302646636963 19.199138641357422 -7.866781711578369 0.1082
Car 1 1 1 445.7880859375 179.69119262695312 485.1886291503906 205.39146423339844 3.9328203201293945 1.5268690586090088 1.645271897315979 -9.175088882446289 1.9803617000579834 45.905853271484375 -4.691091537475586 0.1080
Car 1 1 1 991.651611328125 174.82357788085938 1033.7655029296875 195.12420654296875 4.009878635406494 1.4929558038711548 1.6280838251113892 30.938255310058594 1.6501935720443726 55.59379577636719 -4.530738353729248 0.1078
Car 1 1 1 1212.562255859375 175.54270935058594 1241.0 374.0 4.026790142059326 1.5177435874938965 1.6420459747314453 5.591007709503174 1.5394582748413086 3.854703903198242 -4.660691738128662 0.1077
Car 1 1 1 830.500732421875 174.607421875 864.1226806640625 191.23684692382812 3.8944058418273926 1.4884593486785889 1.5745209455490112 21.97463607788086 1.6558743715286255 67.01063537597656 -4.793715476989746 0.1077
Pedestrian 1 1 1 1104.8175048828125 156.63258361816406 1130.9183349609375 202.1802215576172 0.6244301199913025 1.7846506834030151 0.6489184498786926 20.107685089111328 1.1487623453140259 28.640331268310547 -7.659682750701904 0.1077
Car 1 1 1 1185.8729248046875 149.07131958007812 1241.0 206.38674926757812 3.682490825653076 1.6157454252243042 1.6474876403808594 19.99799346923828 0.9450020790100098 22.203371047973633 -7.8811259269714355 0.1074
Pedestrian 1 1 1 1172.5167236328125 148.48919677734375 1226.370361328125 230.36685180664062 0.7623736262321472 1.811741590499878 0.5734893083572388 13.353094100952148 1.2723113298416138 16.42131996154785 -5.05632209777832 0.1065
Pedestrian 1 1 1 1102.1884765625 156.73593139648438 1127.028564453125 201.49969482421875 0.6237241625785828 1.7915775775909424 0.6333342790603638 20.40545654296875 1.1461851596832275 29.250192642211914 -7.639466762542725 0.1060
Pedestrian 1 1 1 0.0 160.7061767578125 26.1842041015625 246.26271057128906 0.7603705525398254 1.8531521558761597 0.593307375907898 -13.631758689880371 1.5897305011749268 16.109718322753906 -3.9854698181152344 0.1060
Car 1 1 1 867.2779541015625 171.90081787109375 898.3181762695312 189.74090576171875 3.7893006801605225 1.5630477666854858 1.5325349569320679 24.567094802856445 1.4792346954345703 65.14781188964844 -4.662154674530029 0.1058
Car 1 1 1 1214.2056884765625 167.40945434570312 1241.0 278.39031982421875 3.9609827995300293 1.5210356712341309 1.6116331815719604 11.619231224060059 1.4461160898208618 10.887048721313477 -6.382437229156494 0.1057
Car 1 1 1 0.0 185.25743103027344 0.0 374.0 4.063660144805908 1.5742957592010498 1.6250723600387573 -11.132364273071289 1.748698115348816 8.048717498779297 -4.831772327423096 0.1047
Car 1 1 1 1241.0 169.53561401367188 1241.0 349.3879699707031 4.080307960510254 1.5196588039398193 1.6240977048873901 9.064305305480957 1.4913201332092285 7.033934593200684 -6.345396995544434 0.1043
Car 1 1 1 479.60260009765625 181.3813934326172 543.8240356445312 242.3336944580078 3.9254770278930664 1.4868320226669312 1.6114981174468994 -2.76949405670166 1.749639630317688 20.217756271362305 -7.973580837249756 0.1040
Car 1 1 1 166.13038635253906 181.1046600341797 244.3885040283203 212.78219604492188 3.9433817863464355 1.5418130159378052 1.6596758365631104 -21.379854202270508 2.001997947692871 38.226844787597656 -4.614182472229004 0.1039
Pedestrian 1 1 1 114.6369400024414 178.9733428955078 136.7433319091797 225.24917602539062 0.5478379130363464 1.7838988304138184 0.6161983013153076 -19.063827514648438 2.0274085998535156 28.335752487182617 -5.523434162139893 0.1038
Car 1 1 1 1004.6100463867188 175.4182586669922 1043.65283203125 194.9004364013672 4.001210689544678 1.5071858167648315 1.6583893299102783 33.50278091430664 1.7224438190460205 58.51835632324219 -4.484528064727783 0.1035
Car 1 1 1 0.0 173.23802185058594 35.256675720214844 237.47286987304688 3.579608917236328 1.5831327438354492 1.6048336029052734 -17.882741928100586 1.5942176580429077 19.59786605834961 -7.858483791351318 0.1029
Pedestrian 1 1 1 1062.5439453125 157.4501495361328 1084.203857421875 200.91281127929688 0.5805368423461914 1.7781811952590942 0.6295133233070374 19.1486873626709 1.1476659774780273 29.8942928314209 -7.535930156707764 0.1028
Cyclist 1 1 1 0.0 0.0 1241.0 374.0 1.8673182725906372 1.6588190793991089 0.5136931538581848 6.896514415740967 1.3130626678466797 -0.29371634125709534 -8.046599388122559 0.1026
Pedestrian 1 1 1 89.37023162841797 160.8952178955078 130.95997619628906 233.65367126464844 0.7477725744247437 1.8413376808166504 0.5901311635971069 -12.992463111877441 1.5383905172348022 18.686513900756836 -2.701817512512207 0.1026
Pedestrian 1 1 1 0.0 158.25860595703125 0.0 249.2879638671875 0.7442616820335388 1.8537640571594238 0.5773288607597351 -13.635467529296875 1.5562368631362915 15.153311729431152 -2.450834274291992 0.1025
Car 1 1 1 284.3498840332031 178.65673828125 341.150634765625 206.39505004882812 3.8986520767211914 1.5363636016845703 1.6268434524536133 -17.583375930786133 1.896027684211731 42.77672576904297 -4.669050693511963 0.1018
Pedestrian 1 1 1 98.1095199584961 162.9564208984375 131.7548370361328 230.06112670898438 0.7923426032066345 1.841203212738037 0.5873346924781799 -13.96290111541748 1.5693360567092896 20.2767333984375 -2.44579815864563 0.1017
Car 1 1 1 396.6645202636719 173.20773315429688 417.7935485839844 192.3369903564453 3.967954158782959 1.6477627754211426 1.6590708494186401 -18.13762664794922 1.6800719499588013 64.37435150146484 -5.025439739227295 0.1017
Pedestrian 1 1 1 1241.0 149.4463653564453 1241.0 239.72019958496094 0.7669923305511475 1.761372685432434 0.5857847332954407 13.346721649169922 1.3043559789657593 14.505362510681152 -3.576138973236084 0.1012
Pedestrian 1 1 1 1117.4112548828125 154.22296142578125 1141.8167724609375 198.36317443847656 0.6269561052322388 1.8243118524551392 0.643476128578186 21.701196670532227 1.0539922714233398 30.20405387878418 -7.605586528778076 0.1011
Pedestrian 1 1 1 26.95107078552246 161.52178955078125 63.22215270996094 232.90892028808594 0.7338149547576904 1.8355242013931274 0.5632709860801697 -14.920835494995117 1.5438475608825684 18.993730545043945 -2.529153347015381 0.1009
