Car 1 1 1 585.8925170898438 176.29446411132812 631.6172485351562 218.97320556640625 4.1842451095581055 1.5782434940338135 1.6297515630722046 -0.15948450565338135 1.7271506786346436 29.158979415893555 -7.907782077789307 0.8015
Car 1 1 1 454.6708068847656 177.71649169921875 520.34423828125 230.14285278320312 3.864079236984253 1.56465744972229 1.6505249738693237 -4.008775234222412 1.7383583784103394 23.858842849731445 -4.748943328857422 0.7555
Car 1 1 1 534.7958984375 178.82884216308594 563.1668701171875 204.92123413085938 3.9007062911987305 1.5042381286621094 1.611961007118225 -3.7587804794311523 1.8888540267944336 44.49550247192383 -4.762198448181152 0.6225
Car 1 1 1 560.086669921875 178.47312927246094 580.8203735351562 195.07754516601562 3.749628782272339 1.5020358562469482 1.5951308012008667 -3.7468862533569336 2.0498571395874023 68.4730224609375 -4.665633201599121 0.3256
Pedestrian 1 1 1 1163.302978515625 165.01385498046875 1180.421630859375 208.92552185058594 0.40544191002845764 1.7850608825683594 0.5196669697761536 23.034706115722656 1.4660500288009644 29.642250061035156 -4.142378330230713 0.2373
Pedestrian 1 1 1 1038.3233642578125 154.4713134765625 1058.27294921875 201.5895233154297 0.652300238609314 1.8626275062561035 0.6591165065765381 17.546096801757812 1.1356427669525146 28.968191146850586 -7.347135066986084 0.2354
Pedestrian 1 1 1 423.4421081542969 172.28379821777344 445.8321533203125 217.04151916503906 0.5894524455070496 1.7152923345565796 0.6467626690864563 -6.850516319274902 1.6931402683258057 28.01475715637207 -7.616322040557861 0.2339
Car 1 1 1 617.4872436523438 177.47848510742188 640.3776245117188 194.6855010986328 3.7640278339385986 1.5572854280471802 1.6314483880996704 1.7442600727081299 2.007495880126953 68.32481384277344 -4.8330078125 0.2338
Pedestrian 1 1 1 1061.76806640625 154.7455596923828 1083.0062255859375 201.3346710205078 0.6201387047767639 1.8420761823654175 0.6595107316970825 18.504493713378906 1.1257905960083008 28.95476531982422 -7.3822760581970215 0.2328
Pedestrian 1 1 1 1188.1300048828125 148.91810607910156 1230.9505615234375 231.39418029785156 0.7362428307533264 1.753324270248413 0.5932919383049011 13.065957069396973 1.2441810369491577 15.804513931274414 -4.207935810089111 0.2263
Pedestrian 1 1 1 1205.0263671875 163.75399780273438 1241.0 226.8170623779297 0.8012141585350037 1.737278938293457 0.5694000720977783 17.255617141723633 1.486289620399475 20.29153060913086 -6.668551921844482 0.2197
Pedestrian 1 1 1 856.064453125 169.31585693359375 867.441650390625 198.34634399414062 0.8532447218894958 1.7502788305282593 0.5678075551986694 15.322187423706055 1.536660075187683 44.00938034057617 -4.269909858703613 0.2055
Car 1 1 1 418.7380065917969 179.6134033203125 450.63739013671875 198.5802001953125 3.8140132427215576 1.500652551651001 1.6098793745040894 -14.66106128692627 2.084404945373535 60.40730667114258 -7.81353235244751 0.2049
Car 1 1 1 145.04331970214844 173.1779327392578 199.1256866455078 196.2252197265625 4.212141513824463 1.9200334548950195 1.7484734058380127 -37.805965423583984 1.9487230777740479 62.373809814453125 -7.723766803741455 0.1946
Pedestrian 1 1 1 869.1097412109375 174.1294403076172 893.541748046875 226.3858184814453 0.6747030019760132 1.4402073621749878 0.5069665908813477 7.567464351654053 1.4763965606689453 20.273216247558594 -4.572953224182129 0.1933
Pedestrian 1 1 1 353.0498962402344 169.04214477539062 370.6481628417969 199.6651611328125 0.8754790425300598 1.849256157875061 0.5873353481292725 -15.194294929504395 1.6187670230865479 44.08782196044922 -7.4712605476379395 0.1898
Pedestrian 1 1 1 104.56117248535156 169.09925842285156 135.0858917236328 235.16648864746094 0.7899522185325623 1.7839961051940918 0.5781052708625793 -13.61771011352539 1.6823079586029053 19.968936920166016 -5.4722137451171875 0.1895
Pedestrian 1 1 1 1206.722412109375 163.40902709960938 1241.0 238.50718688964844 0.8379433751106262 1.791969656944275 0.6129429340362549 15.268918991088867 1.5662964582443237 17.712757110595703 -8.183784484863281 0.1890
Car 1 1 1 1104.0936279296875 170.8025360107422 1167.78125 198.30946350097656 3.721031427383423 1.5511118173599243 1.634682536125183 30.980701446533203 1.4351297616958618 42.67238235473633 -4.514281272888184 0.1857
Pedestrian 1 1 1 929.3473510742188 160.383544921875 948.3511962890625 201.83282470703125 0.5930904746055603 1.7932542562484741 0.6247156858444214 14.33690071105957 1.2534345388412476 31.56108283996582 -7.6859211921691895 0.1835
Pedestrian 1 1 1 1100.673583984375 156.69320678710938 1120.7396240234375 191.89930725097656 0.7082512974739075 1.8017665147781372 0.6146898865699768 25.86005401611328 0.9743947982788086 37.330162048339844 -4.531951904296875 0.1829
Pedestrian 1 1 1 1013.8369140625 158.97967529296875 1035.2850341796875 203.85919189453125 0.6664908528327942 1.7731928825378418 0.6425178050994873 16.572002410888672 1.2247178554534912 28.93175506591797 -7.5010857582092285 0.1799
Car 1 1 1 472.83416748046875 179.79598999023438 513.2652587890625 209.8451690673828 3.869353771209717 1.5044971704483032 1.5607311725616455 -6.298208713531494 1.8976082801818848 38.955238342285156 -4.713133335113525 0.1798
Pedestrian 1 1 1 992.9324951171875 158.0054168701172 1012.7164306640625 201.7235565185547 0.5279387831687927 1.7918972969055176 0.5629817843437195 16.265872955322266 1.1829907894134521 29.958955764770508 -6.9655070304870605 0.1774
Pedestrian 1 1 1 164.02061462402344 172.82485961914062 183.33279418945312 207.80471801757812 0.7600485682487488 1.738613486289978 0.6357055306434631 -21.99011993408203 1.7368650436401367 36.30827331542969 -8.09763240814209 0.1741
Car 1 1 1 0.0 178.668212890625 11.8668794631958 218.64659118652344 3.945026397705078 1.538690209388733 1.6128005981445312 -27.548612594604492 1.7998884916305542 30.408281326293945 -7.954282283782959 0.1724
Car 1 1 1 819.0111083984375 171.3496856689453 858.7813110351562 194.70864868164062 3.772099256515503 1.699221134185791 1.6929752826690674 17.177637100219727 1.589490294456482 54.40071487426758 -7.88744592666626 0.1700
Car 1 1 1 399.646484375 180.08682250976562 426.2806091308594 199.52598571777344 3.8737566471099854 1.5394601821899414 1.593048095703125 -16.551755905151367 2.1673855781555176 60.65590286254883 -4.826673984527588 0.1697
Car 1 1 1 145.03627014160156 174.20156860351562 187.10108947753906 199.85928344726562 4.057308197021484 1.8579319715499878 1.701472520828247 -33.59706497192383 1.9638047218322754 54.663291931152344 -8.137147903442383 0.1689
Cyclist 1 1 1 641.073486328125 178.6244659423828 658.3576049804688 218.37477111816406 1.7539950609207153 1.781645655632019 0.6517345309257507 1.7909637689590454 2.0562245845794678 33.48408508300781 -7.884902477264404 0.1672
Car 1 1 1 756.0411376953125 177.53770446777344 791.3757934570312 198.1495819091797 4.0658392906188965 1.5559263229370117 1.659427285194397 12.96945858001709 1.9423542022705078 57.49473190307617 -4.776557922363281 0.1670
Car 1 1 1 0.0 0.0 1241.0 374.0 3.79997181892395 1.5272237062454224 1.6266002655029297 3.019514799118042 1.553930640220642 0.95183926820755 -7.866592884063721 0.1656
Pedestrian 1 1 1 1106.099609375 145.7594757080078 1151.478271484375 226.73760986328125 0.7428128123283386 1.7969920635223389 0.5769159197807312 11.747541427612305 1.195435643196106 16.42939567565918 -4.529395580291748 0.1650
Car 1 1 1 589.7227172851562 178.66372680664062 627.0748901367188 210.73104858398438 3.8817169666290283 1.4960023164749146 1.6513738632202148 -0.1694813072681427 1.804557204246521 36.3698844909668 -7.916016101837158 0.1649
Pedestrian 1 1 1 134.53182983398438 166.42662048339844 163.7430419921875 233.85910034179688 0.7888674139976501 1.8501251935958862 0.5815747976303101 -13.008432388305664 1.673479437828064 20.285017013549805 -5.429441452026367 0.1643
Car 1 1 1 256.1925964355469 174.26651000976562 299.61676025390625 196.05577087402344 3.9437501430511475 1.6987649202346802 1.7200233936309814 -26.885358810424805 1.8168230056762695 58.48503112792969 -4.716495037078857 0.1628
Pedestrian 1 1 1 316.82501220703125 165.30313110351562 361.0531311035156 237.69190979003906 0.86780846118927 1.696300983428955 0.6402826309204102 -6.5747880935668945 1.5190601348876953 17.39411735534668 -4.524035930633545 0.1607
Pedestrian 1 1 1 911.1277465820312 162.51634216308594 930.5852661132812 200.43536376953125 0.7522138357162476 1.7713229656219482 0.641546368598938 14.648080825805664 1.288116455078125 34.108638763427734 -7.7646260261535645 0.1605
Car 1 1 1 508.4925842285156 178.82652282714844 533.9935302734375 199.1516571044922 3.970525026321411 1.5100005865097046 1.5755486488342285 -6.976088523864746 1.9961752891540527 56.774471282958984 -7.868481159210205 0.1586
Car 1 1 1 0.0 0.0 1241.0 374.0 3.8932559490203857 1.5388375520706177 1.645269751548767 -3.425726890563965 1.622865080833435 0.9539188742637634 -7.901806354522705 0.1576
Car 1 1 1 517.0819702148438 179.52699279785156 561.5370483398438 196.81622314453125 3.8513271808624268 1.4824613332748413 1.5948542356491089 -6.247158527374268 2.079378128051758 63.59909439086914 -6.378420352935791 0.1566
Car 1 1 1 465.1060791015625 180.2161865234375 500.77606201171875 207.75909423828125 3.9567630290985107 1.5295090675354004 1.6229666471481323 -7.586573123931885 1.990180492401123 43.161983489990234 -4.761632919311523 0.1497
Car 1 1 1 597.2764282226562 178.51637268066406 620.6370849609375 195.44384765625 4.113690376281738 1.5193837881088257 1.6186026334762573 -0.15021651983261108 2.0724639892578125 68.36061096191406 -4.862724304199219 0.1490
Car 1 1 1 177.6456756591797 176.98219299316406 218.01327514648438 195.79029846191406 3.903141498565674 1.4746588468551636 1.5697885751724243 -33.9648551940918 1.8265469074249268 59.513084411621094 -7.997018337249756 0.1471
Car 1 1 1 462.6378173828125 181.28268432617188 511.1392517089844 214.54583740234375 3.9675068855285645 1.4765464067459106 1.6265188455581665 -5.952438831329346 1.9088294506072998 35.0357551574707 -4.69767951965332 0.1453
Pedestrian 1 1 1 1136.3765869140625 166.49615478515625 1157.0740966796875 203.9571533203125 0.6533619165420532 1.7668468952178955 0.675255298614502 25.593673706054688 1.4666792154312134 34.47016143798828 -4.275458335876465 0.1446
Pedestrian 1 1 1 0.9644864201545715 160.9445343017578 49.64714813232422 242.67442321777344 0.7670613527297974 1.8508697748184204 0.5796819925308228 -13.623248100280762 1.5808659791946411 16.752763748168945 -2.7564804553985596 0.1434
Car 1 1 1 680.7322387695312 178.9584503173828 701.3663330078125 196.8203125 3.76139235496521 1.5136644840240479 1.6060161590576172 7.18114709854126 2.074265718460083 64.37767028808594 -4.660124778747559 0.1426
Pedestrian 1 1 1 106.04755401611328 164.58367919921875 138.77732849121094 235.6125946044922 0.753971517086029 1.7926502227783203 0.590732753276825 -12.680681228637695 1.5836211442947388 18.68745231628418 -5.465081214904785 0.1415
Car 1 1 1 263.3006286621094 182.57101440429688 328.1490478515625 213.54820251464844 4.024106502532959 1.495734453201294 1.6424087285995483 -16.555761337280273 2.036109447479248 38.1274528503418 -4.702056407928467 0.1404
Pedestrian 1 1 1 1134.111083984375 154.3148193359375 1160.950439453125 204.76100158691406 0.6609176993370056 1.770930290222168 0.6258993744850159 19.132741928100586 1.1198062896728516 25.755197525024414 -7.4593939781188965 0.1396
Pedestrian 1 1 1 1144.6636962890625 148.65408325195312 1193.0330810546875 230.56797790527344 0.7362071871757507 1.7794852256774902 0.6039772033691406 12.405508995056152 1.2534700632095337 16.10305404663086 -4.476557731628418 0.1383
Car 1 1 1 664.6026611328125 179.8610076904297 686.5303344726562 196.77859497070312 3.6992828845977783 1.5325734615325928 1.6177151203155518 6.2041754722595215 2.218658447265625 68.80050659179688 -4.750741958618164 0.1374
Car 1 1 1 0.0 0.0 1240.0791015625 374.0 3.8139803409576416 1.5400253534317017 1.6075098514556885 1.4054895639419556 1.563722848892212 0.6703054308891296 -7.8613600730896 0.1369
Car 1 1 1 526.4268188476562 178.5368194580078 558.8507690429688 208.6422576904297 3.891315460205078 1.5648618936538696 1.650146722793579 -3.749873399734497 1.8971588611602783 40.242218017578125 -4.765862464904785 0.1364
Car 1 1 1 1210.5162353515625 177.44537353515625 1241.0 231.91944885253906 4.098554611206055 1.492256760597229 1.677851676940918 20.00847816467285 1.6304696798324585 20.844358444213867 -3.183000087738037 0.1360
Car 1 1 1 422.46832275390625 177.96273803710938 480.8944396972656 216.38894653320312 4.006543159484863 1.4740902185440063 1.590487003326416 -6.5934157371521 1.701978325843811 30.22074317932129 -4.7178568840026855 0.1354
Pedestrian 1 1 1 1076.8680419921875 156.77880859375 1104.9061279296875 210.83517456054688 0.6863722801208496 1.801386833190918 0.6128753423690796 16.246593475341797 1.265393614768982 24.459856033325195 -7.570666790008545 0.1351
Pedestrian 1 1 1 1169.90966796875 152.07911682128906 1216.9990234375 223.26502990722656 0.7718361616134644 1.827284812927246 0.585413932800293 15.291897773742676 1.2937103509902954 18.984092712402344 -5.061787128448486 0.1347
Car 1 1 1 553.623779296875 178.146484375 574.3660888671875 197.7759552001953 4.033555030822754 1.49728262424469 1.612373948097229 -3.735785961151123 1.9391021728515625 58.212371826171875 -7.916197299957275 0.1342
Pedestrian 1 1 1 80.83702850341797 160.432861328125 118.95211029052734 237.81634521484375 0.7471190094947815 1.8160022497177124 0.5728806257247925 -12.347009658813477 1.524208426475525 17.39118766784668 -2.4539530277252197 0.1340
Car 1 1 1 637.9194946289062 176.66213989257812 657.7395629882812 193.78033447265625 4.0053300857543945 1.5514780282974243 1.6469229459762573 3.591998338699341 1.9231822490692139 68.40303039550781 -7.742990970611572 0.1338
Car 1 1 1 51.20954895019531 179.57632446289062 104.96936798095703 204.2112579345703 3.8783700466156006 1.5821701288223267 1.6484756469726562 -36.490745544433594 2.063035726547241 49.56180953979492 -4.9659857749938965 0.1317
Car 1 1 1 852.217041015625 178.16851806640625 920.868896484375 202.4601287841797 4.089472770690918 1.518737554550171 1.6483761072158813 18.047588348388672 1.8766618967056274 47.189571380615234 -6.615213871002197 0.1308
Pedestrian 1 1 1 95.58992767333984 165.7393341064453 129.51939392089844 230.9783477783203 0.776648998260498 1.822208285331726 0.5865209698677063 -14.267066955566406 1.623186707496643 20.622194290161133 -2.489570140838623 0.1301
Pedestrian 1 1 1 1186.9490966796875 156.4564666748047 1225.7958984375 220.16122436523438 0.7714649438858032 1.8088487386703491 0.5829365849494934 17.22987174987793 1.3429532051086426 20.909446716308594 -6.696811199188232 0.1299
Pedestrian 1 1 1 1079.3173828125 156.2517852783203 1101.626220703125 205.66575622558594 0.6995179057121277 1.7764980792999268 0.5943072438240051 17.517187118530273 1.1793266534805298 26.385540008544922 -7.3942437171936035 0.1297
Pedestrian 1 1 1 1081.8001708984375 154.589111328125 1103.59716796875 201.4882354736328 0.6121336817741394 1.8352148532867432 0.6589704155921936 19.12138557434082 1.1201895475387573 28.658985137939453 -7.368744373321533 0.1293
Pedestrian 1 1 1 154.65145874023438 163.8206787109375 186.03857421875 228.1150665283203 0.772890031337738 1.8499945402145386 0.5879160761833191 -12.990793228149414 1.5897713899612427 21.237733840942383 -5.557567119598389 0.1287
Pedestrian 1 1 1 814.9354248046875 169.70645141601562 825.2109375 193.37777709960938 0.8321697115898132 1.7786872386932373 0.5683931708335876 15.904175758361816 1.541876196861267 54.71939468383789 -4.191229820251465 0.1287
Car 1 1 1 634.6693115234375 177.44065856933594 656.4567260742188 199.05621337890625 3.990544319152832 1.594425082206726 1.6320809125900269 2.7151832580566406 1.9636657238006592 56.107784271240234 -7.815069675445557 0.1286
Car 1 1 1 820.846435546875 177.58119201660156 883.8804321289062 207.92005920410156 4.024169445037842 1.4827957153320312 1.6129931211471558 12.641928672790527 1.7451305389404297 38.001190185546875 -4.818696022033691 0.1281
Pedestrian 1 1 1 1219.0438232421875 157.59249877929688 1241.0 217.19561767578125 0.7131170630455017 1.7942836284637451 0.6217411756515503 19.17174530029297 1.3345537185668945 22.185592651367188 -6.946855068206787 0.1277
Car 1 1 1 531.5242309570312 178.69888305664062 559.1915893554688 198.09002685546875 3.864013433456421 1.5209606885910034 1.5999290943145752 -5.347712993621826 2.0212786197662354 59.8001708984375 -7.757551670074463 0.1273
Cyclist 1 1 1 86.29948425292969 175.31048583984375 133.158203125 212.6521759033203 1.7470593452453613 1.7584222555160522 0.652136504650116 -23.894338607788086 1.8766487836837769 34.42169189453125 -3.2191390991210938 0.1269
Pedestrian 1 1 1 1154.389892578125 164.3081817626953 1170.3857421875 207.52061462402344 0.4026000499725342 1.7862697839736938 0.5220673680305481 23.02919578552246 1.4327114820480347 30.14284324645996 -4.07970666885376 0.1266
Pedestrian 1 1 1 67.90657806396484 163.36676025390625 103.88838195800781 234.3783721923828 0.7420188188552856 1.7934221029281616 0.5787720680236816 -13.619908332824707 1.5535187721252441 18.680574417114258 -2.465416431427002 0.1259
Car 1 1 1 0.0 187.2538604736328 0.0 374.0 3.9106476306915283 1.5453622341156006 1.6185133457183838 -5.337738513946533 1.626655101776123 2.1064043045043945 -7.888366222381592 0.1256
Pedestrian 1 1 1 47.68731689453125 161.5337677001953 85.31851959228516 241.5146942138672 0.7506250739097595 1.8053889274597168 0.5729888081550598 -12.671647071838379 1.549560308456421 16.752187728881836 -2.39591646194458 0.1255
Car 1 1 1 788.4857177734375 178.49366760253906 824.9075317382812 199.21109008789062 3.9478447437286377 1.5908807516098022 1.6299022436141968 15.883337020874023 2.0639729499816895 58.53819274902344 -4.784819602966309 0.1248
Car 1 1 1 445.7324523925781 179.62957763671875 469.78741455078125 197.99949645996094 3.9531497955322266 1.4860388040542603 1.592153549194336 -13.055197715759277 2.086398124694824 61.920833587646484 -4.808783054351807 0.1239
Car 1 1 1 1084.94287109375 168.86924743652344 1222.660888671875 218.1030731201172 3.7170112133026123 1.4713528156280518 1.5811679363250732 17.45115852355957 1.3519688844680786 23.449811935424805 -4.749636650085449 0.1237
Pedestrian 1 1 1 826.2064208984375 167.9909210205078 838.8775024414062 192.9993133544922 0.766219973564148 1.7790172100067139 0.6082757711410522 15.925965309143066 1.4327722787857056 51.74491500854492 -7.975012302398682 0.1234
Car 1 1 1 335.9692687988281 179.02479553222656 375.71612548828125 204.5930938720703 4.06225061416626 1.5879640579223633 1.662343978881836 -16.86541748046875 2.0158751010894775 47.95216751098633 -4.835186958312988 0.1233
Pedestrian 1 1 1 933.8646850585938 163.7698516845703 972.1930541992188 232.91261291503906 0.7803007960319519 1.6287423372268677 0.5502092242240906 8.204570770263672 1.4144543409347534 17.387922286987305 -4.716264247894287 0.1229
Car 1 1 1 241.11387634277344 176.33743286132812 269.3906555175781 195.6251678466797 3.8896608352661133 1.5056521892547607 1.5964703559875488 -29.08173942565918 1.8011970520019531 59.18138122558594 -8.181915283203125 0.1229
Pedestrian 1 1 1 90.55643463134766 159.806396484375 126.13532257080078 240.2549285888672 0.7523038983345032 1.8149282932281494 0.5773035287857056 -11.699411392211914 1.5202728509902954 16.749971389770508 -5.4620771408081055 0.1223
Pedestrian 1 1 1 1035.3614501953125 156.5520782470703 1065.0361328125 210.8074951171875 0.7488362193107605 1.781453251838684 0.6225743293762207 14.657452583312988 1.2458864450454712 24.117414474487305 -7.665826320648193 0.1216
Pedestrian 1 1 1 1128.540283203125 152.12432861328125 1172.6334228515625 221.40994262695312 0.7692450881004333 1.839269995689392 0.5863987803459167 14.64433765411377 1.2886759042739868 19.622955322265625 -5.116011619567871 0.1211
Car 1 1 1 378.73089599609375 179.93408203125 416.9318542480469 202.56117248535156 3.959681749343872 1.564088225364685 1.6360933780670166 -15.591469764709473 2.1042871475219727 53.099891662597656 -4.708563327789307 0.1211
Pedestrian 1 1 1 819.9314575195312 171.12103271484375 831.657470703125 195.3719940185547 0.8122701048851013 1.7809830904006958 0.6021037101745605 15.939773559570312 1.6534138917922974 53.40629959106445 -7.890322208404541 0.1209
Pedestrian 1 1 1 982.41845703125 160.83197021484375 1000.603271484375 204.7238006591797 0.5153929591178894 1.7813148498535156 0.5749813914299011 15.610418319702148 1.2931102514266968 29.614694595336914 -7.551323413848877 0.1207
Pedestrian 1 1 1 65.5656509399414 166.8912353515625 95.18936920166016 236.54408264160156 0.7730302214622498 1.8206285238265991 0.5862627625465393 -14.251608848571777 1.6644703149795532 19.344331741333008 -5.417290210723877 0.1202
Pedestrian 1 1 1 144.8782501220703 163.47117614746094 174.77813720703125 234.8383026123047 0.7650788426399231 1.799322247505188 0.5972426533699036 -11.705953598022461 1.5624605417251587 18.676700592041016 -5.350229263305664 0.1199
Car 1 1 1 577.6129150390625 178.55441284179688 597.0941772460938 195.38922119140625 4.03032112121582 1.515426754951477 1.6094038486480713 -2.1393465995788574 2.07135272026062 68.36786651611328 -4.683955192565918 0.1197
Car 1 1 1 58.15323257446289 180.51620483398438 130.31454467773438 210.95213317871094 3.819204092025757 1.557917833328247 1.5943154096603394 -28.474576950073242 2.002653121948242 39.92103576660156 -7.966874599456787 0.1189
Car 1 1 1 125.96745300292969 178.314453125 192.33468627929688 210.5597686767578 3.747692823410034 1.5505589246749878 1.5871957540512085 -23.281585693359375 1.8478177785873413 37.3422966003418 -4.873134613037109 0.1180
Car 1 1 1 1232.06787109375 168.01646423339844 1241.0 330.619873046875 4.016131401062012 1.4962753057479858 1.5935860872268677 9.114583015441895 1.451460361480713 7.645169734954834 -6.389607906341553 0.1179
Cyclist 1 1 1 368.43115234375 155.52430725097656 409.9385986328125 219.91522216796875 1.6733554601669312 1.7387055158615112 0.5504037737846375 -6.250442981719971 1.2704631090164185 20.33795928955078 -4.638317584991455 0.1179
Pedestrian 1 1 1 125.4355697631836 165.60153198242188 156.70950317382812 230.5817108154297 0.7750386595726013 1.8399357795715332 0.5820342898368835 -13.637578010559082 1.634279489517212 20.90658950805664 -2.4038305282592773 0.1178
Car 1 1 1 840.7218017578125 169.49317932128906 882.5094604492188 194.9631805419922 3.7802999019622803 1.7089715003967285 1.717591643333435 17.465736389160156 1.4831684827804565 50.334739685058594 -4.674378395080566 0.1177
Car 1 1 1 0.0 184.6359405517578 66.70649719238281 244.9558868408203 3.5888993740081787 1.5344812870025635 1.6240606307983398 -17.894588470458984 1.9051753282546997 20.894256591796875 -7.894395351409912 0.1176
Pedestrian 1 1 1 1194.5130615234375 156.11231994628906 1241.0 232.95533752441406 0.7914443016052246 1.8010832071304321 0.619246244430542 14.676675796508789 1.408383846282959 17.387134552001953 -8.188202857971191 0.1174
Car 1 1 1 679.1383056640625 178.97267150878906 701.6499633789062 199.27227783203125 3.9895718097686768 1.5723931789398193 1.6033648252487183 6.532831192016602 2.0909454822540283 59.1507453918457 -4.659356117248535 0.1166
Car 1 1 1 591.2167358398438 178.29690551757812 625.3722534179688 206.54388427734375 3.9898650646209717 1.5357589721679688 1.6565290689468384 -0.18126244843006134 1.868445634841919 42.08268737792969 -7.941462993621826 0.1165
Pedestrian 1 1 1 9.803791999816895 159.21978759765625 55.466793060302734 245.50021362304688 0.7558995485305786 1.8345825672149658 0.5657053589820862 -12.681169509887695 1.5443781614303589 15.78354263305664 -2.575324058532715 0.1162
Pedestrian 1 1 1 893.4734497070312 163.51564025878906 925.5499877929688 220.5093536376953 0.7353858351707458 1.7214715480804443 0.6029250621795654 9.166050910949707 1.4391103982925415 22.214570999145508 -8.056501388549805 0.1161
Car 1 1 1 1139.0643310546875 171.3452606201172 1202.6986083984375 199.12351989746094 3.8663227558135986 1.5382705926895142 1.6120805740356445 32.549415588378906 1.4544212818145752 42.037723541259766 -4.429577827453613 0.1158
Car 1 1 1 570.9081420898438 177.56344604492188 592.7120361328125 196.3380126953125 4.160403251647949 1.5136831998825073 1.5405983924865723 -2.453758955001831 1.9282622337341309 61.40925598144531 -4.827396869659424 0.1155
Car 1 1 1 0.0 0.0 1241.0 374.0 3.874032974243164 1.5306549072265625 1.6159658432006836 4.617977142333984 1.5307998657226562 1.3039791584014893 -7.8755784034729 0.1154
Pedestrian 1 1 1 1058.4163818359375 158.62704467773438 1085.688720703125 212.1100616455078 0.6879209280014038 1.7828762531280518 0.6061380505561829 15.612700462341309 1.3083151578903198 24.46663475036621 -7.576083660125732 0.1154
Car 1 1 1 13.435757637023926 180.00930786132812 146.11798095703125 234.4237823486328 3.562584161758423 1.4804749488830566 1.5573896169662476 -15.997941017150879 1.715732455253601 21.93185043334961 -4.767723083496094 0.1138
Pedestrian 1 1 1 698.2743530273438 175.46572875976562 708.0020141601562 194.0553741455078 0.7898892164230347 1.755883812904358 0.6236314177513123 8.861258506774902 2.006422519683838 68.7964096069336 -7.2404046058654785 0.1136
Car 1 1 1 287.4689025878906 178.2327880859375 313.65301513671875 196.46849060058594 3.932008743286133 1.5933752059936523 1.644334077835083 -28.45950698852539 2.1037845611572266 66.39960479736328 -8.108171463012695 0.1131
Pedestrian 1 1 1 27.417537689208984 165.2141876220703 64.33484649658203 237.71697998046875 0.7694984078407288 1.8639514446258545 0.5732266306877136 -14.9107027053833 1.6672420501708984 19.00701141357422 -2.518812656402588 0.1130
Cyclist 1 1 1 0.0 0.0 1241.0 374.0 1.85846745967865 1.6562821865081787 0.5114843845367432 6.902581214904785 1.3108947277069092 -0.287719190120697 -8.040535926818848 0.1128
Pedestrian 1 1 1 791.6141357421875 171.130615234375 842.7628784179688 298.4652099609375 0.75692218542099 1.468925952911377 0.45637667179107666 2.433100461959839 1.4487451314926147 8.720229148864746 -4.626685619354248 0.1128
Pedestrian 1 1 1 0.0 162.3006134033203 26.881196975708008 247.12838745117188 0.7686396241188049 1.8430614471435547 0.5896070003509521 -13.620640754699707 1.6134673357009888 16.11704444885254 -2.6558854579925537 0.1127
Car 1 1 1 765.8540649414062 180.17649841308594 826.4093627929688 208.88462829589844 3.980346441268921 1.4931806325912476 1.682658076286316 10.398134231567383 1.9278903007507324 40.73896026611328 -4.9319844245910645 0.1120
Cyclist 1 1 1 72.75955200195312 176.47613525390625 120.97875213623047 216.40460205078125 1.7178689241409302 1.8081417083740234 0.6491395831108093 -23.588787078857422 1.9760761260986328 33.12839889526367 -3.2119908332824707 0.1115
Car 1 1 1 207.3722686767578 172.63475036621094 243.927978515625 195.16983032226562 4.399621486663818 1.9203386306762695 1.749305009841919 -33.96184158325195 1.9013545513153076 63.823997497558594 -8.074230194091797 0.1115
Pedestrian 1 1 1 161.9036102294922 166.39419555664062 191.62989807128906 232.81011962890625 0.7680215239524841 1.7923208475112915 0.6063192486763 -12.037352561950684 1.6176947355270386 19.960878372192383 -5.389225959777832 0.1114
Car 1 1 1 323.39459228515625 182.08609008789062 389.4267272949219 219.50245666503906 3.9331676959991455 1.4928089380264282 1.6321941614151 -11.114194869995117 1.9243618249893188 31.760726928710938 -4.743363857269287 0.1112
Pedestrian 1 1 1 114.68903350830078 163.46417236328125 146.86221313476562 237.35079956054688 0.7574518322944641 1.7977373600006104 0.590011715888977 -12.032085418701172 1.568973183631897 18.03553009033203 -5.408958911895752 0.1111
Car 1 1 1 0.0 0.0 1241.0 374.0 3.818113088607788 1.5539591312408447 1.6155341863632202 -1.178581714630127 1.6133604049682617 0.12308928370475769 -7.906260013580322 0.1111
Car 1 1 1 317.02105712890625 180.72506713867188 362.66217041015625 211.68434143066406 3.9704084396362305 1.506393551826477 1.6305017471313477 -14.305607795715332 1.9466445446014404 38.28145217895508 -4.90300178527832 0.1110
Car 1 1 1 489.7229919433594 178.4951171875 510.7359313964844 198.6162567138672 3.9609827995300293 1.5240267515182495 1.6107418537139893 -8.838833808898926 1.9926440715789795 57.897674560546875 -8.007157325744629 0.1108
Pedestrian 1 1 1 1094.2852783203125 155.50216674804688 1123.84716796875 216.2213897705078 0.796165406703949 1.8275997638702393 0.5630006194114685 15.300704956054688 1.3050236701965332 22.190345764160156 -6.990453720092773 0.1107
Pedestrian 1 1 1 24.07346534729004 160.3618621826172 69.49772644042969 238.81703186035156 0.7539945244789124 1.8453363180160522 0.5841834545135498 -13.62637710571289 1.5512099266052246 17.39507484436035 -2.7061359882354736 0.1107
Car 1 1 1 368.2813720703125 182.10198974609375 431.7573547363281 219.59544372558594 3.963764190673828 1.4945785999298096 1.6289185285568237 -9.188460350036621 1.9263420104980469 31.725608825683594 -4.709239959716797 0.1106
Car 1 1 1 609.66064453125 178.1470947265625 628.8086547851562 196.42991638183594 3.950256109237671 1.517754316329956 1.491486668586731 0.7574856281280518 1.994675636291504 63.05465316772461 -4.745399475097656 0.1101
Pedestrian 1 1 1 1008.7598876953125 157.2222900390625 1048.5838623046875 221.10572814941406 0.8157313466072083 1.8074946403503418 0.5755933523178101 12.071314811706543 1.3649168014526367 20.901546478271484 -8.243701934814453 0.1101
Car 1 1 1 441.9339599609375 179.6642608642578 466.84796142578125 199.78933715820312 4.077515125274658 1.5047260522842407 1.6108931303024292 -12.393694877624512 2.0673224925994873 57.51262283325195 -4.841704368591309 0.1100
Pedestrian 1 1 1 1214.6632080078125 152.6568145751953 1241.0 208.0237579345703 0.587675929069519 1.7740423679351807 0.5730136036872864 20.11988639831543 1.1265934705734253 23.497533798217773 -7.4790730476379395 0.1092
Pedestrian 1 1 1 1120.6685791015625 156.27731323242188 1147.1546630859375 202.54891967773438 0.5379539728164673 1.819578766822815 0.6597608327865601 20.75273323059082 1.167419195175171 28.64908218383789 -7.873669147491455 0.1091
Car 1 1 1 319.2518005371094 177.74192810058594 353.0352783203125 198.6866455078125 3.8644134998321533 1.6517386436462402 1.6833384037017822 -22.693273544311523 2.0704638957977295 59.84699630737305 -7.956172466278076 0.1087
Car 1 1 1 730.9443969726562 178.0050811767578 763.69873046875 200.5928955078125 3.9666543006896973 1.5793551206588745 1.644558310508728 10.077959060668945 1.974074363708496 53.34474182128906 -4.7177886962890625 0.1084
Pedestrian 1 1 1 133.76345825195312 178.81851196289062 148.1297607421875 201.98065185546875 0.7792485356330872 1.7461313009262085 0.6096066832542419 -35.78342819213867 2.203885078430176 55.00734329223633 -7.903778553009033 0.1079
Car 1 1 1 356.5041809082031 181.08677673339844 432.7291259765625 225.84210205078125 3.8113152980804443 1.489315390586853 1.5522067546844482 -7.904069900512695 1.8152410984039307 26.656635284423828 -4.673401832580566 0.1076
Pedestrian 1 1 1 8.09150218963623 164.35171508789062 53.70472717285156 235.4642333984375 0.7864134311676025 1.8575465679168701 0.5724897980690002 -15.555381774902344 1.6351566314697266 19.327388763427734 -4.245858669281006 0.1074
Cyclist 1 1 1 898.5419311523438 168.49386596679688 922.1343994140625 203.71958923339844 1.7211298942565918 1.6823502779006958 0.5087703466415405 14.65176773071289 1.4738140106201172 35.3314094543457 -7.807788372039795 0.1072
Car 1 1 1 124.84803009033203 181.68751525878906 214.75852966308594 224.23851013183594 3.78476619720459 1.5070812702178955 1.6581941843032837 -17.230106353759766 1.8784940242767334 28.372055053710938 -4.8534674644470215 0.1071
Pedestrian 1 1 1 1230.6239013671875 159.54969787597656 1241.0 226.29721069335938 0.8078345656394958 1.7768782377243042 0.6158969402313232 17.534809112548828 1.4224059581756592 19.66518783569336 -8.054755210876465 0.1070
Car 1 1 1 29.355228424072266 179.3631134033203 91.27098846435547 206.87689208984375 3.759080171585083 1.5400313138961792 1.6283921003341675 -32.98700714111328 1.949202299118042 43.366966247558594 -8.105554580688477 0.1069
Car 1 1 1 79.58096313476562 177.389892578125 128.28659057617188 199.63400268554688 3.8500845432281494 1.6609957218170166 1.647016167640686 -39.75777053833008 2.0302140712738037 56.744476318359375 -4.881171703338623 0.1067
Car 1 1 1 467.5431213378906 179.22232055664062 489.9922180175781 196.44801330566406 4.000682353973389 1.5007219314575195 1.6428073644638062 -12.074100494384766 2.1050233840942383 66.44287872314453 -4.791689395904541 0.1063
Pedestrian 1 1 1 52.913421630859375 161.60519409179688 92.95635986328125 244.83905029296875 0.7368596792221069 1.803938388824463 0.5790243148803711 -12.036235809326172 1.5598416328430176 16.099109649658203 -2.415285110473633 0.1061
Car 1 1 1 456.54888916015625 179.2074737548828 490.17535400390625 204.1906280517578 3.898634195327759 1.5204799175262451 1.6379812955856323 -8.871159553527832 1.9507842063903809 46.913272857666016 -4.763786792755127 0.1060
Car 1 1 1 995.8422241210938 170.6498565673828 1113.0155029296875 206.60325622558594 4.025120735168457 1.4494487047195435 1.6646171808242798 18.49850082397461 1.3602893352508545 30.177610397338867 -6.414714336395264 0.1058
Pedestrian 1 1 1 0.0 158.47003173828125 17.730649948120117 249.85609436035156 0.7490832805633545 1.8620325326919556 0.5837807655334473 -12.989991188049316 1.5686527490615845 15.154105186462402 -2.541207790374756 0.1057
Car 1 1 1 165.98611450195312 180.73312377929688 218.10897827148438 203.83377075195312 3.9389262199401855 1.4666767120361328 1.528925895690918 -28.46695899963379 2.025897741317749 49.215057373046875 -7.932985782623291 0.1056
Car 1 1 1 859.000244140625 171.67991638183594 914.361083984375 198.75808715820312 3.801952362060547 1.5530543327331543 1.6292448043823242 16.513776779174805 1.4854151010513306 43.34162902832031 -7.931253910064697 0.1055
Pedestrian 1 1 1 1201.939697265625 154.98269653320312 1223.42431640625 208.85513305664062 0.5110405087471008 1.7751052379608154 0.5301507115364075 20.11808204650879 1.1859431266784668 24.142189025878906 -3.973304271697998 0.1054
Car 1 1 1 1211.6497802734375 171.97125244140625 1241.0 374.0 4.085002899169922 1.4757297039031982 1.6058429479599 5.953298568725586 1.4716843366622925 4.137698173522949 -6.421156406402588 0.1052
Car 1 1 1 1239.16650390625 166.92709350585938 1241.0 292.1892395019531 4.019083499908447 1.5064406394958496 1.5875375270843506 10.946885108947754 1.4348617792129517 9.593300819396973 -6.344733238220215 0.1049
Car 1 1 1 837.8681030273438 176.54476928710938 924.6224975585938 218.7420196533203 3.9427175521850586 1.498603343963623 1.6117851734161377 10.371809959411621 1.6519911289215088 28.013032913208008 -4.797313213348389 0.1049
Car 1 1 1 295.096435546875 175.78271484375 329.20916748046875 196.53948974609375 3.9488754272460938 1.6166499853134155 1.6905120611190796 -24.27605628967285 1.863723874092102 58.86459732055664 -8.007195472717285 0.1048
Car 1 1 1 518.5319213867188 179.3404541015625 537.969482421875 196.17605590820312 3.9647257328033447 1.465441346168518 1.5634993314743042 -7.580173969268799 2.081677198410034 66.49718475341797 -4.879865646362305 0.1047
Pedestrian 1 1 1 1228.42529296875 147.86622619628906 1241.0 234.69134521484375 0.7383237481117249 1.7690653800964355 0.583429217338562 13.353023529052734 1.2596386671066284 15.171867370605469 -4.040801525115967 0.1042
Car 1 1 1 549.4060668945312 178.1310272216797 572.1563110351562 199.1656951904297 3.9186294078826904 1.4931910037994385 1.5773494243621826 -3.7602384090423584 1.9046121835708618 54.26663589477539 -7.954835414886475 0.1041
Car 1 1 1 590.4462280273438 177.24998474121094 611.4772338867188 196.0171356201172 4.06421422958374 1.5262672901153564 1.4839760065078735 -0.8264826536178589 1.914925456047058 61.75084686279297 -4.803219318389893 0.1040
Pedestrian 1 1 1 1077.0823974609375 154.05209350585938 1120.40087890625 222.59146118164062 0.7706195116043091 1.7906861305236816 0.5781022906303406 13.029296875 1.2991602420806885 19.320215225219727 -5.126439571380615 0.1036
Car 1 1 1 542.23291015625 178.69178771972656 560.2962646484375 195.66085815429688 3.959763765335083 1.5270253419876099 1.6006288528442383 -5.6117777824401855 2.0967392921447754 68.39813232421875 -4.819957256317139 0.1030
Car 1 1 1 207.32119750976562 177.7717742919922 266.332763671875 205.50299072265625 3.7737038135528564 1.565446138381958 1.6300287246704102 -22.35324478149414 1.873205304145813 43.3013916015625 -4.725252151489258 0.1026
Cyclist 1 1 1 947.9728393554688 158.59988403320312 1014.9661865234375 238.5873565673828 1.7174906730651855 1.692655086517334 0.519990861415863 8.219626426696777 1.390716791152954 16.143003463745117 -7.920760631561279 0.1023
Car 1 1 1 291.5861511230469 181.19622802734375 338.2985534667969 208.9955596923828 4.031719207763672 1.6178544759750366 1.6576131582260132 -18.506961822509766 2.165924310684204 45.33839797973633 -4.817066669464111 0.1022
Car 1 1 1 963.6817016601562 172.1783905029297 1082.6822509765625 221.3543701171875 3.749913215637207 1.509771704673767 1.5575488805770874 13.603236198425293 1.488729476928711 24.0955867767334 -4.812427043914795 0.1019
Pedestrian 1 1 1 739.4384765625 173.93775939941406 747.2913208007812 192.56674194335938 0.7583855986595154 1.7653043270111084 0.580751359462738 12.69644832611084 1.8689467906951904 68.81075286865234 -7.897314548492432 0.1017
Pedestrian 1 1 1 186.0220489501953 164.8085174560547 210.6229705810547 227.50160217285156 0.7863019108772278 1.8297182321548462 0.5983655452728271 -12.347801208496094 1.594608187675476 21.550748825073242 -8.423935890197754 0.1017
Car 1 1 1 956.3861694335938 172.99435424804688 1135.21533203125 243.36367797851562 3.8907246589660645 1.518099308013916 1.5998800992965698 10.369946479797363 1.5216256380081177 17.622098922729492 -4.872413635253906 0.1017
Car 1 1 1 0.0 181.0343780517578 20.767736434936523 212.88145446777344 3.9579408168792725 1.59510338306427 1.6658897399902344 -34.20454788208008 2.0651700496673584 39.36013412475586 -8.11819076538086 0.1015
Pedestrian 1 1 1 136.00169372558594 164.9004364013672 164.8848419189453 234.26962280273438 0.7550429105758667 1.8098864555358887 0.6109964847564697 -12.351871490478516 1.6020729541778564 19.310209274291992 -5.334877014160156 0.1013
Car 1 1 1 672.8047485351562 177.98321533203125 714.482421875 211.75486755371094 3.767021417617798 1.5208959579467773 1.6296371221542358 3.957658529281616 1.7826142311096191 34.96415328979492 -7.840332508087158 0.1013
Pedestrian 1 1 1 56.92780303955078 165.1180419921875 90.5001220703125 233.1212615966797 0.7657065391540527 1.8387150764465332 0.5814990401268005 -14.898946762084961 1.629245400428772 19.97767448425293 -2.4486074447631836 0.1013
Car 1 1 1 690.70654296875 176.8148956298828 720.9720458984375 198.69358825683594 3.852261543273926 1.5762882232666016 1.6121219396591187 7.191417217254639 1.8867897987365723 54.656063079833984 -4.75879430770874 0.1010
Car 1 1 1 0.0 181.04074096679688 36.650699615478516 206.69577026367188 3.7427561283111572 1.5750542879104614 1.6226462125778198 -39.707191467285156 2.1380465030670166 47.618675231933594 -5.010590553283691 0.1006
Pedestrian 1 1 1 864.31005859375 171.0953826904297 881.43017578125 202.0172119140625 0.8456628918647766 1.7844250202178955 0.5853778123855591 15.31313705444336 1.6826388835906982 42.13102722167969 -3.8172340393066406 0.1005
Car 1 1 1 618.9481201171875 178.2617950439453 655.97265625 209.33651733398438 3.819821834564209 1.5194438695907593 1.6311134099960327 1.3554341793060303 1.8177851438522339 37.90185546875 -7.898669719696045 0.1003
Car 1 1 1 679.81103515625 177.3587646484375 726.3362426757812 201.72691345214844 3.81998872756958 1.566746473312378 1.640039086341858 6.268183708190918 1.886730432510376 49.22894287109375 -5.037052631378174 0.1002
Car 1 1 1 875.6718139648438 175.54019165039062 955.43603515625 211.49505615234375 3.9674878120422363 1.4665412902832031 1.6291683912277222 13.302343368530273 1.5920603275299072 31.764984130859375 -4.775420188903809 0.1002
