Car 1 1 1 433.32635498046875 176.56654357910156 534.39990234375 256.7820129394531 4.056795597076416 1.5663585662841797 1.699703574180603 -2.763690948486328 1.660667061805725 16.333412170410156 -4.743573188781738 0.7732
Car 1 1 1 338.10491943359375 179.22775268554688 440.9819641113281 251.78204345703125 3.8508689403533936 1.526261329650879 1.6406701803207397 -5.262615203857422 1.6983280181884766 17.520511627197266 -4.803581714630127 0.7649
Car 1 1 1 867.1212768554688 162.1110076904297 1241.0 322.1772155761719 4.078688621520996 1.577300786972046 1.6317795515060425 5.141512870788574 1.471138834953308 8.04562759399414 -3.2010133266448975 0.7350
Car 1 1 1 813.352294921875 161.6994171142578 946.5363159179688 209.01979064941406 4.269014835357666 1.6841461658477783 1.7079613208770752 9.833389282226562 1.286851167678833 26.600521087646484 -6.314688205718994 0.7001
Car 1 1 1 657.416259765625 173.00750732421875 702.08154296875 205.60198974609375 4.0329132080078125 1.5214593410491943 1.6870129108428955 3.353468656539917 1.5291988849639893 35.744083404541016 -4.747186183929443 0.6795
Car 1 1 1 603.5797729492188 175.3892822265625 629.2719116210938 200.13230895996094 3.8240463733673096 1.5435855388641357 1.6171292066574097 0.3945046365261078 1.7163403034210205 47.329124450683594 -7.841091632843018 0.6199
Car 1 1 1 1009.74365234375 159.76348876953125 1090.8333740234375 193.81332397460938 3.9093546867370605 1.6433430910110474 1.6940277814865112 22.303203582763672 1.011257529258728 36.79368591308594 -7.872707843780518 0.5325
Car 1 1 1 963.0890502929688 160.2315216064453 1039.1514892578125 194.8168487548828 3.711235284805298 1.6382404565811157 1.6405807733535767 19.4197940826416 1.040037989616394 36.075443267822266 -7.908538341522217 0.5241
Car 1 1 1 638.0885009765625 175.90562438964844 668.76611328125 197.0053253173828 3.6538608074188232 1.565709114074707 1.5859606266021729 3.3804450035095215 1.811004400253296 56.09182357788086 -7.562236309051514 0.4331
Cyclist 1 1 1 250.53839111328125 155.38856506347656 305.7846374511719 218.38607788085938 1.5966112613677979 1.779428482055664 0.5468924045562744 -9.78427791595459 1.2857997417449951 21.224143981933594 -4.407463073730469 0.3722
Car 1 1 1 614.2571411132812 175.34071350097656 637.6604614257812 198.6405029296875 4.042237758636475 1.6071949005126953 1.6252878904342651 1.0920699834823608 1.7938796281814575 52.229122161865234 -7.8482232093811035 0.3607
Pedestrian 1 1 1 280.6025695800781 166.04757690429688 315.1731262207031 224.60714721679688 0.9768047332763672 1.7832694053649902 0.6998171806335449 -9.761103630065918 1.5756988525390625 22.481853485107422 -4.775256156921387 0.3531
Car 1 1 1 457.21173095703125 172.2005157470703 492.2530517578125 192.8098907470703 3.808084487915039 1.5407382249832153 1.624458909034729 -10.468615531921387 1.4915835857391357 55.92494201660156 -7.74108362197876 0.3291
Car 1 1 1 390.0933532714844 177.6624755859375 463.6940002441406 228.320068359375 3.9533309936523438 1.5062735080718994 1.6081993579864502 -5.99745512008667 1.6783356666564941 23.850309371948242 -4.761211395263672 0.3243
Car 1 1 1 1187.8609619140625 155.62779235839844 1241.0 201.652099609375 4.097124099731445 1.5140730142593384 1.6346873044967651 22.373268127441406 0.9470781087875366 24.706438064575195 -6.358836650848389 0.2918
Car 1 1 1 1137.1676025390625 158.9834747314453 1241.0 199.8385772705078 3.998284339904785 1.4745478630065918 1.5957633256912231 22.172473907470703 0.9736310243606567 26.909605026245117 -6.31839656829834 0.2914
Car 1 1 1 418.64178466796875 176.11012268066406 441.3310852050781 195.23622131347656 3.841893196105957 1.5514485836029053 1.6219888925552368 -15.275298118591309 1.836762547492981 61.25605773925781 -4.891010761260986 0.2788
Car 1 1 1 501.1258239746094 175.57595825195312 534.5932006835938 202.83242797851562 3.8690171241760254 1.593054175376892 1.6235045194625854 -5.6732587814331055 1.767988920211792 44.50575256347656 -7.8678202629089355 0.2737
Car 1 1 1 285.3139953613281 171.10321044921875 356.46929931640625 195.50262451171875 4.024253845214844 1.5231480598449707 1.6468603610992432 -18.51717185974121 1.4135544300079346 46.28185272216797 -3.3597488403320312 0.2700
Pedestrian 1 1 1 349.8392028808594 169.3294677734375 371.849609375 208.1943359375 0.7825362086296082 1.7456327676773071 0.6188824772834778 -11.38592529296875 1.5870273113250732 32.86428451538086 -7.60187292098999 0.2617
Pedestrian 1 1 1 768.6351928710938 143.12779235839844 807.7972412109375 250.3393096923828 0.7747570276260376 1.80417799949646 0.6194249987602234 3.0408356189727783 1.3036391735076904 12.58002758026123 -4.526962757110596 0.2510
Pedestrian 1 1 1 357.8106994628906 172.79600524902344 374.4093017578125 203.4266815185547 0.7632022500038147 1.7291381359100342 0.603662371635437 -13.946274757385254 1.725563883781433 41.16083526611328 -4.533758163452148 0.2298
Pedestrian 1 1 1 136.4136199951172 166.60267639160156 181.39724731445312 252.14828491210938 0.5411319136619568 1.752885341644287 0.596318781375885 -9.5064697265625 1.624491810798645 15.129820823669434 -4.419907569885254 0.2267
Pedestrian 1 1 1 259.31549072265625 166.6050262451172 277.24578857421875 200.6890869140625 0.7124732732772827 1.821268081665039 0.5980973243713379 -18.47381019592285 1.4870563745498657 38.934906005859375 -7.770827770233154 0.2171
Pedestrian 1 1 1 414.5322265625 174.29360961914062 428.150634765625 202.82095336914062 0.6990413069725037 1.6994426250457764 0.613109827041626 -11.37582778930664 1.7864254713058472 43.38330841064453 -7.809147357940674 0.2112
Pedestrian 1 1 1 240.84591674804688 162.91346740722656 260.51092529296875 204.5740966796875 0.6731502413749695 1.8166519403457642 0.6151283383369446 -15.898531913757324 1.3828856945037842 31.849933624267578 -8.035502433776855 0.2002
Car 1 1 1 928.082275390625 163.5963592529297 1018.86181640625 191.95346069335938 4.151134967803955 1.502145528793335 1.639338731765747 19.662839889526367 1.0114458799362183 39.192073822021484 -6.356966972351074 0.1968
Pedestrian 1 1 1 1128.68896484375 96.43665313720703 1241.0 374.0 0.7895678281784058 1.7601053714752197 0.577971339225769 4.011354446411133 1.290471076965332 4.84755277633667 -4.790248870849609 0.1961
Cyclist 1 1 1 338.1224060058594 161.91476440429688 373.9601745605469 208.13815307617188 1.611692190170288 1.7196041345596313 0.5585737228393555 -9.77193832397461 1.3123427629470825 27.687097549438477 -4.519623756408691 0.1951
Car 1 1 1 444.00079345703125 178.9239959716797 509.4013977050781 228.77548217773438 3.8658084869384766 1.4991658926010132 1.6193838119506836 -4.418160915374756 1.7184644937515259 24.140151977539062 -4.752004623413086 0.1900
Cyclist 1 1 1 299.25018310546875 159.76132202148438 350.3265380859375 222.8868865966797 1.7004194259643555 1.72995924949646 0.5671492218971252 -8.187586784362793 1.3708536624908447 20.658836364746094 -4.548641204833984 0.1889
Car 1 1 1 650.8495483398438 173.18670654296875 728.835693359375 202.3367462158203 4.05189847946167 1.5785268545150757 1.6658638715744019 4.3686137199401855 1.5972042083740234 40.12604904174805 -6.3826375007629395 0.1870
Pedestrian 1 1 1 90.35462188720703 172.33767700195312 145.0863494873047 266.4983215332031 0.6195720434188843 1.6363886594772339 0.5279474854469299 -8.833669662475586 1.6271158456802368 12.882988929748535 -4.572312355041504 0.1829
Pedestrian 1 1 1 1046.9293212890625 138.6522674560547 1095.818115234375 242.11697387695312 0.7398436665534973 1.7771803140640259 0.5905978679656982 8.173232078552246 1.1894081830978394 12.864123344421387 -3.929239273071289 0.1770
Car 1 1 1 153.57711791992188 180.23048400878906 245.85328674316406 228.1669464111328 3.5990774631500244 1.48067045211792 1.56244695186615 -14.008078575134277 1.752928614616394 24.765357971191406 -4.8604817390441895 0.1735
Car 1 1 1 494.93603515625 170.00282287597656 528.458251953125 191.65013122558594 4.238023281097412 1.8913650512695312 1.6924880743026733 -8.873059272766113 1.6419514417648315 65.28868103027344 -7.649712085723877 0.1727
Car 1 1 1 727.3107299804688 170.11378479003906 776.4401245117188 199.47640991210938 4.0792622566223145 1.5583100318908691 1.6984933614730835 7.836058139801025 1.412583351135254 40.38511276245117 -4.7798566818237305 0.1721
Car 1 1 1 1181.681884765625 162.709716796875 1241.0 374.0 4.136965751647949 1.4918572902679443 1.6109485626220703 7.139699459075928 1.4239834547042847 5.7434892654418945 -6.347683429718018 0.1662
Pedestrian 1 1 1 90.59903717041016 161.28631591796875 130.79518127441406 228.46322631835938 0.7499454617500305 1.793355941772461 0.599432647228241 -13.640472412109375 1.4842449426651 19.655033111572266 -4.7744879722595215 0.1660
Car 1 1 1 533.0612182617188 176.41610717773438 561.093994140625 201.14031982421875 3.9876999855041504 1.5301166772842407 1.6329606771469116 -4.115307807922363 1.773111343383789 47.259254455566406 -4.749020099639893 0.1656
Pedestrian 1 1 1 374.4591369628906 170.3483428955078 391.303955078125 201.64308166503906 0.7626882791519165 1.7667043209075928 0.5995956659317017 -12.99609375 1.624950647354126 41.180667877197266 -4.444193363189697 0.1629
Car 1 1 1 1231.4222412109375 155.1490936279297 1241.0 204.64242553710938 4.133450508117676 1.468569040298462 1.6620817184448242 21.960664749145508 0.9429281949996948 22.469587326049805 -3.2552528381347656 0.1623
Pedestrian 1 1 1 626.679443359375 172.6905517578125 636.448486328125 199.11679077148438 0.6349088549613953 1.815934419631958 0.6711096167564392 1.4580885171890259 1.8044016361236572 49.90774917602539 -7.8288960456848145 0.1601
Pedestrian 1 1 1 1067.0748291015625 160.52914428710938 1088.0609130859375 197.28280639648438 0.7393013834953308 1.7351752519607544 0.6088081002235413 22.299781799316406 1.1530073881149292 34.48527145385742 -7.6626973152160645 0.1594
Car 1 1 1 484.07037353515625 179.71136474609375 523.15869140625 208.9521484375 3.935410499572754 1.5294106006622314 1.565893292427063 -5.977603912353516 1.9342358112335205 40.64777374267578 -4.696583271026611 0.1592
Pedestrian 1 1 1 342.55859375 176.78158569335938 356.13275146484375 209.52139282226562 0.8252919316291809 1.7241935729980469 0.6270632147789001 -13.97716999053955 1.936617374420166 38.59702682495117 -8.130351066589355 0.1586
Pedestrian 1 1 1 138.53184509277344 161.7802734375 179.7134246826172 231.22825622558594 0.733045756816864 1.75993812084198 0.580845832824707 -11.710518836975098 1.4790098667144775 18.674640655517578 -4.628512382507324 0.1577
Car 1 1 1 462.0158386230469 180.61141967773438 514.35888671875 218.28463745117188 3.921226739883423 1.5128384828567505 1.582816481590271 -5.3342108726501465 1.8752317428588867 31.76129913330078 -4.695427894592285 0.1576
Car 1 1 1 522.912841796875 179.3901824951172 556.3157348632812 207.3486328125 3.901289224624634 1.511060357093811 1.5774767398834229 -4.075254440307617 1.9077026844024658 41.86475372314453 -4.717071056365967 0.1565
Car 1 1 1 100.78008270263672 167.24041748046875 200.6779327392578 211.13937377929688 3.797811508178711 1.5662413835525513 1.6261224746704102 -17.538578033447266 1.365658164024353 27.695171356201172 -4.783552169799805 0.1557
Car 1 1 1 0.0 0.0 1241.0 374.0 3.9029147624969482 1.5387173891067505 1.6490793228149414 -3.427640199661255 1.6266950368881226 0.9648842215538025 -7.893770694732666 0.1528
Car 1 1 1 507.0362243652344 177.1402130126953 536.3410034179688 201.73934936523438 4.077078819274902 1.5631459951400757 1.6320412158966064 -5.943633079528809 1.8640732765197754 48.63975524902344 -4.751452922821045 0.1524
Car 1 1 1 413.0127868652344 177.6667938232422 433.612548828125 194.3408660888672 3.8356988430023193 1.4932831525802612 1.5813829898834229 -17.537912368774414 1.9588356018066406 67.81478118896484 -8.028809547424316 0.1513
Car 1 1 1 951.3685913085938 170.98025512695312 1068.0333251953125 213.71087646484375 3.803209066390991 1.523409128189087 1.6520494222640991 15.225727081298828 1.456307291984558 27.790504455566406 -8.18375301361084 0.1498
Pedestrian 1 1 1 265.8850402832031 167.1927947998047 305.8385314941406 236.264892578125 0.7946245074272156 1.68971848487854 0.6255726218223572 -8.153340339660645 1.5509278774261475 18.059423446655273 -4.67622709274292 0.1497
Car 1 1 1 767.397216796875 169.82069396972656 819.282958984375 198.55152893066406 3.999789237976074 1.5650227069854736 1.6733366250991821 10.404565811157227 1.399492859840393 41.36496353149414 -7.935617923736572 0.1485
Car 1 1 1 1076.9637451171875 160.09097290039062 1170.4658203125 195.9719696044922 4.200250625610352 1.733047366142273 1.740625262260437 26.14484214782715 1.1162949800491333 36.96686553955078 -7.873469829559326 0.1472
Car 1 1 1 406.3218688964844 181.22291564941406 458.0963134765625 220.36082458496094 3.8343141078948975 1.5255833864212036 1.5581316947937012 -7.596691131591797 1.9070478677749634 30.941652297973633 -4.791437149047852 0.1466
Car 1 1 1 637.0850830078125 175.0917205810547 666.335205078125 198.30577087402344 3.9294166564941406 1.5665297508239746 1.6579170227050781 2.9633166790008545 1.731343150138855 51.16545867919922 -7.687941074371338 0.1464
Car 1 1 1 288.99285888671875 181.81068420410156 362.47998046875 222.2113494873047 3.7214324474334717 1.4866832494735718 1.557677984237671 -11.473471641540527 1.8727259635925293 29.252166748046875 -4.725895404815674 0.1464
Car 1 1 1 1010.2745971679688 174.53184509277344 1110.7698974609375 210.8156280517578 3.962899923324585 1.5117238759994507 1.6034185886383057 20.023038864135742 1.5914740562438965 32.339683532714844 -4.874338150024414 0.1460
Car 1 1 1 0.0 0.0 1241.0 374.0 3.820662260055542 1.5296756029129028 1.6344999074935913 3.01651668548584 1.5438355207443237 0.945279061794281 -7.851195812225342 0.1454
Car 1 1 1 475.2633056640625 176.9000244140625 503.1871643066406 203.30152893066406 3.9416613578796387 1.5475287437438965 1.6438263654708862 -7.558310031890869 1.8112542629241943 45.00715255737305 -8.015559196472168 0.1453
Car 1 1 1 347.48052978515625 181.75650024414062 406.3277587890625 214.64654541015625 3.881063222885132 1.483373999595642 1.6271381378173828 -11.443059921264648 1.9455838203430176 35.540557861328125 -4.706398010253906 0.1423
Car 1 1 1 183.42709350585938 170.45993041992188 274.9078674316406 199.82864379882812 4.218306541442871 1.5659757852554321 1.6475673913955688 -20.84554100036621 1.4380205869674683 39.49660873413086 -3.045004367828369 0.1398
Car 1 1 1 886.0774536132812 177.2249298095703 1088.291748046875 286.3359069824219 3.8792340755462646 1.4783912897109985 1.5858975648880005 5.904661655426025 1.562513828277588 11.936387062072754 -4.627693176269531 0.1390
Pedestrian 1 1 1 119.59783172607422 164.3346710205078 165.52081298828125 249.3365936279297 0.5654951333999634 1.7765268087387085 0.608185350894928 -10.04829216003418 1.5981745719909668 15.438078880310059 -4.421647071838379 0.1379
Car 1 1 1 0.0 187.08709716796875 0.0 374.0 3.9039008617401123 1.5507839918136597 1.628230094909668 -5.34030294418335 1.6305713653564453 2.0883677005767822 -7.878869533538818 0.1371
Car 1 1 1 613.3905639648438 176.9207305908203 647.3728637695312 205.15191650390625 3.9618382453918457 1.519430160522461 1.6384499073028564 1.0880192518234253 1.7640613317489624 41.43634796142578 -7.90536642074585 0.1355
Car 1 1 1 0.0 0.0 1239.6302490234375 374.0 3.819908618927002 1.5394984483718872 1.6112909317016602 1.4002774953842163 1.5668667554855347 0.6670442223548889 -7.860788822174072 0.1355
Car 1 1 1 927.9137573242188 163.85987854003906 1050.1324462890625 211.320068359375 3.791990280151367 1.559516191482544 1.6440504789352417 13.357465744018555 1.2636744976043701 25.766515731811523 -8.167939186096191 0.1354
Car 1 1 1 522.8731689453125 171.08291625976562 546.9799194335938 192.6051025390625 4.225208759307861 1.839009404182434 1.6958853006362915 -6.622598648071289 1.687373399734497 63.76643371582031 -7.854590892791748 0.1349
Pedestrian 1 1 1 247.91229248046875 167.39895629882812 267.1964111328125 202.8369903564453 0.7268813848495483 1.7673519849777222 0.5984694361686707 -17.796287536621094 1.494999885559082 36.36086654663086 -7.808690547943115 0.1344
Cyclist 1 1 1 414.36199951171875 174.02218627929688 432.18023681640625 207.68218994140625 1.7192169427871704 1.71182119846344 0.5839889645576477 -9.76712417602539 1.7738648653030396 37.631446838378906 -4.774022102355957 0.1342
Car 1 1 1 615.4968872070312 178.8531494140625 649.73583984375 210.3065185546875 3.8829221725463867 1.4820995330810547 1.6493313312530518 1.1090763807296753 1.8034156560897827 36.71556091308594 -4.6811676025390625 0.1334
Pedestrian 1 1 1 665.905029296875 165.29788208007812 685.6776733398438 212.63790893554688 0.6917548179626465 1.7653374671936035 0.6253290772438049 2.4495203495025635 1.48326575756073 27.326053619384766 -7.5707106590271 0.1312
Pedestrian 1 1 1 342.9105529785156 171.59263610839844 366.269775390625 219.64797973632812 0.7005990147590637 1.625186800956726 0.566627025604248 -8.805436134338379 1.5822291374206543 24.75895118713379 -7.878754138946533 0.1257
Car 1 1 1 174.47169494628906 0.0 1241.0 374.0 3.83711576461792 1.5534756183624268 1.6524251699447632 -0.8627132177352905 1.5901780128479004 0.8471277356147766 -7.870908260345459 0.1253
Car 1 1 1 960.1851196289062 174.8121337890625 1047.8485107421875 209.4312744140625 3.950117588043213 1.4992060661315918 1.5189881324768066 18.161962509155273 1.5955244302749634 33.54106140136719 -4.851325988769531 0.1244
Car 1 1 1 0.0 0.0 1241.0 374.0 3.846648931503296 1.5315048694610596 1.6136890649795532 4.6256866455078125 1.5253623723983765 1.2964181900024414 -7.902856349945068 0.1239
Car 1 1 1 288.74749755859375 177.3925323486328 352.3274230957031 208.95587158203125 3.9016878604888916 1.5619227886199951 1.640641212463379 -15.307958602905273 1.814875841140747 38.27027893066406 -4.658940315246582 0.1230
Car 1 1 1 1241.0 157.2678985595703 1241.0 374.0 4.062224388122559 1.5175782442092896 1.6169029474258423 6.848374366760254 1.4527614116668701 3.822544574737549 -6.269673824310303 0.1228
Car 1 1 1 440.4732360839844 174.17230224609375 462.2489318847656 192.72764587402344 3.8067946434020996 1.5448333024978638 1.605385422706604 -13.704565048217773 1.6621298789978027 62.360496520996094 -4.866177558898926 0.1227
Pedestrian 1 1 1 409.297119140625 169.5481719970703 449.1961669921875 245.81004333496094 0.6422065496444702 1.623490571975708 0.5539127588272095 -4.004401206970215 1.5528149604797363 15.784029006958008 -4.042568683624268 0.1215
Car 1 1 1 503.9260559082031 176.58448791503906 526.4816284179688 197.79583740234375 3.958972454071045 1.53422212600708 1.6433788537979126 -7.238297462463379 1.828866958618164 54.981529235839844 -4.836300373077393 0.1209
Cyclist 1 1 1 348.2022399902344 162.16860961914062 386.3168029785156 209.73501586914062 1.5828032493591309 1.7291854619979858 0.5581764578819275 -9.133686065673828 1.3404384851455688 27.067678451538086 -4.435318470001221 0.1201
Car 1 1 1 539.7681274414062 175.40750122070312 564.65869140625 194.233642578125 3.934669017791748 1.5704681873321533 1.622249960899353 -5.016349792480469 1.799362301826477 62.74985122680664 -7.792633533477783 0.1195
Pedestrian 1 1 1 20.783842086791992 173.68399047851562 79.536376953125 267.7905578613281 0.6241067051887512 1.59185791015625 0.5199063420295715 -9.780282974243164 1.6063834428787231 12.549653053283691 -4.603192329406738 0.1195
Cyclist 1 1 1 362.1488342285156 174.0246124267578 386.1435546875 212.91741943359375 1.804789423942566 1.720456838607788 0.5136687159538269 -10.773477554321289 1.7749606370925903 32.876060485839844 -7.85960054397583 0.1182
Pedestrian 1 1 1 226.3077392578125 166.16049194335938 266.2647705078125 230.85780334472656 0.8583971858024597 1.6915638446807861 0.643731415271759 -9.766463279724121 1.5162568092346191 19.298633575439453 -4.725677967071533 0.1177
Car 1 1 1 434.1638488769531 172.35476684570312 457.58734130859375 193.45448303222656 3.9846951961517334 1.5674642324447632 1.6586445569992065 -12.667633056640625 1.5300763845443726 55.717811584472656 -8.0504789352417 0.1173
Car 1 1 1 333.36029052734375 172.80029296875 376.6490783691406 197.97605895996094 4.1092529296875 1.6978167295455933 1.6889718770980835 -17.899227142333984 1.6938941478729248 50.735877990722656 -7.880645275115967 0.1167
Cyclist 1 1 1 285.037841796875 160.80508422851562 338.9559326171875 221.76548767089844 1.7265443801879883 1.7186498641967773 0.5796269774436951 -8.795841217041016 1.378656029701233 21.248151779174805 -4.490109920501709 0.1164
Pedestrian 1 1 1 58.94020462036133 160.21347045898438 105.95684051513672 239.2767791748047 0.7139870524406433 1.7597310543060303 0.5483589172363281 -12.043499946594238 1.4780877828598022 16.416622161865234 -4.7130866050720215 0.1153
Pedestrian 1 1 1 1008.5298461914062 163.96829223632812 1021.316162109375 198.1593017578125 0.6615681648254395 1.7644119262695312 0.5645646452903748 21.098541259765625 1.3055686950683594 37.66336441040039 -7.315633773803711 0.1152
Car 1 1 1 592.0484619140625 177.47457885742188 616.451904296875 195.8775634765625 3.9698848724365234 1.4538085460662842 1.5146256685256958 -0.5359039306640625 1.8517272472381592 60.1129035949707 -4.854183197021484 0.1144
Pedestrian 1 1 1 63.916629791259766 160.16896057128906 95.24002075195312 229.3037567138672 0.7612103819847107 1.8067675828933716 0.5839160084724426 -14.26459789276123 1.4749573469161987 19.333580017089844 -5.47410249710083 0.1139
Car 1 1 1 51.20113754272461 176.35711669921875 166.6619873046875 230.8549346923828 3.5756726264953613 1.514039397239685 1.5643786191940308 -15.303841590881348 1.6306630373001099 22.186019897460938 -4.887301921844482 0.1129
Pedestrian 1 1 1 649.7689819335938 169.5648956298828 664.9267578125 203.2462615966797 0.6738235950469971 1.750989317893982 0.6435952186584473 2.4453606605529785 1.579699158668518 37.902740478515625 -8.046432495117188 0.1126
Pedestrian 1 1 1 241.50335693359375 164.29205322265625 260.0378112792969 205.21185302734375 0.6719284057617188 1.8181312084197998 0.6097288131713867 -16.196069717407227 1.4374102354049683 32.456138610839844 -8.086095809936523 0.1123
Pedestrian 1 1 1 103.85626220703125 162.295166015625 140.70298767089844 226.5001983642578 0.7810918688774109 1.792900800704956 0.5996523499488831 -13.951321601867676 1.4977494478225708 20.582725524902344 -8.017119407653809 0.1118
Car 1 1 1 580.6370239257812 180.39939880371094 616.7806396484375 213.4765167236328 3.9796862602233887 1.4601190090179443 1.641128420829773 -0.5510190725326538 1.844045877456665 34.750736236572266 -4.71045446395874 0.1108
Car 1 1 1 580.7365112304688 176.2061004638672 609.5950927734375 199.23231506347656 4.037116050720215 1.5384119749069214 1.6180607080459595 -1.1160303354263306 1.7844669818878174 50.923789978027344 -7.979986667633057 0.1107
Car 1 1 1 416.5328674316406 180.79901123046875 532.3607177734375 222.52914428710938 4.0640740394592285 1.4877724647521973 1.614844560623169 -5.038160800933838 1.794097661972046 26.95522689819336 -3.1832661628723145 0.1093
Car 1 1 1 216.3450469970703 184.22503662109375 313.90838623046875 234.84864807128906 3.6803536415100098 1.502393126487732 1.5127537250518799 -11.434822082519531 1.9107142686843872 24.085189819335938 -4.716741561889648 0.1089
Car 1 1 1 615.49169921875 180.0668487548828 670.9580078125 215.97682189941406 3.854152202606201 1.4877185821533203 1.6428091526031494 1.4000413417816162 1.835448145866394 32.76557540893555 -4.907007694244385 0.1085
Car 1 1 1 359.64788818359375 180.9735107421875 424.6100158691406 220.03662109375 3.9000706672668457 1.504654884338379 1.6144579648971558 -9.18475341796875 1.8703556060791016 30.565706253051758 -4.72341251373291 0.1080
Pedestrian 1 1 1 76.8886947631836 160.60076904296875 107.30353546142578 234.3431396484375 0.7361690402030945 1.7951704263687134 0.5733981728553772 -12.982312202453613 1.4965803623199463 18.029165267944336 -5.273016452789307 0.1079
Pedestrian 1 1 1 435.93634033203125 174.30567932128906 449.67938232421875 201.00979614257812 0.69541996717453 1.743617057800293 0.6178187727928162 -11.056099891662598 1.8398972749710083 47.58098602294922 -7.556680202484131 0.1079
Pedestrian 1 1 1 83.40172576904297 163.1848602294922 111.01849365234375 233.80690002441406 0.7325326800346375 1.7823747396469116 0.57345050573349 -13.317489624023438 1.5380427837371826 18.67486000061035 -5.325038433074951 0.1077
Car 1 1 1 812.865478515625 168.86395263671875 932.1019897460938 209.15269470214844 4.144991397857666 1.5397552251815796 1.6537779569625854 10.265467643737793 1.386963963508606 28.56658172607422 -6.202694892883301 0.1074
Pedestrian 1 1 1 38.85487747192383 161.47720336914062 68.39405059814453 234.8818817138672 0.7384223937988281 1.7882719039916992 0.5725356936454773 -13.956084251403809 1.510812520980835 18.045068740844727 -5.351609230041504 0.1072
Car 1 1 1 901.3729248046875 175.23977661132812 967.8414306640625 206.85733032226562 3.9167513847351074 1.4920026063919067 1.6493148803710938 16.209726333618164 1.6183338165283203 36.322139739990234 -4.691272735595703 0.1069
