Pedestrian 1 1 1 798.0443115234375 136.16229248046875 897.05859375 299.82269287109375 0.9681757092475891 1.8037056922912598 0.5680611729621887 2.7928948402404785 1.3154743909835815 8.353658676147461 -8.39124584197998 0.7234
Pedestrian 1 1 1 690.23388671875 152.97035217285156 726.684814453125 242.0267333984375 0.8273237347602844 1.766302227973938 0.6080565452575684 2.0568974018096924 1.2206494808197021 14.442855834960938 -4.732095241546631 0.2682
Pedestrian 1 1 1 958.9569702148438 147.84954833984375 1022.1928100585938 260.9991149902344 0.6889664530754089 1.7861250638961792 0.596520185470581 6.265199184417725 1.2711050510406494 11.596024513244629 -8.264424324035645 0.2561
Car 1 1 1 490.4886779785156 166.72999572753906 570.346923828125 224.35243225097656 3.916118860244751 1.5595839023590088 1.6435574293136597 -2.1637375354766846 1.1872007846832275 21.162567138671875 -4.619457244873047 0.2350
Car 1 1 1 660.65625 163.12550354003906 739.3284912109375 190.8234100341797 4.186054229736328 1.5458191633224487 1.625349998474121 5.442130088806152 0.5762688517570496 40.72623062133789 -6.511778831481934 0.2347
Pedestrian 1 1 1 525.6679077148438 156.00262451171875 565.3923950195312 256.72589111328125 0.8905934691429138 1.7607650756835938 0.6158075332641602 -1.1400455236434937 1.3328943252563477 12.858747482299805 -4.917470932006836 0.2316
Cyclist 1 1 1 843.5641479492188 143.97735595703125 910.1840209960938 253.93533325195312 1.7468208074569702 1.774683952331543 0.45018598437309265 4.635934352874756 1.1856030225753784 12.2896146774292 -7.875647068023682 0.2113
Pedestrian 1 1 1 799.9796752929688 150.16407775878906 848.177978515625 241.67596435546875 0.8326483964920044 1.7670859098434448 0.5495925545692444 4.332984447479248 1.181663155555725 14.12850284576416 -3.8215255737304688 0.2109
Car 1 1 1 1140.889404296875 172.77182006835938 1223.0 369.0 4.007601261138916 1.4627186059951782 1.573104977607727 7.094481468200684 1.4063851833343506 6.0273756980896 -6.306568622589111 0.2101
Pedestrian 1 1 1 702.2593994140625 168.03004455566406 721.0689086914062 213.62986755371094 0.7456874847412109 1.6936396360397339 0.5942227244377136 3.9828875064849854 1.2307311296463013 26.634004592895508 -7.855288028717041 0.2096
Pedestrian 1 1 1 52.3092041015625 175.32586669921875 94.58684539794922 239.035400390625 0.8172001838684082 1.7826095819473267 0.6815442442893982 -15.27636432647705 1.6381394863128662 20.273561477661133 -2.6655690670013428 0.1985
Pedestrian 1 1 1 776.4226684570312 159.41258239746094 801.1360473632812 229.8463592529297 0.7646411657333374 1.7475299835205078 0.5936416983604431 4.625355243682861 1.2246553897857666 17.983768463134766 -4.4760260581970215 0.1943
Pedestrian 1 1 1 395.3947448730469 156.01243591308594 441.4104919433594 242.04000854492188 0.8920063376426697 1.7741252183914185 0.65687495470047 -4.0087571144104 1.2694765329360962 15.067795753479004 -4.576076984405518 0.1936
Pedestrian 1 1 1 442.7830810546875 158.24085998535156 479.510498046875 244.0581512451172 0.8463525772094727 1.747207760810852 0.6082741618156433 -3.0500566959381104 1.2943739891052246 14.822335243225098 -7.8669257164001465 0.1935
Pedestrian 1 1 1 839.9949951171875 158.5062255859375 866.25830078125 228.3844451904297 0.7210249304771423 1.7351880073547363 0.5965676307678223 6.2632622718811035 1.1893720626831055 17.988113403320312 -4.421348571777344 0.1927
Pedestrian 1 1 1 0.0 161.4923858642578 35.13117218017578 238.1724090576172 0.70939701795578 1.764175534248352 0.5744901895523071 -14.011720657348633 1.3272045850753784 16.683250427246094 -4.970026969909668 0.1917
Pedestrian 1 1 1 892.4407958984375 144.76324462890625 945.0675048828125 254.35475158691406 0.6883996725082397 1.7778701782226562 0.5902305841445923 5.241520404815674 1.19850492477417 11.921035766601562 -7.0378947257995605 0.1901
Car 1 1 1 562.7885131835938 167.2080535888672 635.6967163085938 222.98507690429688 3.9734606742858887 1.5603141784667969 1.6402815580368042 -0.3083578944206238 1.1887871026992798 21.874860763549805 -4.880113124847412 0.1835
Pedestrian 1 1 1 1216.5693359375 149.4962158203125 1223.0 217.97512817382812 0.4969489574432373 1.7410647869110107 0.519173800945282 16.162614822387695 0.9531193971633911 18.334199905395508 -4.003788948059082 0.1797
Pedestrian 1 1 1 782.9561767578125 151.0210418701172 823.8719482421875 255.70359802246094 0.742347002029419 1.747145175933838 0.6621149182319641 3.380976438522339 1.2555216550827026 12.245378494262695 -4.44808292388916 0.1774
Pedestrian 1 1 1 76.02426147460938 158.6994171142578 120.24031829833984 239.32337951660156 0.7552571296691895 1.81208074092865 0.5525323748588562 -11.76456356048584 1.3224372863769531 16.3531494140625 -3.918076515197754 0.1768
Pedestrian 1 1 1 1016.2034912109375 144.28146362304688 1083.0572509765625 255.2921905517578 0.6982643008232117 1.7568395137786865 0.6123481392860413 7.237685203552246 1.1840342283248901 11.607474327087402 -8.122322082519531 0.1765
Pedestrian 1 1 1 476.025146484375 164.01544189453125 505.7279968261719 246.15277099609375 0.8159465193748474 1.6687341928482056 0.5823841094970703 -2.425800085067749 1.334181785583496 14.804426193237305 -4.8317060470581055 0.1754
Car 1 1 1 0.0 0.0 1223.0 369.0 3.8846871852874756 1.5365091562271118 1.6443346738815308 -3.437610387802124 1.6259490251541138 0.910392165184021 -7.900761127471924 0.1705
Pedestrian 1 1 1 74.25409698486328 158.2501678466797 117.35519409179688 254.1927032470703 0.7291051745414734 1.7184351682662964 0.5871584415435791 -9.48739242553711 1.3202866315841675 13.1272554397583 -8.388083457946777 0.1695
Cyclist 1 1 1 0.0 171.17709350585938 68.13860321044922 261.6830139160156 1.771001935005188 1.7155685424804688 0.5383418798446655 -11.75290584564209 1.5392131805419922 14.316739082336426 -4.852355480194092 0.1636
Pedestrian 1 1 1 561.6928100585938 152.35655212402344 586.4784545898438 222.1927032470703 0.7358168959617615 1.7355422973632812 0.5974195003509521 -0.8193274140357971 1.0364562273025513 17.939332962036133 -4.712067127227783 0.1634
Pedestrian 1 1 1 957.8203125 158.33087158203125 1069.1641845703125 365.9668884277344 0.7344033718109131 1.481903314590454 0.4761827886104584 3.0510990619659424 1.3241230249404907 5.433676242828369 -4.620752334594727 0.1630
Pedestrian 1 1 1 489.4016418457031 156.5760955810547 537.7444458007812 251.63327026367188 0.8648911714553833 1.7422702312469482 0.6257782578468323 -1.7763320207595825 1.3041446208953857 13.459881782531738 -7.5819220542907715 0.1592
Pedestrian 1 1 1 1097.44775390625 142.69227600097656 1158.589599609375 251.73220825195312 0.7557973861694336 1.717000961303711 0.5848497152328491 8.497162818908691 1.1220448017120361 11.580254554748535 -4.416897296905518 0.1573
Pedestrian 1 1 1 506.5567932128906 157.15866088867188 540.2485961914062 240.83969116210938 0.812299907207489 1.7341545820236206 0.5795579552650452 -1.7757922410964966 1.2507946491241455 15.076236724853516 -7.79025411605835 0.1571
Pedestrian 1 1 1 661.181396484375 158.06820678710938 688.758544921875 226.0733184814453 0.8296902775764465 1.7117741107940674 0.5556881427764893 1.7737287282943726 1.1474597454071045 18.275693893432617 -4.4127349853515625 0.1568
Car 1 1 1 654.5221557617188 172.64407348632812 720.8334350585938 216.02928161621094 3.9273431301116943 1.490348219871521 1.6339285373687744 2.960087776184082 1.2207465171813965 26.325101852416992 -4.814770698547363 0.1531
Pedestrian 1 1 1 1056.787353515625 144.14321899414062 1122.382080078125 252.35740661621094 0.761688768863678 1.7110505104064941 0.572212278842926 7.865238189697266 1.136572003364563 11.575300216674805 -4.658707141876221 0.1529
Pedestrian 1 1 1 273.0386657714844 173.05419921875 326.9864501953125 270.98260498046875 0.7184138894081116 1.5413533449172974 0.4936562478542328 -5.009617805480957 1.424544095993042 11.525838851928711 -4.534739971160889 0.1510
Pedestrian 1 1 1 38.76512908935547 155.21705627441406 82.5475082397461 238.61305236816406 0.7641012072563171 1.8400782346725464 0.5642747282981873 -12.387225151062012 1.282569408416748 16.050931930541992 -5.025306701660156 0.1498
Pedestrian 1 1 1 1182.1187744140625 143.4720916748047 1223.0 247.81007385253906 0.7747071981430054 1.685862421989441 0.5689767599105835 10.114445686340332 1.0879580974578857 11.901175498962402 -4.203403472900391 0.1493
Car 1 1 1 531.129150390625 171.8410186767578 624.6250610351562 206.36300659179688 3.953712224960327 1.464306354522705 1.6350821256637573 -1.2513233423233032 1.0972291231155396 31.086864471435547 -3.287468433380127 0.1492
Pedestrian 1 1 1 204.0196533203125 159.11367797851562 253.1959991455078 248.52967834472656 0.6551464796066284 1.7315622568130493 0.566607654094696 -7.545783519744873 1.3177716732025146 14.100675582885742 -4.33793306350708 0.1480
Car 1 1 1 713.85302734375 171.6867218017578 805.5549926757812 216.69833374023438 3.9605276584625244 1.5035561323165894 1.6369526386260986 5.490140438079834 1.2094275951385498 25.741079330444336 -4.968386173248291 0.1468
Car 1 1 1 282.9334716796875 179.78814697265625 422.3223571777344 226.60269165039062 4.179872512817383 1.5241904258728027 1.6513899564743042 -8.508957862854004 1.5012872219085693 24.02145767211914 -3.2271714210510254 0.1460
Pedestrian 1 1 1 650.0707397460938 149.88038635253906 696.6373291015625 258.27587890625 0.8934159278869629 1.7985055446624756 0.5960021615028381 1.1194114685058594 1.2908416986465454 12.21892261505127 -8.009668350219727 0.1459
Car 1 1 1 1118.2879638671875 156.41909790039062 1223.0 223.5838623046875 3.4998817443847656 1.5295536518096924 1.58188796043396 15.157021522521973 0.9814935922622681 17.929420471191406 -7.966494083404541 0.1454
Car 1 1 1 0.0 180.43637084960938 39.993553161621094 252.76869201660156 3.5594167709350586 1.4756712913513184 1.5277096033096313 -15.042892456054688 1.474726915359497 16.302587509155273 -4.870719909667969 0.1444
Pedestrian 1 1 1 226.20486450195312 164.84109497070312 249.009033203125 217.0886688232422 0.7267662286758423 1.8625820875167847 0.6332477331161499 -13.379816055297852 1.3046082258224487 25.685848236083984 -8.483397483825684 0.1433
Pedestrian 1 1 1 777.2612915039062 165.23428344726562 787.2171020507812 190.66824340820312 0.46844688057899475 1.756407618522644 0.488972544670105 12.323237419128418 0.7022266387939453 49.16478729248047 -3.833199977874756 0.1424
Car 1 1 1 863.30322265625 168.13304138183594 1012.9008178710938 217.1497039794922 4.099591255187988 1.508412480354309 1.6411417722702026 10.633210182189941 1.1281232833862305 22.78167152404785 -6.384310245513916 0.1418
Car 1 1 1 1198.5062255859375 142.15301513671875 1223.0 216.2681427001953 3.7066657543182373 1.6473736763000488 1.618835687637329 17.378541946411133 0.7953684329986572 17.699161529541016 -8.069157600402832 0.1392
Pedestrian 1 1 1 310.4961853027344 156.80999755859375 355.13604736328125 240.8824920654297 0.9065038561820984 1.772382378578186 0.6913007497787476 -5.954102993011475 1.2733086347579956 15.390490531921387 -4.809945106506348 0.1385
Pedestrian 1 1 1 754.229736328125 162.32469177246094 787.364013671875 243.7354736328125 0.7218729853630066 1.61958909034729 0.5466310381889343 3.3321757316589355 1.2583659887313843 14.443964958190918 -4.647502899169922 0.1377
Pedestrian 1 1 1 926.5509643554688 146.039794921875 975.4510498046875 251.58489990234375 0.6221961975097656 1.7721524238586426 0.5933864116668701 5.919230937957764 1.1939268112182617 12.220327377319336 -4.575673580169678 0.1369
Pedestrian 1 1 1 1052.1478271484375 157.05491638183594 1100.10791015625 245.4175262451172 0.7970056533813477 1.6689995527267456 0.5759720206260681 9.146414756774902 1.2265307903289795 13.82044506072998 -4.413450241088867 0.1358
Pedestrian 1 1 1 742.8179321289062 153.14170837402344 784.227294921875 252.0307159423828 0.7319778203964233 1.6983286142349243 0.6133309602737427 2.7494821548461914 1.2288498878479004 12.529955863952637 -4.6406450271606445 0.1349
Pedestrian 1 1 1 611.6741943359375 156.4173583984375 637.4658813476562 225.6453857421875 0.750312089920044 1.7203088998794556 0.5943008065223694 0.4492108225822449 1.1221824884414673 17.96092987060547 -4.767052173614502 0.1348
Car 1 1 1 0.0 0.0 1223.0 369.0 3.848252534866333 1.5170588493347168 1.6229625940322876 2.993252992630005 1.5413049459457397 0.9620931148529053 -7.87675142288208 0.1340
Pedestrian 1 1 1 836.5198974609375 154.3472442626953 882.2388305664062 242.75375366210938 0.7808427810668945 1.6765276193618774 0.5102113485336304 4.938232898712158 1.180933952331543 13.851651191711426 -3.817556858062744 0.1340
Pedestrian 1 1 1 102.19246673583984 166.39852905273438 131.0685577392578 226.63758850097656 0.7735146880149841 1.8451955318450928 0.6038041114807129 -15.331962585449219 1.4135363101959229 22.143661499023438 -5.514593601226807 0.1325
Pedestrian 1 1 1 0.0 167.4518585205078 13.057774543762207 237.35447692871094 0.804998517036438 1.7934014797210693 0.5747315883636475 -16.25705337524414 1.4589611291885376 18.633163452148438 -4.163455486297607 0.1324
Cyclist 1 1 1 940.43310546875 150.84303283691406 1016.1725463867188 238.99603271484375 1.7602735757827759 1.6854132413864136 0.5281578302383423 7.517059326171875 1.1187586784362793 14.41226863861084 -7.91244649887085 0.1297
Cyclist 1 1 1 808.5245971679688 144.7847900390625 872.4583740234375 254.731201171875 1.7469629049301147 1.7777653932571411 0.4484078288078308 4.014514446258545 1.2006542682647705 12.316452026367188 -7.905694484710693 0.1282
Car 1 1 1 577.9344482421875 172.22598266601562 606.1154174804688 195.2871551513672 3.8989005088806152 1.6414852142333984 1.5971859693527222 -0.9938766956329346 1.0525624752044678 52.37263870239258 -8.000481605529785 0.1279
Pedestrian 1 1 1 670.2911987304688 163.0572052001953 689.1094360351562 207.31649780273438 0.6148411631584167 1.7632246017456055 0.5986236333847046 2.992936611175537 1.0685549974441528 28.5694522857666 -7.441349506378174 0.1261
Pedestrian 1 1 1 821.348388671875 153.62782287597656 872.8804321289062 268.6598815917969 0.7237075567245483 1.7142422199249268 0.6159604787826538 3.6788055896759033 1.314175009727478 10.93294620513916 -4.591763496398926 0.1253
Car 1 1 1 1218.2177734375 167.0806427001953 1223.0 369.0 4.130311965942383 1.4946012496948242 1.6233536005020142 6.500905513763428 1.4281501770019531 4.415172100067139 -6.32138204574585 0.1252
Pedestrian 1 1 1 117.37410736083984 165.46878051757812 166.795166015625 256.8792724609375 0.6274068355560303 1.702397346496582 0.528681218624115 -8.865394592285156 1.4228267669677734 13.485310554504395 -4.698025226593018 0.1249
Pedestrian 1 1 1 723.136962890625 155.68411254882812 755.7686157226562 243.1177215576172 0.7736737728118896 1.734927773475647 0.5948793888092041 2.6916325092315674 1.2428683042526245 14.44676399230957 -4.603280544281006 0.1246
Pedestrian 1 1 1 588.0865478515625 154.24334716796875 612.2333374023438 223.3017120361328 0.7476995587348938 1.7162100076675415 0.6001967191696167 -0.16618597507476807 1.0640149116516113 17.94837760925293 -4.723225116729736 0.1242
Pedestrian 1 1 1 171.63807678222656 161.90939331054688 216.0068817138672 241.3024139404297 0.6325455904006958 1.7206672430038452 0.5722229480743408 -9.176109313964844 1.3181025981903076 15.714119911193848 -4.39133882522583 0.1230
Car 1 1 1 160.1398162841797 179.7752227783203 273.8675537109375 234.9619140625 3.7154760360717773 1.5090491771697998 1.530795931816101 -11.533761024475098 1.4895387887954712 21.228002548217773 -4.76307487487793 0.1229
Pedestrian 1 1 1 199.60708618164062 164.57876586914062 224.18597412109375 216.87838745117188 0.7232617139816284 1.8652552366256714 0.6314662098884583 -14.319076538085938 1.297680139541626 25.696714401245117 -8.592981338500977 0.1220
Pedestrian 1 1 1 686.9686889648438 159.49517822265625 712.80322265625 228.07162475585938 0.7935584783554077 1.7041511535644531 0.581547737121582 2.3640310764312744 1.1824973821640015 17.979639053344727 -4.66836404800415 0.1219
Pedestrian 1 1 1 32.6756706237793 164.41903686523438 89.7906494140625 252.28956604003906 0.7487468123435974 1.7440279722213745 0.5755607485771179 -11.123223304748535 1.425215244293213 14.422356605529785 -4.659530162811279 0.1205
Pedestrian 1 1 1 1112.424560546875 152.6953582763672 1223.0 361.5869140625 0.7134212255477905 1.498716115951538 0.47449228167533875 4.33002233505249 1.299669623374939 5.444175720214844 -4.64737606048584 0.1202
Car 1 1 1 0.0 193.1776580810547 0.0 369.0 3.911377429962158 1.541015386581421 1.615608811378479 -5.354188919067383 1.6145113706588745 2.0842199325561523 -7.898388385772705 0.1196
Pedestrian 1 1 1 97.2262191772461 156.80747985839844 143.83848571777344 238.4988555908203 0.7268978953361511 1.7722662687301636 0.5560890436172485 -10.799861907958984 1.258610486984253 15.715134620666504 -4.758744239807129 0.1193
Pedestrian 1 1 1 1098.484375 146.07493591308594 1140.6341552734375 238.04954528808594 0.7450730204582214 1.696614384651184 0.55954509973526 9.783827781677246 1.0619573593139648 13.505461692810059 -3.953688621520996 0.1193
Car 1 1 1 0.0 185.00831604003906 15.833273887634277 233.55355834960938 3.810377597808838 1.4929548501968384 1.6861008405685425 -22.458892822265625 1.6585134267807007 24.012853622436523 -4.722313404083252 0.1187
Car 1 1 1 304.46441650390625 182.019287109375 421.6533508300781 247.97935485839844 4.044583320617676 1.4774374961853027 1.6163443326950073 -6.0179548263549805 1.520678997039795 17.95674705505371 -4.717776775360107 0.1185
Pedestrian 1 1 1 1154.261962890625 141.80810546875 1208.524169921875 240.01651000976562 0.7469717860221863 1.7217885255813599 0.5840749740600586 10.426270484924316 1.0438153743743896 12.849725723266602 -3.754635810852051 0.1174
Car 1 1 1 22.87247657775879 178.9606475830078 173.79873657226562 243.7169647216797 3.3987953662872314 1.4941574335098267 1.5032178163528442 -12.783634185791016 1.458975076675415 18.038806915283203 -4.747419834136963 0.1168
Pedestrian 1 1 1 0.0 158.34579467773438 40.600589752197266 238.5338897705078 0.7298113703727722 1.7723417282104492 0.5502814054489136 -13.368505477905273 1.2830253839492798 16.047466278076172 -4.953488826751709 0.1161
Car 1 1 1 0.0 0.0 1223.0 369.0 3.8159279823303223 1.553912878036499 1.6130380630493164 -1.1966958045959473 1.625 0.08416694402694702 -7.906630039215088 0.1149
Car 1 1 1 814.298583984375 169.16925048828125 977.8461303710938 223.76409912109375 4.08336877822876 1.5243110656738281 1.6331100463867188 8.334209442138672 1.2082557678222656 20.569917678833008 -6.277180194854736 0.1148
Pedestrian 1 1 1 139.42318725585938 168.86062622070312 183.98196411132812 253.0948028564453 0.5604168772697449 1.639627456665039 0.505517840385437 -8.872368812561035 1.4134258031845093 14.08841323852539 -4.508309364318848 0.1134
Pedestrian 1 1 1 664.6205444335938 155.8924102783203 695.4407958984375 243.92742919921875 0.799378514289856 1.7144324779510498 0.5724342465400696 1.4498242139816284 1.235573410987854 14.183684349060059 -4.659363746643066 0.1132
Car 1 1 1 0.0 0.0 1219.1082763671875 369.0 3.8406918048858643 1.5396392345428467 1.6172926425933838 1.3827980756759644 1.5619821548461914 0.6328846216201782 -7.867440700531006 0.1129
Cyclist 1 1 1 0.0 0.0 1223.0 369.0 1.8430794477462769 1.639314889907837 0.5100029706954956 6.886351585388184 1.2962268590927124 -0.30736854672431946 -8.03395938873291 0.1128
Cyclist 1 1 1 989.70361328125 154.23394775390625 1077.0142822265625 244.0112762451172 1.7497040033340454 1.6886346340179443 0.5296959280967712 8.504727363586426 1.1949570178985596 14.199504852294922 -7.975544452667236 0.1122
Car 1 1 1 411.3180236816406 180.40780639648438 492.4720153808594 241.53414916992188 3.917311668395996 1.4935275316238403 1.5686553716659546 -4.098649024963379 1.4916019439697266 19.274311065673828 -4.767151355743408 0.1119
Car 1 1 1 611.43896484375 173.025634765625 677.7018432617188 218.12417602539062 3.9889986515045166 1.5087594985961914 1.6439052820205688 1.3226752281188965 1.2589741945266724 25.74610137939453 -4.856662273406982 0.1115
Car 1 1 1 124.24568176269531 183.05975341796875 224.16452026367188 228.42916870117188 3.6942086219787598 1.4916216135025024 1.6577885150909424 -15.364800453186035 1.5907453298568726 25.389060974121094 -4.821547508239746 0.1114
Pedestrian 1 1 1 1085.6431884765625 156.64772033691406 1134.3441162109375 231.67874145507812 0.7637014389038086 1.796911597251892 0.6066868305206299 12.352877616882324 1.2260056734085083 17.36945343017578 -4.920988082885742 0.1114
Pedestrian 1 1 1 108.00126647949219 163.84230041503906 139.01913452148438 225.3240509033203 0.7717713117599487 1.8270301818847656 0.5945588946342468 -14.669855117797852 1.3323118686676025 21.487354278564453 -2.4390106201171875 0.1113
Cyclist 1 1 1 934.4902954101562 154.0565643310547 999.9043579101562 232.86331176757812 1.7420681715011597 1.7007131576538086 0.5158131122589111 8.186323165893555 1.130388617515564 16.143184661865234 -7.911827564239502 0.1090
Car 1 1 1 1213.1424560546875 161.95504760742188 1223.0 305.02032470703125 3.998340606689453 1.4875764846801758 1.5829551219940186 9.674839973449707 1.2951680421829224 8.269969940185547 -6.347409248352051 0.1086
Pedestrian 1 1 1 666.243896484375 159.4505157470703 702.0228881835938 251.7598114013672 0.7393234372138977 1.6632225513458252 0.5852361917495728 1.4332572221755981 1.2843239307403564 13.16445255279541 -4.491029262542725 0.1086
Pedestrian 1 1 1 1024.9451904296875 152.90174865722656 1072.444091796875 224.76893615722656 0.8239426612854004 1.7500317096710205 0.586886465549469 11.052438735961914 1.0783166885375977 17.69576644897461 -8.142706871032715 0.1047
Car 1 1 1 0.0 188.17111206054688 139.013671875 241.64622497558594 3.6610119342803955 1.499764323234558 1.618297815322876 -16.676416397094727 1.7606462240219116 22.188325881958008 -4.7093329429626465 0.1039
Pedestrian 1 1 1 262.36102294921875 170.0133514404297 306.75360107421875 254.0004425048828 0.6603467464447021 1.5950841903686523 0.5329073667526245 -6.282835483551025 1.396284818649292 13.780781745910645 -4.6236443519592285 0.1037
Car 1 1 1 0.0 186.62063598632812 0.0 369.0 4.074469089508057 1.5614886283874512 1.6313320398330688 -11.1567964553833 1.6492730379104614 7.987383842468262 -4.811304569244385 0.1032
Pedestrian 1 1 1 1132.2144775390625 141.01300048828125 1201.269287109375 249.29225158691406 0.7761746048927307 1.707434058189392 0.5695968270301819 9.12458610534668 1.0851558446884155 11.57347297668457 -4.571861267089844 0.1032
Pedestrian 1 1 1 987.0028686523438 153.64549255371094 1029.31982421875 222.54745483398438 0.8226818442344666 1.7450295686721802 0.5918633937835693 10.405545234680176 1.0652263164520264 18.340829849243164 -7.934875011444092 0.1031
Car 1 1 1 228.47396850585938 183.76478576660156 350.8289489746094 249.42892456054688 4.030142307281494 1.4775971174240112 1.616245150566101 -7.973167419433594 1.5714325904846191 18.186370849609375 -4.7884063720703125 0.1028
Pedestrian 1 1 1 152.48875427246094 165.8896484375 201.1024627685547 254.96070861816406 0.6218556761741638 1.6562012434005737 0.5095843076705933 -8.214000701904297 1.3848997354507446 13.499691009521484 -4.526268482208252 0.1025
Car 1 1 1 137.88987731933594 181.0769500732422 246.47866821289062 230.79290771484375 3.7053472995758057 1.4955953359603882 1.5831326246261597 -13.440821647644043 1.5163371562957764 23.21111488342285 -4.773495197296143 0.1021
Car 1 1 1 737.178466796875 170.4581298828125 880.946533203125 220.65667724609375 4.072187423706055 1.5284477472305298 1.6475454568862915 6.379758358001709 1.2229795455932617 22.47416877746582 -6.34395170211792 0.1021
Pedestrian 1 1 1 241.32606506347656 163.02793884277344 260.44146728515625 212.7346649169922 0.6099929213523865 1.843968391418457 0.6016266345977783 -13.376486778259277 1.1960512399673462 26.64525032043457 -8.390118598937988 0.1018
Pedestrian 1 1 1 828.385009765625 162.6448974609375 841.8125 195.00401306152344 0.4796704947948456 1.7628228664398193 0.5730419754981995 12.639867782592773 0.7902616858482361 38.88314437866211 -7.191605091094971 0.1014
Car 1 1 1 174.487548828125 181.8821563720703 298.9565124511719 245.5265655517578 3.800388813018799 1.4976927042007446 1.5420759916305542 -9.595523834228516 1.53830885887146 18.67437171936035 -4.7857232093811035 0.1013
Pedestrian 1 1 1 68.36624145507812 157.53895568847656 114.88166046142578 239.86666870117188 0.7424976229667664 1.7826753854751587 0.5570651292800903 -11.443405151367188 1.2858363389968872 15.717949867248535 -4.858851909637451 0.1007
Car 1 1 1 299.2521057128906 179.67445373535156 447.51385498046875 230.93150329589844 4.037464618682861 1.5190950632095337 1.6243139505386353 -7.098839282989502 1.494921326637268 21.806459426879883 -3.1218862533569336 0.1006
Pedestrian 1 1 1 936.629638671875 153.37879943847656 986.9025268554688 243.8330535888672 0.702754557132721 1.7173699140548706 0.5716155171394348 6.914740085601807 1.2028082609176636 13.817626953125 -8.018972396850586 0.1002
Pedestrian 1 1 1 268.0911865234375 163.46826171875 311.1244812011719 240.56568908691406 0.7015201449394226 1.636665940284729 0.5570970177650452 -6.907691478729248 1.2754552364349365 15.405550956726074 -4.527787685394287 0.1002
Pedestrian 1 1 1 926.1908569335938 155.85850524902344 952.9470825195312 223.89195251464844 0.7282446622848511 1.6898165941238403 0.5802395343780518 8.472004890441895 1.0780951976776123 18.009220123291016 -7.460665225982666 0.1001
