Car 1 1 1 23.87143898010254 183.61083984375 216.85252380371094 261.0127258300781 4.086663722991943 1.4741129875183105 1.6026204824447632 -10.876173973083496 1.7480719089508057 16.35304069519043 -4.712254524230957 0.8085
Car 1 1 1 687.9421997070312 177.20668029785156 736.6358032226562 211.6037139892578 3.8130602836608887 1.4836208820343018 1.6174811124801636 4.6494646072387695 1.6972824335098267 33.538970947265625 -7.882998943328857 0.7792
Pedestrian 1 1 1 558.5933837890625 172.8572998046875 572.7514038085938 198.53675842285156 0.6898196339607239 1.744882583618164 0.6816136837005615 -3.07328200340271 1.7448103427886963 49.51079177856445 -5.575204849243164 0.5087
Car 1 1 1 887.2139282226562 171.204345703125 939.1354370117188 188.73483276367188 3.8912994861602783 1.5019398927688599 1.619005799293518 26.367595672607422 1.3603023290634155 62.90268325805664 -2.995365619659424 0.4147
Cyclist 1 1 1 215.5592498779297 172.51190185546875 245.574951171875 211.12442016601562 1.7530059814453125 1.7661075592041016 0.5663185715675354 -17.845928192138672 1.7501599788665771 33.892539978027344 -4.764072895050049 0.4002
Cyclist 1 1 1 759.7318115234375 169.3824462890625 792.6857299804688 199.1165008544922 1.8754445314407349 1.740371823310852 0.690407395362854 9.798736572265625 1.5368772745132446 42.745182037353516 -2.955617904663086 0.3648
Car 1 1 1 799.5311889648438 173.24903869628906 850.6240234375 190.23143005371094 4.153219699859619 1.4956612586975098 1.6044867038726807 19.196788787841797 1.5312764644622803 64.5962905883789 -3.042971134185791 0.3648
Pedestrian 1 1 1 234.06671142578125 180.3472900390625 251.79965209960938 211.9683837890625 0.8108202815055847 1.798966646194458 0.6867438554763794 -21.308170318603516 2.238271474838257 41.81235885620117 -6.924807548522949 0.3239
Car 1 1 1 562.3349609375 177.02227783203125 584.888427734375 199.80262756347656 4.18821382522583 1.6143851280212402 1.622200608253479 -2.76836895942688 1.9386820793151855 54.05194854736328 -7.9104390144348145 0.3223
Pedestrian 1 1 1 72.95709991455078 158.08766174316406 113.90126037597656 225.5081787109375 0.7528324127197266 1.8261080980300903 0.6056987047195435 -14.308167457580566 1.4258569478988647 19.930952072143555 -7.892676830291748 0.3203
Car 1 1 1 485.4228515625 177.1210479736328 505.6698303222656 193.63363647460938 3.863682985305786 1.4919592142105103 1.617120385169983 -10.813359260559082 1.906866192817688 68.21652221679688 -7.938731670379639 0.2737
Car 1 1 1 1047.016845703125 168.4750213623047 1108.46142578125 187.13262939453125 3.9224300384521484 1.510231852531433 1.6461166143417358 38.48064041137695 1.1554758548736572 59.47038650512695 -3.0140061378479004 0.2615
Pedestrian 1 1 1 98.65129852294922 166.51864624023438 120.64250946044922 205.14320373535156 0.6794190406799316 1.8197439908981323 0.6508914232254028 -23.8863582611084 1.5209623575210571 34.39493942260742 -4.924701690673828 0.2532
Car 1 1 1 294.01495361328125 178.73020935058594 323.2163391113281 198.14324951171875 3.7812368869781494 1.5412977933883667 1.6033180952072144 -25.265636444091797 2.0503461360931396 60.525306701660156 -8.067267417907715 0.2339
Pedestrian 1 1 1 32.242958068847656 163.08599853515625 62.59700012207031 211.40505981445312 0.668930172920227 1.8305262327194214 0.6464511156082153 -21.61647605895996 1.4601739645004272 27.675369262695312 -7.872936725616455 0.2248
Pedestrian 1 1 1 831.6177978515625 163.65972900390625 851.8886108398438 209.6270751953125 0.8171831369400024 1.7370980978012085 0.6282745599746704 8.852249145507812 1.3893485069274902 27.721208572387695 -7.689874172210693 0.2243
Car 1 1 1 129.19935607910156 183.780029296875 232.19520568847656 231.46290588378906 3.7872796058654785 1.451022982597351 1.5697537660598755 -14.670001983642578 1.8560916185379028 24.812007904052734 -4.804588794708252 0.2236
Car 1 1 1 744.623291015625 171.38946533203125 790.4392700195312 192.6297607421875 3.9252984523773193 1.6112323999404907 1.6451619863510132 12.337913513183594 1.4998360872268677 56.86085891723633 -8.218326568603516 0.2164
Car 1 1 1 248.27105712890625 184.53665161132812 274.9426574707031 202.01747131347656 3.8725152015686035 1.5183770656585693 1.6586092710494995 -32.60459518432617 2.6458847522735596 67.5623779296875 -5.0030903816223145 0.2149
Pedestrian 1 1 1 963.4932861328125 167.58998107910156 998.6531372070312 240.46530151367188 0.5883834362030029 1.5871171951293945 0.5623033046722412 8.19903564453125 1.4721747636795044 16.06096076965332 -4.499612808227539 0.2130
Car 1 1 1 951.6654052734375 164.37754821777344 992.487060546875 187.8388214111328 4.216021537780762 1.9203702211380005 1.7063255310058594 30.646150588989258 1.2262483835220337 61.2434196472168 -7.752579212188721 0.2083
Car 1 1 1 718.1474609375 177.03575134277344 773.022216796875 197.19808959960938 3.9527299404144287 1.4748976230621338 1.5695909261703491 10.24300479888916 1.7986962795257568 54.621070861816406 -2.861629009246826 0.2067
Cyclist 1 1 1 862.000244140625 176.0912322998047 899.3067016601562 211.01278686523438 1.7496627569198608 1.825854778289795 0.6555293798446655 14.303431510925293 1.9991474151611328 38.2494010925293 -6.417791366577148 0.2000
Car 1 1 1 359.7861328125 178.96434020996094 381.740966796875 198.67327880859375 3.8072497844696045 1.5161672830581665 1.58064866065979 -19.500041961669922 2.0314011573791504 58.827083587646484 -5.000613689422607 0.1925
Cyclist 1 1 1 378.1121826171875 175.51614379882812 395.96380615234375 206.01333618164062 1.727345585823059 1.6836973428726196 0.5908546447753906 -12.655926704406738 1.8374496698379517 40.87135314941406 -4.783339500427246 0.1922
Car 1 1 1 946.0836181640625 180.9656524658203 1031.4298095703125 217.54867553710938 3.566389560699463 1.4702153205871582 1.6588789224624634 16.476572036743164 1.846619963645935 31.662166595458984 -4.795691967010498 0.1915
Car 1 1 1 0.0 171.28233337402344 64.66896057128906 214.96336364746094 3.7697181701660156 1.696779727935791 1.6735910177230835 -24.95222282409668 1.6354286670684814 29.9306583404541 -4.690536022186279 0.1913
Car 1 1 1 1048.6016845703125 168.5182647705078 1118.7613525390625 190.99342346191406 4.059602737426758 1.4907087087631226 1.617937445640564 32.17617416381836 1.2028319835662842 49.087425231933594 -3.3602516651153564 0.1908
Cyclist 1 1 1 344.4826965332031 177.29443359375 362.9270324707031 210.62828063964844 1.6720129251480103 1.6739259958267212 0.5596515536308289 -13.287782669067383 1.9086750745773315 37.328861236572266 -4.84088134765625 0.1902
Pedestrian 1 1 1 1187.8726806640625 154.25819396972656 1217.2115478515625 208.79342651367188 0.6606926321983337 1.7938940525054932 0.5969854593276978 19.7808780670166 1.1818993091583252 24.15530776977539 -7.451395511627197 0.1825
Car 1 1 1 439.0579528808594 171.42538452148438 473.880126953125 194.31149291992188 4.180483341217041 1.829877495765686 1.682565689086914 -12.711296081542969 1.7153505086898804 59.84589385986328 -7.7680487632751465 0.1825
Pedestrian 1 1 1 551.5741577148438 172.67330932617188 564.8428344726562 197.915283203125 0.6476953625679016 1.7397754192352295 0.6713854074478149 -3.634787082672119 1.7270203828811646 50.19389724731445 -8.530746459960938 0.1823
Car 1 1 1 201.1368408203125 181.17514038085938 258.5621643066406 212.05853271484375 3.7582669258117676 1.5351479053497314 1.5009053945541382 -20.443025588989258 2.0057485103607178 38.87632369995117 -4.833654403686523 0.1790
Car 1 1 1 0.0 0.0 1241.0 374.0 3.894129514694214 1.5386629104614258 1.6481870412826538 -3.4189436435699463 1.6237342357635498 0.9642630219459534 -7.9014458656311035 0.1767
Car 1 1 1 689.459716796875 176.22940063476562 720.7952270507812 196.6973876953125 4.081903457641602 1.5512055158615112 1.6744928359985352 7.507254600524902 1.8295774459838867 57.472469329833984 -4.786792755126953 0.1752
Pedestrian 1 1 1 771.8111572265625 178.49761962890625 798.67138671875 222.17364501953125 0.8448794484138489 1.7181451320648193 0.6192470788955688 6.979549884796143 1.9475464820861816 28.93202018737793 -6.632020950317383 0.1719
Pedestrian 1 1 1 567.0734252929688 174.89999389648438 578.623291015625 199.81959533691406 0.7416411638259888 1.7616908550262451 0.6582058072090149 -2.686300754547119 1.9088090658187866 51.53606033325195 -8.159618377685547 0.1705
Car 1 1 1 961.8148803710938 168.7921600341797 994.9146728515625 186.85633850097656 4.076268672943115 1.658944845199585 1.6336987018585205 34.85429763793945 1.2856204509735107 68.40743255615234 -7.6899638175964355 0.1689
Pedestrian 1 1 1 785.4684448242188 163.7495574951172 803.099609375 198.56398010253906 0.9384781718254089 1.8355629444122314 0.5335649251937866 9.81403923034668 1.3552385568618774 38.568721771240234 -3.97080659866333 0.1688
Car 1 1 1 453.0492248535156 178.46380615234375 487.0377197265625 202.5941162109375 4.001335144042969 1.54559326171875 1.6247351169586182 -9.522561073303223 1.9432883262634277 49.17237854003906 -4.734506130218506 0.1687
Pedestrian 1 1 1 1165.082763671875 156.3948974609375 1195.629150390625 208.6294708251953 0.683157205581665 1.7876704931259155 0.5991187691688538 19.781166076660156 1.2240760326385498 25.094463348388672 -4.483523845672607 0.1662
Pedestrian 1 1 1 757.3978271484375 167.3645477294922 771.6233520507812 198.62939453125 0.87836754322052 1.7765989303588867 0.5745627880096436 8.837358474731445 1.4643654823303223 41.460182189941406 -7.92868185043335 0.1657
Pedestrian 1 1 1 60.04391098022461 165.9905548095703 95.60236358642578 229.01995849609375 0.7535302042961121 1.7615805864334106 0.5629666447639465 -15.229659080505371 1.5694574117660522 20.59585189819336 -4.9365997314453125 0.1652
Car 1 1 1 220.7237091064453 181.5869598388672 265.48779296875 206.88949584960938 3.808502674102783 1.5363763570785522 1.6396267414093018 -23.99043846130371 2.132341146469116 47.237945556640625 -4.9070868492126465 0.1648
Cyclist 1 1 1 413.769287109375 176.6788330078125 428.50982666015625 203.38368225097656 1.7037534713745117 1.7036527395248413 0.5456777811050415 -12.361529350280762 1.9577417373657227 47.13288116455078 -4.7300310134887695 0.1637
Car 1 1 1 343.1872253417969 178.222900390625 385.50604248046875 206.26844787597656 3.9035580158233643 1.4919095039367676 1.606505274772644 -14.008636474609375 1.813514232635498 41.214111328125 -4.857375621795654 0.1619
Car 1 1 1 465.7989196777344 177.2859344482422 487.2905578613281 194.1254425048828 4.058913707733154 1.5169345140457153 1.6417430639266968 -12.682355880737305 1.9496314525604248 68.31816864013672 -8.126614570617676 0.1596
Car 1 1 1 818.8930053710938 177.0326385498047 864.6682739257812 198.89715576171875 3.703986883163452 1.515960454940796 1.5902843475341797 16.862651824951172 1.8325709104537964 52.75126647949219 -4.9067816734313965 0.1586
Car 1 1 1 0.0 0.0 1241.0 374.0 3.8391244411468506 1.5291048288345337 1.619644045829773 3.983736276626587 1.5571132898330688 1.3101592063903809 -7.879912853240967 0.1548
Car 1 1 1 648.00830078125 176.04855346679688 674.0626831054688 196.53421020507812 3.965285539627075 1.5574637651443481 1.6640682220458984 4.004235744476318 1.8206063508987427 57.492820739746094 -4.746240615844727 0.1528
Pedestrian 1 1 1 41.16946029663086 164.6048126220703 80.26754760742188 236.01498413085938 0.7666760087013245 1.804124355316162 0.5896709561347961 -14.276087760925293 1.5954147577285767 18.687545776367188 -2.550462245941162 0.1526
Car 1 1 1 314.7729797363281 173.57379150390625 339.7173156738281 195.0026092529297 3.8915586471557617 1.554686427116394 1.6216474771499634 -21.38677215576172 1.6109474897384644 54.594329833984375 -8.191727638244629 0.1524
Car 1 1 1 1189.93701171875 159.7097625732422 1241.0 225.43377685546875 3.5793964862823486 1.5748543739318848 1.6600130796432495 17.806560516357422 1.2595971822738647 19.195117950439453 -8.02706241607666 0.1519
Car 1 1 1 75.69064331054688 182.5207061767578 189.42446899414062 229.6868896484375 3.701080083847046 1.4742391109466553 1.5565905570983887 -16.558923721313477 1.8361518383026123 25.17565155029297 -4.725354194641113 0.1470
Pedestrian 1 1 1 58.038639068603516 163.87315368652344 85.71717071533203 209.64353942871094 0.6926454901695251 1.814583420753479 0.6323788166046143 -21.656803131103516 1.4582346677780151 28.988622665405273 -4.837246417999268 0.1461
Pedestrian 1 1 1 962.338623046875 168.2681121826172 990.5958862304688 216.08619689941406 0.8043923377990723 1.761998176574707 0.5821967124938965 13.681074142456055 1.5927177667617798 27.029512405395508 -3.614473342895508 0.1435
Car 1 1 1 1140.0498046875 162.6149139404297 1202.71875 189.44154357910156 4.135140895843506 1.7586115598678589 1.6559633016586304 38.371742248535156 1.0870915651321411 49.481353759765625 -7.676747798919678 0.1432
Car 1 1 1 478.434326171875 179.80075073242188 504.8918151855469 197.94448852539062 4.061110019683838 1.4947601556777954 1.6053253412246704 -10.434710502624512 2.1248600482940674 63.29593276977539 -5.05007791519165 0.1420
Car 1 1 1 492.8727722167969 179.94024658203125 529.5185546875 210.27932739257812 4.00503396987915 1.5070209503173828 1.642678141593933 -5.305320739746094 1.9082754850387573 38.84169387817383 -4.768618583679199 0.1404
Car 1 1 1 1111.4476318359375 159.98806762695312 1185.990966796875 189.37379455566406 4.201918125152588 1.9055163860321045 1.6964120864868164 36.41094207763672 1.0709257125854492 48.95063400268555 -7.93473482131958 0.1403
Car 1 1 1 1027.6025390625 173.16929626464844 1137.09765625 214.5751953125 3.8579578399658203 1.4869301319122314 1.6085184812545776 18.073572158813477 1.4996755123138428 27.897321701049805 -4.74793004989624 0.1398
Pedestrian 1 1 1 98.6611328125 157.82342529296875 135.85726928710938 225.25408935546875 0.7706270813941956 1.823920726776123 0.5983160734176636 -13.665507316589355 1.4170610904693604 19.954204559326172 -4.914187908172607 0.1391
Pedestrian 1 1 1 45.42866516113281 160.0260009765625 85.61908721923828 227.33123779296875 0.7264773845672607 1.7975071668624878 0.5854616761207581 -14.87704086303711 1.454612374305725 19.663034439086914 -4.821970462799072 0.1386
Car 1 1 1 625.2703857421875 177.27511596679688 645.7451171875 197.3999786376953 3.778749465942383 1.575760006904602 1.6271721124649048 2.0846424102783203 1.9503815174102783 59.26463317871094 -4.667975902557373 0.1382
Pedestrian 1 1 1 136.04598999023438 172.16978454589844 158.33697509765625 205.04598999023438 0.8409872055053711 1.7660621404647827 0.5895360112190247 -25.22314453125 1.7290074825286865 39.26995086669922 -7.360199928283691 0.1380
Pedestrian 1 1 1 564.7763671875 172.08984375 577.9090576171875 197.58694458007812 0.6590326428413391 1.7566914558410645 0.6696739196777344 -2.720367431640625 1.7037419080734253 50.172088623046875 -8.441014289855957 0.1375
Pedestrian 1 1 1 995.9282836914062 168.5446319580078 1006.0400390625 190.27308654785156 0.6194538474082947 1.7703684568405151 0.4903559684753418 32.0322380065918 1.4189536571502686 59.1621208190918 -3.7105555534362793 0.1366
Car 1 1 1 561.1481323242188 178.8346710205078 581.8770141601562 198.29811096191406 3.946035623550415 1.4815186262130737 1.6120189428329468 -3.101335048675537 1.979862928390503 58.155948638916016 -7.893020153045654 0.1355
Car 1 1 1 0.0 0.0 1241.0 374.0 3.796238899230957 1.5462148189544678 1.6506518125534058 1.723510980606079 1.5654470920562744 0.8878001570701599 -7.865454196929932 0.1339
Car 1 1 1 119.70759582519531 177.8520965576172 205.36639404296875 204.50413513183594 4.1273722648620605 1.557742953300476 1.6162136793136597 -26.858373641967773 1.8634546995162964 43.33255386352539 -3.1590304374694824 0.1338
Pedestrian 1 1 1 553.9515380859375 172.7003631591797 567.8406372070312 199.0762481689453 0.6818179488182068 1.7604382038116455 0.6427208781242371 -3.341787099838257 1.7498835325241089 48.62651443481445 -5.51338005065918 0.1318
Pedestrian 1 1 1 0.0 161.4958038330078 40.59697341918945 239.8574676513672 0.7650747299194336 1.837881088256836 0.5929811000823975 -14.267705917358398 1.5711880922317505 17.38797950744629 -2.510016441345215 0.1313
Pedestrian 1 1 1 0.0 161.38209533691406 36.149959564208984 236.5144805908203 0.7602739930152893 1.8304263353347778 0.5915313959121704 -14.907981872558594 1.5506401062011719 18.032258987426758 -2.574521541595459 0.1309
Pedestrian 1 1 1 1177.4222412109375 148.81967163085938 1235.593017578125 234.46041870117188 0.7589318156242371 1.7831313610076904 0.5880826115608215 12.711909294128418 1.2824113368988037 15.455286026000977 -4.920843601226807 0.1294
Car 1 1 1 864.3106689453125 179.083984375 945.9850463867188 207.12655639648438 3.8647186756134033 1.4922513961791992 1.6067705154418945 16.2103271484375 1.8441014289855957 39.807498931884766 -3.2335543632507324 0.1294
Car 1 1 1 664.0546875 176.89056396484375 690.68896484375 195.3830108642578 4.103687286376953 1.479743242263794 1.580356478691101 5.6112961769104 1.831108808517456 60.757564544677734 -4.7836761474609375 0.1293
Car 1 1 1 444.1978454589844 180.36888122558594 500.7632141113281 217.2306671142578 3.9346582889556885 1.4672296047210693 1.5730186700820923 -5.977214813232422 1.8161725997924805 31.53354263305664 -4.670121192932129 0.1282
Pedestrian 1 1 1 998.13720703125 164.05343627929688 1034.5126953125 238.49124145507812 0.5849930047988892 1.5918605327606201 0.54926997423172 8.823132514953613 1.4033596515655518 15.776607513427734 -4.487150192260742 0.1282
Car 1 1 1 224.5174102783203 180.28958129882812 272.2783203125 207.8191680908203 3.8604257106781006 1.5599807500839233 1.5780278444290161 -22.032093048095703 2.0343985557556152 44.02690887451172 -4.889543056488037 0.1280
Pedestrian 1 1 1 90.87813568115234 163.10263061523438 121.62289428710938 226.4794158935547 0.769231915473938 1.7958637475967407 0.5434814095497131 -14.630285263061523 1.5192461013793945 20.898513793945312 -8.190736770629883 0.1266
Pedestrian 1 1 1 3.077354907989502 163.04115295410156 47.15760040283203 243.8824920654297 0.7593881487846375 1.824727177619934 0.5990440249443054 -13.625986099243164 1.6029345989227295 16.746923446655273 -2.548536777496338 0.1251
Car 1 1 1 501.22650146484375 179.71670532226562 524.2227783203125 197.7138671875 3.8035967350006104 1.5057966709136963 1.6018060445785522 -8.587596893310547 2.1301169395446777 63.752838134765625 -4.734644412994385 0.1249
Car 1 1 1 77.93925476074219 0.0 1241.0 374.0 3.8329012393951416 1.5564519166946411 1.6446201801300049 -1.158840537071228 1.602187991142273 0.812555730342865 -7.890198230743408 0.1246
Pedestrian 1 1 1 809.9056396484375 170.45249938964844 835.39501953125 213.47256469726562 0.8307176828384399 1.7768553495407104 0.6089232563972473 8.87126350402832 1.677366018295288 30.254873275756836 -6.7267255783081055 0.1244
Car 1 1 1 207.8711395263672 184.10153198242188 241.28695678710938 201.17198181152344 4.014247894287109 1.457917332649231 1.6141952276229858 -35.5200080871582 2.528104543685913 66.5479965209961 -4.905271053314209 0.1240
Car 1 1 1 11.008522987365723 176.10791015625 133.02642822265625 224.35093688964844 3.533808469772339 1.5057765245437622 1.590071678161621 -18.201791763305664 1.6242671012878418 24.5517578125 -4.7417707443237305 0.1240
Cyclist 1 1 1 320.1929626464844 177.3702850341797 338.817138671875 207.34710693359375 1.6837884187698364 1.6771591901779175 0.5738163590431213 -16.15746307373047 1.942026138305664 41.49707794189453 -4.815079212188721 0.1233
Car 1 1 1 0.0 180.12757873535156 60.75271224975586 243.9768829345703 3.482306480407715 1.4900054931640625 1.5429983139038086 -16.587482452392578 1.6986876726150513 18.983556747436523 -4.720595359802246 0.1230
Car 1 1 1 807.7489624023438 175.104248046875 858.1737670898438 204.0169677734375 3.841637134552002 1.5697097778320312 1.634386420249939 12.693492889404297 1.704606294631958 41.41264724731445 -7.875251293182373 0.1222
Car 1 1 1 279.8341369628906 182.42422485351562 336.9087219238281 212.99008178710938 3.7565407752990723 1.4850023984909058 1.5983548164367676 -15.91821575164795 2.0163114070892334 38.16667556762695 -4.759003639221191 0.1219
Car 1 1 1 945.642333984375 173.74620056152344 1059.0679931640625 222.3289337158203 3.7034099102020264 1.4922157526016235 1.5828443765640259 12.936352729797363 1.524114727973938 24.135784149169922 -4.784430503845215 0.1219
Car 1 1 1 523.8847045898438 177.58753967285156 556.5988159179688 204.78997802734375 3.932394027709961 1.6240683794021606 1.639772653579712 -4.412545204162598 1.9368476867675781 45.74477005004883 -4.69736385345459 0.1218
Car 1 1 1 127.936767578125 177.9118194580078 217.64292907714844 215.78648376464844 3.8587839603424072 1.564810872077942 1.663362741470337 -19.470226287841797 1.804192304611206 32.2596549987793 -4.708337306976318 0.1201
Car 1 1 1 1010.7760620117188 168.72906494140625 1051.29345703125 187.82545471191406 4.052827835083008 1.5837395191192627 1.6613998413085938 36.07893371582031 1.241341471672058 61.97370910644531 -4.550713062286377 0.1200
Pedestrian 1 1 1 1146.67578125 161.3373565673828 1179.0260009765625 212.66929626464844 0.683529794216156 1.7589541673660278 0.6106234192848206 19.161052703857422 1.3640220165252686 25.079030990600586 -7.810819149017334 0.1199
Car 1 1 1 312.80255126953125 178.3051300048828 351.5447082519531 197.1165313720703 3.972761392593384 1.4995843172073364 1.622233271598816 -23.343799591064453 1.9730451107025146 60.697105407714844 -7.820744037628174 0.1199
Cyclist 1 1 1 355.3421325683594 176.04916381835938 374.446533203125 209.7826385498047 1.7147976160049438 1.6962342262268066 0.5406602621078491 -12.706958770751953 1.8651034832000732 37.324798583984375 -4.7972636222839355 0.1196
Car 1 1 1 906.8307495117188 177.4112548828125 989.3734130859375 204.73854064941406 4.072052001953125 1.5177844762802124 1.6049169301986694 19.442317962646484 1.7887858152389526 41.720428466796875 -2.918002128601074 0.1193
Car 1 1 1 450.3466491699219 180.0086669921875 476.72442626953125 201.47259521484375 3.828610897064209 1.5321825742721558 1.6521183252334595 -11.123117446899414 2.095424175262451 54.835121154785156 -4.828805923461914 0.1189
Car 1 1 1 806.0158081054688 177.83523559570312 923.9454956054688 216.79750061035156 4.174530506134033 1.4931071996688843 1.634067177772522 10.085550308227539 1.69912850856781 28.894968032836914 -6.198370456695557 0.1187
Car 1 1 1 395.0035400390625 179.3044891357422 454.88720703125 201.8432159423828 3.7983663082122803 1.519687294960022 1.6129897832870483 -13.037797927856445 1.9849820137023926 50.746971130371094 -2.8404345512390137 0.1183
Pedestrian 1 1 1 1222.970703125 154.666015625 1241.0 227.34896850585938 0.7470768094062805 1.775890827178955 0.5970829129219055 15.916504859924316 1.3311970233917236 18.057096481323242 -8.063612937927246 0.1182
Pedestrian 1 1 1 2.030404806137085 165.14495849609375 44.76289367675781 236.60922241210938 0.7544671893119812 1.8032008409500122 0.5839853286743164 -15.236550331115723 1.6083849668502808 18.68291473388672 -4.03184700012207 0.1180
Car 1 1 1 544.680419921875 179.21160888671875 567.5206909179688 197.571533203125 3.8964152336120605 1.5090543031692505 1.581258773803711 -4.672833442687988 2.0780670642852783 62.64146423339844 -4.682267665863037 0.1178
Car 1 1 1 0.0 187.43836975097656 0.0 374.0 3.9034266471862793 1.5404425859451294 1.6121240854263306 -5.333364009857178 1.6233463287353516 2.1375091075897217 -7.889153003692627 0.1172
Car 1 1 1 199.6224365234375 183.27047729492188 234.52549743652344 202.1555633544922 3.8711135387420654 1.5016080141067505 1.620911955833435 -33.58301544189453 2.422090530395508 61.7159423828125 -4.932129383087158 0.1172
Car 1 1 1 116.79309844970703 183.9191436767578 226.85861206054688 242.70603942871094 3.559920072555542 1.468302845954895 1.4832100868225098 -12.421292304992676 1.812863826751709 20.608427047729492 -4.88136100769043 0.1170
Pedestrian 1 1 1 1107.6650390625 167.4368438720703 1121.6982421875 194.87977600097656 0.8159970641136169 1.7919137477874756 0.5731647610664368 33.258941650390625 1.4378948211669922 47.596595764160156 -3.8498926162719727 0.1163
Car 1 1 1 506.3534851074219 176.88316345214844 535.32421875 201.0758056640625 3.9826831817626953 1.6153348684310913 1.6283953189849854 -6.274738788604736 1.9102121591567993 50.85274124145508 -4.732450008392334 0.1158
Pedestrian 1 1 1 0.0 162.33612060546875 2.31067156791687 241.79051208496094 0.744560956954956 1.8305045366287231 0.582615852355957 -14.910566329956055 1.587889313697815 17.082134246826172 -2.4758737087249756 0.1151
Car 1 1 1 723.75732421875 176.14947509765625 751.5040283203125 195.80120849609375 3.9015557765960693 1.492255687713623 1.6168142557144165 10.092538833618164 1.763236165046692 57.423988342285156 -7.826256275177002 0.1139
Car 1 1 1 539.8599853515625 177.19630432128906 563.1983642578125 200.67684936523438 4.107652187347412 1.6354323625564575 1.6475677490234375 -4.331948757171631 1.9676988124847412 53.148765563964844 -4.79084587097168 0.1138
Car 1 1 1 504.42059326171875 175.55551147460938 528.0408325195312 192.78016662597656 4.025300025939941 1.5692076683044434 1.6212319135665894 -8.877447128295898 1.8326293230056763 68.40423583984375 -7.828271389007568 0.1136
Car 1 1 1 1229.53076171875 173.2233123779297 1241.0 335.8531494140625 4.0185651779174805 1.5048348903656006 1.617287516593933 9.13627815246582 1.50896418094635 7.667255878448486 -6.373358249664307 0.1135
Pedestrian 1 1 1 288.3786315917969 171.28781127929688 302.6033630371094 200.3119659423828 0.7845818400382996 1.8330925703048706 0.5942206382751465 -20.071319580078125 1.7338759899139404 45.97806930541992 -7.907190799713135 0.1135
Car 1 1 1 1171.75048828125 154.72222900390625 1241.0 204.31092834472656 3.684033155441284 1.5504440069198608 1.5930875539779663 20.934667587280273 0.9832347631454468 24.538156509399414 -4.472557544708252 0.1135
Car 1 1 1 353.4610900878906 178.4996795654297 393.30523681640625 202.6826171875 3.774235963821411 1.5682777166366577 1.6172345876693726 -16.24444580078125 1.9710445404052734 49.599632263183594 -4.746905326843262 0.1134
Car 1 1 1 485.09326171875 178.4612579345703 509.7222595214844 198.91720581054688 3.95202898979187 1.5242433547973633 1.6194708347320557 -8.873382568359375 1.9820075035095215 56.91094207763672 -4.7893595695495605 0.1131
Car 1 1 1 40.259822845458984 172.80723571777344 145.7779083251953 203.39398193359375 4.28410530090332 1.5911872386932373 1.7344303131103516 -27.789627075195312 1.588454246520996 38.867549896240234 -3.3710203170776367 0.1129
Car 1 1 1 478.253662109375 181.61370849609375 542.7290649414062 242.4266357421875 3.912580728530884 1.4827848672866821 1.6175469160079956 -2.7702343463897705 1.75246262550354 20.207983016967773 -7.958652019500732 0.1127
Pedestrian 1 1 1 48.645320892333984 162.1061553955078 85.5318603515625 236.60289001464844 0.7635528445243835 1.8131719827651978 0.5985689163208008 -13.625076293945312 1.5512808561325073 18.038915634155273 -2.41351318359375 0.1126
Car 1 1 1 586.5414428710938 177.86534118652344 614.265869140625 198.03184509277344 4.024218559265137 1.5297675132751465 1.6338356733322144 -0.8324951529502869 1.9463577270507812 57.90550994873047 -4.877199172973633 0.1123
Pedestrian 1 1 1 7.557981967926025 173.1887664794922 30.982791900634766 226.81781005859375 0.6151435375213623 1.7845327854156494 0.6056127548217773 -20.052860260009766 1.7957730293273926 24.44407081604004 -5.383975982666016 0.1117
Pedestrian 1 1 1 1181.8541259765625 156.22483825683594 1222.15087890625 220.45974731445312 0.7677645683288574 1.7668293714523315 0.5618208050727844 16.568172454833984 1.3091318607330322 20.26848030090332 -7.701756954193115 0.1115
Car 1 1 1 84.5750503540039 182.51388549804688 172.22647094726562 217.4550018310547 3.967379093170166 1.4989800453186035 1.6748765707015991 -22.682872772216797 1.9824728965759277 34.10654830932617 -4.771941184997559 0.1109
Car 1 1 1 684.6160278320312 176.4634246826172 751.945068359375 201.58836364746094 3.96773099899292 1.500870943069458 1.6340702772140503 6.571960926055908 1.7270218133926392 44.32123947143555 -3.0750765800476074 0.1108
Pedestrian 1 1 1 1231.5565185546875 150.0664520263672 1241.0 227.64132690429688 0.743341863155365 1.7902644872665405 0.5886079668998718 15.279813766479492 1.2640761137008667 17.071138381958008 -4.897852897644043 0.1104
Car 1 1 1 612.861572265625 177.66481018066406 637.20654296875 200.3098907470703 3.8474361896514893 1.549869179725647 1.6346553564071655 1.0886626243591309 1.9106032848358154 52.18362808227539 -4.658054828643799 0.1099
Car 1 1 1 826.32568359375 175.72998046875 961.4373779296875 221.34039306640625 4.053617477416992 1.5205942392349243 1.6216909885406494 9.739255905151367 1.6236540079116821 25.04892921447754 -6.318785190582275 0.1098
Pedestrian 1 1 1 0.0 162.97366333007812 7.2625813484191895 246.04420471191406 0.7592188119888306 1.839533805847168 0.584204912185669 -14.26496696472168 1.6204415559768677 16.440935134887695 -2.4854841232299805 0.1098
Car 1 1 1 1213.5250244140625 175.3278350830078 1241.0 374.0 4.0213141441345215 1.516777515411377 1.6412622928619385 5.597011089324951 1.536755084991455 3.8615050315856934 -4.657244682312012 0.1086
Car 1 1 1 696.5244140625 177.63201904296875 732.6484985351562 206.0201416015625 3.847304105758667 1.5174925327301025 1.6262949705123901 5.882710933685303 1.8027807474136353 41.17681121826172 -7.819770336151123 0.1086
Car 1 1 1 955.3965454101562 174.82460021972656 1093.249755859375 233.04013061523438 3.8063528537750244 1.4983478784561157 1.5761938095092773 11.63374137878418 1.5597829818725586 20.65363883972168 -4.777889728546143 0.1084
Pedestrian 1 1 1 951.0853881835938 170.71475219726562 983.1580200195312 234.05934143066406 0.5793215036392212 1.4390504360198975 0.49416327476501465 8.209310531616211 1.3901516199111938 16.705373764038086 -4.608992576599121 0.1084
Car 1 1 1 1241.0 169.02410888671875 1241.0 295.8205261230469 3.985971450805664 1.5129789113998413 1.609613060951233 10.958288192749023 1.4669793844223022 9.599828720092773 -6.378166198730469 0.1081
Pedestrian 1 1 1 26.643573760986328 174.3548583984375 53.04853439331055 225.26783752441406 0.48135000467300415 1.7951442003250122 0.5711731910705566 -20.3719425201416 1.8489265441894531 25.728477478027344 -7.968442440032959 0.1080
Car 1 1 1 0.0 184.9025421142578 0.0 374.0 4.082626819610596 1.5805596113204956 1.6280015707015991 -11.131622314453125 1.7506213188171387 8.066384315490723 -4.854223251342773 0.1078
Cyclist 1 1 1 269.173583984375 178.20431518554688 297.60797119140625 216.8741455078125 1.6950299739837646 1.6996673345565796 0.5845421552658081 -14.876875877380371 1.9490234851837158 32.80995178222656 -4.7520527839660645 0.1077
Pedestrian 1 1 1 70.3282470703125 165.75729370117188 97.58091735839844 212.423095703125 0.6615462899208069 1.8073986768722534 0.6440165638923645 -20.692502975463867 1.532238483428955 28.33081817626953 -8.042131423950195 0.1072
Cyclist 1 1 1 267.3344421386719 182.19361877441406 281.60650634765625 201.246826171875 1.7245813608169556 1.731253743171692 0.5079061388969421 -31.29765510559082 2.6129953861236572 67.27680206298828 -7.839163303375244 0.1072
Pedestrian 1 1 1 1105.482421875 171.72373962402344 1126.6937255859375 203.93678283691406 0.7437757849693298 1.7755793333053589 0.661236047744751 28.1627197265625 1.7129790782928467 40.20947265625 -3.4929327964782715 0.1069
Car 1 1 1 903.0800170898438 170.239501953125 957.513916015625 188.73129272460938 3.8836424350738525 1.5399760007858276 1.6270760297775269 27.02932357788086 1.3219422101974487 61.024986267089844 -3.077550172805786 0.1067
Car 1 1 1 114.24732208251953 177.39161682128906 209.8211212158203 206.98861694335938 3.9416086673736572 1.4936829805374146 1.627581000328064 -23.30135726928711 1.735127568244934 37.56198501586914 -3.1746621131896973 0.1067
Car 1 1 1 843.6847534179688 168.793701171875 883.3463134765625 189.0653533935547 4.046038627624512 1.7301278114318848 1.6654106378555298 22.30331039428711 1.3832919597625732 63.69307327270508 -7.980411052703857 0.1065
Pedestrian 1 1 1 216.34197998046875 169.9799346923828 241.62396240234375 221.60018920898438 0.818716824054718 1.7628203630447388 0.600832998752594 -13.29847240447998 1.6643718481063843 25.11042594909668 -8.099344253540039 0.1061
Car 1 1 1 357.1973571777344 181.00437927246094 401.79022216796875 206.35247802734375 3.981740713119507 1.4997122287750244 1.6137479543685913 -14.660130500793457 2.041349411010742 45.97638702392578 -4.724409103393555 0.1061
Car 1 1 1 175.41506958007812 181.66746520996094 266.11785888671875 220.67221069335938 3.9651200771331787 1.4786570072174072 1.6078380346298218 -16.240388870239258 1.8723009824752808 30.25362205505371 -4.693219184875488 0.1056
Pedestrian 1 1 1 1200.0718994140625 150.1907196044922 1241.0 231.33958435058594 0.7577778100967407 1.7993253469467163 0.5737457871437073 13.995564460754395 1.2965093851089478 16.42706298828125 -4.912274360656738 0.1050
Cyclist 1 1 1 326.905517578125 177.2537841796875 346.5587158203125 211.2896270751953 1.6828761100769043 1.679614543914795 0.5572365522384644 -13.92779541015625 1.9084148406982422 36.70132064819336 -4.838034629821777 0.1045
Car 1 1 1 171.0724334716797 179.6086883544922 237.4404754638672 207.84263610839844 3.8125531673431396 1.533714771270752 1.6246025562286377 -23.59906768798828 1.9452214241027832 42.05498123168945 -4.676336765289307 0.1040
Car 1 1 1 0.0 189.17735290527344 22.389589309692383 359.9254455566406 4.098093509674072 1.5485750436782837 1.6379070281982422 -9.551507949829102 1.8049660921096802 9.154699325561523 -4.976400375366211 0.1039
