Car 1 1 1 522.4539794921875 172.4847412109375 752.7376708984375 374.0 3.614084243774414 1.543157935142517 1.632196307182312 0.08504537492990494 1.5402578115463257 6.9118428230285645 -7.884504795074463 0.8234
Car 1 1 1 378.5013427734375 183.3587188720703 415.7361145019531 204.47406005859375 3.8626694679260254 1.4368200302124023 1.6992233991622925 -15.6162748336792 2.2366039752960205 52.999691009521484 -4.742195129394531 0.7994
Car 1 1 1 317.9288330078125 183.489501953125 397.2214050292969 213.0963134765625 3.6665501594543457 1.5160839557647705 1.6013091802597046 -13.493863105773926 2.0980777740478516 38.56387710571289 -3.064014434814453 0.7152
Car 1 1 1 426.1943054199219 180.80804443359375 459.6746520996094 202.25595092773438 4.302187919616699 1.4846283197402954 1.6687341928482056 -12.423909187316895 2.1009304523468018 53.749664306640625 -4.754730224609375 0.7017
Car 1 1 1 57.01923751831055 192.83335876464844 147.77838134765625 224.32080078125 3.6565864086151123 1.5270624160766602 1.6553703546524048 -26.24660873413086 2.5880954265594482 37.308555603027344 -3.0332069396972656 0.6443
Car 1 1 1 206.6172332763672 189.338134765625 309.9554138183594 222.8223876953125 4.1523590087890625 1.4949673414230347 1.6820868253707886 -16.712141036987305 2.3020224571228027 34.292274475097656 -3.040135383605957 0.5865
Car 1 1 1 334.7172546386719 185.30189514160156 375.9442138671875 206.61805725097656 3.72109055519104 1.4302036762237549 1.7644414901733398 -18.50300407409668 2.367919921875 52.490325927734375 -4.736737251281738 0.3652
Pedestrian 1 1 1 750.34619140625 161.0625762939453 764.0049438476562 195.9925079345703 0.6941981315612793 1.8664510250091553 0.6632453203201294 7.9001784324646 1.2360867261886597 38.93708038330078 -7.740865230560303 0.2401
Car 1 1 1 493.722900390625 177.89340209960938 529.7144775390625 203.31361389160156 3.9296905994415283 1.582667589187622 1.6365712881088257 -6.595704555511475 1.9316716194152832 47.88917922973633 -8.183797836303711 0.2356
Car 1 1 1 308.9722595214844 186.41004943847656 347.6377258300781 208.21031188964844 3.775153398513794 1.4471839666366577 1.7083114385604858 -20.405384063720703 2.467008113861084 52.32465362548828 -4.826846599578857 0.2341
Car 1 1 1 374.2029113769531 177.0886993408203 410.21484375 195.31362915039062 3.7501442432403564 1.5867358446121216 1.6744412183761597 -19.817808151245117 1.983816146850586 65.7252197265625 -4.55421781539917 0.2280
Car 1 1 1 167.3536376953125 190.744384765625 245.8683624267578 219.13743591308594 3.6894710063934326 1.517781138420105 1.6729421615600586 -23.029577255249023 2.5669641494750977 41.174617767333984 -2.962242603302002 0.2250
Pedestrian 1 1 1 648.5938720703125 169.33824157714844 657.7926635742188 192.77273559570312 0.8597401976585388 1.8745373487472534 0.5981340408325195 3.459874153137207 1.5930088758468628 58.20446014404297 -4.4742913246154785 0.2207
Car 1 1 1 8.936991691589355 193.68312072753906 82.7247314453125 216.92901611328125 3.675995111465454 1.4989805221557617 1.6325920820236206 -38.43439865112305 2.9456677436828613 49.176177978515625 -3.214876651763916 0.2157
Car 1 1 1 577.0326538085938 180.7297821044922 666.28515625 248.5739288330078 3.8342230319976807 1.4866207838058472 1.632141351699829 0.13533981144428253 1.7081164121627808 18.29964256286621 -8.008930206298828 0.2155
Car 1 1 1 631.5147705078125 173.9477081298828 653.142333984375 190.73973083496094 3.7739288806915283 1.5424630641937256 1.6330240964889526 3.020021438598633 1.6488864421844482 68.46890258789062 -7.922169208526611 0.2133
Pedestrian 1 1 1 1015.2080078125 165.42266845703125 1032.9273681640625 199.29827880859375 0.6311755180358887 1.7619010210037231 0.5959022045135498 21.740093231201172 1.3750907182693481 37.952720642089844 -6.891978740692139 0.2130
Car 1 1 1 0.0 191.32066345214844 84.3342514038086 227.9148406982422 3.707627773284912 1.5173231363296509 1.6278440952301025 -25.599163055419922 2.3537561893463135 31.770809173583984 -3.0822789669036865 0.2129
Pedestrian 1 1 1 784.960205078125 156.96768188476562 840.126220703125 287.43316650390625 0.6773756146430969 1.7370429039001465 0.6344245672225952 2.730957269668579 1.5252293348312378 9.979223251342773 -7.74014139175415 0.2076
Pedestrian 1 1 1 246.17843627929688 168.3822784423828 260.5205078125 198.13693237304688 0.7531512379646301 1.8425239324569702 0.5877834558486938 -22.318166732788086 1.5653173923492432 45.08993148803711 -7.975748538970947 0.2061
Car 1 1 1 306.91851806640625 185.76747131347656 336.5804443359375 206.66932678222656 4.047628879547119 1.5998883247375488 1.6743732690811157 -23.972049713134766 2.712991237640381 60.05314636230469 -4.933218479156494 0.1923
Car 1 1 1 591.9015502929688 180.16529846191406 666.6697387695312 235.8826446533203 3.9407880306243896 1.5116326808929443 1.6215448379516602 0.4499209225177765 1.7571558952331543 22.18939971923828 -8.005985260009766 0.1903
Car 1 1 1 611.2466430664062 178.758544921875 659.5106811523438 213.79745483398438 3.82602858543396 1.5250873565673828 1.5485159158706665 1.0991218090057373 1.820304274559021 34.09818649291992 -4.877092361450195 0.1878
Car 1 1 1 394.8069152832031 180.45323181152344 428.5499572753906 205.06797790527344 4.114164352416992 1.5813758373260498 1.6848725080490112 -13.677163124084473 2.1284713745117188 49.827720642089844 -4.838819980621338 0.1852
Car 1 1 1 592.8128662109375 178.3819122314453 634.823486328125 208.25979614257812 3.7465240955352783 1.5120784044265747 1.4694322347640991 0.12103638052940369 1.8276665210723877 39.241973876953125 -4.936460971832275 0.1788
Car 1 1 1 963.7557373046875 169.40325927734375 999.658447265625 188.29299926757812 4.005091667175293 1.5191307067871094 1.5749231576919556 30.903602600097656 1.2413177490234375 60.13983154296875 -7.669315814971924 0.1782
Pedestrian 1 1 1 540.9814453125 176.13623046875 548.0886840820312 194.84230041503906 0.8031553626060486 1.7614054679870605 0.5936738848686218 -6.232332706451416 2.074497699737549 68.48865509033203 -7.842493534088135 0.1769
Car 1 1 1 889.0472412109375 171.1146240234375 922.7898559570312 190.06781005859375 3.9254086017608643 1.5251697301864624 1.5684529542922974 24.57442855834961 1.3849012851715088 60.09791946411133 -7.746517658233643 0.1766
Car 1 1 1 95.63824462890625 181.96673583984375 134.86109924316406 203.7077178955078 4.060989856719971 1.6102590560913086 1.6384919881820679 -39.370391845703125 2.3633553981781006 57.464561462402344 -5.0673370361328125 0.1763
Pedestrian 1 1 1 174.91680908203125 170.81468200683594 202.751708984375 227.5464630126953 0.825090229511261 1.8329768180847168 0.6109684109687805 -13.95368766784668 1.7667877674102783 23.821075439453125 -8.628409385681152 0.1706
Car 1 1 1 596.5966796875 178.39662170410156 630.5172729492188 205.61692810058594 3.8137879371643066 1.5235540866851807 1.5324571132659912 0.13496313989162445 1.8702729940414429 43.18525314331055 -4.8413896560668945 0.1703
Car 1 1 1 248.5828399658203 186.13900756835938 307.1846923828125 214.09115600585938 3.997124433517456 1.5193371772766113 1.6607192754745483 -19.802135467529297 2.3497707843780518 43.11942672729492 -4.71116304397583 0.1702
Car 1 1 1 549.302490234375 181.0187530517578 645.1163330078125 216.7332000732422 3.9958231449127197 1.4818490743637085 1.6124136447906494 -0.5625346302986145 1.8490196466445923 31.441965103149414 -6.167064189910889 0.1676
Pedestrian 1 1 1 794.6771850585938 170.40023803710938 821.6824951171875 218.4596710205078 0.766300618648529 1.6591509580612183 0.5875909924507141 6.925295352935791 1.574140191078186 25.381919860839844 -3.849482536315918 0.1676
Car 1 1 1 425.8982238769531 180.9393310546875 461.4088134765625 205.29794311523438 3.965169668197632 1.56802499294281 1.641463279724121 -11.459724426269531 2.148052453994751 49.78347396850586 -4.740838527679443 0.1669
Car 1 1 1 977.7291259765625 169.5419921875 1010.974609375 187.98422241210938 3.8778300285339355 1.5592478513717651 1.5972977876663208 33.5261116027832 1.2789252996444702 63.07184982299805 -7.631179332733154 0.1647
Pedestrian 1 1 1 187.80364990234375 176.13172912597656 201.2758026123047 204.7086181640625 0.687608540058136 1.7971506118774414 0.662466287612915 -26.497957229614258 2.007782459259033 45.959083557128906 -8.502331733703613 0.1628
Car 1 1 1 631.2279663085938 178.3263702392578 697.3013305664062 226.91244506835938 4.04362154006958 1.5162559747695923 1.6407123804092407 1.7502710819244385 1.7219772338867188 25.076005935668945 -4.803628921508789 0.1616
Pedestrian 1 1 1 938.7630004882812 166.42282104492188 978.3521118164062 237.86976623535156 0.6446874737739563 1.5307292938232422 0.5331563353538513 7.57001256942749 1.3926433324813843 15.796524047851562 -4.772571086883545 0.1615
Car 1 1 1 941.8834838867188 170.84280395507812 971.8765258789062 187.90390014648438 3.8429813385009766 1.5275131464004517 1.5714858770370483 31.971904754638672 1.3471461534500122 66.63677215576172 -7.662107944488525 0.1612
Pedestrian 1 1 1 200.3900909423828 182.69334411621094 213.5234375 205.47012329101562 0.7439966797828674 1.7394731044769287 0.635493814945221 -31.30329704284668 2.5091781616210938 55.990478515625 -5.656656265258789 0.1601
Car 1 1 1 1025.293212890625 165.96888732910156 1124.3692626953125 201.4088134765625 4.148673057556152 1.7003780603408813 1.6995795965194702 23.579099655151367 1.3697359561920166 36.84880447387695 -8.140861511230469 0.1597
Pedestrian 1 1 1 656.714111328125 178.43475341796875 672.49365234375 205.8848876953125 0.811718761920929 1.684770107269287 0.6661531925201416 3.3684568405151367 2.0364768505096436 45.0015754699707 -8.297503471374512 0.1569
Car 1 1 1 0.0 0.0 1241.0 374.0 3.807330369949341 1.532800555229187 1.6293003559112549 3.0194363594055176 1.5543831586837769 0.9476225972175598 -7.876603603363037 0.1567
Car 1 1 1 0.0 0.0 1241.0 374.0 3.863462209701538 1.5398030281066895 1.641923189163208 -3.4269814491271973 1.6149247884750366 0.9494008421897888 -7.888333797454834 0.1528
Pedestrian 1 1 1 298.918701171875 176.78895568847656 310.91900634765625 197.36549377441406 0.7817034125328064 1.7620244026184082 0.5517751574516296 -26.426651000976562 2.104891538619995 62.447628021240234 -7.293303966522217 0.1519
Car 1 1 1 0.0 0.0 943.54052734375 374.0 3.817350387573242 1.5472780466079712 1.641624093055725 0.4259094297885895 1.579713225364685 0.8699637055397034 -7.863914966583252 0.1506
Pedestrian 1 1 1 0.0 160.76966857910156 33.15107345581055 242.1307373046875 0.7518380284309387 1.8368372917175293 0.5929045677185059 -13.954083442687988 1.5637171268463135 16.739362716674805 -2.5889058113098145 0.1503
Car 1 1 1 858.2675170898438 175.11183166503906 928.3496704101562 205.261474609375 3.8753068447113037 1.5000200271606445 1.616899847984314 14.901432037353516 1.6259022951126099 38.26547622680664 -4.910364627838135 0.1501
Pedestrian 1 1 1 0.0 165.61001586914062 26.277999877929688 268.6090087890625 0.743992269039154 1.7750192880630493 0.551909863948822 -11.053634643554688 1.649881362915039 12.896592140197754 -4.1433281898498535 0.1500
Car 1 1 1 563.464599609375 179.68858337402344 618.489990234375 222.68994140625 3.963468551635742 1.491257667541504 1.606819748878479 -0.8470869064331055 1.773723840713501 27.7684326171875 -4.870797157287598 0.1492
Pedestrian 1 1 1 75.25257873535156 185.03414916992188 98.97811889648438 226.70083618164062 0.8275604248046875 1.7547130584716797 0.6595058441162109 -22.66103172302246 2.2900497913360596 31.210384368896484 -5.5697431564331055 0.1486
Car 1 1 1 541.4820556640625 180.8979949951172 611.1979370117188 237.36671447753906 3.811253070831299 1.506595253944397 1.6242380142211914 -1.1516075134277344 1.7723376750946045 21.84482192993164 -8.031064987182617 0.1486
Pedestrian 1 1 1 195.84332275390625 168.20065307617188 222.3760223388672 224.11419677734375 0.822149395942688 1.8551548719406128 0.6102978587150574 -13.633021354675293 1.7004616260528564 24.449033737182617 -8.597390174865723 0.1476
Pedestrian 1 1 1 1113.4954833984375 173.5328369140625 1137.9447021484375 210.11575317382812 0.723450243473053 1.7665081024169922 0.685442328453064 25.205821990966797 1.7998837232589722 35.32661056518555 -5.119168281555176 0.1476
Car 1 1 1 566.7184448242188 179.7300567626953 608.733642578125 213.956298828125 3.812237024307251 1.5160613059997559 1.5399796962738037 -1.1655093431472778 1.866227388381958 34.77118682861328 -4.87337064743042 0.1475
Car 1 1 1 789.687744140625 172.5281982421875 818.9359130859375 189.7288360595703 3.7812421321868896 1.4774526357650757 1.5289725065231323 17.14072036743164 1.4491674900054932 63.876190185546875 -7.865819454193115 0.1464
Car 1 1 1 126.85303497314453 188.96826171875 184.93507385253906 208.3177490234375 3.910801887512207 1.586033582687378 1.6208456754684448 -38.613426208496094 2.97491455078125 61.36777114868164 -6.29563570022583 0.1456
Car 1 1 1 656.8023071289062 172.27476501464844 675.0858764648438 190.42929077148438 4.038936138153076 1.6682943105697632 1.6594549417495728 5.2545623779296875 1.6147650480270386 68.37151336669922 -7.792837619781494 0.1454
Car 1 1 1 1135.366455078125 168.13336181640625 1191.8533935546875 189.9336395263672 3.8677046298980713 1.4910393953323364 1.6317850351333618 39.3286018371582 1.1678680181503296 51.40309524536133 -7.663722515106201 0.1452
Car 1 1 1 569.5949096679688 177.7515106201172 596.0166625976562 203.49966430664062 3.9060566425323486 1.5560405254364014 1.6251741647720337 -1.8110049962997437 1.8839161396026611 46.35620880126953 -4.765212059020996 0.1449
Car 1 1 1 550.364501953125 180.00509643554688 578.6098022460938 199.13101196289062 3.933781385421753 1.560573697090149 1.6254291534423828 -4.003322124481201 2.2013752460479736 62.5710334777832 -4.994751930236816 0.1443
Car 1 1 1 913.0956420898438 171.5941619873047 949.6755981445312 190.24368286132812 4.0929365158081055 1.5602643489837646 1.6032265424728394 27.746305465698242 1.4545625448226929 62.466251373291016 -7.779205799102783 0.1439
Pedestrian 1 1 1 995.984375 172.72500610351562 1035.0797119140625 247.4178009033203 0.5546955466270447 1.436720848083496 0.4725160598754883 7.901956081390381 1.433939814567566 14.168641090393066 -4.657854080200195 0.1435
Car 1 1 1 455.4933166503906 180.0386199951172 483.4874572753906 200.82200622558594 3.9478557109832764 1.5556060075759888 1.5930744409561157 -11.164430618286133 2.1466991901397705 57.3911247253418 -4.748472213745117 0.1435
Car 1 1 1 622.399658203125 181.60919189453125 742.8682250976562 286.0747985839844 3.8689708709716797 1.480589747428894 1.6227511167526245 1.0440117120742798 1.6556710004806519 12.503413200378418 -7.873793125152588 0.1433
Car 1 1 1 608.733642578125 176.62704467773438 646.8896484375 201.4061279296875 3.9721648693084717 1.551932454109192 1.6116682291030884 1.1042406558990479 1.8134251832962036 47.9492301940918 -4.934353351593018 0.1430
Pedestrian 1 1 1 978.7929077148438 171.01260375976562 987.3848266601562 189.40164184570312 0.6978210806846619 1.7248327732086182 0.5710480213165283 35.20740509033203 1.5518145561218262 68.12850189208984 -7.1364970207214355 0.1428
Car 1 1 1 917.5810546875 166.62486267089844 955.16748046875 187.40774536132812 4.190119743347168 1.8538774251937866 1.666146159172058 29.994726181030273 1.2979243993759155 66.48101806640625 -7.82504415512085 0.1418
Car 1 1 1 133.82122802734375 184.53594970703125 206.47206115722656 209.18504333496094 3.981505870819092 1.521689772605896 1.6455141305923462 -28.603099822998047 2.3002769947052 46.898887634277344 -2.9374682903289795 0.1397
Car 1 1 1 211.7944793701172 184.61122131347656 280.3095703125 215.79498291015625 3.925821542739868 1.5213018655776978 1.5817363262176514 -19.463712692260742 2.183933734893799 38.69283676147461 -4.674954414367676 0.1368
Pedestrian 1 1 1 1223.442138671875 150.7204132080078 1241.0 218.9860382080078 0.7821692824363708 1.8179829120635986 0.576923668384552 17.213159561157227 1.228243112564087 19.623098373413086 -6.64345645904541 0.1349
Car 1 1 1 635.9204711914062 178.78921508789062 683.1195068359375 211.512451171875 3.8976268768310547 1.5060673952102661 1.5758203268051147 2.370130777359009 1.818568468093872 35.98750305175781 -4.851759910583496 0.1340
Car 1 1 1 896.8729248046875 174.11898803710938 994.7256469726562 220.743408203125 3.665633201599121 1.5155998468399048 1.5603041648864746 11.670273780822754 1.5631871223449707 25.435564041137695 -4.77629280090332 0.1338
Car 1 1 1 667.3329467773438 178.33897399902344 705.9572143554688 205.47225952148438 3.7922122478485107 1.54421865940094 1.5736583471298218 4.571918487548828 1.8920477628707886 43.827850341796875 -4.816916465759277 0.1333
Pedestrian 1 1 1 1215.7864990234375 147.23284912109375 1241.0 227.6257781982422 0.7756909728050232 1.815271258354187 0.5908058881759644 14.645634651184082 1.2364461421966553 16.74969482421875 -5.0097880363464355 0.1332
Car 1 1 1 361.0569152832031 180.91358947753906 402.34466552734375 205.6701202392578 3.851924180984497 1.5482550859451294 1.5804760456085205 -15.265057563781738 2.109248161315918 48.31669235229492 -4.721933841705322 0.1329
Car 1 1 1 656.4136962890625 177.10281372070312 683.374267578125 198.38616943359375 3.759737014770508 1.5725151300430298 1.5945382118225098 4.6616692543029785 1.9145116806030273 56.12084197998047 -7.634521007537842 0.1321
Car 1 1 1 0.0 184.82278442382812 0.0 374.0 3.909255266189575 1.5570181608200073 1.6251217126846313 -5.343759059906006 1.6239206790924072 2.0796780586242676 -7.875442981719971 0.1306
Pedestrian 1 1 1 164.17469787597656 169.2989959716797 197.41798400878906 224.85150146484375 0.8135150074958801 1.8441098928451538 0.5898826122283936 -14.590448379516602 1.7257987260818481 24.453838348388672 -4.035465240478516 0.1305
Car 1 1 1 566.0052490234375 179.21337890625 602.7562255859375 209.06971740722656 3.795220136642456 1.5078645944595337 1.5394933223724365 -1.4776992797851562 1.8714139461517334 39.28662109375 -4.872036933898926 0.1293
Pedestrian 1 1 1 1103.3646240234375 153.80307006835938 1150.6907958984375 229.9505615234375 0.7711983919143677 1.7942899465560913 0.587761640548706 12.395230293273926 1.3450864553451538 17.387760162353516 -7.8529133796691895 0.1291
Car 1 1 1 0.0 0.0 1241.0 374.0 3.8316097259521484 1.5346657037734985 1.6328600645065308 4.928894996643066 1.5292168855667114 1.013392448425293 -7.942977428436279 0.1283
Pedestrian 1 1 1 926.7838745117188 166.6234130859375 952.5911254882812 212.60569763183594 0.8070756196975708 1.7936725616455078 0.612413227558136 13.036859512329102 1.5503302812576294 28.630098342895508 -6.908166408538818 0.1282
Car 1 1 1 387.41375732421875 182.03863525390625 427.76611328125 209.60546875 4.029996395111084 1.5150325298309326 1.646427035331726 -12.076702117919922 2.090301275253296 43.13041305541992 -4.810353755950928 0.1281
Pedestrian 1 1 1 24.869415283203125 159.62942504882812 71.20401763916016 240.26759338378906 0.7566066384315491 1.8585739135742188 0.5840886831283569 -13.331530570983887 1.5534698963165283 17.054990768432617 -2.7043380737304688 0.1264
Car 1 1 1 1095.8873291015625 167.9456787109375 1146.148193359375 188.9275360107422 3.8263916969299316 1.4933124780654907 1.6061605215072632 37.708892822265625 1.143678069114685 53.38520431518555 -7.659816265106201 0.1257
Car 1 1 1 626.27734375 178.0885467529297 670.0795288085938 206.62413024902344 3.839890956878662 1.4939963817596436 1.5223207473754883 2.0563571453094482 1.8027012348175049 40.558467864990234 -4.919017791748047 0.1257
Car 1 1 1 0.0 0.0 1241.0 374.0 3.788365602493286 1.5475666522979736 1.6175554990768433 -1.1710355281829834 1.6198173761367798 0.3819643259048462 -7.880748271942139 0.1256
Pedestrian 1 1 1 1093.2957763671875 158.73727416992188 1144.8828125 236.8392333984375 0.7961828112602234 1.7633663415908813 0.5781072974205017 11.748461723327637 1.4443424940109253 16.741409301757812 -4.928005218505859 0.1255
Pedestrian 1 1 1 393.026123046875 178.37918090820312 405.3759765625 202.68368530273438 0.6423467993736267 1.6918774843215942 0.5654947757720947 -14.88644790649414 2.084221601486206 50.848724365234375 -3.929107666015625 0.1249
Pedestrian 1 1 1 0.0 172.96432495117188 48.14629364013672 273.2911376953125 0.7225935459136963 1.6918447017669678 0.5224871635437012 -10.41893482208252 1.693532943725586 12.584848403930664 -4.4518723487854 0.1248
Car 1 1 1 693.7470092773438 173.96763610839844 714.3548583984375 190.80252075195312 3.8440232276916504 1.5365400314331055 1.6383470296859741 8.825257301330566 1.6443430185317993 68.07840728759766 -4.658831596374512 0.1243
Pedestrian 1 1 1 656.4401245117188 168.6170196533203 666.84228515625 196.13148498535156 0.7869012355804443 1.823239803314209 0.6430208683013916 3.4228482246398926 1.5421767234802246 48.246604919433594 -4.5740203857421875 0.1240
Car 1 1 1 733.0640869140625 173.44110107421875 764.7774658203125 189.9417724609375 4.026412487030029 1.4968018531799316 1.60381281375885 12.977499961853027 1.5533299446105957 67.72259521484375 -8.024171829223633 0.1239
Pedestrian 1 1 1 1218.2652587890625 151.64605712890625 1241.0 222.9031219482422 0.7810098528862 1.8395593166351318 0.5733801126480103 16.570775985717773 1.2917590141296387 19.0054988861084 -3.4047789573669434 0.1234
Car 1 1 1 193.67706298828125 172.4910888671875 274.9236755371094 197.03892517089844 4.3220977783203125 1.5412545204162598 1.6558650732040405 -24.05683135986328 1.5181690454483032 46.23752212524414 -3.1917285919189453 0.1232
Pedestrian 1 1 1 466.970703125 171.74948120117188 487.7226257324219 216.3322296142578 0.7951542139053345 1.7183589935302734 0.6056630611419678 -5.251154899597168 1.675487995147705 28.300949096679688 -5.171612739562988 0.1229
Pedestrian 1 1 1 244.8341064453125 171.2293243408203 267.71734619140625 216.89634704589844 0.7549796104431152 1.802286982536316 0.6296398639678955 -14.245951652526855 1.7378681898117065 28.966711044311523 -8.610127449035645 0.1221
Car 1 1 1 932.4642944335938 174.96829223632812 1020.7454833984375 215.82118225097656 3.804999351501465 1.4854410886764526 1.6298989057540894 14.247806549072266 1.5738966464996338 28.362293243408203 -4.680941581726074 0.1221
Car 1 1 1 487.5264587402344 178.35272216796875 516.0955810546875 205.00485229492188 3.7311666011810303 1.5268641710281372 1.5996454954147339 -6.606612682342529 1.877328872680664 44.08272171020508 -4.826421737670898 0.1212
Car 1 1 1 782.8339233398438 176.25 819.9610595703125 206.51132202148438 3.8743133544921875 1.553948998451233 1.6328632831573486 10.403013229370117 1.7494815587997437 39.55963134765625 -4.540573596954346 0.1210
Car 1 1 1 262.15093994140625 179.2585906982422 296.5371398925781 197.47259521484375 4.0103020668029785 1.5870109796524048 1.6065504550933838 -30.39396858215332 2.1942758560180664 66.384033203125 -4.793943405151367 0.1205
Pedestrian 1 1 1 28.736818313598633 160.0668487548828 71.98977661132812 246.90553283691406 0.7340454459190369 1.8049637079238892 0.5764553546905518 -12.037513732910156 1.5388798713684082 15.451764106750488 -2.46614933013916 0.1205
Car 1 1 1 200.45654296875 175.99349975585938 243.20562744140625 199.60983276367188 3.9627256393432617 1.7052031755447388 1.7439645528793335 -29.4298095703125 1.9523775577545166 54.76757049560547 -4.898993968963623 0.1205
Pedestrian 1 1 1 124.84907531738281 161.837646484375 160.45021057128906 229.8476104736328 0.7775055766105652 1.837464690208435 0.6000823378562927 -12.98388385772705 1.539529800415039 19.968631744384766 -2.489208698272705 0.1201
Pedestrian 1 1 1 0.0 159.1147003173828 29.09954833984375 248.50677490234375 0.7625426650047302 1.85875403881073 0.5908600091934204 -12.99113941192627 1.572769284248352 15.469672203063965 -2.4866490364074707 0.1200
Pedestrian 1 1 1 1223.213134765625 148.3838348388672 1241.0 222.76608276367188 0.7801958322525024 1.8146218061447144 0.590194821357727 15.925359725952148 1.2173501253128052 18.043357849121094 -8.053257942199707 0.1198
Car 1 1 1 298.6356201171875 182.29995727539062 338.7379150390625 207.47767639160156 4.005544185638428 1.5562448501586914 1.6299110651016235 -19.468101501464844 2.2156031131744385 48.28342819213867 -4.868774890899658 0.1193
Car 1 1 1 991.8912353515625 164.48289489746094 1027.0538330078125 186.0467987060547 4.1206374168396 1.8853864669799805 1.6906954050064087 36.06657028198242 1.1531792879104614 65.28128051757812 -7.6333088874816895 0.1192
Pedestrian 1 1 1 147.1493377685547 162.9364013671875 178.22862243652344 232.32582092285156 0.7637102007865906 1.812217116355896 0.5913599133491516 -12.033502578735352 1.5529030561447144 19.326236724853516 -5.430296421051025 0.1189
Pedestrian 1 1 1 76.27474212646484 178.84991455078125 88.41957092285156 203.17623901367188 0.7955633997917175 1.786099910736084 0.6297257542610168 -39.31243133544922 2.2363879680633545 53.723304748535156 -8.351346969604492 0.1186
Pedestrian 1 1 1 338.67034912109375 168.169921875 365.4532470703125 221.9635467529297 0.8309694528579712 1.785560131072998 0.614858865737915 -8.79591178894043 1.6297825574874878 24.46621322631836 -8.534268379211426 0.1186
Pedestrian 1 1 1 405.05877685546875 172.1675567626953 423.9653015136719 211.0617218017578 0.6746234893798828 1.777377963066101 0.6323209404945374 -9.100817680358887 1.7457088232040405 33.43324279785156 -8.519552230834961 0.1178
Car 1 1 1 794.5639038085938 172.66917419433594 832.7124633789062 193.86773681640625 3.746393918991089 1.5412788391113281 1.6104687452316284 15.270994186401367 1.527539849281311 54.38155746459961 -4.776426315307617 0.1177
Car 1 1 1 1011.4716796875 165.32656860351562 1065.398193359375 188.1783905029297 4.099976539611816 1.693947672843933 1.6347312927246094 32.88428497314453 1.135657548904419 55.5564079284668 -4.738559246063232 0.1173
Car 1 1 1 966.4754638671875 171.64305114746094 1032.8587646484375 201.34410095214844 4.144796371459961 1.5748969316482544 1.6785444021224976 21.67180824279785 1.51038658618927 40.37919235229492 -4.651431560516357 0.1172
Pedestrian 1 1 1 1226.6785888671875 157.07872009277344 1241.0 215.43345642089844 0.6914550065994263 1.7885606288909912 0.6085591912269592 19.80095672607422 1.3047516345977783 22.51727294921875 -8.067222595214844 0.1171
Car 1 1 1 369.8409729003906 175.577880859375 397.630126953125 193.8290252685547 3.9919004440307617 1.6617859601974487 1.6205099821090698 -21.41546058654785 1.927243709564209 68.3525161743164 -4.778740406036377 0.1167
Pedestrian 1 1 1 0.0 159.77975463867188 0.0 244.30300903320312 0.762553870677948 1.8727400302886963 0.5830603837966919 -14.592429161071777 1.5827604532241821 16.439332962036133 -2.5630197525024414 0.1166
Pedestrian 1 1 1 237.94024658203125 163.9879150390625 265.8396911621094 226.45791625976562 0.8180117011070251 1.8228200674057007 0.5872912406921387 -10.750563621520996 1.5638158321380615 21.55670166015625 -8.526987075805664 0.1164
Pedestrian 1 1 1 134.9736785888672 182.69667053222656 149.46151733398438 217.24374389648438 0.5346355438232422 1.75785493850708 0.612755537033081 -24.243148803710938 2.272197723388672 37.33277130126953 -8.45999813079834 0.1156
Pedestrian 1 1 1 72.91767883300781 163.1020050048828 114.43758392333984 242.83592224121094 0.7511929869651794 1.7994685173034668 0.5929140448570251 -12.036614418029785 1.5790815353393555 16.748245239257812 -2.4833626747131348 0.1155
Car 1 1 1 508.7099914550781 179.13687133789062 548.0279541015625 215.54127502441406 3.8980252742767334 1.4855780601501465 1.6167210340499878 -3.7343006134033203 1.7834323644638062 32.19544982910156 -4.8571648597717285 0.1155
Car 1 1 1 659.4449462890625 179.76853942871094 735.1431884765625 239.4325714111328 3.9422473907470703 1.4989542961120605 1.605629563331604 2.3370110988616943 1.714857816696167 20.57440948486328 -7.873713970184326 0.1148
Car 1 1 1 1005.848388671875 168.48565673828125 1042.3447265625 187.0259246826172 4.190967082977295 1.707049012184143 1.687880516052246 39.319339752197266 1.3045438528060913 68.64421081542969 -7.6789422035217285 0.1145
Car 1 1 1 416.2704772949219 180.57606506347656 453.4143371582031 208.29095458984375 3.921708822250366 1.536644697189331 1.62181556224823 -10.46232795715332 2.0200345516204834 43.16581344604492 -4.8081793785095215 0.1145
Pedestrian 1 1 1 96.31214904785156 163.9490509033203 133.21371459960938 233.7896270751953 0.7656813859939575 1.8247509002685547 0.6046411991119385 -13.313520431518555 1.5917880535125732 19.324155807495117 -2.4923739433288574 0.1142
Car 1 1 1 986.9808959960938 172.9431915283203 1087.1480712890625 215.3209991455078 3.73858380317688 1.480853796005249 1.6266593933105469 15.87045669555664 1.4841388463974 27.112417221069336 -4.684847831726074 0.1138
Pedestrian 1 1 1 785.6636962890625 171.1277313232422 804.259765625 205.8936309814453 0.7657024264335632 1.7756807804107666 0.652700662612915 9.518033027648926 1.6872107982635498 37.29872131347656 -8.078572273254395 0.1138
Pedestrian 1 1 1 79.50934600830078 179.98863220214844 91.43580627441406 204.0836639404297 0.7126661539077759 1.7493419647216797 0.6013531684875488 -38.632102966308594 2.2786431312561035 53.106407165527344 -8.317198753356934 0.1137
Pedestrian 1 1 1 94.28135681152344 162.73248291015625 129.46791076660156 228.81863403320312 0.7822042107582092 1.8439559936523438 0.5984645485877991 -14.273397445678711 1.5612425804138184 20.603801727294922 -2.5184128284454346 0.1135
Pedestrian 1 1 1 931.1669311523438 158.20164489746094 964.66943359375 214.6427001953125 0.7770355939865112 1.776444911956787 0.6069833636283875 10.798301696777344 1.314971685409546 23.173200607299805 -8.168121337890625 0.1133
Car 1 1 1 1016.3348388671875 169.47337341308594 1104.329833984375 205.5174560546875 4.060356616973877 1.6681444644927979 1.6393650770187378 21.971508026123047 1.5113863945007324 35.46242141723633 -4.763188362121582 0.1131
Pedestrian 1 1 1 299.0754699707031 166.7265625 324.85223388671875 220.3428497314453 0.8308858871459961 1.8279049396514893 0.6008535623550415 -10.420812606811523 1.6187059879302979 25.109914779663086 -8.561112403869629 0.1126
Pedestrian 1 1 1 33.11708450317383 159.24913024902344 76.70297241210938 241.81533813476562 0.7542923092842102 1.8273485898971558 0.5772542357444763 -12.682809829711914 1.5259469747543335 16.41918182373047 -2.548269510269165 0.1124
Pedestrian 1 1 1 770.8598022460938 169.2960662841797 793.2002563476562 215.53038024902344 0.6734866499900818 1.6022318601608276 0.5471941232681274 6.020017147064209 1.4786335229873657 25.43798065185547 -7.219919681549072 0.1121
Pedestrian 1 1 1 58.34137725830078 163.0132598876953 99.86871337890625 237.98477172851562 0.7505736351013184 1.8265714645385742 0.6016639471054077 -13.31809139251709 1.586516261100769 18.033246994018555 -2.582791805267334 0.1120
Car 1 1 1 122.08000183105469 190.57467651367188 212.1297607421875 219.65957641601562 3.960176944732666 1.5042712688446045 1.6912466287612915 -24.24498748779297 2.498502731323242 39.507625579833984 -3.0690157413482666 0.1117
Cyclist 1 1 1 1061.7091064453125 168.2107696533203 1087.16455078125 194.49539184570312 1.6568681001663208 1.8196641206741333 0.5975519418716431 32.658390045166016 1.4979164600372314 50.80733871459961 -4.820395469665527 0.1114
Car 1 1 1 523.1790771484375 177.22264099121094 561.7622680664062 202.9038543701172 3.9128146171569824 1.5872241258621216 1.661800742149353 -4.415781497955322 1.8860225677490234 47.34663009643555 -4.5719380378723145 0.1113
Car 1 1 1 296.6884765625 185.29945373535156 339.69879150390625 213.95762634277344 3.99548077583313 1.536573052406311 1.685586929321289 -17.227174758911133 2.3088889122009277 42.66452407836914 -4.920435428619385 0.1112
Pedestrian 1 1 1 0.0 162.89007568359375 22.126760482788086 238.00045776367188 0.7409625053405762 1.8296332359313965 0.5961707234382629 -15.249344825744629 1.5866193771362305 18.029462814331055 -2.55490779876709 0.1108
Pedestrian 1 1 1 948.5135498046875 163.26271057128906 969.4752197265625 200.60101318359375 0.6829282641410828 1.825387954711914 0.6524937748908997 17.21036720275879 1.3561909198760986 35.67362976074219 -4.911418914794922 0.1107
Pedestrian 1 1 1 1223.31640625 147.21815490722656 1241.0 232.14871215820312 0.7606253623962402 1.8049015998840332 0.5880655646324158 13.9924898147583 1.2598016262054443 15.783985137939453 -5.0124359130859375 0.1101
Car 1 1 1 934.9620971679688 175.00186157226562 1075.706298828125 237.85597229003906 3.7271952629089355 1.5069376230239868 1.5464606285095215 10.369707107543945 1.569895625114441 19.3399715423584 -4.778214931488037 0.1100
Car 1 1 1 527.6172485351562 179.08921813964844 555.4798583984375 198.0205535888672 3.903261423110962 1.5381830930709839 1.6334415674209595 -5.9486517906188965 2.0928685665130615 62.11750030517578 -5.009738445281982 0.1098
Pedestrian 1 1 1 59.5404167175293 162.50579833984375 98.7046127319336 233.06683349609375 0.7641654014587402 1.8451727628707886 0.6031882166862488 -14.267874717712402 1.5742671489715576 19.325660705566406 -2.5879464149475098 0.1097
Car 1 1 1 324.74871826171875 182.61277770996094 366.775634765625 207.67652893066406 3.877697706222534 1.5431430339813232 1.568035364151001 -17.533973693847656 2.2181031703948975 47.94661331176758 -4.769367218017578 0.1097
Car 1 1 1 516.6757202148438 181.12245178222656 638.196044921875 226.82656860351562 4.0193586349487305 1.4987776279449463 1.6203266382217407 -1.1261335611343384 1.7969605922698975 25.03681182861328 -6.181513786315918 0.1096
Car 1 1 1 456.3870544433594 178.60171508789062 485.5330810546875 205.39137268066406 4.007236480712891 1.594313144683838 1.6392875909805298 -8.844667434692383 1.9767134189605713 45.94188690185547 -4.8560004234313965 0.1095
Pedestrian 1 1 1 1189.217529296875 164.5012969970703 1201.4482421875 191.47560119628906 0.7530887126922607 1.810820460319519 0.6110267639160156 39.655548095703125 1.2497923374176025 48.9222297668457 -3.9861154556274414 0.1094
Pedestrian 1 1 1 281.233642578125 178.6209716796875 299.3610534667969 215.31944274902344 0.5612781643867493 1.6443794965744019 0.5372636318206787 -14.590739250183105 1.9096094369888306 32.83674621582031 -4.080177307128906 0.1093
