Car 1 1 1 335.1392822265625 183.19625854492188 407.45379638671875 225.1724090576172 3.5930867195129395 1.4608800411224365 1.5352356433868408 -9.158733367919922 1.8852884769439697 27.817419052124023 -4.690726280212402 0.7377
Car 1 1 1 640.6832275390625 176.02468872070312 672.6929321289062 205.9640655517578 4.016288757324219 1.5070295333862305 1.6298078298568726 2.486794948577881 1.686370611190796 38.81803512573242 -7.781405925750732 0.7333
Car 1 1 1 485.1187438964844 180.4271240234375 521.55419921875 206.63050842285156 3.5938127040863037 1.5078619718551636 1.5907188653945923 -6.554076671600342 1.9927330017089844 44.40038299560547 -4.6755523681640625 0.6346
Car 1 1 1 721.5321044921875 174.9183349609375 755.0604858398438 202.1593475341797 3.67234468460083 1.5406147241592407 1.6047853231430054 7.563256740570068 1.668707251548767 42.984886169433594 -7.778271198272705 0.6205
Car 1 1 1 539.4697875976562 180.3157501220703 559.470458984375 198.5975799560547 3.8748867511749268 1.514458179473877 1.6268911361694336 -5.311485290527344 2.1898467540740967 63.361576080322266 -4.763408660888672 0.4716
Car 1 1 1 692.1537475585938 175.70648193359375 715.0803833007812 192.6028594970703 3.9653799533843994 1.4800348281860352 1.5814045667648315 8.491220474243164 1.7479314804077148 65.85670471191406 -7.852454662322998 0.3192
Pedestrian 1 1 1 801.1424560546875 159.13719177246094 829.802490234375 218.28463745117188 0.8575581908226013 1.7846527099609375 0.655523419380188 6.266957759857178 1.370476484298706 22.208253860473633 -4.68582820892334 0.2797
Car 1 1 1 466.3380126953125 183.47438049316406 505.7235412597656 205.53990173339844 3.607854127883911 1.4697887897491455 1.6679127216339111 -8.891581535339355 2.260709285736084 51.833152770996094 -4.537310600280762 0.2639
Pedestrian 1 1 1 135.11965942382812 179.28440856933594 159.10447692871094 222.35592651367188 0.7764679789543152 1.7678308486938477 0.6844968795776367 -19.47247886657715 2.042025566101074 30.284563064575195 -5.519167900085449 0.2588
Pedestrian 1 1 1 558.5731201171875 164.77784729003906 574.2098999023438 200.0084686279297 0.7826218008995056 1.8306152820587158 0.6495240926742554 -2.3283016681671143 1.4106711149215698 37.936485290527344 -7.667553424835205 0.2536
Car 1 1 1 354.8352355957031 180.67799377441406 416.9792785644531 216.095947265625 3.8828213214874268 1.4778164625167847 1.6187225580215454 -10.179521560668945 1.8554539680480957 32.90952682495117 -4.708792209625244 0.2398
Pedestrian 1 1 1 388.5869445800781 174.14950561523438 400.5604248046875 195.2338104248047 0.8867172598838806 1.8445175886154175 0.5208166837692261 -19.039697647094727 1.9595091342926025 63.69902801513672 -4.1350789070129395 0.2328
Pedestrian 1 1 1 449.5431213378906 176.27574157714844 465.51409912109375 205.73825073242188 0.7338869571685791 1.7233706712722778 0.5847571492195129 -9.074681282043457 1.9281108379364014 42.77456283569336 -7.004139423370361 0.2325
Pedestrian 1 1 1 133.47032165527344 165.30975341796875 155.44686889648438 205.3170623779297 0.7406871914863586 1.864216923713684 0.6714480519294739 -22.012418746948242 1.5123785734176636 34.06312942504883 -8.103141784667969 0.2321
Pedestrian 1 1 1 794.046630859375 167.8399200439453 807.252197265625 203.65394592285156 0.7810338735580444 1.7639837265014648 0.6136119365692139 9.464827537536621 1.5167202949523926 35.98857116699219 -4.483423709869385 0.2309
Car 1 1 1 533.5913696289062 178.7262420654297 557.4404296875 199.3479766845703 3.8951399326324463 1.5192240476608276 1.570719599723816 -5.020892143249512 1.9925122261047363 56.231693267822266 -4.727724552154541 0.2279
Car 1 1 1 1221.99658203125 164.17608642578125 1241.0 220.08963012695312 3.9958183765411377 1.5436829328536987 1.6364027261734009 21.30759620666504 1.3037999868392944 22.01833152770996 -8.004154205322266 0.2198
Car 1 1 1 73.67609405517578 192.1047821044922 134.70217895507812 220.97303771972656 4.0037617683410645 1.5187815427780151 1.6946388483047485 -30.075796127319336 2.7226409912109375 42.98158645629883 -4.969356536865234 0.2197
Car 1 1 1 223.55429077148438 189.1872100830078 262.7801513671875 210.92628479003906 3.7334158420562744 1.5614696741104126 1.6347591876983643 -28.821237564086914 2.890031576156616 56.740478515625 -4.854238033294678 0.2179
Car 1 1 1 504.76910400390625 179.70541381835938 527.1964111328125 198.27085876464844 3.923680067062378 1.5353749990463257 1.5687295198440552 -8.217622756958008 2.153301477432251 63.121856689453125 -4.74320125579834 0.2139
Car 1 1 1 740.5707397460938 174.08615112304688 765.5217895507812 191.26425170898438 4.134212970733643 1.5085397958755493 1.6137030124664307 12.979528427124023 1.6241276264190674 65.76390075683594 -7.812124729156494 0.2005
Car 1 1 1 1080.52099609375 166.75306701660156 1132.968017578125 188.2619171142578 3.9675381183624268 1.6456454992294312 1.630383849143982 39.305606842041016 1.1785616874694824 57.2396125793457 -7.785882472991943 0.1950
Car 1 1 1 243.65908813476562 175.77577209472656 271.697265625 193.7575225830078 3.914968490600586 1.6296703815460205 1.6545219421386719 -33.27153778076172 1.9139766693115234 68.18014526367188 -8.112849235534668 0.1942
Pedestrian 1 1 1 583.9684448242188 165.1897430419922 600.2872314453125 196.79605102539062 0.8578727841377258 1.8498493432998657 0.5939796566963196 -1.0926300287246704 1.4009764194488525 42.751121520996094 -7.2990803718566895 0.1931
Cyclist 1 1 1 0.0 175.76889038085938 68.99839782714844 270.1190490722656 1.7986806631088257 1.7455151081085205 0.5799872875213623 -11.450200080871582 1.8032190799713135 13.868463516235352 -2.908998966217041 0.1879
Pedestrian 1 1 1 855.3429565429688 167.670166015625 868.5794677734375 194.26870727539062 0.8720030784606934 1.7974861860275269 0.569230854511261 17.147567749023438 1.4468708038330078 49.20832443237305 -7.897511959075928 0.1856
Pedestrian 1 1 1 167.9375457763672 174.66970825195312 194.46426391601562 234.93971252441406 0.7793149352073669 1.7291077375411987 0.6203168034553528 -12.666888236999512 1.7834750413894653 21.227210998535156 -5.3150811195373535 0.1807
Car 1 1 1 114.70352935791016 186.1415557861328 157.5260009765625 206.9789276123047 3.9109957218170166 1.5967097282409668 1.648145079612732 -39.385982513427734 2.7401139736175537 60.0242805480957 -4.914010047912598 0.1784
Pedestrian 1 1 1 1080.118408203125 156.5013885498047 1119.828125 223.3185577392578 0.7207548022270203 1.75298273563385 0.555999755859375 13.057049751281738 1.3236637115478516 19.30811309814453 -3.4653329849243164 0.1773
Pedestrian 1 1 1 780.9095458984375 164.554931640625 795.9905395507812 197.5998077392578 0.7283058762550354 1.8631508350372314 0.6761646270751953 10.144997596740723 1.3949291706085205 41.162784576416016 -4.2198333740234375 0.1744
Car 1 1 1 282.3955383300781 184.14328002929688 330.4351501464844 210.05801391601562 4.067305088043213 1.5228300094604492 1.653281807899475 -19.451566696166992 2.2799434661865234 46.31611633300781 -4.791870594024658 0.1712
Car 1 1 1 172.7644805908203 176.42019653320312 217.57183837890625 196.66488647460938 4.018941879272461 1.7526817321777344 1.6667110919952393 -37.45254135131836 2.084719657897949 65.21158599853516 -7.829158306121826 0.1696
Cyclist 1 1 1 193.9796142578125 184.3614959716797 215.66799926757812 207.1000518798828 1.8204576969146729 1.8757425546646118 0.5830975770950317 -34.5065803527832 2.870246410369873 61.427978515625 -7.6733527183532715 0.1692
Car 1 1 1 352.80352783203125 182.29254150390625 394.9248962402344 211.00894165039062 3.871986150741577 1.532629370689392 1.5475718975067139 -13.669343948364258 2.1058318614959717 41.835201263427734 -4.817893981933594 0.1685
Car 1 1 1 757.0855712890625 176.61141967773438 788.591552734375 197.80824279785156 3.836012601852417 1.5380843877792358 1.5625313520431519 12.333663940429688 1.8340295553207397 54.96339416503906 -4.703623294830322 0.1669
Car 1 1 1 1149.614990234375 160.79168701171875 1223.9178466796875 191.7694549560547 3.8456594944000244 1.5996688604354858 1.6359779834747314 31.28223419189453 0.97648024559021 39.31431579589844 -4.493348121643066 0.1650
Pedestrian 1 1 1 282.56890869140625 181.71432495117188 293.50604248046875 203.93849182128906 0.7203108668327332 1.79564368724823 0.6433155536651611 -26.427230834960938 2.5278098583221436 59.16556167602539 -5.4152116775512695 0.1636
Cyclist 1 1 1 1155.9766845703125 162.132080078125 1217.8197021484375 210.93531799316406 1.7386726140975952 1.819854736328125 0.6524852514266968 21.807615280151367 1.4197386503219604 27.356201171875 -6.135868549346924 0.1627
Car 1 1 1 0.0 0.0 1241.0 374.0 3.7973854541778564 1.5251909494400024 1.6268624067306519 3.0244903564453125 1.5506385564804077 0.9406965374946594 -7.869760036468506 0.1592
Car 1 1 1 840.8766479492188 176.94366455078125 924.3764038085938 212.35073852539062 3.7813467979431152 1.494850993156433 1.6057075262069702 12.325776100158691 1.6930228471755981 32.97525405883789 -8.143325805664062 0.1580
Pedestrian 1 1 1 183.5289764404297 185.11390686035156 196.11268615722656 206.607421875 0.7123630046844482 1.785861849784851 0.5957872867584229 -35.44001007080078 2.825857639312744 60.81953048706055 -7.666268825531006 0.1558
Car 1 1 1 0.0 0.0 1241.0 374.0 3.8971214294433594 1.539616584777832 1.6480646133422852 -3.430830240249634 1.6275993585586548 0.9508746266365051 -7.899892330169678 0.1547
Car 1 1 1 691.08740234375 176.568359375 733.328857421875 200.90496826171875 3.8668501377105713 1.563800573348999 1.60356867313385 6.865683555603027 1.8266065120697021 49.051307678222656 -8.066152572631836 0.1519
Car 1 1 1 442.84088134765625 182.1116180419922 465.8820495605469 199.72897338867188 3.7794556617736816 1.4907275438308716 1.5099848508834839 -14.018446922302246 2.349632740020752 65.02864074707031 -4.782115936279297 0.1516
Pedestrian 1 1 1 344.6396789550781 174.8765869140625 358.83575439453125 199.8710174560547 0.893588662147522 1.850577473640442 0.5439616441726685 -19.362449645996094 2.003156900405884 54.0222053527832 -4.326747417449951 0.1508
Pedestrian 1 1 1 607.153564453125 173.05377197265625 617.1604614257812 192.23785400390625 0.8218923807144165 1.7822247743606567 0.6253476738929749 0.1825300008058548 1.800768494606018 67.55207061767578 -7.364316463470459 0.1508
Pedestrian 1 1 1 1047.622802734375 169.72821044921875 1072.6907958984375 209.9995880126953 0.7514355778694153 1.7530800104141235 0.634140133857727 19.83060646057129 1.6167094707489014 31.857582092285156 -3.5862016677856445 0.1504
Car 1 1 1 480.260498046875 179.5091094970703 521.869873046875 212.4117431640625 3.9011330604553223 1.4910279512405396 1.5875775814056396 -5.339243412017822 1.8361587524414062 35.474159240722656 -4.747113227844238 0.1498
Car 1 1 1 14.053994178771973 171.858642578125 127.77519226074219 204.45513916015625 4.194969177246094 1.5521711111068726 1.6393622159957886 -26.563358306884766 1.5044748783111572 35.63419723510742 -3.3715505599975586 0.1492
Car 1 1 1 280.0382080078125 181.09217834472656 364.134521484375 221.7354278564453 3.8651039600372314 1.5102894306182861 1.5931671857833862 -11.760189056396484 1.871187686920166 29.630191802978516 -4.607719898223877 0.1475
Car 1 1 1 500.9045104980469 181.03221130371094 526.3129272460938 203.34573364257812 3.77717661857605 1.507720947265625 1.6591854095458984 -6.961654186248779 2.120579481124878 52.142181396484375 -4.801566123962402 0.1465
Car 1 1 1 323.7773132324219 173.3976593017578 348.0752868652344 192.4824981689453 4.127902507781982 1.6978918313980103 1.6825710535049438 -25.25505256652832 1.7493839263916016 66.52879333496094 -8.114294052124023 0.1457
Pedestrian 1 1 1 1106.280029296875 152.5921630859375 1143.878173828125 220.00494384765625 0.7357217669487 1.797751545906067 0.5476648211479187 13.97403335571289 1.2571126222610474 19.648649215698242 -3.5927200317382812 0.1456
Pedestrian 1 1 1 261.9786071777344 172.68238830566406 277.12109375 202.57371520996094 0.7419595122337341 1.7946085929870605 0.6415828466415405 -20.665979385375977 1.7840056419372559 43.732765197753906 -7.998110294342041 0.1445
Pedestrian 1 1 1 114.73467254638672 171.18170166015625 139.49468994140625 207.88592529296875 0.8482789397239685 1.7943295240402222 0.6095150113105774 -23.949565887451172 1.7122771739959717 35.73537063598633 -7.715493679046631 0.1441
Car 1 1 1 960.1935424804688 168.59963989257812 997.3571166992188 187.68841552734375 3.921149492263794 1.5853677988052368 1.6508781909942627 31.601476669311523 1.2317321300506592 61.98194885253906 -4.572432518005371 0.1430
Pedestrian 1 1 1 193.66258239746094 168.02560424804688 223.25949096679688 229.57627868652344 0.7979644536972046 1.7956103086471558 0.6108672022819519 -12.043750762939453 1.6544522047042847 21.550291061401367 -5.443379878997803 0.1422
Car 1 1 1 1104.7237548828125 161.0787811279297 1241.0 231.54507446289062 3.4677538871765137 1.550371766090393 1.6467084884643555 14.239341735839844 1.2909982204437256 17.70378875732422 -7.988771915435791 0.1419
Car 1 1 1 198.43453979492188 175.6095428466797 242.86737060546875 202.57630920410156 3.8893682956695557 1.5689408779144287 1.6604918241500854 -23.988292694091797 1.7466474771499634 44.50991439819336 -5.003096580505371 0.1407
Car 1 1 1 0.0 0.0 1241.0 374.0 3.808547258377075 1.5425093173980713 1.6096552610397339 1.4038327932357788 1.560909628868103 0.6592459678649902 -7.85382604598999 0.1403
Car 1 1 1 1094.1217041015625 168.67095947265625 1156.9044189453125 190.8329620361328 3.6804068088531494 1.4999949932098389 1.5690991878509521 36.14377975463867 1.2165732383728027 50.73955154418945 -4.802924156188965 0.1389
Car 1 1 1 574.6708374023438 178.73658752441406 594.705810546875 196.50634765625 3.931497812271118 1.5890004634857178 1.618233561515808 -2.428957462310791 2.158975839614868 67.90946960449219 -4.815605163574219 0.1388
Car 1 1 1 0.0 186.8287353515625 0.0 374.0 3.899968147277832 1.5488320589065552 1.6259117126464844 -5.3429436683654785 1.626915693283081 2.0778441429138184 -7.878363132476807 0.1381
Pedestrian 1 1 1 415.5064697265625 174.93028259277344 426.7745666503906 196.92156982421875 0.6998745203018188 1.7876874208450317 0.5788620114326477 -15.514222145080566 1.9589455127716064 59.17832946777344 -7.405798435211182 0.1369
Car 1 1 1 765.6959838867188 176.2793731689453 803.884765625 200.27198791503906 3.779625654220581 1.491192102432251 1.5869590044021606 11.368996620178223 1.724297046661377 47.275360107421875 -4.71158504486084 0.1346
Car 1 1 1 653.1275024414062 177.47756958007812 674.7766723632812 194.24302673339844 3.8447909355163574 1.4821059703826904 1.5774767398834229 4.9460272789001465 1.9224282503128052 66.81175994873047 -4.749600410461426 0.1342
Car 1 1 1 1151.82958984375 164.94606018066406 1241.0 202.06069946289062 3.7432470321655273 1.5269293785095215 1.6411036252975464 26.112600326538086 1.2012896537780762 31.65492820739746 -7.998380184173584 0.1327
Car 1 1 1 16.148283004760742 185.38916015625 212.0586395263672 267.31414794921875 3.7949419021606445 1.5287768840789795 1.5369560718536377 -10.810500144958496 1.8406232595443726 16.014728546142578 -4.6324782371521 0.1316
Pedestrian 1 1 1 166.59779357910156 184.6777801513672 180.3999786376953 209.52330017089844 0.7321694493293762 1.7847651243209839 0.6052385568618774 -31.94449806213379 2.656728744506836 52.75570297241211 -3.946533203125 0.1311
Car 1 1 1 716.2890625 176.48965454101562 745.8031616210938 195.70266723632812 3.9245002269744873 1.4848793745040894 1.5590929985046387 9.751233100891113 1.7894983291625977 58.51752853393555 -4.760560989379883 0.1302
Car 1 1 1 103.61434936523438 184.4664306640625 197.83966064453125 222.16293334960938 3.9689810276031494 1.514120101928711 1.5852290391921997 -20.430328369140625 2.0649032592773438 32.2308235168457 -4.677824020385742 0.1299
Car 1 1 1 266.06689453125 175.4020233154297 301.3621520996094 193.42184448242188 3.8881328105926514 1.6540043354034424 1.6482133865356445 -31.055416107177734 1.9033387899398804 68.73607635498047 -7.867166042327881 0.1296
Car 1 1 1 758.5546875 175.584228515625 804.91162109375 209.1938934326172 3.684443950653076 1.5152246952056885 1.5828646421432495 8.163944244384766 1.653491735458374 34.72827911376953 -4.644252777099609 0.1293
Car 1 1 1 637.640869140625 177.66082763671875 655.7689208984375 194.71066284179688 3.939136266708374 1.4951726198196411 1.6169058084487915 3.3421459197998047 1.950622797012329 66.40785217285156 -4.6680450439453125 0.1286
Car 1 1 1 212.80685424804688 173.8889617919922 248.5394744873047 195.50900268554688 4.1920599937438965 1.9171204566955566 1.7350784540176392 -34.880035400390625 2.0152578353881836 66.41048431396484 -8.03310489654541 0.1285
Car 1 1 1 369.1551208496094 182.37393188476562 411.5415954589844 213.2477264404297 3.883833885192871 1.5154139995574951 1.577579379081726 -11.75965404510498 2.0524954795837402 38.69883728027344 -4.847621917724609 0.1267
Car 1 1 1 400.7323303222656 181.3956298828125 462.6902770996094 219.7953338623047 3.951946496963501 1.4900490045547485 1.6321390867233276 -7.586251258850098 1.8786776065826416 30.867929458618164 -4.699829578399658 0.1264
Car 1 1 1 1020.1207275390625 169.3535919189453 1069.7918701171875 187.5498809814453 3.801164150238037 1.5184274911880493 1.617470145225525 37.415714263916016 1.2260271310806274 62.20865249633789 -4.859240531921387 0.1257
Car 1 1 1 807.8324584960938 179.05116271972656 863.7380981445312 213.3388214111328 3.7515814304351807 1.4780246019363403 1.5573941469192505 10.428421974182129 1.7834683656692505 33.69446563720703 -4.6752800941467285 0.1256
Car 1 1 1 361.89306640625 184.5380859375 398.6786804199219 210.0919189453125 3.8852577209472656 1.5265389680862427 1.6411584615707397 -14.944910049438477 2.32028865814209 47.00019836425781 -4.847564697265625 0.1252
Car 1 1 1 513.66455078125 178.3083038330078 551.0001220703125 207.49847412109375 3.9678308963775635 1.5379961729049683 1.6309837102890015 -4.373501300811768 1.860878586769104 40.757835388183594 -4.698276519775391 0.1243
Car 1 1 1 1219.09033203125 162.1058807373047 1241.0 342.1676940917969 3.983840227127075 1.4988573789596558 1.589495062828064 8.412210464477539 1.4090887308120728 7.009487152099609 -6.390388011932373 0.1243
Car 1 1 1 166.59445190429688 175.43333435058594 221.27117919921875 203.5634002685547 3.952491044998169 1.6591171026229858 1.652997374534607 -25.915767669677734 1.8271900415420532 45.01937484741211 -4.869616985321045 0.1234
Car 1 1 1 300.5218505859375 184.19088745117188 347.8978576660156 211.76675415039062 4.029344081878662 1.5516371726989746 1.6678930521011353 -17.553464889526367 2.281771183013916 44.40190124511719 -4.810557842254639 0.1234
Car 1 1 1 459.1329040527344 181.0128173828125 493.821533203125 201.9117431640625 3.900550603866577 1.485642433166504 1.601352334022522 -10.139442443847656 2.1286849975585938 54.880104064941406 -4.621501445770264 0.1210
Car 1 1 1 540.1069946289062 177.8314666748047 567.6434936523438 199.50657653808594 3.9418463706970215 1.4878169298171997 1.6143172979354858 -4.0710344314575195 1.8629032373428345 52.428558349609375 -7.832291126251221 0.1210
Pedestrian 1 1 1 183.7679901123047 167.9694061279297 214.9723663330078 227.92079162597656 0.7867311239242554 1.8014229536056519 0.6121546626091003 -12.666766166687012 1.6543501615524292 22.170743942260742 -5.558371543884277 0.1208
Car 1 1 1 1064.0750732421875 169.83058166503906 1200.0279541015625 217.691650390625 3.888157606124878 1.464903473854065 1.6089614629745483 17.1807918548584 1.3720645904541016 24.06011390686035 -7.895382404327393 0.1204
Car 1 1 1 476.3333740234375 179.54405212402344 495.2463073730469 196.8297882080078 3.9319732189178467 1.5039058923721313 1.560076355934143 -11.427571296691895 2.138397693634033 66.41343688964844 -4.842347621917725 0.1202
Car 1 1 1 481.3727111816406 179.12538146972656 511.0157470703125 203.3563690185547 3.881976842880249 1.5210837125778198 1.5644069910049438 -7.609752178192139 1.957763433456421 48.29698944091797 -4.763908863067627 0.1199
Car 1 1 1 899.5142822265625 170.61679077148438 941.2885131835938 188.47344970703125 3.9144175052642822 1.5317147970199585 1.620548129081726 27.430099487304688 1.3395098447799683 63.939231872558594 -7.986121654510498 0.1196
Car 1 1 1 1241.0 164.244384765625 1241.0 374.0 4.110469341278076 1.4892069101333618 1.6036369800567627 5.851487159729004 1.469551682472229 2.552845001220703 -6.219621658325195 0.1191
Car 1 1 1 401.3887023925781 182.25827026367188 438.5178527832031 205.41905212402344 3.951598882675171 1.5569180250167847 1.698857307434082 -13.703850746154785 2.2616934776306152 52.10758590698242 -4.728237628936768 0.1189
Car 1 1 1 680.9127197265625 176.224853515625 708.6707153320312 196.5157928466797 4.12040901184082 1.503745675086975 1.5971940755844116 6.541748046875 1.7758766412734985 56.23841857910156 -4.732747554779053 0.1186
Pedestrian 1 1 1 56.44261932373047 168.1334991455078 80.61112213134766 205.5755157470703 0.7130833268165588 1.7647992372512817 0.5893290042877197 -25.856571197509766 1.5420023202896118 34.40706253051758 -7.69812536239624 0.1182
Car 1 1 1 957.0797729492188 171.80636596679688 1094.1031494140625 229.9427947998047 3.663325548171997 1.5100656747817993 1.5479336977005005 11.674006462097168 1.4825539588928223 20.641733169555664 -4.812996864318848 0.1176
Car 1 1 1 232.40069580078125 176.02194213867188 284.8420104980469 202.4232940673828 3.8338096141815186 1.5962172746658325 1.669194221496582 -22.392436981201172 1.806756615638733 46.05830383300781 -4.7720112800598145 0.1171
Car 1 1 1 1051.01513671875 166.0514678955078 1195.8212890625 221.33326721191406 3.464921236038208 1.4886136054992676 1.5352588891983032 14.903276443481445 1.3051371574401855 21.242830276489258 -7.976790904998779 0.1167
Pedestrian 1 1 1 24.169795989990234 162.3354949951172 62.62452697753906 238.6773681640625 0.7482650876045227 1.826668620109558 0.5701331496238708 -13.964306831359863 1.5746872425079346 17.71746826171875 -2.4953055381774902 0.1162
Car 1 1 1 370.9009704589844 182.16685485839844 393.3856506347656 201.31809997558594 4.022408962249756 1.4992082118988037 1.6127766370773315 -19.168167114257812 2.310436487197876 60.72514343261719 -4.969491481781006 0.1160
Car 1 1 1 348.4627380371094 177.05064392089844 380.74249267578125 195.36534118652344 4.089267253875732 1.6458836793899536 1.6311250925064087 -23.04397201538086 2.0520060062408447 67.82904815673828 -4.708110332489014 0.1158
Pedestrian 1 1 1 961.8403930664062 158.27101135253906 995.7156982421875 220.1834716796875 0.7445737719535828 1.7345280647277832 0.5996742844581604 10.467920303344727 1.325674057006836 20.595687866210938 -7.8236212730407715 0.1157
Car 1 1 1 805.2609252929688 175.43031311035156 925.3134155273438 230.21742248535156 4.019159317016602 1.481815218925476 1.6123316287994385 7.527237892150879 1.5670901536941528 21.840967178344727 -4.902639865875244 0.1150
Pedestrian 1 1 1 1014.2489624023438 151.63711547851562 1065.7724609375 270.2145080566406 0.6173333525657654 1.6886454820632935 0.5135723352432251 6.2742743492126465 1.3861985206604004 10.64339828491211 -4.429520606994629 0.1150
Car 1 1 1 706.0722045898438 176.49180603027344 737.7029418945312 197.06329345703125 4.058752059936523 1.4870219230651855 1.588624358177185 8.449529647827148 1.774207592010498 54.95443344116211 -4.76262903213501 0.1150
Pedestrian 1 1 1 44.26008224487305 168.6870574951172 67.73741149902344 205.8903350830078 0.6859047412872314 1.7571711540222168 0.6007887125015259 -26.47146224975586 1.560059905052185 34.43060302734375 -7.881882190704346 0.1142
Car 1 1 1 686.4049072265625 175.195068359375 716.398193359375 203.10975646972656 3.9740161895751953 1.510676383972168 1.6289118528366089 5.222006797790527 1.6516705751419067 41.47212600708008 -7.723620891571045 0.1141
Car 1 1 1 434.56201171875 181.5847930908203 488.85406494140625 214.86204528808594 3.9401283264160156 1.4880874156951904 1.6287879943847656 -7.232100009918213 1.939847469329834 35.34193420410156 -4.64912223815918 0.1140
Pedestrian 1 1 1 150.15084838867188 166.3480682373047 181.0888214111328 231.82223510742188 0.7328266501426697 1.7717281579971313 0.6127061247825623 -12.344583511352539 1.595378041267395 19.978498458862305 -5.0911383628845215 0.1132
Car 1 1 1 7.676065444946289 188.2567901611328 128.07711791992188 223.3912353515625 4.110928058624268 1.4652206897735596 1.6610664129257202 -23.861299514770508 2.162724018096924 31.78528594970703 -6.247645854949951 0.1131
Car 1 1 1 0.0 0.0 1241.0 374.0 3.814681053161621 1.5539748668670654 1.6148649454116821 -1.1775538921356201 1.6157273054122925 0.12277734279632568 -7.898481845855713 0.1131
Car 1 1 1 182.560302734375 184.45208740234375 254.8341522216797 218.98910522460938 4.0267534255981445 1.5027943849563599 1.6234447956085205 -18.849407196044922 2.0965054035186768 34.8739013671875 -4.806205749511719 0.1127
Car 1 1 1 1177.73583984375 165.90838623046875 1241.0 194.3878936767578 3.849005699157715 1.6013176441192627 1.6401830911636353 35.50393295288086 1.2104864120483398 42.627201080322266 -7.633422374725342 0.1126
Car 1 1 1 1132.501953125 168.1050567626953 1197.83642578125 193.0152587890625 3.7282960414886475 1.5588020086288452 1.6132255792617798 36.101016998291016 1.261328101158142 47.07614517211914 -4.629421710968018 0.1126
Car 1 1 1 524.6650390625 180.02198791503906 558.7528076171875 212.4470977783203 3.9326488971710205 1.4727516174316406 1.5868749618530273 -3.4016900062561035 1.8472026586532593 35.69570541381836 -4.798277378082275 0.1126
Car 1 1 1 0.0 187.898193359375 10.337100982666016 283.9408264160156 3.975236654281616 1.5337857007980347 1.6309702396392822 -13.375243186950684 1.8192752599716187 12.762712478637695 -6.3488240242004395 0.1126
Car 1 1 1 477.19927978515625 181.38926696777344 547.3685302734375 240.21127319335938 3.824475049972534 1.4763392210006714 1.589629054069519 -2.74594783782959 1.7426462173461914 20.604267120361328 -7.881866931915283 0.1123
Pedestrian 1 1 1 18.327659606933594 172.40953063964844 75.59467315673828 262.1639099121094 0.6359601020812988 1.5601707696914673 0.5059897899627686 -10.098983764648438 1.552145004272461 12.886929512023926 -4.598480224609375 0.1121
Car 1 1 1 949.8179931640625 171.92523193359375 994.3951416015625 188.82786560058594 3.738839864730835 1.537603497505188 1.5996718406677246 33.88551330566406 1.4528133869171143 67.6580581665039 -5.006596565246582 0.1118
Pedestrian 1 1 1 603.0564575195312 171.98577880859375 613.155517578125 199.2353515625 0.7696641087532043 1.7844700813293457 0.6444827914237976 -0.15550532937049866 1.727313756942749 47.64429473876953 -7.826563358306885 0.1116
Pedestrian 1 1 1 1235.445556640625 148.98802185058594 1241.0 233.8184051513672 0.7372847199440002 1.7770805358886719 0.6061525940895081 13.99885082244873 1.2768211364746094 15.489648818969727 -4.731672286987305 0.1114
Car 1 1 1 40.545589447021484 192.6114959716797 111.86746215820312 220.60366821289062 3.9380717277526855 1.488365888595581 1.6982873678207397 -31.976619720458984 2.7302322387695312 43.31211471557617 -4.824162483215332 0.1114
Car 1 1 1 731.5753784179688 177.67532348632812 764.3977661132812 201.6987762451172 3.8421621322631836 1.5024809837341309 1.5800527334213257 9.075425148010254 1.8350147008895874 47.86000061035156 -7.814900875091553 0.1112
Car 1 1 1 743.056396484375 176.42007446289062 776.460205078125 198.25149536132812 3.9972527027130127 1.4952671527862549 1.574419379234314 10.731160163879395 1.762204647064209 52.07197189331055 -4.713529109954834 0.1110
Car 1 1 1 556.0084228515625 178.00592041015625 577.698974609375 198.36517333984375 3.961075782775879 1.5151532888412476 1.5596065521240234 -3.451256036758423 1.9348747730255127 56.77901077270508 -4.808204650878906 0.1109
Car 1 1 1 809.6689453125 174.58941650390625 846.3876342773438 195.01625061035156 3.973616361618042 1.5182738304138184 1.6061846017837524 16.832643508911133 1.657377004623413 55.96471405029297 -7.865128040313721 0.1107
Car 1 1 1 388.83551025390625 182.92002868652344 427.8457336425781 209.60533142089844 3.867849349975586 1.5149210691452026 1.6198374032974243 -12.407382011413574 2.162719249725342 44.4613037109375 -4.795984745025635 0.1105
Car 1 1 1 1195.066162109375 160.39053344726562 1241.0 190.630615234375 4.088146686553955 1.5004783868789673 1.5878156423568726 32.391998291015625 0.8817555904388428 36.65277862548828 -6.2551398277282715 0.1104
Pedestrian 1 1 1 1095.08447265625 156.64834594726562 1134.9093017578125 225.75225830078125 0.7060585618019104 1.7514492273330688 0.5700363516807556 13.031346321105957 1.3404146432876587 18.695878982543945 -3.5823636054992676 0.1103
Pedestrian 1 1 1 232.35960388183594 175.6252899169922 248.79998779296875 202.0364532470703 0.7660852074623108 1.7327113151550293 0.5985636711120605 -24.557491302490234 1.9182133674621582 47.90567398071289 -7.446162700653076 0.1102
Car 1 1 1 513.4005737304688 179.76255798339844 540.030517578125 200.26454162597656 3.9445903301239014 1.5334420204162598 1.6131765842437744 -6.603281497955322 2.1006226539611816 57.28587341308594 -4.699526309967041 0.1099
Car 1 1 1 937.8917236328125 167.29873657226562 992.7052001953125 188.7569122314453 3.8604681491851807 1.5812979936599731 1.6295349597930908 27.11275291442871 1.171618103981018 55.24600601196289 -8.112458229064941 0.1098
Car 1 1 1 197.46461486816406 185.8016815185547 260.14520263671875 216.25564575195312 3.976595878601074 1.499991774559021 1.641349196434021 -20.736915588378906 2.2427308559417725 39.34855651855469 -4.810177803039551 0.1090
Pedestrian 1 1 1 1135.4564208984375 153.30679321289062 1191.007080078125 242.86708068847656 0.7581888437271118 1.7041672468185425 0.5923206210136414 10.786941528320312 1.3319201469421387 14.159996032714844 -4.511984825134277 0.1088
Car 1 1 1 839.1981811523438 174.77444458007812 892.0062255859375 201.53453063964844 3.7492170333862305 1.5255955457687378 1.5970814228057861 15.252969741821289 1.64580500125885 43.34470748901367 -4.79233455657959 0.1087
Car 1 1 1 708.747314453125 176.68539428710938 755.2731323242188 207.28521728515625 3.9620790481567383 1.4918135404586792 1.6393280029296875 6.270434379577637 1.7022815942764282 37.68574523925781 -4.744839668273926 0.1085
Cyclist 1 1 1 1132.245361328125 168.41366577148438 1160.212890625 191.76828002929688 1.783105731010437 1.6886451244354248 0.6280126571655273 39.40517807006836 1.3672879934310913 53.08522033691406 -4.796253681182861 0.1083
Pedestrian 1 1 1 992.9522705078125 159.70933532714844 1030.791259765625 225.8924560546875 0.7180208563804626 1.6484805345535278 0.558586061000824 10.150336265563965 1.3207752704620361 18.332683563232422 -7.860101222991943 0.1081
Cyclist 1 1 1 0.0 0.0 1241.0 374.0 1.8660272359848022 1.6409764289855957 0.5123805999755859 6.898943901062012 1.3028541803359985 -0.289462685585022 -8.054673194885254 0.1079
Car 1 1 1 444.16693115234375 179.67514038085938 497.0645446777344 217.36892700195312 3.9129624366760254 1.4912855625152588 1.579824447631836 -6.002748489379883 1.8047491312026978 31.22382354736328 -4.724599361419678 0.1076
Car 1 1 1 578.5213012695312 179.1002960205078 601.0089111328125 197.434814453125 3.9343338012695312 1.5001722574234009 1.56624174118042 -1.8052115440368652 2.0585453510284424 62.48483657836914 -4.8386149406433105 0.1075
Car 1 1 1 634.5427856445312 176.53262329101562 659.5791015625 197.8345947265625 3.878302812576294 1.50115168094635 1.6045897006988525 2.6834287643432617 1.7833939790725708 53.46952819824219 -4.725382328033447 0.1062
Car 1 1 1 723.5550537109375 172.8891143798828 751.3782958984375 190.72544860839844 3.981335401535034 1.549681305885315 1.6019490957260132 11.374504089355469 1.5526293516159058 64.7270736694336 -4.764154434204102 0.1054
