Car 1 1 1 180.61000061035156 186.61195373535156 366.41217041015625 245.4499053955078 4.176849365234375 1.4645047187805176 1.647194266319275 -8.895837783813477 1.8461135625839233 19.190467834472656 -6.275899887084961 0.7858
Car 1 1 1 104.26546478271484 191.50025939941406 192.16171264648438 218.2669677734375 4.083349704742432 1.4861055612564087 1.573583960533142 -27.118579864501953 2.607128620147705 42.40931701660156 -6.380553245544434 0.3786
Car 1 1 1 0.0 189.4306182861328 67.885498046875 216.73541259765625 3.5615158081054688 1.516357660293579 1.6335369348526 -34.06057357788086 2.5032846927642822 42.06882858276367 -3.1903679370880127 0.3352
Cyclist 1 1 1 314.93157958984375 156.58888244628906 373.0685119628906 215.30125427246094 1.662411093711853 1.7923550605773926 0.5683763027191162 -8.331832885742188 1.295517921447754 22.5234375 -3.4128832817077637 0.3248
Car 1 1 1 142.39625549316406 184.06076049804688 225.21041870117188 221.99998474121094 3.8696751594543457 1.4887644052505493 1.603570580482483 -18.529874801635742 2.0086207389831543 31.491920471191406 -4.800540924072266 0.3248
Pedestrian 1 1 1 244.65760803222656 167.52081298828125 262.6934509277344 209.4520263671875 0.5319644808769226 1.8074028491973877 0.5863924026489258 -15.596770286560059 1.5772210359573364 31.495561599731445 -7.1059250831604 0.3034
Pedestrian 1 1 1 1201.631103515625 146.8306884765625 1241.0 253.25845336914062 0.7504416108131409 1.6991007328033447 0.5272309184074402 10.212565422058105 1.2833430767059326 11.943619728088379 -3.711463451385498 0.2561
Pedestrian 1 1 1 196.23110961914062 157.1717987060547 253.2906494140625 265.560791015625 0.6323978304862976 1.7812309265136719 0.5792533755302429 -6.594841957092285 1.5232144594192505 12.262491226196289 -4.305781364440918 0.2533
Car 1 1 1 265.0089416503906 181.0634307861328 306.5350646972656 199.65255737304688 3.8994805812835693 1.5213068723678589 1.6056594848632812 -28.206514358520508 2.2588424682617188 62.837867736816406 -4.626293659210205 0.2294
Pedestrian 1 1 1 797.691650390625 157.9912567138672 820.441162109375 216.0530242919922 0.8171132206916809 1.7956806421279907 0.6259341239929199 6.248320579528809 1.3357198238372803 22.806888580322266 -4.357583045959473 0.2155
Pedestrian 1 1 1 1086.3187255859375 133.96868896484375 1154.0179443359375 301.8939514160156 0.6996826529502869 1.7694652080535889 0.5911940336227417 5.618558406829834 1.3594223260879517 8.057523727416992 -7.275782585144043 0.1986
Pedestrian 1 1 1 1118.230224609375 152.1594696044922 1158.936279296875 231.37010192871094 0.7114862203598022 1.7208069562911987 0.5537757277488708 11.749924659729004 1.2709299325942993 16.11075210571289 -3.791855812072754 0.1975
Pedestrian 1 1 1 683.5189208984375 176.34576416015625 698.0801391601562 219.00411987304688 0.6069893836975098 1.460968017578125 0.49719229340553284 2.7624361515045166 1.5836995840072632 25.094181060791016 -4.6020731925964355 0.1958
Car 1 1 1 374.6671142578125 172.781982421875 419.7810363769531 198.2956085205078 3.804196834564209 1.6880276203155518 1.7178325653076172 -14.632930755615234 1.6829614639282227 49.70655822753906 -4.627144813537598 0.1929
Car 1 1 1 175.98960876464844 173.72816467285156 228.64450073242188 200.69107055664062 3.9939587116241455 1.6314624547958374 1.6614083051681519 -25.89328956604004 1.6893284320831299 45.9029426574707 -4.88029670715332 0.1911
Pedestrian 1 1 1 680.0225830078125 178.2970733642578 697.50634765625 216.66429138183594 0.6497187614440918 1.4808636903762817 0.5286336541175842 3.04264235496521 1.6968975067138672 28.31477928161621 -4.8714599609375 0.1892
Pedestrian 1 1 1 701.7711181640625 169.99610900878906 716.34521484375 194.67123413085938 0.9232226610183716 1.7977429628372192 0.5355210900306702 7.249638557434082 1.5892257690429688 53.02427673339844 -3.639077663421631 0.1888
Pedestrian 1 1 1 542.5655517578125 173.45001220703125 554.41162109375 194.9148406982422 0.84161776304245 1.8020286560058594 0.5585392713546753 -5.232743740081787 1.8526090383529663 61.10036849975586 -3.956493377685547 0.1882
Cyclist 1 1 1 680.2088623046875 176.3983917236328 695.916259765625 209.9363250732422 1.7140095233917236 1.7139132022857666 0.6088959574699402 4.054038047790527 1.9041129350662231 37.91798782348633 -4.730718612670898 0.1865
Car 1 1 1 527.0623779296875 178.85157775878906 551.5101318359375 197.0109100341797 4.010892868041992 1.546783208847046 1.6598342657089233 -6.343756198883057 2.1023688316345215 64.84004974365234 -4.673928260803223 0.1820
Pedestrian 1 1 1 731.0782470703125 164.2541046142578 744.3004150390625 200.06361389160156 0.6857485175132751 1.8504403829574585 0.6693176627159119 6.624896049499512 1.4057445526123047 37.67705535888672 -4.55203914642334 0.1762
Pedestrian 1 1 1 509.84307861328125 174.43063354492188 522.4110107421875 196.45767211914062 0.8713723421096802 1.8100497722625732 0.5603652000427246 -7.811222076416016 1.9415738582611084 59.8448371887207 -3.776123523712158 0.1759
Car 1 1 1 550.9768676757812 178.9136505126953 569.3282470703125 195.33103942871094 3.7431788444519043 1.4598898887634277 1.561971664428711 -4.709734916687012 2.0431759357452393 67.54350280761719 -4.821695327758789 0.1731
Pedestrian 1 1 1 33.27783203125 158.26470947265625 100.71116638183594 272.79840087890625 0.6503646969795227 1.777804970741272 0.5865048170089722 -8.777642250061035 1.5510483980178833 11.603468894958496 -4.376430988311768 0.1720
Car 1 1 1 0.0 177.5377197265625 44.96998977661133 204.89273071289062 3.665813684463501 1.5875016450881958 1.6286357641220093 -36.843505859375 1.8888248205184937 44.50523376464844 -8.059712409973145 0.1707
Car 1 1 1 328.811279296875 179.27212524414062 376.4578552246094 195.32275390625 3.9384779930114746 1.4885272979736328 1.6199795007705688 -24.393695831298828 2.1040592193603516 68.40516662597656 -3.1324479579925537 0.1683
Car 1 1 1 0.0 185.98399353027344 128.9596405029297 235.56568908691406 3.934279680252075 1.4833904504776 1.6397091150283813 -18.53838348388672 1.9683356285095215 24.658143997192383 -4.765296459197998 0.1677
Pedestrian 1 1 1 827.6220092773438 166.36712646484375 840.8665161132812 201.3183135986328 0.41831475496292114 1.728084921836853 0.5206040143966675 11.147750854492188 1.4070552587509155 35.998443603515625 -4.06778621673584 0.1662
Car 1 1 1 830.3756713867188 176.90548706054688 877.8514404296875 202.48544311523438 3.8461360931396484 1.5827957391738892 1.615176796913147 15.886383056640625 1.858778953552246 47.236637115478516 -4.7713518142700195 0.1661
Pedestrian 1 1 1 35.52225112915039 164.43202209472656 75.41903686523438 233.92640686035156 0.7627245783805847 1.8218390941619873 0.5712200403213501 -14.91230297088623 1.600751519203186 19.341035842895508 -2.680464744567871 0.1659
Car 1 1 1 725.891357421875 176.80303955078125 753.8345336914062 195.17481994628906 3.8754384517669678 1.4996122121810913 1.6282989978790283 11.040618896484375 1.8476051092147827 61.68632888793945 -4.729453086853027 0.1654
Car 1 1 1 217.26443481445312 172.72317504882812 267.51715087890625 200.94076538085938 3.9310412406921387 1.8101301193237305 1.7121502161026 -24.585304260253906 1.8014384508132935 48.33137512207031 -7.960520267486572 0.1644
Pedestrian 1 1 1 930.5413818359375 165.1318817138672 947.139892578125 211.5663604736328 0.5896938443183899 1.8167592287063599 0.5715764164924622 12.990065574645996 1.5143293142318726 28.610286712646484 -4.331447124481201 0.1642
Pedestrian 1 1 1 983.3247680664062 162.86573791503906 1002.683349609375 210.83047485351562 0.546424150466919 1.7725566625595093 0.5532296299934387 14.313756942749023 1.4031364917755127 27.05043601989746 -4.046741485595703 0.1632
Pedestrian 1 1 1 473.57427978515625 168.5707550048828 488.6323547363281 198.4731903076172 0.8127304911613464 1.8614412546157837 0.5936121344566345 -8.142593383789062 1.594506859779358 45.4034538269043 -4.333301544189453 0.1609
Car 1 1 1 298.8228454589844 171.9027862548828 372.5135803222656 196.211669921875 4.336862564086914 1.5718562602996826 1.6597092151641846 -18.165985107421875 1.510048747062683 47.853755950927734 -3.318135976791382 0.1608
Pedestrian 1 1 1 315.67242431640625 180.370361328125 328.86407470703125 210.71664428710938 0.6529914140701294 1.7475390434265137 0.571195662021637 -16.849384307861328 2.1906564235687256 42.159271240234375 -3.6393604278564453 0.1605
Car 1 1 1 0.0 0.0 1241.0 374.0 3.8033010959625244 1.5274986028671265 1.6292307376861572 3.022665500640869 1.5495461225509644 0.9302709698677063 -7.876092433929443 0.1604
Pedestrian 1 1 1 238.12307739257812 175.90411376953125 250.7716827392578 205.26226806640625 0.734406054019928 1.7685710191726685 0.6518035531044006 -22.352079391479492 1.9564993381500244 44.04682159423828 -8.374237060546875 0.1592
Pedestrian 1 1 1 1042.360595703125 161.51791381835938 1079.7442626953125 228.99444580078125 0.7405526041984558 1.6775763034820557 0.5843992233276367 11.415441513061523 1.3954429626464844 18.359981536865234 -4.510345458984375 0.1582
Car 1 1 1 228.32444763183594 182.27012634277344 354.8733825683594 224.6534881591797 3.969343662261963 1.491331696510315 1.5989054441452026 -11.726255416870117 1.849500298500061 26.617677688598633 -3.115482807159424 0.1571
Pedestrian 1 1 1 952.4619750976562 159.6058349609375 977.52490234375 209.24551391601562 0.7513948082923889 1.7632489204406738 0.615085780620575 12.762040138244629 1.2923616170883179 26.048131942749023 -4.5584001541137695 0.1553
Car 1 1 1 204.4794464111328 183.830810546875 305.25555419921875 235.69500732421875 3.7668704986572266 1.4889369010925293 1.513695240020752 -11.444976806640625 1.874014139175415 23.426374435424805 -4.742803573608398 0.1541
Pedestrian 1 1 1 71.67850494384766 163.3347625732422 113.46024322509766 237.81666564941406 0.7505645751953125 1.81625497341156 0.5969159007072449 -12.987977027893066 1.583827018737793 18.042600631713867 -2.608450412750244 0.1536
Car 1 1 1 0.0 0.0 1241.0 374.0 3.898862361907959 1.539407730102539 1.6488049030303955 -3.4315953254699707 1.6260863542556763 0.94654780626297 -7.897790431976318 0.1521
Car 1 1 1 178.7071075439453 183.7010040283203 275.45867919921875 225.99151611328125 3.907910108566284 1.487265706062317 1.619940161705017 -14.97488784790039 1.9433598518371582 28.37574005126953 -4.674291133880615 0.1477
Car 1 1 1 236.98402404785156 171.7801513671875 310.74017333984375 207.53753662109375 3.8022141456604004 1.573997974395752 1.6344642639160156 -15.631830215454102 1.5264286994934082 33.67265319824219 -4.699609756469727 0.1474
Car 1 1 1 0.0 0.0 1241.0 374.0 3.809736728668213 1.5427583456039429 1.6093171834945679 1.4061086177825928 1.5621730089187622 0.6540127396583557 -7.851211071014404 0.1457
Pedestrian 1 1 1 1033.9853515625 156.15138244628906 1070.15966796875 221.54747009277344 0.720355212688446 1.7127524614334106 0.5865933895111084 11.761490821838379 1.2750035524368286 19.295276641845703 -7.71272611618042 0.1443
Car 1 1 1 400.6865234375 176.5850372314453 428.3402404785156 199.8053436279297 3.876150131225586 1.657222867012024 1.6893476247787476 -14.678285598754883 1.9479124546051025 54.21563720703125 -4.893131732940674 0.1433
Car 1 1 1 0.0 187.25733947753906 0.0 374.0 3.904587507247925 1.5488955974578857 1.6275728940963745 -5.342818737030029 1.629417896270752 2.080700159072876 -7.8738837242126465 0.1431
Car 1 1 1 0.0 187.3956298828125 28.01921844482422 263.7256164550781 3.5790634155273438 1.4622639417648315 1.5353773832321167 -15.328364372253418 1.830459713935852 16.410438537597656 -4.842223167419434 0.1410
Car 1 1 1 310.2381286621094 181.3135223388672 342.6002502441406 199.71939086914062 3.96014404296875 1.4988831281661987 1.5433464050292969 -24.60804557800293 2.257197380065918 62.66767501831055 -4.794787883758545 0.1410
Pedestrian 1 1 1 39.200477600097656 163.83006286621094 79.78370666503906 240.79095458984375 0.740882933139801 1.8064463138580322 0.5945074558258057 -13.322985649108887 1.594334363937378 17.39527130126953 -2.5057878494262695 0.1400
Car 1 1 1 1018.1530151367188 156.05691528320312 1142.15185546875 205.44393920898438 3.7672765254974365 1.685739517211914 1.7196134328842163 17.162431716918945 1.11210036277771 26.634002685546875 -8.030920028686523 0.1399
Pedestrian 1 1 1 692.6229858398438 174.0355987548828 713.5722045898438 228.73480224609375 0.7858409881591797 1.625881552696228 0.5646902322769165 2.7670366764068604 1.6620579957962036 21.86932945251465 -4.6689043045043945 0.1391
Cyclist 1 1 1 811.4498291015625 172.71328735351562 829.3192138671875 199.8782196044922 1.689728021621704 1.6992696523666382 0.4607095420360565 13.36901569366455 1.6901679039001465 46.00181579589844 -7.977858066558838 0.1386
Car 1 1 1 717.9297485351562 177.02493286132812 750.7383422851562 194.67784118652344 4.0676374435424805 1.5476621389389038 1.5968009233474731 11.3837890625 1.9438107013702393 66.42938995361328 -4.9163713455200195 0.1365
Cyclist 1 1 1 682.48486328125 170.8042449951172 703.0805053710938 206.7704315185547 1.7871602773666382 1.7353219985961914 0.615667462348938 4.047667026519775 1.6361240148544312 35.73710632324219 -4.831609725952148 0.1353
Pedestrian 1 1 1 959.7191772460938 163.44467163085938 976.2325439453125 202.13926696777344 0.5838724970817566 1.738076090812683 0.6411595344543457 16.242965698242188 1.3151297569274902 32.82209777832031 -4.195509910583496 0.1349
Pedestrian 1 1 1 345.0978698730469 181.0528564453125 361.3746337890625 211.49365234375 0.7852374911308289 1.7717018127441406 0.6424782276153564 -15.244511604309082 2.2624809741973877 42.73566818237305 -6.8487420082092285 0.1348
Pedestrian 1 1 1 875.7881469726562 166.49371337890625 891.251953125 205.6568603515625 0.6113826632499695 1.7609238624572754 0.6159288287162781 12.412243843078613 1.4746410846710205 32.85002899169922 -7.419331073760986 0.1346
Cyclist 1 1 1 770.4306030273438 172.1884765625 781.8375244140625 195.7259521484375 1.6678569316864014 1.6936355829238892 0.439350962638855 12.109939575195312 1.645447015762329 52.753387451171875 -7.860119342803955 0.1339
Pedestrian 1 1 1 864.0653686523438 174.32281494140625 873.9804077148438 193.43504333496094 0.7856777310371399 1.7994256019592285 0.6272776126861572 24.574907302856445 1.9396119117736816 68.51140594482422 -7.1041693687438965 0.1320
Car 1 1 1 280.63104248046875 177.8276824951172 349.9591064453125 214.03610229492188 3.9874866008758545 1.479973316192627 1.641471266746521 -13.05016040802002 1.7148798704147339 32.08639144897461 -4.766633033752441 0.1316
Pedestrian 1 1 1 78.38773345947266 165.5026397705078 110.19297790527344 228.0492401123047 0.7536603808403015 1.8022358417510986 0.5912516713142395 -15.244071006774902 1.5901117324829102 21.258970260620117 -2.446561813354492 0.1314
Car 1 1 1 556.260009765625 179.22113037109375 584.5447998046875 202.94711303710938 4.0117411613464355 1.5448827743530273 1.6781877279281616 -2.741257429122925 2.0043885707855225 50.08617401123047 -4.695096015930176 0.1311
Pedestrian 1 1 1 0.0 162.3683319091797 31.034692764282227 242.40863037109375 0.7407464385032654 1.8070793151855469 0.584595799446106 -13.956032752990723 1.5700432062149048 16.751678466796875 -2.4491164684295654 0.1305
Car 1 1 1 918.38623046875 175.66201782226562 962.2715454101562 195.6423797607422 3.9309756755828857 1.4970251321792603 1.656294822692871 25.8176212310791 1.7246018648147583 56.58461380004883 -4.707119941711426 0.1280
Pedestrian 1 1 1 996.9583740234375 162.57177734375 1019.0670166015625 212.8992156982422 0.6445743441581726 1.7878133058547974 0.5582334399223328 14.328307151794434 1.42225182056427 26.057693481445312 -3.960724353790283 0.1280
Car 1 1 1 0.0 179.24427795410156 0.0 209.3804168701172 3.8937878608703613 1.6377551555633545 1.7024372816085815 -39.11726760864258 2.028918981552124 42.142940521240234 -8.014669418334961 0.1280
Car 1 1 1 552.7811889648438 178.5858917236328 584.8865966796875 206.72760009765625 3.897176504135132 1.5592372417449951 1.6463459730148315 -2.430833101272583 1.9139304161071777 42.73093795776367 -4.703158378601074 0.1269
Pedestrian 1 1 1 190.3198699951172 175.94619750976562 208.96905517578125 205.20596313476562 0.8147799372673035 1.7516286373138428 0.587952196598053 -24.945341110229492 1.9412031173706055 43.80323791503906 -7.223187446594238 0.1269
Pedestrian 1 1 1 1001.2610473632812 162.94081115722656 1018.2351684570312 210.97415161132812 0.5315207839012146 1.7752902507781982 0.5454425811767578 14.933181762695312 1.408603310585022 27.0345516204834 -4.185601234436035 0.1258
Car 1 1 1 806.29833984375 175.97335815429688 852.9645385742188 200.985107421875 3.878995895385742 1.5500632524490356 1.6125736236572266 14.276965141296387 1.7624990940093994 47.21115493774414 -4.791121959686279 0.1258
Pedestrian 1 1 1 64.17926025390625 165.10052490234375 102.08931732177734 232.02764892578125 0.7458840608596802 1.810357928276062 0.5787316560745239 -14.613702774047852 1.600329041481018 19.947782516479492 -2.6537978649139404 0.1257
Pedestrian 1 1 1 104.09244537353516 163.64007568359375 135.87744140625 225.35989379882812 0.783566951751709 1.832273006439209 0.5887808203697205 -14.917825698852539 1.55843985080719 21.89398956298828 -2.4740397930145264 0.1250
Pedestrian 1 1 1 173.30633544921875 171.3439178466797 204.70840454101562 222.33590698242188 0.8024340867996216 1.8055298328399658 0.6096509099006653 -15.243609428405762 1.7517609596252441 26.05206871032715 -7.223535060882568 0.1242
Pedestrian 1 1 1 0.0 158.99501037597656 29.599153518676758 248.05035400390625 0.7471770644187927 1.8531628847122192 0.5886731743812561 -12.991002082824707 1.564469814300537 15.471078872680664 -2.522383451461792 0.1233
Car 1 1 1 1241.0 157.90724182128906 1241.0 357.4781799316406 4.018730640411377 1.5039925575256348 1.5814183950424194 8.448493957519531 1.3910518884658813 6.364761829376221 -6.352080345153809 0.1231
Car 1 1 1 228.73037719726562 174.86343383789062 255.74627685546875 194.08409118652344 4.10706901550293 1.7525845766067505 1.62580144405365 -34.869937896728516 1.949059247970581 68.45476531982422 -8.158326148986816 0.1228
Car 1 1 1 883.7701416015625 173.7248077392578 977.184814453125 216.84156799316406 3.661546230316162 1.4728347063064575 1.5769593715667725 11.66153621673584 1.5069383382797241 26.61477279663086 -4.797564506530762 0.1224
Pedestrian 1 1 1 40.99556350708008 161.65455627441406 78.75782012939453 245.26063537597656 0.7436036467552185 1.8136314153671265 0.5680899024009705 -12.340346336364746 1.5703868865966797 16.114948272705078 -2.3688302040100098 0.1213
Pedestrian 1 1 1 169.6595001220703 168.71522521972656 202.77862548828125 222.7544708251953 0.8136568069458008 1.819176435470581 0.5720513463020325 -14.601112365722656 1.6795486211776733 24.787033081054688 -7.262735366821289 0.1210
Pedestrian 1 1 1 76.55756378173828 165.5595245361328 117.73859405517578 237.4054718017578 0.7567264437675476 1.81159508228302 0.5864669680595398 -13.319278717041016 1.627365231513977 18.671152114868164 -3.9849486351013184 0.1204
Pedestrian 1 1 1 287.9032287597656 173.30792236328125 301.010986328125 202.54827880859375 0.7323344945907593 1.780206561088562 0.6572991609573364 -19.442790985107422 1.8081122636795044 44.38804244995117 -8.147671699523926 0.1195
Pedestrian 1 1 1 785.4442749023438 167.0084686279297 798.6416015625 192.41143798828125 0.7416785359382629 1.8072807788848877 0.5906287431716919 13.037479400634766 1.3911021947860718 51.79576873779297 -3.817214012145996 0.1195
Car 1 1 1 163.09938049316406 184.69081115722656 230.39004516601562 212.73452758789062 3.9117214679718018 1.470185399055481 1.612805724143982 -23.680458068847656 2.1818594932556152 41.4403076171875 -4.7077250480651855 0.1187
Car 1 1 1 736.2279052734375 177.54937744140625 775.1492309570312 201.42471313476562 3.981563091278076 1.5769063234329224 1.6494410037994385 10.115192413330078 1.918610692024231 50.50849533081055 -4.7880635261535645 0.1173
Car 1 1 1 244.8551788330078 176.6431427001953 284.43707275390625 195.12942504882812 4.049062728881836 1.6236116886138916 1.685797095298767 -31.666330337524414 1.981764793395996 66.22999572753906 -7.850311756134033 0.1161
Car 1 1 1 983.01171875 172.5435791015625 1108.3043212890625 220.94857788085938 3.677885055541992 1.4754880666732788 1.5706042051315308 14.252625465393066 1.4657256603240967 23.928829193115234 -4.860737323760986 0.1156
Car 1 1 1 247.17529296875 177.21548461914062 323.4396057128906 202.26736450195312 4.097325325012207 1.532554268836975 1.6317071914672852 -20.490110397338867 1.8142571449279785 45.58287811279297 -6.410857200622559 0.1154
Car 1 1 1 268.3858642578125 179.37977600097656 304.20953369140625 196.56143188476562 3.948679208755493 1.4968587160110474 1.6184790134429932 -29.748844146728516 2.1149072647094727 66.37290954589844 -4.740580081939697 0.1153
Pedestrian 1 1 1 172.93539428710938 166.1476593017578 198.14903259277344 225.31805419921875 0.7900150418281555 1.8067502975463867 0.6169973015785217 -13.306110382080078 1.6016743183135986 22.532493591308594 -8.466202735900879 0.1150
Car 1 1 1 1241.0 164.15084838867188 1241.0 374.0 4.107479095458984 1.4893193244934082 1.6019260883331299 5.845750331878662 1.469353437423706 2.55476975440979 -6.222345352172852 0.1149
Car 1 1 1 0.0 0.0 1241.0 374.0 3.808467149734497 1.55423104763031 1.613393783569336 -1.1766865253448486 1.614144206047058 0.11863669753074646 -7.896512508392334 0.1148
Car 1 1 1 499.49932861328125 178.14480590820312 521.6183471679688 195.724853515625 3.86295485496521 1.552398920059204 1.6063286066055298 -9.203091621398926 2.0565061569213867 66.83894348144531 -7.877805233001709 0.1147
Car 1 1 1 415.82928466796875 182.12911987304688 497.52288818359375 245.6973419189453 3.842142105102539 1.4762169122695923 1.6036022901535034 -4.04000997543335 1.749319314956665 19.299650192260742 -4.777378559112549 0.1145
Pedestrian 1 1 1 1011.0899047851562 161.1210174560547 1029.562255859375 210.46353149414062 0.6334221959114075 1.7757787704467773 0.5659894347190857 14.950125694274902 1.3532228469848633 26.379308700561523 -7.369966983795166 0.1141
Car 1 1 1 297.87677001953125 178.8959503173828 329.67877197265625 197.02552795410156 3.862238883972168 1.5227850675582886 1.4962066411972046 -26.21758460998535 2.074265718460083 63.91088104248047 -4.790404796600342 0.1137
Car 1 1 1 933.722412109375 175.19837951660156 981.01025390625 197.40406799316406 3.756012201309204 1.5030056238174438 1.5867241621017456 24.520849227905273 1.6749638319015503 51.126800537109375 -4.696966171264648 0.1134
Pedestrian 1 1 1 1153.594970703125 147.75938415527344 1197.157958984375 241.502197265625 0.7160341739654541 1.7390962839126587 0.5565114617347717 10.787399291992188 1.27324640750885 13.833858489990234 -3.897408962249756 0.1134
Pedestrian 1 1 1 171.97000122070312 170.88021850585938 204.16128540039062 223.54258728027344 0.8226486444473267 1.817497730255127 0.6146556735038757 -14.905653953552246 1.749078392982483 25.41427230834961 -7.147031307220459 0.1133
Cyclist 1 1 1 1006.2451171875 158.3510284423828 1070.2659912109375 228.33734130859375 1.7406935691833496 1.6951960325241089 0.5124560594558716 10.80899429321289 1.3436079025268555 18.36096954345703 -7.913330554962158 0.1132
Car 1 1 1 34.976661682128906 174.8781280517578 116.76762390136719 199.5582275390625 4.2796149253845215 1.6595191955566406 1.641525149345398 -36.82181930541992 1.801918625831604 49.78179931640625 -3.2692556381225586 0.1129
Pedestrian 1 1 1 369.3853759765625 175.63986206054688 383.91912841796875 202.12899780273438 0.706137478351593 1.705395221710205 0.5979102253913879 -15.222443580627441 1.8881183862686157 46.97346496582031 -7.5302815437316895 0.1129
Car 1 1 1 1210.4039306640625 166.59519958496094 1241.0 305.57159423828125 3.910723924636841 1.4874191284179688 1.6403213739395142 10.388123512268066 1.4201332330703735 9.734789848327637 -4.635765075683594 0.1127
Cyclist 1 1 1 0.0 0.0 1241.0 374.0 1.862568736076355 1.6441549062728882 0.5110315680503845 6.900073051452637 1.304324746131897 -0.28959032893180847 -8.05718994140625 0.1127
Car 1 1 1 85.85767364501953 192.31137084960938 177.72677612304688 220.42474365234375 4.1071085929870605 1.5114165544509888 1.6179367303848267 -27.016399383544922 2.633598804473877 40.787574768066406 -6.297084808349609 0.1125
Pedestrian 1 1 1 928.5615234375 162.8111114501953 949.9359741210938 209.3939666748047 0.65684574842453 1.7856043577194214 0.588463544845581 12.736409187316895 1.4003421068191528 28.021974563598633 -4.580994129180908 0.1123
Car 1 1 1 150.14622497558594 174.8340606689453 208.14718627929688 201.40663146972656 3.918044328689575 1.6358675956726074 1.6477899551391602 -27.859241485595703 1.7693450450897217 46.73436737060547 -4.786490440368652 0.1119
Pedestrian 1 1 1 0.0 161.9757537841797 0.0 249.40943908691406 0.7320560216903687 1.8193680047988892 0.5895795822143555 -13.95439338684082 1.5927075147628784 15.471942901611328 -2.477017879486084 0.1118
Pedestrian 1 1 1 48.971370697021484 165.07077026367188 90.11842346191406 236.72007751464844 0.7598470449447632 1.8401525020599365 0.5701515078544617 -14.2830810546875 1.6399575471878052 19.005210876464844 -4.008574485778809 0.1114
Pedestrian 1 1 1 829.7459716796875 166.05458068847656 844.1044921875 202.3813018798828 0.4554812014102936 1.7669322490692139 0.5480629205703735 11.106714248657227 1.435908555984497 35.4437141418457 -7.191551685333252 0.1111
Car 1 1 1 562.3712768554688 179.19227600097656 587.91064453125 200.4481201171875 4.124363422393799 1.5954773426055908 1.6739543676376343 -2.769298553466797 2.11871075630188 57.5032958984375 -4.671267986297607 0.1108
Car 1 1 1 646.594970703125 178.88194274902344 684.4463500976562 211.2196502685547 3.8759944438934326 1.5295426845550537 1.6572761535644531 2.7407424449920654 1.8528951406478882 36.79682159423828 -7.846642017364502 0.1107
Car 1 1 1 840.0595092773438 172.64849853515625 935.4284057617188 204.64967346191406 3.9329068660736084 1.4560673236846924 1.6384693384170532 13.028937339782715 1.4464174509048462 34.02526092529297 -3.3423776626586914 0.1105
Pedestrian 1 1 1 22.254674911499023 162.3255157470703 77.60657501220703 254.9005584716797 0.712981104850769 1.7608977556228638 0.562000572681427 -11.051830291748047 1.5603326559066772 14.176438331604004 -4.1404619216918945 0.1104
Car 1 1 1 374.85968017578125 177.49424743652344 407.435791015625 200.2057342529297 3.9228875637054443 1.6313151121139526 1.674891471862793 -16.574623107910156 1.9959375858306885 54.7022819519043 -4.822486877441406 0.1100
Pedestrian 1 1 1 317.1720886230469 173.94296264648438 327.7292175292969 202.33621215820312 0.6905884146690369 1.7672802209854126 0.5669786334037781 -18.107192993164062 1.8360599279403687 45.356876373291016 -8.158487319946289 0.1090
Pedestrian 1 1 1 0.0 162.9249267578125 39.45843505859375 246.93356323242188 0.747087836265564 1.8194445371627808 0.5770537853240967 -13.333148956298828 1.604102611541748 16.09893798828125 -4.054658889770508 0.1089
Car 1 1 1 616.2340087890625 178.06382751464844 652.9555053710938 211.43692016601562 3.9095299243927 1.5189324617385864 1.649617075920105 1.116801142692566 1.7884467840194702 35.409637451171875 -4.716767311096191 0.1087
Pedestrian 1 1 1 5.6333489418029785 166.5879669189453 42.2882194519043 237.13961791992188 0.7600715160369873 1.7824658155441284 0.5697264075279236 -15.227224349975586 1.623856544494629 18.685415267944336 -2.497520685195923 0.1082
Pedestrian 1 1 1 114.36945343017578 165.63014221191406 147.10992431640625 232.13128662109375 0.7733772397041321 1.7962607145309448 0.6049328446388245 -13.319525718688965 1.600837230682373 19.9758358001709 -2.370481252670288 0.1081
Pedestrian 1 1 1 816.4835815429688 169.2015380859375 825.4887084960938 194.5205841064453 0.6580474376678467 1.826210379600525 0.6163354516029358 15.301939010620117 1.5624651908874512 52.441680908203125 -7.586951732635498 0.1067
Car 1 1 1 689.1661376953125 177.99029541015625 738.4347534179688 209.41363525390625 3.8772881031036377 1.5055732727050781 1.611474871635437 5.255188465118408 1.7847044467926025 37.2413444519043 -4.817773342132568 0.1066
Car 1 1 1 256.7441101074219 182.1221466064453 372.6809387207031 221.8733367919922 3.945176362991333 1.4929474592208862 1.6117836236953735 -11.672730445861816 1.8717775344848633 28.535863876342773 -3.0516014099121094 0.1065
Pedestrian 1 1 1 662.5169677734375 176.37713623046875 686.0287475585938 216.65243530273438 0.8356252908706665 1.7469642162322998 0.6228454113006592 2.790829658508301 1.904307246208191 31.830978393554688 -6.7018351554870605 0.1059
Pedestrian 1 1 1 130.05360412597656 165.07127380371094 157.24627685546875 224.09303283691406 0.7740928530693054 1.8027459383010864 0.5888998508453369 -14.606972694396973 1.564732313156128 22.52256965637207 -5.458313465118408 0.1058
Pedestrian 1 1 1 252.8678436279297 179.82418823242188 264.6340637207031 204.98121643066406 0.7985289096832275 1.77765691280365 0.6057974696159363 -25.230825424194336 2.2822508811950684 51.76438522338867 -8.516843795776367 0.1057
Pedestrian 1 1 1 912.2212524414062 161.04428100585938 939.01953125 213.22279357910156 0.7234938740730286 1.7574186325073242 0.5982404351234436 10.786886215209961 1.3593569993972778 24.766502380371094 -7.018001079559326 0.1055
Car 1 1 1 691.025390625 177.67410278320312 764.4588623046875 221.82981872558594 3.9422013759613037 1.4994715452194214 1.6085693836212158 4.269640922546387 1.693453073501587 27.01796531677246 -7.9952311515808105 0.1055
Pedestrian 1 1 1 324.08441162109375 177.14749145507812 331.8853759765625 196.59805297851562 0.5471706390380859 1.835478663444519 0.5820099115371704 -26.80754852294922 2.244882106781006 68.5396728515625 -7.9988112449646 0.1055
Car 1 1 1 858.3041381835938 178.68951416015625 896.4295043945312 198.80337524414062 3.917732000350952 1.548280954360962 1.6171756982803345 21.653812408447266 2.0381906032562256 58.647003173828125 -4.720729351043701 0.1054
Pedestrian 1 1 1 72.54548645019531 160.1850128173828 107.30036926269531 238.75332641601562 0.744033932685852 1.8066002130508423 0.568619430065155 -12.347537994384766 1.5149893760681152 17.056360244750977 -5.476212024688721 0.1052
Pedestrian 1 1 1 234.85064697265625 167.3708953857422 254.0768280029297 210.13992309570312 0.5142747163772583 1.7907562255859375 0.5766602158546448 -15.538207054138184 1.560876488685608 30.586519241333008 -7.249440670013428 0.1046
Pedestrian 1 1 1 1190.413330078125 147.89089965820312 1241.0 246.59674072265625 0.7084875106811523 1.7041789293289185 0.5516126751899719 10.780892372131348 1.2728853225708008 12.885232925415039 -3.742100715637207 0.1045
Cyclist 1 1 1 1098.745361328125 150.0185089111328 1192.4642333984375 244.27940368652344 1.7491374015808105 1.6938440799713135 0.5241431593894958 10.166533470153809 1.283196210861206 13.845086097717285 -7.835596561431885 0.1034
Pedestrian 1 1 1 1155.978759765625 151.85997009277344 1188.5849609375 230.5457000732422 0.6969180107116699 1.7416942119598389 0.5620901584625244 12.732193946838379 1.2766952514648438 16.418224334716797 -4.083430290222168 0.1034
Pedestrian 1 1 1 11.433576583862305 166.57192993164062 47.84971237182617 243.13671875 0.7851455807685852 1.828824520111084 0.5659410953521729 -14.293764114379883 1.6784714460372925 17.705678939819336 -2.426556348800659 0.1033
Car 1 1 1 230.30413818359375 183.30445861816406 342.06817626953125 237.6710968017578 3.8951079845428467 1.464613437652588 1.5602232217788696 -9.852848052978516 1.8141590356826782 22.176496505737305 -4.671075820922852 0.1029
Pedestrian 1 1 1 1055.330078125 155.91818237304688 1093.4979248046875 221.88916015625 0.7207466959953308 1.7302641868591309 0.5942217707633972 12.369011878967285 1.2857774496078491 19.311307907104492 -7.758485317230225 0.1023
Car 1 1 1 410.0585021972656 179.93894958496094 453.39910888671875 204.80833435058594 3.9214165210723877 1.5326128005981445 1.6623862981796265 -11.742795944213867 2.0197150707244873 47.62503433227539 -4.6446003913879395 0.1022
Car 1 1 1 940.3920288085938 176.0128936767578 985.0617065429688 195.85313415527344 3.7670586109161377 1.4790339469909668 1.6230392456054688 27.42581558227539 1.733384370803833 56.27804946899414 -4.718207359313965 0.1020
Pedestrian 1 1 1 740.635009765625 172.92787170410156 763.873779296875 212.45596313476562 0.8263662457466125 1.736649990081787 0.6042071580886841 6.300575256347656 1.7396929264068604 32.176448822021484 -6.836841106414795 0.1016
Car 1 1 1 916.0560913085938 174.88902282714844 967.4798583984375 198.55242919921875 3.8641200065612793 1.4975652694702148 1.5697811841964722 21.945423126220703 1.637991189956665 47.947357177734375 -4.7343926429748535 0.1015
Cyclist 1 1 1 956.478515625 158.09201049804688 1020.5760498046875 233.72891235351562 1.7413158416748047 1.6954624652862549 0.510879635810852 8.859657287597656 1.3642606735229492 17.058874130249023 -7.917020320892334 0.1014
Pedestrian 1 1 1 49.44425582885742 159.71124267578125 85.06782531738281 247.36656188964844 0.742438018321991 1.823103666305542 0.5672000646591187 -11.694374084472656 1.5494534969329834 15.47346019744873 -5.4169020652771 0.1014
Pedestrian 1 1 1 440.20611572265625 174.4052734375 448.96051025390625 196.8327178955078 0.8122535943984985 1.7818853855133057 0.5607431530952454 -13.29676628112793 1.9070504903793335 57.87554931640625 -8.24094009399414 0.1008
Cyclist 1 1 1 997.0071411132812 155.52017211914062 1076.8192138671875 241.00070190429688 1.748698115348816 1.6860570907592773 0.5127057433128357 8.849781036376953 1.3438568115234375 15.125938415527344 -7.944827556610107 0.1005
Pedestrian 1 1 1 108.03386688232422 164.9936981201172 137.9879608154297 229.58885192871094 0.774853527545929 1.8002796173095703 0.6074829697608948 -13.95534610748291 1.5809115171432495 20.60057830810547 -5.444799423217773 0.1003
Pedestrian 1 1 1 82.09815216064453 159.4065704345703 114.85580444335938 241.15829467773438 0.7375888824462891 1.808611512184143 0.5685838460922241 -11.70128345489502 1.5108109712600708 16.42833137512207 -5.384185314178467 0.1003
