Pedestrian 1 1 1 808.7813720703125 131.82424926757812 909.1801147460938 309.8363342285156 0.9250050783157349 1.812156081199646 0.5641952753067017 2.7016384601593018 1.317060112953186 7.675200462341309 -3.672607421875 0.7024
Cyclist 1 1 1 839.8555297851562 142.88209533691406 906.1488037109375 252.04629516601562 1.7791181802749634 1.781230092048645 0.5433792471885681 4.622797012329102 1.1678001880645752 12.435185432434082 -7.820003032684326 0.2870
Pedestrian 1 1 1 798.4632568359375 147.01148986816406 849.164306640625 240.97703552246094 0.862557053565979 1.8098045587539673 0.5727797746658325 4.320756912231445 1.1651670932769775 14.107484817504883 -3.794595241546631 0.2496
Car 1 1 1 489.78082275390625 172.7677001953125 571.8251953125 229.46420288085938 3.8478031158447266 1.540467381477356 1.6355806589126587 -2.158763885498047 1.3306866884231567 21.219154357910156 -4.5917582511901855 0.2462
Pedestrian 1 1 1 677.8171997070312 157.8175811767578 708.351318359375 244.3779296875 0.782814621925354 1.715571641921997 0.5998165011405945 1.7610071897506714 1.2663779258728027 14.44507122039795 -4.5625152587890625 0.2306
Pedestrian 1 1 1 397.3030090332031 154.80325317382812 437.3025207519531 241.074462890625 0.9004554152488708 1.780335545539856 0.6832382678985596 -4.03219747543335 1.250396966934204 15.070175170898438 -4.802531719207764 0.2265
Pedestrian 1 1 1 761.7445068359375 153.01687622070312 800.6463623046875 255.19720458984375 0.7732212543487549 1.7385567426681519 0.6370820999145508 3.0478124618530273 1.271318793296814 12.474160194396973 -4.504622459411621 0.2248
Pedestrian 1 1 1 215.7558135986328 161.67860412597656 265.70703125 252.37901306152344 0.6634275317192078 1.753812551498413 0.5864382982254028 -7.293294429779053 1.390236735343933 14.081164360046387 -4.378856182098389 0.2241
Pedestrian 1 1 1 52.63363265991211 174.70401000976562 93.77008819580078 238.2353057861328 0.8044359087944031 1.7769161462783813 0.6769071221351624 -15.279842376708984 1.6151107549667358 20.267955780029297 -2.6280908584594727 0.2241
Pedestrian 1 1 1 664.618408203125 159.73736572265625 675.9093627929688 191.77337646484375 0.6909964680671692 1.7886521816253662 0.605780303478241 3.6613223552703857 0.6295408010482788 39.83729934692383 -7.8013529777526855 0.2187
Pedestrian 1 1 1 462.8906555175781 160.89932250976562 493.0002746582031 244.3200225830078 0.8310166597366333 1.7250577211380005 0.5952444076538086 -2.7439396381378174 1.3200870752334595 15.0720853805542 -4.844125747680664 0.2171
Pedestrian 1 1 1 960.0060424804688 161.9971923828125 1066.73876953125 365.2046203613281 0.6975679397583008 1.458419919013977 0.45413583517074585 3.056765079498291 1.326066255569458 5.440013885498047 -4.6338677406311035 0.2106
Pedestrian 1 1 1 957.8880004882812 147.21292114257812 1020.50537109375 258.6884765625 0.6908692717552185 1.7637099027633667 0.5859144926071167 6.241873264312744 1.2374426126480103 11.599024772644043 -8.131335258483887 0.2082
Pedestrian 1 1 1 291.34814453125 177.12576293945312 321.7861328125 233.25376892089844 0.6388389468193054 1.450731635093689 0.49807292222976685 -7.891164779663086 1.363836407661438 18.61489486694336 -4.625182151794434 0.2017
Pedestrian 1 1 1 775.6097412109375 160.00057983398438 800.3740234375 230.67538452148438 0.7824751138687134 1.7526352405548096 0.5969102382659912 4.61361837387085 1.2446033954620361 17.98797607421875 -4.45590877532959 0.2013
Pedestrian 1 1 1 48.75958251953125 156.81362915039062 94.21958923339844 238.0603790283203 0.7517240643501282 1.8259624242782593 0.5522099137306213 -12.380674362182617 1.2939683198928833 16.35407829284668 -3.9707045555114746 0.1962
Pedestrian 1 1 1 853.8941650390625 157.12664794921875 881.841064453125 226.8750457763672 0.6617097854614258 1.7080780267715454 0.5914086699485779 6.53463888168335 1.1360114812850952 17.709745407104492 -7.599109172821045 0.1938
Pedestrian 1 1 1 484.4765930175781 156.6765594482422 538.6689453125 254.23934936523438 0.8586007356643677 1.743048906326294 0.6329601407051086 -1.7765045166015625 1.3177918195724487 13.156262397766113 -4.2628397941589355 0.1936
Pedestrian 1 1 1 1166.9010009765625 153.04470825195312 1214.1629638671875 225.29454040527344 0.7234847545623779 1.8022346496582031 0.5886520147323608 14.910686492919922 1.1177003383636475 18.065723419189453 -4.991038799285889 0.1925
Pedestrian 1 1 1 508.8462219238281 153.81704711914062 538.059326171875 238.87936401367188 0.7978830933570862 1.761122465133667 0.599616527557373 -1.7736599445343018 1.2090330123901367 15.062921524047852 -4.802248001098633 0.1907
Car 1 1 1 560.3724365234375 168.8843536376953 650.5955200195312 202.81365966796875 3.9521892070770264 1.4778859615325928 1.6256903409957886 0.03852054476737976 0.9721341133117676 31.72941780090332 -3.0805344581604004 0.1888
Pedestrian 1 1 1 549.005615234375 155.53421020507812 573.2409057617188 226.10150146484375 0.76652592420578 1.722159743309021 0.581929624080658 -1.1302030086517334 1.1132091283798218 17.64752197265625 -4.744239807128906 0.1854
Pedestrian 1 1 1 663.3818969726562 161.21270751953125 704.4580078125 254.06484985351562 0.7624163031578064 1.6696758270263672 0.5943527817726135 1.4303568601608276 1.323219656944275 13.175082206726074 -4.356554985046387 0.1841
Pedestrian 1 1 1 0.0 167.9969024658203 47.343936920166016 258.38531494140625 0.7950525879859924 1.7477413415908813 0.596614420413971 -11.753575325012207 1.5063434839248657 14.112017631530762 -4.875040531158447 0.1829
Pedestrian 1 1 1 527.0078125 153.30374145507812 562.574462890625 254.540283203125 0.8786624073982239 1.776842713356018 0.6108220815658569 -1.1319079399108887 1.2998828887939453 12.862189292907715 -7.898494243621826 0.1810
Car 1 1 1 578.1050415039062 171.2898712158203 641.5643310546875 224.60011291503906 3.914246082305908 1.5505244731903076 1.6355470418930054 0.035115137696266174 1.282945156097412 22.589941024780273 -7.948334217071533 0.1800
Pedestrian 1 1 1 903.3496704101562 147.5586395263672 942.8770141601562 254.7682647705078 0.6705080270767212 1.7386951446533203 0.5903475284576416 5.290762901306152 1.2048430442810059 11.891222953796387 -7.448536396026611 0.1779
Pedestrian 1 1 1 1132.8729248046875 138.19569396972656 1198.3096923828125 247.58868408203125 0.7644504904747009 1.7238246202468872 0.5735887289047241 9.112627029418945 1.0575740337371826 11.581682205200195 -4.469754695892334 0.1702
Pedestrian 1 1 1 0.0 160.8616180419922 34.78401184082031 237.57327270507812 0.6870234608650208 1.7661322355270386 0.5621439814567566 -14.009223937988281 1.3143342733383179 16.675918579101562 -4.9372053146362305 0.1698
Car 1 1 1 0.0 0.0 1223.0 369.0 3.885544776916504 1.5377564430236816 1.6459356546401978 -3.439314842224121 1.625857949256897 0.9075382947921753 -7.9036078453063965 0.1666
Pedestrian 1 1 1 1179.3616943359375 142.1941375732422 1223.0 246.90145874023438 0.7275184392929077 1.6998424530029297 0.5529552102088928 10.111533164978027 1.0783575773239136 11.905227661132812 -3.6976304054260254 0.1600
Pedestrian 1 1 1 1017.3446044921875 145.97618103027344 1081.3411865234375 255.2102813720703 0.6746155619621277 1.7304867506027222 0.5816784501075745 7.2239789962768555 1.1839443445205688 11.593186378479004 -8.071431159973145 0.1582
Pedestrian 1 1 1 216.888427734375 166.5142822265625 241.81344604492188 218.22918701171875 0.7336236238479614 1.8436052799224854 0.6273148059844971 -13.680011749267578 1.3452755212783813 25.68791961669922 -8.611066818237305 0.1561
Pedestrian 1 1 1 1053.133544921875 160.1271514892578 1099.125732421875 245.65281677246094 0.7865516543388367 1.6156812906265259 0.5664135813713074 9.147564888000488 1.231177806854248 13.821066856384277 -4.380671977996826 0.1538
Car 1 1 1 0.0 180.0598907470703 33.00168228149414 252.83604431152344 3.5500242710113525 1.4887577295303345 1.5274144411087036 -15.340821266174316 1.4801077842712402 16.280025482177734 -4.770174026489258 0.1529
Cyclist 1 1 1 1100.7630615234375 141.41476440429688 1223.0 338.42950439453125 1.8004059791564941 1.7293249368667603 0.6137020587921143 5.66068696975708 1.3866791725158691 6.7292280197143555 -3.395336151123047 0.1515
Pedestrian 1 1 1 707.1082153320312 157.25775146484375 738.9690551757812 243.93231201171875 0.7804433703422546 1.7184340953826904 0.6035853028297424 2.355360984802246 1.2579843997955322 14.440903663635254 -4.5955400466918945 0.1486
Pedestrian 1 1 1 246.89593505859375 173.28314208984375 300.2242126464844 275.6454162597656 0.5737223029136658 1.5748467445373535 0.5137331485748291 -5.30753231048584 1.4642020463943481 11.230881690979004 -4.393651962280273 0.1479
Pedestrian 1 1 1 613.4498291015625 155.94337463378906 637.6315307617188 226.76353454589844 0.7617219090461731 1.7309765815734863 0.5913388133049011 0.47801685333251953 1.1310940980911255 17.676042556762695 -4.664992332458496 0.1468
Pedestrian 1 1 1 126.66895294189453 164.9654998779297 175.61227416992188 255.58322143554688 0.577397346496582 1.7165430784225464 0.5642997622489929 -8.87333869934082 1.422641396522522 13.760010719299316 -4.370431423187256 0.1467
Car 1 1 1 0.0 178.0809783935547 1.950797200202942 228.96194458007812 3.9008805751800537 1.5212059020996094 1.6110464334487915 -22.125524520874023 1.4491742849349976 23.153947830200195 -7.944148540496826 0.1453
Pedestrian 1 1 1 819.7461547851562 143.45960998535156 863.3080444335938 250.12136840820312 0.7687329053878784 1.7808847427368164 0.6056050062179565 4.03116512298584 1.1628159284591675 12.235941886901855 -4.539835453033447 0.1435
Pedestrian 1 1 1 430.2540588378906 156.94729614257812 465.7491455078125 241.8185272216797 0.8660306334495544 1.7554795742034912 0.5965109467506409 -3.3801462650299072 1.2686667442321777 15.069659233093262 -4.753912925720215 0.1422
Pedestrian 1 1 1 31.081220626831055 164.60806274414062 89.04429626464844 251.3605499267578 0.7905833721160889 1.7208391427993774 0.5755247473716736 -11.144840240478516 1.4059611558914185 14.421722412109375 -4.716787338256836 0.1419
Car 1 1 1 261.4146728515625 178.56387329101562 403.0302734375 225.4664306640625 4.188182830810547 1.5291911363601685 1.6427377462387085 -9.199223518371582 1.4663394689559937 24.00513458251953 -3.2051854133605957 0.1412
Pedestrian 1 1 1 311.46990966796875 156.29368591308594 354.97216796875 240.7253875732422 0.8860706686973572 1.7812565565109253 0.6951638460159302 -5.949441909790039 1.2709248065948486 15.40021800994873 -4.839728832244873 0.1407
Car 1 1 1 1128.8609619140625 162.18768310546875 1223.0 260.5152893066406 3.8024942874908447 1.513940691947937 1.6441280841827393 11.64073657989502 1.232374668121338 12.808253288269043 -7.828100681304932 0.1378
Car 1 1 1 22.93233871459961 189.4780731201172 160.16026306152344 241.35438537597656 3.830378770828247 1.510659098625183 1.6939657926559448 -16.682435989379883 1.8296802043914795 23.179506301879883 -4.701440811157227 0.1369
Pedestrian 1 1 1 1181.5794677734375 147.129150390625 1223.0 218.32626342773438 0.7079445719718933 1.8073450326919556 0.5754933953285217 15.52121353149414 0.9605437517166138 18.36187744140625 -4.958277225494385 0.1342
Pedestrian 1 1 1 1057.7969970703125 146.13494873046875 1120.2962646484375 253.32025146484375 0.6693265438079834 1.7023985385894775 0.5551199913024902 7.859069347381592 1.1569703817367554 11.573368072509766 -4.7447710037231445 0.1339
Car 1 1 1 577.9434204101562 172.2429962158203 606.1137084960938 195.2586212158203 3.894517421722412 1.638038158416748 1.5965975522994995 -0.9934043288230896 1.0504001379013062 52.36412811279297 -4.858887195587158 0.1338
Pedestrian 1 1 1 846.2096557617188 155.60008239746094 894.9485473632812 265.97784423828125 0.6950167417526245 1.6468461751937866 0.524855375289917 4.03612756729126 1.2757270336151123 10.913311004638672 -4.646335124969482 0.1336
Pedestrian 1 1 1 631.3533325195312 152.98361206054688 676.4888305664062 256.1662292480469 0.8790490031242371 1.7564488649368286 0.6016938090324402 0.8057519197463989 1.2884212732315063 12.52113151550293 -4.887555122375488 0.1334
Pedestrian 1 1 1 315.68560791015625 176.89971923828125 345.3875427246094 233.41015625 0.6260187029838562 1.4606642723083496 0.5023790597915649 -7.258856296539307 1.3679229021072388 18.610801696777344 -4.618377208709717 0.1327
Cyclist 1 1 1 989.900390625 155.29730224609375 1077.0977783203125 245.04214477539062 1.74699866771698 1.688048243522644 0.541667103767395 8.506264686584473 1.2143644094467163 14.19744873046875 -7.965805530548096 0.1322
Pedestrian 1 1 1 62.536766052246094 158.5505828857422 114.4095687866211 240.79229736328125 0.767436683177948 1.8131920099258423 0.5687359571456909 -11.761098861694336 1.3296136856079102 16.051542282104492 -4.321265697479248 0.1320
Car 1 1 1 0.0 184.2932586669922 25.914600372314453 244.19163513183594 3.845529556274414 1.494417667388916 1.6324623823165894 -18.561864852905273 1.612213134765625 19.89875030517578 -7.971019268035889 0.1318
Car 1 1 1 1219.96337890625 158.08804321289062 1223.0 369.0 4.1355791091918945 1.4952468872070312 1.581258773803711 7.706881046295166 1.3436920642852783 5.698451995849609 -6.228126049041748 0.1311
Car 1 1 1 0.0 0.0 1223.0 369.0 3.8459086418151855 1.5211057662963867 1.6267979145050049 2.9906303882598877 1.541609525680542 0.9377424716949463 -7.879776477813721 0.1305
Pedestrian 1 1 1 171.99822998046875 160.767578125 215.48541259765625 240.84695434570312 0.5971054434776306 1.7376976013183594 0.5868974328041077 -9.18105697631836 1.3098554611206055 15.718350410461426 -4.392971038818359 0.1292
Car 1 1 1 667.6609497070312 172.73294067382812 747.6907958984375 213.60537719726562 4.023841857910156 1.4726113080978394 1.613649606704712 3.885579824447632 1.1930190324783325 27.628334045410156 -4.9803009033203125 0.1289
Car 1 1 1 816.9453125 168.2949981689453 965.5235595703125 218.85238647460938 4.0695085525512695 1.5326794385910034 1.6620275974273682 8.99449348449707 1.162965178489685 22.46696662902832 -6.384374618530273 0.1285
Car 1 1 1 0.0 183.11056518554688 118.1410140991211 225.39854431152344 4.141393661499023 1.4876072406768799 1.652999758720398 -20.53771209716797 1.5869321823120117 25.911739349365234 -6.331332683563232 0.1269
Pedestrian 1 1 1 1145.156494140625 147.2559356689453 1190.94970703125 220.053955078125 0.7062243819236755 1.8178777694702148 0.5830877423286438 14.319798469543457 0.9880462884902954 18.046363830566406 -4.852063179016113 0.1256
Pedestrian 1 1 1 0.0 157.48028564453125 42.34452438354492 237.27853393554688 0.720596432685852 1.7684673070907593 0.5573127269744873 -13.368925094604492 1.258652687072754 16.055021286010742 -4.809347152709961 0.1246
Car 1 1 1 160.1420135498047 179.3753662109375 274.6693420410156 234.3292694091797 3.719484567642212 1.5050170421600342 1.5368173122406006 -11.535714149475098 1.4745244979858398 21.255178451538086 -4.7557172775268555 0.1245
Pedestrian 1 1 1 574.3932495117188 154.96878051757812 598.6257934570312 225.86119079589844 0.7645183205604553 1.7337523698806763 0.5854724645614624 -0.4974284768104553 1.1096854209899902 17.67443084716797 -4.710683345794678 0.1239
Car 1 1 1 669.8834838867188 162.71923828125 749.7673950195312 190.63229370117188 4.24023962020874 1.5570584535598755 1.6510775089263916 6.0071330070495605 0.565324068069458 40.72251892089844 -6.510226726531982 0.1227
Cyclist 1 1 1 934.3771362304688 153.33248901367188 1000.8731079101562 232.2087860107422 1.7292861938476562 1.6998205184936523 0.5075014233589172 8.184348106384277 1.1146944761276245 16.12027931213379 -7.938833713531494 0.1222
Pedestrian 1 1 1 674.8208618164062 160.0924835205078 700.25341796875 226.16900634765625 0.8170143961906433 1.6695232391357422 0.5640413761138916 2.084904670715332 1.1542181968688965 18.274351119995117 -4.708199977874756 0.1217
Car 1 1 1 0.0 193.16697692871094 0.0 369.0 3.9145822525024414 1.5420949459075928 1.6175600290298462 -5.354968547821045 1.6154522895812988 2.0766074657440186 -7.9007039070129395 0.1215
Car 1 1 1 32.34260559082031 179.03221130371094 177.3516082763672 242.45457458496094 3.392756223678589 1.4839184284210205 1.50571608543396 -12.79548454284668 1.4499099254608154 18.282833099365234 -4.774313926696777 0.1214
Pedestrian 1 1 1 1082.3101806640625 149.51260375976562 1133.029541015625 239.03225708007812 0.7842960953712463 1.6922687292099 0.5777624845504761 9.763548851013184 1.106850266456604 13.82207202911377 -4.4359965324401855 0.1186
Car 1 1 1 0.0 0.0 1223.0 369.0 3.8121743202209473 1.5550122261047363 1.6105234622955322 -1.1961621046066284 1.6264373064041138 0.08523663878440857 -7.912012577056885 0.1184
Car 1 1 1 0.0 0.0 1216.3128662109375 369.0 3.8406946659088135 1.5396487712860107 1.6141012907028198 1.3855804204940796 1.5679782629013062 0.6266855001449585 -7.873856067657471 0.1174
Pedestrian 1 1 1 62.86018371582031 161.56268310546875 110.23084259033203 256.86614990234375 0.684018611907959 1.680430293083191 0.5190646052360535 -9.475393295288086 1.3468918800354004 12.875407218933105 -5.048129081726074 0.1162
Cyclist 1 1 1 0.0 0.0 1223.0 369.0 1.8453315496444702 1.6447206735610962 0.5095499157905579 6.887829303741455 1.2982341051101685 -0.3081052005290985 -8.03640365600586 0.1158
Car 1 1 1 1010.6044311523438 163.7467498779297 1164.10400390625 225.07064819335938 3.5589966773986816 1.509812831878662 1.567816138267517 12.900827407836914 1.0976686477661133 19.241527557373047 -7.92979097366333 0.1144
Pedestrian 1 1 1 833.4810180664062 146.70277404785156 884.068359375 241.0944061279297 0.848974347114563 1.7837762832641602 0.5559913516044617 4.92127799987793 1.1454533338546753 13.83839225769043 -6.92531156539917 0.1117
Pedestrian 1 1 1 868.315673828125 157.6387939453125 920.9265747070312 277.009033203125 0.6774303317070007 1.6226451396942139 0.5236787796020508 4.0218586921691895 1.3122828006744385 9.978208541870117 -4.595141410827637 0.1114
Car 1 1 1 108.88856506347656 186.9280242919922 223.36521911621094 234.11561584472656 3.790390729904175 1.468751311302185 1.6786508560180664 -15.050562858581543 1.708634376525879 24.443992614746094 -4.736960411071777 0.1113
Pedestrian 1 1 1 236.19703674316406 163.03253173828125 255.95787048339844 213.67491149902344 0.714948832988739 1.8513717651367188 0.6236972212791443 -13.390029907226562 1.213046669960022 26.312828063964844 -8.36894416809082 0.1108
Car 1 1 1 632.9082641601562 172.9142303466797 679.5902709960938 212.5881805419922 3.8784286975860596 1.4917973279953003 1.6498568058013916 1.976388692855835 1.2068012952804565 28.536466598510742 -7.840205669403076 0.1106
Cyclist 1 1 1 960.8428955078125 153.82679748535156 1030.2615966796875 232.90133666992188 1.7392215728759766 1.7049144506454468 0.5151564478874207 8.824990272521973 1.1301636695861816 16.131174087524414 -7.929633617401123 0.1104
Pedestrian 1 1 1 93.3983154296875 172.668212890625 121.32066345214844 231.12002563476562 0.7537983059883118 1.7918837070465088 0.5921290516853333 -15.627312660217285 1.5520803928375244 22.150728225708008 -2.360496997833252 0.1103
Pedestrian 1 1 1 635.6815795898438 153.0417022705078 662.592041015625 221.39942932128906 0.7755300402641296 1.7277004718780518 0.582920491695404 1.093448281288147 1.0340298414230347 18.282520294189453 -4.801933288574219 0.1102
Cyclist 1 1 1 880.9430541992188 154.00660705566406 942.524658203125 232.89710998535156 1.7531238794326782 1.695145606994629 0.5230618715286255 6.8978776931762695 1.1262201070785522 16.0869083404541 -7.932173252105713 0.1099
Car 1 1 1 814.5125122070312 168.98109436035156 977.7431640625 223.673583984375 4.0733489990234375 1.526680588722229 1.632742166519165 8.336220741271973 1.2054470777511597 20.56387710571289 -6.288590908050537 0.1098
Cyclist 1 1 1 908.3375244140625 154.24990844726562 973.3280639648438 233.1396026611328 1.7523635625839233 1.6931997537612915 0.5243791937828064 7.549890518188477 1.1301440000534058 16.06997299194336 -7.935708522796631 0.1096
Car 1 1 1 408.3422546386719 179.7939453125 486.6963806152344 237.87591552734375 3.9149351119995117 1.4980344772338867 1.5845674276351929 -4.434730529785156 1.4801422357559204 20.235807418823242 -4.7699103355407715 0.1094
Pedestrian 1 1 1 698.369140625 162.12237548828125 727.8145141601562 230.3313751220703 0.7718558311462402 1.6965405941009521 0.5727009177207947 2.7023582458496094 1.2397639751434326 17.995956420898438 -4.800949573516846 0.1088
Pedestrian 1 1 1 793.3560180664062 154.15252685546875 837.3683471679688 260.7778015136719 0.7371561527252197 1.6874302625656128 0.6131406426429749 3.3905792236328125 1.270844578742981 11.606551170349121 -4.534841537475586 0.1087
Car 1 1 1 774.0827026367188 167.29159545898438 813.3380126953125 191.2282257080078 3.9140992164611816 1.5334014892578125 1.6082792282104492 12.555488586425781 0.687325119972229 47.25898742675781 -7.8441948890686035 0.1087
Car 1 1 1 1219.81640625 160.10003662109375 1223.0 293.548583984375 4.024789810180664 1.50111722946167 1.607237696647644 10.329090118408203 1.2720593214035034 8.923595428466797 -6.3675007820129395 0.1085
Pedestrian 1 1 1 960.9522094726562 158.66644287109375 1009.5767211914062 247.18759155273438 0.5980896353721619 1.6489343643188477 0.5611200928688049 7.225396156311035 1.242593765258789 13.53566837310791 -4.993027687072754 0.1085
Car 1 1 1 540.724365234375 175.4854736328125 588.1304321289062 217.32652282714844 3.929422378540039 1.5176852941513062 1.63434636592865 -1.5474128723144531 1.3360438346862793 27.611974716186523 -7.854867458343506 0.1079
Pedestrian 1 1 1 1033.95703125 159.24075317382812 1150.947265625 361.11785888671875 0.7071569561958313 1.448166847229004 0.45477089285850525 3.6658737659454346 1.2961045503616333 5.445816516876221 -4.616140842437744 0.1079
Car 1 1 1 0.0 182.97329711914062 10.15963077545166 219.93911743164062 3.850597858428955 1.4649397134780884 1.6819349527359009 -28.225872039794922 1.5785197019577026 30.3558292388916 -4.496525287628174 0.1075
Pedestrian 1 1 1 1129.402587890625 146.44056701660156 1170.6724853515625 239.7254638671875 0.7428795099258423 1.6772321462631226 0.553440511226654 10.110116958618164 1.065224289894104 13.173666954040527 -3.978329658508301 0.1070
Pedestrian 1 1 1 1086.7861328125 144.4476318359375 1147.95166015625 250.15274047851562 0.6972538828849792 1.7128010988235474 0.5894147157669067 8.523937225341797 1.1290053129196167 11.854500770568848 -4.52346658706665 0.1069
Pedestrian 1 1 1 93.14361572265625 160.92083740234375 147.59837341308594 250.8086700439453 0.6708451509475708 1.6976770162582397 0.5694853067398071 -9.476725578308105 1.328256607055664 13.76952075958252 -4.34195613861084 0.1047
Car 1 1 1 1136.143310546875 157.1643524169922 1223.0 369.0 3.911743402481079 1.5065034627914429 1.625316858291626 4.590434551239014 1.465296983718872 3.264643430709839 -7.79311990737915 0.1045
Pedestrian 1 1 1 980.73779296875 151.59849548339844 1036.6136474609375 252.5143585205078 0.6160504817962646 1.6924294233322144 0.590688169002533 6.899355411529541 1.2081087827682495 12.189550399780273 -7.9384284019470215 0.1041
Car 1 1 1 1181.4891357421875 161.00733947753906 1223.0 230.6266632080078 3.7377820014953613 1.5473061800003052 1.6729259490966797 16.74835968017578 1.1144189834594727 17.623859405517578 -7.905540943145752 0.1036
Pedestrian 1 1 1 272.8044738769531 174.1094512939453 303.5605773925781 231.22219848632812 0.6620221138000488 1.503772258758545 0.5295246839523315 -8.523277282714844 1.3358246088027954 18.948213577270508 -4.714906215667725 0.1033
Pedestrian 1 1 1 8.281302452087402 169.3638458251953 53.72941207885742 236.8588409423828 0.8257481455802917 1.8208938837051392 0.6107210516929626 -15.9343843460083 1.520770788192749 19.58704948425293 -7.291117191314697 0.1029
Car 1 1 1 341.6819763183594 177.35540771484375 402.1756896972656 212.48553466796875 3.752969980239868 1.5033665895462036 1.5903879404067993 -10.540228843688965 1.3690015077590942 32.15116500854492 -4.7344183921813965 0.1028
Car 1 1 1 168.4403839111328 183.40956115722656 304.7790832519531 247.42459106445312 3.895995855331421 1.4985719919204712 1.5555557012557983 -9.587236404418945 1.5837864875793457 18.682527542114258 -4.705199718475342 0.1010
Car 1 1 1 302.1185607910156 182.69070434570312 423.1693420410156 249.15777587890625 4.037890434265137 1.4851199388504028 1.6359456777572632 -6.027613162994385 1.5473822355270386 17.96476173400879 -4.694750785827637 0.1009
Pedestrian 1 1 1 928.3147583007812 155.2329864501953 963.5518798828125 224.40771484375 0.7439574599266052 1.6913222074508667 0.5742592811584473 8.476696014404297 1.0738708972930908 17.68671226501465 -7.751676082611084 0.1005
Pedestrian 1 1 1 1143.14892578125 150.93283081054688 1181.41162109375 219.8657989501953 0.6142685413360596 1.820200800895691 0.5415650010108948 14.9094820022583 1.0397826433181763 18.97774887084961 -4.715010643005371 0.1004
Pedestrian 1 1 1 0.0 165.307861328125 5.980356216430664 258.4576721191406 0.7704841494560242 1.7618036270141602 0.5935514569282532 -12.330198287963867 1.4748282432556152 13.80832290649414 -4.907344818115234 0.1003
Pedestrian 1 1 1 256.76116943359375 167.03817749023438 298.9615478515625 255.48486328125 0.5740575194358826 1.651442050933838 0.5131348371505737 -6.291020393371582 1.4004534482955933 13.511797904968262 -4.617499828338623 0.1001
