Car 1 1 1 568.3092041015625 176.9606475830078 623.9315185546875 230.4304656982422 3.4332308769226074 1.5697245597839355 1.6491037607192993 -0.5587219595909119 1.7115925550460815 23.21602439880371 -7.91388463973999 0.8209
Car 1 1 1 328.0760498046875 184.85061645507812 430.7286071777344 249.53564453125 4.080676078796387 1.5308266878128052 1.6817654371261597 -6.268265247344971 1.8961735963821411 19.91838836669922 -4.753900051116943 0.7917
Pedestrian 1 1 1 422.11285400390625 164.66741943359375 440.0440368652344 202.54249572753906 0.6765531897544861 1.8361010551452637 0.6848607063293457 -8.798646926879883 1.4389333724975586 35.33466720581055 -7.8004841804504395 0.4521
Car 1 1 1 642.4122314453125 176.7728271484375 663.4239501953125 195.08961486816406 3.802706718444824 1.5004394054412842 1.5799444913864136 3.6252002716064453 1.8462492227554321 61.82295608520508 -7.851792812347412 0.3859
Pedestrian 1 1 1 220.525634765625 172.5666046142578 245.98704528808594 215.44764709472656 0.659627377986908 1.7386693954467773 0.6573653221130371 -15.520530700683594 1.726716160774231 29.648935317993164 -4.493855953216553 0.3571
Car 1 1 1 985.9774780273438 162.6320037841797 1068.0128173828125 200.10044860839844 4.224335670471191 1.84703528881073 1.7127541303634644 21.639291763305664 1.342834711074829 37.71481704711914 -7.895721912384033 0.3071
Car 1 1 1 0.0 167.93714904785156 41.33217239379883 241.8444366455078 3.494173288345337 1.653844952583313 1.6577128171920776 -16.3032283782959 1.5435190200805664 17.961212158203125 -7.944945812225342 0.3048
Pedestrian 1 1 1 382.8275146484375 173.85789489746094 398.42828369140625 199.7693328857422 0.9225254058837891 1.782192349433899 0.5354282259941101 -15.276275634765625 1.852320909500122 50.14264678955078 -3.727567195892334 0.2588
Pedestrian 1 1 1 1002.3527221679688 163.448974609375 1020.3191528320312 199.52899169921875 0.6016974449157715 1.7644190788269043 0.691868782043457 19.80470848083496 1.3041852712631226 35.68727111816406 -7.5007100105285645 0.2562
Pedestrian 1 1 1 634.7931518554688 172.2882843017578 646.6791381835938 194.12173461914062 0.8016451001167297 1.7954719066619873 0.5827888250350952 2.5227460861206055 1.7486497163772583 59.81681442260742 -6.984464168548584 0.2458
Pedestrian 1 1 1 813.324951171875 170.9256591796875 824.6471557617188 197.8672332763672 0.6134963631629944 1.7539294958114624 0.5911594033241272 13.663117408752441 1.6280921697616577 47.29645919799805 -7.7956719398498535 0.2385
Pedestrian 1 1 1 1017.1895141601562 163.62176513671875 1035.4920654296875 201.52490234375 0.5299075245857239 1.78496253490448 0.6006044745445251 19.795217514038086 1.3498916625976562 34.37898254394531 -3.8055410385131836 0.2246
Car 1 1 1 166.87783813476562 171.13331604003906 238.96047973632812 202.89361572265625 3.7899889945983887 1.6188886165618896 1.6482609510421753 -21.777069091796875 1.530881643295288 38.696434020996094 -4.683295249938965 0.2164
Pedestrian 1 1 1 841.995361328125 168.45083618164062 855.3862915039062 190.53067016601562 0.8885027170181274 1.7575430870056152 0.5620751976966858 19.12364959716797 1.4067530632019043 57.890960693359375 -6.772714138031006 0.2131
Pedestrian 1 1 1 696.7927856445312 163.565673828125 718.1812133789062 202.14491271972656 0.9199339151382446 1.8454124927520752 0.5816092491149902 4.695321083068848 1.4008115530014038 35.04193115234375 -3.9014406204223633 0.2105
Pedestrian 1 1 1 326.0462646484375 175.3849639892578 342.2722473144531 206.9572296142578 0.7997497916221619 1.7252347469329834 0.513268232345581 -15.29058837890625 1.866296410560608 39.896121978759766 -3.586198329925537 0.2095
Pedestrian 1 1 1 0.0 165.4637908935547 36.93674087524414 237.9225616455078 0.7056708335876465 1.7652673721313477 0.5659021735191345 -14.925960540771484 1.584924578666687 18.00873565673828 -4.349034309387207 0.2085
Pedestrian 1 1 1 665.3640747070312 169.84823608398438 677.9686279296875 194.23052978515625 0.9115238189697266 1.828873872756958 0.5348721742630005 4.643039703369141 1.6031161546707153 54.64427185058594 -7.179243564605713 0.2038
Car 1 1 1 442.216064453125 186.26856994628906 477.6798095703125 211.874267578125 3.6663103103637695 1.4884451627731323 1.7102196216583252 -9.51290225982666 2.374713182449341 45.80184555053711 -4.777081489562988 0.2022
Pedestrian 1 1 1 167.0950469970703 166.05511474609375 190.14154052734375 203.9649200439453 0.7781133055686951 1.8242307901382446 0.6520422697067261 -21.027816772460938 1.496766448020935 35.11371612548828 -7.841433048248291 0.1962
Pedestrian 1 1 1 1075.23876953125 171.18951416015625 1108.4195556640625 220.14349365234375 0.8097658157348633 1.6970312595367432 0.5919844508171082 16.919919967651367 1.6390306949615479 25.413110733032227 -6.5764288902282715 0.1857
Car 1 1 1 355.2146911621094 181.8401336669922 412.3050231933594 217.34674072265625 3.9426324367523193 1.497373342514038 1.6009448766708374 -10.452908515930176 1.938807725906372 33.4576530456543 -4.765718936920166 0.1849
Cyclist 1 1 1 304.3595275878906 160.96958923339844 348.42999267578125 213.22744750976562 1.5908293724060059 1.7340890169143677 0.5639861226081848 -9.767884254455566 1.3394250869750977 24.785017013549805 -4.439094543457031 0.1797
Car 1 1 1 633.8009033203125 178.3282012939453 660.9004516601562 201.10572814941406 3.7629950046539307 1.5653172731399536 1.5697177648544312 2.6495521068573 1.977393388748169 52.43182373046875 -7.909754276275635 0.1797
Car 1 1 1 373.2433776855469 183.73422241210938 410.7818908691406 211.69338989257812 3.9834492206573486 1.5287083387374878 1.6523929834365845 -13.028080940246582 2.211271047592163 43.18524169921875 -4.876227855682373 0.1792
Pedestrian 1 1 1 976.6470947265625 167.6124725341797 1003.0790405273438 214.46368408203125 0.8354078531265259 1.7001006603240967 0.5788891315460205 13.995331764221191 1.5096006393432617 26.669612884521484 -6.958223819732666 0.1786
Pedestrian 1 1 1 170.89950561523438 175.6424102783203 185.39889526367188 215.27261352539062 0.4095323979854584 1.7823535203933716 0.5535333156585693 -19.684354782104492 1.9101228713989258 32.81791305541992 -8.424015998840332 0.1762
Pedestrian 1 1 1 67.76109313964844 178.3779296875 91.78793334960938 227.66819763183594 0.45568570494651794 1.7800863981246948 0.541169285774231 -19.411542892456055 1.983447790145874 26.357542037963867 -7.789510250091553 0.1752
Car 1 1 1 580.121337890625 178.88706970214844 618.1441650390625 211.64903259277344 3.903087615966797 1.501032829284668 1.6536692380905151 -0.5287978053092957 1.8164976835250854 35.77734375 -4.6667280197143555 0.1701
Pedestrian 1 1 1 52.81943130493164 163.4400634765625 83.28717041015625 229.9365692138672 0.7601639628410339 1.8245813846588135 0.596545934677124 -15.269176483154297 1.5659745931625366 20.276254653930664 -5.233956336975098 0.1698
Car 1 1 1 718.94677734375 174.9736785888672 746.267333984375 193.0428466796875 4.052315711975098 1.5702210664749146 1.6010195016860962 11.027345657348633 1.7676594257354736 65.248046875 -4.760334491729736 0.1695
Car 1 1 1 716.194580078125 175.6291961669922 740.7615966796875 194.0425262451172 3.941869020462036 1.4574172496795654 1.5942145586013794 9.747687339782715 1.6945879459381104 59.7290153503418 -7.797776699066162 0.1686
Car 1 1 1 414.8568420410156 183.38722229003906 455.0223083496094 208.8435516357422 4.123810291290283 1.5315377712249756 1.6474577188491821 -11.424152374267578 2.2502310276031494 47.1859016418457 -4.717423915863037 0.1676
Car 1 1 1 512.2677612304688 179.3378143310547 542.1838989257812 205.17050170898438 3.8406119346618652 1.5581539869308472 1.5813082456588745 -5.320551872253418 1.9925532341003418 46.43478775024414 -4.737972736358643 0.1668
Pedestrian 1 1 1 169.53382873535156 168.48915100097656 188.16221618652344 201.93394470214844 0.7070485353469849 1.7859909534454346 0.5997977256774902 -23.277151107788086 1.552602767944336 38.89822769165039 -7.9011664390563965 0.1602
Pedestrian 1 1 1 1082.225830078125 159.1089324951172 1108.597412109375 203.16561889648438 0.6727915406227112 1.8025860786437988 0.6906436681747437 20.071462631225586 1.239904522895813 29.91094970703125 -7.6869425773620605 0.1599
Pedestrian 1 1 1 177.95626831054688 166.9583282470703 221.21229553222656 247.7759246826172 0.5919854044914246 1.6947906017303467 0.5668329000473022 -8.835796356201172 1.5708553791046143 15.455151557922363 -4.607271671295166 0.1588
Car 1 1 1 80.16638946533203 178.67112731933594 168.91305541992188 216.76263427734375 3.983208417892456 1.5924361944198608 1.698634386062622 -22.029342651367188 1.8738329410552979 32.86893844604492 -7.962473392486572 0.1567
Pedestrian 1 1 1 489.04229736328125 172.4757537841797 502.391845703125 196.47752380371094 0.8697924017906189 1.8238461017608643 0.5413916110992432 -8.791365623474121 1.7948023080825806 55.33544921875 -4.015789985656738 0.1563
Pedestrian 1 1 1 807.393798828125 155.4509735107422 853.6696166992188 240.4624786376953 0.7666440010070801 1.7628791332244873 0.6008396744728088 4.661789894104004 1.4016937017440796 15.427984237670898 -3.7492356300354004 0.1560
Pedestrian 1 1 1 23.564369201660156 162.98681640625 67.35010528564453 233.92674255371094 0.7206586003303528 1.7910183668136597 0.5488424301147461 -14.643192291259766 1.5416020154953003 18.658700942993164 -4.281045436859131 0.1552
Pedestrian 1 1 1 499.5908203125 175.3114776611328 510.7057189941406 195.57763671875 0.8318638205528259 1.8004118204116821 0.5510585308074951 -9.420126914978027 2.0219223499298096 64.6683349609375 -6.857268810272217 0.1532
Car 1 1 1 0.0 0.0 1241.0 374.0 3.8125662803649902 1.5268632173538208 1.62506902217865 3.0190792083740234 1.5555834770202637 0.9682887196540833 -7.890026569366455 0.1523
Car 1 1 1 247.546875 172.10147094726562 300.8724670410156 197.02871704101562 4.0937819480896 1.7332950830459595 1.707489013671875 -24.287723541259766 1.6806678771972656 52.280418395996094 -7.773495197296143 0.1521
Car 1 1 1 281.92376708984375 172.69407653808594 327.9214172363281 197.0977020263672 3.892843723297119 1.6770353317260742 1.6733906269073486 -21.75994110107422 1.6657445430755615 51.53913116455078 -7.863779544830322 0.1514
Car 1 1 1 371.2554016113281 182.13882446289062 417.02392578125 212.78028869628906 3.9329278469085693 1.5314416885375977 1.564655065536499 -11.731345176696777 2.0627918243408203 39.29948425292969 -4.781538486480713 0.1495
Car 1 1 1 573.564208984375 178.05905151367188 613.0728759765625 215.71038818359375 3.8632586002349854 1.5281580686569214 1.6350349187850952 -0.814082145690918 1.7713711261749268 31.792266845703125 -7.895766735076904 0.1467
Pedestrian 1 1 1 321.9686279296875 177.4518585205078 332.6816711425781 203.25003051757812 0.6946479678153992 1.7482264041900635 0.6285880208015442 -19.428138732910156 2.0662646293640137 49.506229400634766 -8.31066608428955 0.1444
Car 1 1 1 0.0 0.0 1241.0 374.0 3.9222264289855957 1.5422804355621338 1.6541286706924438 -3.4209322929382324 1.628856897354126 1.004546880722046 -7.8940815925598145 0.1431
Car 1 1 1 14.294757843017578 178.0182342529297 164.4658660888672 242.65603637695312 3.3764312267303467 1.5037866830825806 1.532394289970398 -13.414144515991211 1.6500285863876343 18.766950607299805 -4.738502502441406 0.1420
Car 1 1 1 1088.297119140625 172.18077087402344 1234.007080078125 221.2294921875 3.720839023590088 1.5244189500808716 1.698560118675232 18.435991287231445 1.50319504737854 24.41628074645996 -4.910355567932129 0.1415
Car 1 1 1 808.32177734375 170.61932373046875 844.8663940429688 191.10040283203125 4.093569278717041 1.7189557552337646 1.6529266834259033 18.737659454345703 1.5311003923416138 62.66644287109375 -7.937419414520264 0.1402
Car 1 1 1 891.6705322265625 168.98060607910156 931.252685546875 189.82293701171875 3.9989964962005615 1.6877918243408203 1.669664740562439 25.170047760009766 1.373827576637268 60.435787200927734 -7.8456807136535645 0.1402
Car 1 1 1 328.6748046875 185.37159729003906 368.2342224121094 213.7385711669922 4.025968074798584 1.5361524820327759 1.671809196472168 -15.601821899414062 2.3208000659942627 43.104530334472656 -4.918270587921143 0.1397
Car 1 1 1 0.0 185.1380157470703 0.0 374.0 3.952523946762085 1.528704285621643 1.6127604246139526 -5.680434226989746 1.6238106489181519 3.552274703979492 -4.820435523986816 0.1383
Car 1 1 1 358.3607482910156 182.401611328125 424.9929504394531 222.76937866210938 3.9524686336517334 1.4903830289840698 1.61795175075531 -8.90140438079834 1.9078422784805298 29.576871871948242 -4.735310077667236 0.1344
Car 1 1 1 0.0 0.0 1221.42138671875 374.0 3.818657159805298 1.542765498161316 1.6095041036605835 1.4015116691589355 1.5637333393096924 0.6801134347915649 -7.8821187019348145 0.1339
Car 1 1 1 866.60693359375 167.45201110839844 908.2664184570312 189.29661560058594 3.904480457305908 1.6792290210723877 1.6832516193389893 22.007801055908203 1.2636685371398926 57.45063400268555 -7.894759654998779 0.1321
Car 1 1 1 570.6808471679688 177.3715362548828 593.8035888671875 198.8889923095703 4.215241432189941 1.5098878145217896 1.6171125173568726 -2.1277027130126953 1.8592170476913452 53.68876647949219 -4.774590492248535 0.1306
Car 1 1 1 540.8377685546875 177.9720458984375 566.6726684570312 203.18157958984375 3.901685953140259 1.5483258962631226 1.614180564880371 -3.740065336227417 1.8968042135238647 47.15275573730469 -4.806150436401367 0.1304
Car 1 1 1 0.0 172.21908569335938 44.55183410644531 224.99061584472656 3.6587536334991455 1.5637047290802002 1.6587507724761963 -20.453561782836914 1.5445913076400757 23.262256622314453 -7.922613620758057 0.1298
Pedestrian 1 1 1 1204.3353271484375 162.30108642578125 1233.8431396484375 217.12570190429688 0.6031596064567566 1.7531768083572388 0.5755940079689026 19.768556594848633 1.4154168367385864 23.476903915405273 -6.839331150054932 0.1283
Car 1 1 1 616.4203491210938 175.8790283203125 646.6168823242188 195.21783447265625 4.025129795074463 1.5845177173614502 1.635321855545044 1.7854026556015015 1.8528542518615723 61.932861328125 -8.076532363891602 0.1277
Pedestrian 1 1 1 1030.5633544921875 160.84141540527344 1046.87841796875 199.60244750976562 0.4752318561077118 1.7964038848876953 0.5626091361045837 20.04522132873535 1.2393730878829956 33.80648422241211 -3.9432549476623535 0.1271
Pedestrian 1 1 1 145.18238830566406 164.73777770996094 173.97486877441406 227.375 0.7760931253433228 1.8025487661361694 0.5945627093315125 -13.317282676696777 1.5686835050582886 21.251495361328125 -8.585027694702148 0.1260
Pedestrian 1 1 1 0.0 158.83961486816406 22.986574172973633 243.40916442871094 0.7498314380645752 1.8365215063095093 0.5722811222076416 -13.632122039794922 1.5318835973739624 16.127704620361328 -2.4572901725769043 0.1260
Pedestrian 1 1 1 11.20550537109375 163.36048889160156 53.405025482177734 233.54591369628906 0.7138057351112366 1.802790641784668 0.5632759928703308 -15.245266914367676 1.558639407157898 18.984073638916016 -4.178186416625977 0.1255
Car 1 1 1 569.787353515625 178.43263244628906 614.0011596679688 221.3884735107422 3.8068532943725586 1.5169565677642822 1.5948554277420044 -0.7951030731201172 1.747584342956543 27.9265079498291 -7.904968738555908 0.1249
Pedestrian 1 1 1 926.8927612304688 168.7853546142578 943.1475830078125 196.72100830078125 0.8202932476997375 1.8012495040893555 0.5673868656158447 21.116714477539062 1.5386091470718384 46.95504379272461 -3.581503391265869 0.1245
Car 1 1 1 660.700439453125 177.78143310546875 696.8311767578125 210.67938232421875 3.733128547668457 1.5120949745178223 1.6138505935668945 3.3086113929748535 1.7682029008865356 35.64076232910156 -7.80237340927124 0.1244
Pedestrian 1 1 1 735.6656494140625 162.88600158691406 756.6163940429688 214.36326599121094 0.7015525698661804 1.7658668756484985 0.6260393261909485 4.687023162841797 1.4236263036727905 25.117219924926758 -7.804881572723389 0.1243
Car 1 1 1 166.7501983642578 0.0 1241.0 374.0 3.827641010284424 1.549428939819336 1.6528154611587524 -0.8634244799613953 1.5872645378112793 0.8653480410575867 -7.886097431182861 0.1238
Pedestrian 1 1 1 1098.7369384765625 160.0745086669922 1135.8709716796875 221.60147094726562 0.7730359435081482 1.7480077743530273 0.5603748559951782 14.65007495880127 1.3846368789672852 20.9107666015625 -6.6953558921813965 0.1235
Car 1 1 1 1241.0 163.08340454101562 1241.0 374.0 4.084744930267334 1.496078610420227 1.6061853170394897 5.8598737716674805 1.47369384765625 2.55596923828125 -3.0811240673065186 0.1228
Car 1 1 1 1139.295654296875 154.8204345703125 1241.0 223.24391174316406 3.499213457107544 1.536617398262024 1.5787681341171265 15.225493431091309 1.1313294172286987 17.968223571777344 -7.873023509979248 0.1209
Cyclist 1 1 1 954.7780151367188 154.48963928222656 1023.6013793945312 236.48199462890625 1.7287553548812866 1.6956062316894531 0.5069587826728821 8.21062183380127 1.31553053855896 15.800254821777344 -7.917954921722412 0.1208
Pedestrian 1 1 1 1105.84033203125 157.857421875 1126.8309326171875 202.64808654785156 0.6472553014755249 1.8100389242172241 0.6515040397644043 20.722238540649414 1.2037112712860107 29.601591110229492 -7.3276896476745605 0.1206
Cyclist 1 1 1 907.0131225585938 157.1587371826172 960.91162109375 231.24998474121094 1.6939083337783813 1.6635339260101318 0.5052990317344666 7.571201324462891 1.3108363151550293 17.048416137695312 -7.858509540557861 0.1205
Car 1 1 1 315.4259338378906 175.26654052734375 353.283935546875 198.91287231445312 3.8754708766937256 1.6503106355667114 1.647508978843689 -20.140798568725586 1.8332202434539795 52.78112030029297 -4.817049026489258 0.1191
Pedestrian 1 1 1 1035.126708984375 160.0288543701172 1061.2403564453125 215.36798095703125 0.6540936827659607 1.7437729835510254 0.6120897531509399 14.004523277282715 1.3393441438674927 23.152122497558594 -4.340018272399902 0.1189
Car 1 1 1 761.7080688476562 174.26132202148438 789.6084594726562 192.12376403808594 3.738095998764038 1.5251045227050781 1.5378543138504028 14.585716247558594 1.6528902053833008 63.786376953125 -4.732666969299316 0.1189
Pedestrian 1 1 1 1021.6290283203125 163.6908721923828 1038.323974609375 199.50540161132812 0.56758052110672 1.753970980644226 0.6114992499351501 20.736412048339844 1.3049182891845703 35.702674865722656 -7.530318737030029 0.1180
Car 1 1 1 222.36265563964844 176.4676055908203 275.5915222167969 193.9640350341797 4.2575531005859375 1.631747841835022 1.573278546333313 -34.22830581665039 1.9781653881072998 68.42692565917969 -3.1493983268737793 0.1164
Pedestrian 1 1 1 90.96614074707031 160.5293731689453 124.53721618652344 239.88369750976562 0.7326710820198059 1.7920770645141602 0.5656310319900513 -11.701945304870605 1.5134470462799072 16.751861572265625 -5.214205741882324 0.1164
Pedestrian 1 1 1 811.1207885742188 170.99925231933594 823.036865234375 197.71290588378906 0.7181174755096436 1.7979518175125122 0.6268333196640015 14.009012222290039 1.6728181838989258 48.9356803894043 -4.6670966148376465 0.1161
Cyclist 1 1 1 1014.8961181640625 153.6539306640625 1095.679931640625 243.36956787109375 1.742072343826294 1.694950819015503 0.5176101326942444 8.851749420166016 1.3319141864776611 14.508098602294922 -7.875736713409424 0.1159
Pedestrian 1 1 1 0.0 157.55410766601562 25.850778579711914 245.92686462402344 0.7467784881591797 1.83900785446167 0.5731318593025208 -12.997871398925781 1.5203220844268799 15.482439994812012 -5.483636856079102 0.1157
Pedestrian 1 1 1 1214.1680908203125 153.71493530273438 1241.0 234.9736328125 0.7224973440170288 1.7726056575775146 0.5675437450408936 14.007500648498535 1.3547993898391724 16.102266311645508 -3.3847193717956543 0.1148
Pedestrian 1 1 1 0.0 161.98544311523438 0.0 248.2962646484375 0.728901743888855 1.795107126235962 0.5784404873847961 -13.95394515991211 1.5687611103057861 15.470053672790527 -5.473059177398682 0.1147
Pedestrian 1 1 1 801.5653076171875 173.0396270751953 809.9012451171875 191.78671264648438 0.5464949011802673 1.7613201141357422 0.5467867851257324 18.464122772216797 1.7786400318145752 68.14421081542969 -8.18737506866455 0.1142
Pedestrian 1 1 1 43.01200866699219 158.97225952148438 76.53240203857422 243.1037139892578 0.7434259057044983 1.8244386911392212 0.5588403344154358 -12.340791702270508 1.523105502128601 16.111236572265625 -5.413572311401367 0.1135
Car 1 1 1 444.7335510253906 178.62142944335938 472.935302734375 199.34530639648438 4.073155879974365 1.6512202024459839 1.6881275177001953 -12.704655647277832 2.15278697013855 60.71487045288086 -4.756336212158203 0.1133
Car 1 1 1 209.0033721923828 181.2715606689453 274.49420166015625 218.57574462890625 4.052332401275635 1.4896141290664673 1.619706153869629 -16.244861602783203 1.8870240449905396 31.937477111816406 -4.930772304534912 0.1126
Pedestrian 1 1 1 161.99392700195312 162.6958465576172 188.01829528808594 231.26454162597656 0.7556758522987366 1.7915743589401245 0.5871304869651794 -11.696887969970703 1.5258606672286987 19.327247619628906 -5.248569488525391 0.1125
Car 1 1 1 685.3181762695312 177.2610626220703 760.6262817382812 237.82154846191406 3.7010128498077393 1.5180630683898926 1.584912657737732 3.018979072570801 1.652649998664856 20.220958709716797 -7.837796688079834 0.1121
Pedestrian 1 1 1 417.2442626953125 171.7418975830078 428.3124694824219 193.74273681640625 0.7548812031745911 1.8119419813156128 0.5817559361457825 -15.558196067810059 1.7200509309768677 59.86960983276367 -7.561530590057373 0.1119
Pedestrian 1 1 1 153.84718322753906 167.6603546142578 185.69198608398438 220.7230987548828 0.777599573135376 1.8335211277008057 0.5999276041984558 -15.553725242614746 1.6537607908248901 25.421789169311523 -4.124200344085693 0.1118
Pedestrian 1 1 1 170.32382202148438 162.8091278076172 197.04942321777344 224.40328979492188 0.8041054606437683 1.8268276453018188 0.579637885093689 -12.987393379211426 1.5286059379577637 21.89471435546875 -8.544415473937988 0.1115
Pedestrian 1 1 1 36.10752487182617 166.42071533203125 76.63072204589844 231.2719268798828 0.7589413523674011 1.809960961341858 0.568160891532898 -15.857054710388184 1.6301116943359375 20.608427047729492 -4.188077926635742 0.1114
Car 1 1 1 770.7088012695312 169.0578155517578 821.7111206054688 196.07420349121094 4.156597137451172 1.7666422128677368 1.6559486389160156 12.649868965148926 1.518104076385498 49.392784118652344 -8.078062057495117 0.1112
Pedestrian 1 1 1 0.0 164.80677795410156 34.47488784790039 230.04981994628906 0.6827554702758789 1.766516089439392 0.5473442673683167 -16.51012420654297 1.5483300685882568 19.934959411621094 -4.4613823890686035 0.1108
Pedestrian 1 1 1 1158.7371826171875 152.66224670410156 1186.8277587890625 204.21229553222656 0.6082313656806946 1.7901906967163086 0.6085089445114136 19.78828239440918 1.0886871814727783 25.439693450927734 -7.54268217086792 0.1101
Pedestrian 1 1 1 85.51752471923828 160.95298767089844 114.72227478027344 237.84518432617188 0.7393370270729065 1.803875207901001 0.565129816532135 -12.340960502624512 1.5243802070617676 17.392175674438477 -5.332518577575684 0.1098
Pedestrian 1 1 1 116.2094955444336 162.95631408691406 144.63201904296875 236.42364501953125 0.7346782088279724 1.7892954349517822 0.5819090604782104 -12.035669326782227 1.5479377508163452 18.039758682250977 -5.292463302612305 0.1097
Car 1 1 1 580.5070190429688 177.9070587158203 611.9470825195312 205.55128479003906 3.9114370346069336 1.521988034248352 1.611697793006897 -0.8045582175254822 1.832835078239441 42.44074249267578 -4.6693830490112305 0.1096
Pedestrian 1 1 1 188.9141845703125 166.37875366210938 210.4066619873047 220.82904052734375 0.7949650287628174 1.8097031116485596 0.6005469560623169 -13.956986427307129 1.5941928625106812 24.471664428710938 -8.32807445526123 0.1093
Pedestrian 1 1 1 18.570646286010742 161.00680541992188 63.72562789916992 243.85000610351562 0.7160765528678894 1.8348772525787354 0.5456905961036682 -13.00286865234375 1.5721763372421265 16.43056869506836 -4.002530574798584 0.1091
Car 1 1 1 1226.5816650390625 164.06170654296875 1241.0 309.57763671875 3.9674580097198486 1.495182752609253 1.5964218378067017 9.660757064819336 1.4045416116714478 8.305219650268555 -6.330626010894775 0.1090
Car 1 1 1 919.5848999023438 163.3501434326172 973.5680541992188 190.82215881347656 4.075751781463623 1.9037972688674927 1.6728721857070923 24.2076473236084 1.2448842525482178 52.11589431762695 -7.957942485809326 0.1085
Car 1 1 1 189.16419982910156 182.27420043945312 263.68841552734375 213.4338836669922 3.9090166091918945 1.5013431310653687 1.6870406866073608 -20.126140594482422 2.0228633880615234 37.97092056274414 -4.657684326171875 0.1081
Car 1 1 1 952.2291259765625 178.3437042236328 1032.1259765625 210.9793701171875 3.9605610370635986 1.4372371435165405 1.6818907260894775 18.088054656982422 1.7140485048294067 34.43337631225586 -4.722471237182617 0.1081
Car 1 1 1 907.1453247070312 170.13897705078125 946.6820678710938 189.0109405517578 3.834648609161377 1.5480681657791138 1.5694135427474976 26.771921157836914 1.3250545263290405 61.127952575683594 -7.8841938972473145 0.1080
Pedestrian 1 1 1 203.16783142089844 170.7298583984375 229.16082763671875 216.04208374023438 0.6717202067375183 1.7924962043762207 0.6400547623634338 -15.863463401794434 1.7081680297851562 28.98681640625 -4.2477707862854 0.1079
Car 1 1 1 615.4580688476562 178.0542449951172 653.3802490234375 211.13418579101562 3.836148500442505 1.5084038972854614 1.6411819458007812 1.1092578172683716 1.7775397300720215 35.447357177734375 -4.7362494468688965 0.1076
Pedestrian 1 1 1 1015.2327270507812 160.593505859375 1041.8758544921875 215.5772247314453 0.6580047607421875 1.7337594032287598 0.6068986058235168 13.376718521118164 1.3468586206436157 23.1555118560791 -4.413254737854004 0.1076
Pedestrian 1 1 1 0.0 162.77696228027344 33.91094207763672 242.30580139160156 0.7035102248191833 1.797410488128662 0.5375774502754211 -13.964390754699707 1.5693620443344116 16.7474308013916 -4.167272090911865 0.1072
Car 1 1 1 235.7040252685547 182.30978393554688 330.6610107421875 231.20669555664062 3.809296131134033 1.4995094537734985 1.5360997915267944 -11.140589714050293 1.8487662076950073 24.768678665161133 -4.712237358093262 0.1071
Pedestrian 1 1 1 64.13536071777344 164.5585479736328 103.09708404541016 230.5124053955078 0.7197279334068298 1.7841200828552246 0.5494325757026672 -14.613966941833496 1.5594196319580078 19.96933364868164 -4.148193836212158 0.1069
Car 1 1 1 511.3406066894531 179.93356323242188 538.7655029296875 201.7689971923828 3.9274864196777344 1.5230013132095337 1.5892548561096191 -6.298701286315918 2.067596435546875 53.56832504272461 -4.715904712677002 0.1068
Car 1 1 1 624.7789916992188 175.85496520996094 689.1220703125 229.26220703125 3.774770975112915 1.556077480316162 1.5913676023483276 1.3781487941741943 1.6602027416229248 23.17378807067871 -7.916924953460693 0.1066
Pedestrian 1 1 1 139.3360595703125 165.35379028320312 164.1056365966797 225.9120330810547 0.7941964268684387 1.7966333627700806 0.5888500213623047 -13.961478233337402 1.5738184452056885 21.90077781677246 -8.478614807128906 0.1063
Car 1 1 1 0.0 172.0957489013672 0.0 231.70143127441406 4.039525985717773 1.5067873001098633 1.6283752918243408 -19.415170669555664 1.4873194694519043 19.23198699951172 -3.231396198272705 0.1061
Pedestrian 1 1 1 1163.7830810546875 150.85850524902344 1201.6358642578125 226.2550506591797 0.647628903388977 1.809558391571045 0.5320674777030945 14.00514030456543 1.2813546657562256 17.711402893066406 -3.6776185035705566 0.1056
Cyclist 1 1 1 981.804931640625 155.68093872070312 1048.7305908203125 231.85287475585938 1.7412604093551636 1.711327314376831 0.521763265132904 9.5106782913208 1.3252062797546387 17.095338821411133 -7.914498805999756 0.1056
Pedestrian 1 1 1 167.00518798828125 166.55337524414062 201.8006591796875 225.39463806152344 0.7825652360916138 1.7978367805480957 0.5611822605133057 -13.332600593566895 1.605027437210083 22.52712631225586 -7.2002692222595215 0.1055
Car 1 1 1 814.6648559570312 169.52932739257812 854.4382934570312 195.35870361328125 3.8351240158081055 1.692900538444519 1.691362977027893 15.24084758758545 1.4746955633163452 49.24899673461914 -7.80294942855835 0.1044
Pedestrian 1 1 1 985.7691650390625 163.65985107421875 1005.046142578125 200.4545135498047 0.6332358717918396 1.8171833753585815 0.6764993667602539 19.183860778808594 1.3628109693527222 35.999244689941406 -4.5591020584106445 0.1044
Car 1 1 1 1005.7991333007812 169.7985382080078 1151.902587890625 229.25234985351562 3.6037631034851074 1.5149937868118286 1.5441278219223022 12.932653427124023 1.4368351697921753 20.24852180480957 -4.7997918128967285 0.1044
Car 1 1 1 1241.0 157.66867065429688 1241.0 359.078125 3.9660661220550537 1.50413978099823 1.585984468460083 8.46962833404541 1.3904348611831665 6.352578163146973 -6.371121406555176 0.1039
Car 1 1 1 373.2063903808594 183.3977813720703 416.14306640625 209.0113983154297 3.9754374027252197 1.5397210121154785 1.6490577459335327 -14.00403881072998 2.2555899620056152 47.0133056640625 -4.722498893737793 0.1039
Car 1 1 1 471.9753723144531 179.198974609375 546.3546752929688 239.7458038330078 3.8707501888275146 1.4985390901565552 1.5901473760604858 -2.774041175842285 1.6930714845657349 20.21084213256836 -7.866349697113037 0.1037
Pedestrian 1 1 1 180.4990997314453 166.9644012451172 202.7667999267578 219.72215270996094 0.7851456999778748 1.8007632493972778 0.5923087000846863 -14.59736442565918 1.5994356870651245 25.10736083984375 -8.275144577026367 0.1037
Car 1 1 1 675.3604736328125 176.1854248046875 697.7175903320312 195.94146728515625 4.00200080871582 1.5513947010040283 1.6396820545196533 6.242987632751465 1.8347750902175903 59.39578628540039 -7.795746326446533 0.1032
Car 1 1 1 736.4456787109375 174.84902954101562 771.809814453125 194.9554443359375 4.204803943634033 1.5283949375152588 1.6499136686325073 11.397598266601562 1.6929084062576294 57.44297409057617 -7.939829349517822 0.1030
Pedestrian 1 1 1 658.7235107421875 171.71128845214844 665.8015747070312 192.4238739013672 0.922888457775116 1.850661277770996 0.5173588991165161 4.68566370010376 1.7482596635818481 64.97378540039062 -4.505880832672119 0.1030
Pedestrian 1 1 1 989.2748413085938 157.1216583251953 1029.81298828125 224.06655883789062 0.8283072710037231 1.7220553159713745 0.5646989941596985 10.459148406982422 1.3170650005340576 18.999114990234375 -7.947289943695068 0.1029
Pedestrian 1 1 1 143.11793518066406 165.82943725585938 178.02276611328125 224.5435333251953 0.7773417234420776 1.8200299739837646 0.5776601433753967 -14.277758598327637 1.601981282234192 22.850540161132812 -4.087996482849121 0.1026
Pedestrian 1 1 1 64.1330337524414 174.66229248046875 87.13062286376953 226.42124938964844 0.5189418196678162 1.8178699016571045 0.5739849805831909 -19.115066528320312 1.883052110671997 25.74838638305664 -7.206016540527344 0.1025
Car 1 1 1 1211.0374755859375 172.18011474609375 1241.0 374.0 4.074034690856934 1.4821736812591553 1.603675127029419 6.218953609466553 1.4787025451660156 4.461742877960205 -6.416910648345947 0.1024
Pedestrian 1 1 1 48.72051239013672 158.24595642089844 83.56299591064453 245.64964294433594 0.7378321290016174 1.8173718452453613 0.5629115700721741 -11.699170112609863 1.513329029083252 15.466205596923828 -5.311420917510986 0.1023
Pedestrian 1 1 1 196.87771606445312 166.32501220703125 218.75994873046875 221.75 0.7811353206634521 1.7920385599136353 0.5835273861885071 -13.324862480163574 1.5806386470794678 23.815523147583008 -8.424330711364746 0.1021
Car 1 1 1 547.0177612304688 177.720458984375 571.5038452148438 199.50241088867188 4.175321578979492 1.5092623233795166 1.6490720510482788 -3.7247273921966553 1.8810533285140991 53.05451202392578 -4.746517658233643 0.1021
Car 1 1 1 505.8971862792969 179.97642517089844 526.2439575195312 197.56561279296875 3.9476912021636963 1.5776100158691406 1.5917625427246094 -8.890069961547852 2.271846055984497 68.35152435302734 -4.7587890625 0.1013
Pedestrian 1 1 1 114.47946166992188 164.19581604003906 144.94064331054688 228.53001403808594 0.7742078900337219 1.822535753250122 0.5805325508117676 -13.974641799926758 1.5769566297531128 20.917997360229492 -2.377408981323242 0.1011
Pedestrian 1 1 1 911.939697265625 159.9130859375 937.0922241210938 224.5703887939453 0.7051598429679871 1.7206966876983643 0.5832003951072693 8.517906188964844 1.376006007194519 19.649024963378906 -4.235832214355469 0.1010
Car 1 1 1 436.0810241699219 183.91171264648438 454.6443786621094 201.6453094482422 3.8319270610809326 1.5324947834014893 1.6328543424606323 -15.296445846557617 2.589749574661255 66.95836639404297 -4.935752868652344 0.1010
Pedestrian 1 1 1 168.73316955566406 180.0382537841797 184.3148193359375 220.67044067382812 0.42940497398376465 1.7876983880996704 0.5662627816200256 -19.389694213867188 2.1114203929901123 32.20393753051758 -5.326508522033691 0.1003
Pedestrian 1 1 1 182.85665893554688 167.9563446044922 213.6448974609375 219.8845672607422 0.7871930599212646 1.83998441696167 0.5879353284835815 -14.912457466125488 1.6661450862884521 26.057138442993164 -4.117270469665527 0.1001
Pedestrian 1 1 1 684.8155517578125 170.17271423339844 698.7312622070312 199.93194580078125 0.8343192338943481 1.810280442237854 0.6260684728622437 4.9994072914123535 1.646875023841858 44.4007568359375 -7.430403232574463 0.1001
Car 1 1 1 395.3448791503906 171.9992218017578 424.7572937011719 192.79701232910156 4.024262428283691 1.7022403478622437 1.712506890296936 -16.924436569213867 1.631977915763855 61.137176513671875 -7.944639682769775 0.1000
Pedestrian 1 1 1 129.20135498046875 167.22532653808594 162.9678192138672 222.814208984375 0.7764068245887756 1.8219329118728638 0.5891643166542053 -15.560903549194336 1.6371526718139648 24.13447380065918 -4.137681484222412 0.1000
