Car 1 1 1 0.0 178.49862670898438 113.58069610595703 224.88433837890625 3.850156545639038 1.6354703903198242 1.6742327213287354 -21.33260154724121 1.8684327602386475 27.866085052490234 -7.886388301849365 0.8243
Car 1 1 1 575.499755859375 175.6221466064453 634.4617309570312 232.2496337890625 4.156804084777832 1.5600188970565796 1.645660638809204 -0.28519144654273987 1.6529955863952637 22.198728561401367 -7.900620937347412 0.8213
Car 1 1 1 131.7216339111328 180.76217651367188 205.75466918945312 214.48779296875 3.629575729370117 1.51809561252594 1.5649088621139526 -21.47796058654785 1.9240738153457642 35.20955276489258 -7.914880275726318 0.8165
Car 1 1 1 144.78297424316406 175.80831909179688 211.391845703125 203.0919189453125 3.5858564376831055 1.6141197681427002 1.7480548620224 -26.877849578857422 1.8056553602218628 44.97306442260742 -7.742088794708252 0.5239
Cyclist 1 1 1 756.859619140625 173.27435302734375 772.4038696289062 201.2020721435547 1.7011773586273193 1.6942373514175415 0.45762521028518677 9.528474807739258 1.7204636335372925 44.665809631347656 -7.9428486824035645 0.4732
Pedestrian 1 1 1 861.6102905273438 166.191162109375 878.6489868164062 206.18203735351562 0.501313328742981 1.741317868232727 0.550067663192749 11.417778968811035 1.4508988857269287 31.789093017578125 -3.948483467102051 0.3963
Cyclist 1 1 1 800.0245971679688 177.60557556152344 838.2514038085938 213.7179718017578 1.7300455570220947 1.793234944343567 0.6517837643623352 10.485352516174316 2.0348570346832275 36.3356819152832 -6.371341705322266 0.2941
Cyclist 1 1 1 634.5968017578125 174.421142578125 641.6953125 201.21726989746094 1.6821938753128052 1.6947110891342163 0.44964760541915894 1.7825807332992554 1.7974282503128052 46.58185958862305 -7.81526517868042 0.2547
Pedestrian 1 1 1 376.9254455566406 175.3517303466797 390.578125 200.09719848632812 0.7419587969779968 1.7896679639816284 0.599868655204773 -16.571460723876953 1.973644495010376 52.756771087646484 -7.211439609527588 0.2475
Pedestrian 1 1 1 1044.15478515625 149.22947692871094 1089.0291748046875 223.46279907226562 0.7999221086502075 1.7794321775436401 0.6188181638717651 11.1439847946167 1.2128335237503052 17.712087631225586 -7.7993855476379395 0.2351
Car 1 1 1 755.0692138671875 177.46600341796875 797.3463134765625 203.76571655273438 3.9042248725891113 1.6205339431762695 1.6401399374008179 10.775019645690918 1.9344775676727295 47.162174224853516 -4.776757717132568 0.2317
Cyclist 1 1 1 104.90065002441406 173.96774291992188 138.8271484375 211.81834411621094 1.6881152391433716 1.7040002346038818 0.442809134721756 -22.60357093811035 1.7565298080444336 33.379085540771484 -7.864253520965576 0.2278
Pedestrian 1 1 1 1134.5771484375 125.94927978515625 1204.5030517578125 282.19818115234375 0.6683584451675415 1.782630205154419 0.5924890041351318 6.646419048309326 1.247198224067688 8.671487808227539 -4.165092945098877 0.2276
Car 1 1 1 203.5426483154297 177.89942932128906 235.36077880859375 198.3934783935547 3.8559136390686035 1.542563796043396 1.6037158966064453 -31.060224533081055 1.9583370685577393 57.41854476928711 -8.181220054626465 0.2163
Pedestrian 1 1 1 934.1143798828125 153.8870391845703 963.6637573242188 217.42135620117188 0.6885992288589478 1.7517849206924438 0.6257352828979492 9.477334976196289 1.2285230159759521 20.30219078063965 -7.618625164031982 0.2130
Car 1 1 1 214.04251098632812 171.19041442871094 290.6216735839844 210.3651123046875 3.934450387954712 1.7214516401290894 1.672326683998108 -16.63457489013672 1.6480485200881958 33.685543060302734 -7.868373394012451 0.1981
Car 1 1 1 579.657470703125 176.68116760253906 603.202880859375 197.50381469726562 4.039730072021484 1.5192793607711792 1.618782877922058 -1.4880759716033936 1.8242583274841309 55.481101989746094 -7.926886081695557 0.1935
Pedestrian 1 1 1 1216.5672607421875 161.2035369873047 1236.3798828125 207.5896453857422 0.4072631001472473 1.7386842966079712 0.532642662525177 23.329971313476562 1.3016917705535889 27.364370346069336 -4.106327533721924 0.1929
Cyclist 1 1 1 536.5216064453125 162.4234161376953 557.4498901367188 200.20350646972656 1.5968995094299316 1.7449312210083008 0.5871198177337646 -3.014281749725342 1.262878656387329 34.1634521484375 -4.532206058502197 0.1912
Car 1 1 1 243.2837677001953 174.8732147216797 284.34710693359375 196.86346435546875 4.009134292602539 1.673089861869812 1.6720237731933594 -27.4860782623291 1.8391058444976807 57.354637145996094 -4.8097920417785645 0.1911
Car 1 1 1 424.63336181640625 179.21319580078125 445.3662109375 196.40914916992188 3.7159385681152344 1.5489675998687744 1.6241039037704468 -16.584009170532227 2.168884754180908 68.40921020507812 -4.871236324310303 0.1734
Car 1 1 1 571.575927734375 178.5686798095703 606.3165893554688 210.74588012695312 3.8547141551971436 1.5013562440872192 1.652843713760376 -1.1454474925994873 1.8044230937957764 36.33440399169922 -7.907551288604736 0.1708
Pedestrian 1 1 1 859.0733032226562 166.06948852539062 878.2354736328125 207.18055725097656 0.5693986415863037 1.7576179504394531 0.5766023397445679 11.159703254699707 1.4672603607177734 31.25222396850586 -3.8578882217407227 0.1694
Cyclist 1 1 1 126.08442687988281 176.28433227539062 154.17715454101562 210.76797485351562 1.7251906394958496 1.701444149017334 0.506127119064331 -23.899938583374023 1.8796888589859009 36.66656494140625 -7.987880229949951 0.1680
Pedestrian 1 1 1 99.8611831665039 163.8250732421875 136.50840759277344 237.86361694335938 0.7682203650474548 1.8023253679275513 0.5787769556045532 -12.344688415527344 1.5822339057922363 18.03453826904297 -2.429131507873535 0.1665
Car 1 1 1 0.0 0.0 1241.0 374.0 3.7915737628936768 1.5262147188186646 1.6272610425949097 3.024179458618164 1.5512586832046509 0.9391005635261536 -7.881385326385498 0.1658
Pedestrian 1 1 1 1133.4537353515625 160.40756225585938 1155.1243896484375 206.58218383789062 0.7065847516059875 1.7413814067840576 0.5969402194023132 20.435115814208984 1.2716892957687378 27.667253494262695 -7.321047306060791 0.1625
Car 1 1 1 0.0 0.0 1241.0 374.0 3.8861806392669678 1.538821816444397 1.6461960077285767 -3.424954652786255 1.6230566501617432 0.935984194278717 -7.904970645904541 0.1624
Car 1 1 1 643.7549438476562 176.52098083496094 665.884521484375 194.3105926513672 3.9052927494049072 1.5348790884017944 1.549167513847351 3.9900219440460205 1.875376582145691 65.06621551513672 -7.907581806182861 0.1616
Car 1 1 1 181.5024871826172 176.1128387451172 237.3987579345703 203.09402465820312 3.603048324584961 1.599389910697937 1.7055208683013916 -24.988805770874023 1.811105489730835 45.0815315246582 -7.92952299118042 0.1603
Car 1 1 1 259.9013977050781 180.1989288330078 306.2691650390625 204.11598205566406 3.863924264907837 1.580440640449524 1.663028597831726 -23.00931739807129 2.1178481578826904 50.855018615722656 -4.75734281539917 0.1584
Cyclist 1 1 1 107.3392333984375 173.22976684570312 157.00772094726562 215.0580291748047 1.7598646879196167 1.8422006368637085 0.6245315074920654 -21.340524673461914 1.8588669300079346 32.18147277832031 -3.2390241622924805 0.1583
Car 1 1 1 227.8369903564453 177.11737060546875 258.991943359375 194.21444702148438 3.853997230529785 1.539489984512329 1.615787148475647 -34.5421028137207 1.9532661437988281 68.03433227539062 -8.043048858642578 0.1547
Car 1 1 1 285.4604797363281 182.11122131347656 323.9945373535156 208.4327850341797 3.8640236854553223 1.5500285625457764 1.5893988609313965 -19.439258575439453 2.166250467300415 45.99570083618164 -4.930047512054443 0.1536
Pedestrian 1 1 1 890.7604370117188 158.3313446044922 922.2717895507812 224.1265106201172 0.7301396131515503 1.7192517518997192 0.6003137230873108 7.894054889678955 1.3394695520401 19.32662010192871 -7.1801629066467285 0.1524
Pedestrian 1 1 1 1209.9996337890625 150.22862243652344 1241.0 214.4499053955078 0.6957897543907166 1.7921074628829956 0.5697872042655945 17.517929077148438 1.1604419946670532 20.574758529663086 -7.3743414878845215 0.1511
Car 1 1 1 612.9232788085938 177.85081481933594 634.1190185546875 197.3382110595703 4.001710414886475 1.5045362710952759 1.6538628339767456 1.1041138172149658 1.9253506660461426 58.77845001220703 -7.816453456878662 0.1506
Pedestrian 1 1 1 762.603271484375 165.96060180664062 774.38330078125 192.5979766845703 0.8881619572639465 1.8447401523590088 0.5662978291511536 11.062495231628418 1.3670456409454346 50.49531555175781 -7.334789276123047 0.1487
Car 1 1 1 0.0 181.26290893554688 104.70561218261719 239.9661407470703 3.5406134128570557 1.5088688135147095 1.6010528802871704 -16.628881454467773 1.7732393741607666 20.889041900634766 -4.781445503234863 0.1479
Car 1 1 1 495.14056396484375 177.66366577148438 541.1900634765625 211.9388427734375 3.9507057666778564 1.5119901895523071 1.6301335096359253 -4.353907585144043 1.7540967464447021 34.37651443481445 -4.695372104644775 0.1464
Pedestrian 1 1 1 1155.03857421875 156.88714599609375 1175.3717041015625 205.373779296875 0.5900646448135376 1.7881910800933838 0.5613023638725281 20.73308563232422 1.1990320682525635 27.011154174804688 -7.271175861358643 0.1461
Car 1 1 1 325.9953918457031 178.701904296875 362.04217529296875 198.16256713867188 3.886544704437256 1.5305536985397339 1.5851801633834839 -22.04629135131836 2.031270980834961 59.86845779418945 -4.71980619430542 0.1451
Car 1 1 1 435.28143310546875 177.453857421875 477.6073303222656 212.4815673828125 3.9937736988067627 1.534650444984436 1.6343364715576172 -7.26755428314209 1.765929102897644 34.242515563964844 -4.837161064147949 0.1447
Car 1 1 1 0.0 0.0 1241.0 374.0 3.807302951812744 1.5415841341018677 1.6090596914291382 1.4064445495605469 1.5634347200393677 0.662066638469696 -7.857340335845947 0.1435
Pedestrian 1 1 1 635.2600708007812 176.7476043701172 661.747314453125 221.2203369140625 0.8548893332481384 1.7299991846084595 0.6159278154373169 1.4811640977859497 1.8866772651672363 28.620189666748047 -6.760575771331787 0.1429
Pedestrian 1 1 1 0.0 171.2831268310547 20.721948623657227 219.0806884765625 0.6244347095489502 1.7857837677001953 0.6036581993103027 -22.93119239807129 1.7267935276031494 27.353910446166992 -4.365386486053467 0.1414
Pedestrian 1 1 1 46.08106231689453 162.36517333984375 88.67459869384766 237.11083984375 0.7502588629722595 1.8257976770401 0.5775979161262512 -13.62337589263916 1.569289207458496 18.050880432128906 -2.678201198577881 0.1412
Cyclist 1 1 1 740.5433349609375 173.375244140625 754.0993041992188 201.1732635498047 1.7178677320480347 1.7025907039642334 0.44783496856689453 8.53954029083252 1.735493540763855 45.09375 -7.89818811416626 0.1404
Car 1 1 1 298.2406311035156 180.24298095703125 356.904541015625 213.99948120117188 3.7410013675689697 1.4761897325515747 1.5896196365356445 -13.398767471313477 1.8471544981002808 34.3258056640625 -4.792912006378174 0.1402
Car 1 1 1 71.96241760253906 181.44027709960938 148.5625 214.7686004638672 3.887302875518799 1.5245929956436157 1.6213010549545288 -24.938499450683594 1.97829270362854 36.10587692260742 -4.86726713180542 0.1392
Pedestrian 1 1 1 1233.1658935546875 158.9261016845703 1241.0 204.800537109375 0.5610212683677673 1.776770830154419 0.6231521368026733 24.923824310302734 1.2370268106460571 28.328168869018555 -4.298336505889893 0.1373
Car 1 1 1 629.8748779296875 176.79437255859375 699.8767700195312 202.46852111816406 3.9337656497955322 1.5050309896469116 1.6436420679092407 3.2968928813934326 1.7521040439605713 43.996856689453125 -6.54369592666626 0.1372
Car 1 1 1 359.2237854003906 176.87767028808594 390.3004150390625 198.71861267089844 4.031102180480957 1.5683810710906982 1.624585509300232 -17.82002067565918 1.8849806785583496 54.71043395996094 -8.010021209716797 0.1371
Cyclist 1 1 1 984.76953125 153.58438110351562 1062.56494140625 243.10365295410156 1.7429850101470947 1.690294861793518 0.5124551057815552 8.215648651123047 1.3261477947235107 14.50413703918457 -7.889877796173096 0.1371
Car 1 1 1 592.12744140625 178.43417358398438 622.0909423828125 206.06520080566406 3.936433792114258 1.5045632123947144 1.6328295469284058 -0.1646510809659958 1.8450864553451538 42.081092834472656 -4.686471462249756 0.1370
Pedestrian 1 1 1 804.6405029296875 164.0431365966797 820.1578979492188 205.03421020507812 0.7373786568641663 1.7825250625610352 0.6105588674545288 8.887505531311035 1.3990784883499146 31.826217651367188 -4.370828628540039 0.1369
Pedestrian 1 1 1 91.0419921875 162.38124084472656 130.3611602783203 234.69691467285156 0.7577388286590576 1.8270782232284546 0.5838850140571594 -12.974425315856934 1.562180995941162 18.677906036376953 -2.5850119590759277 0.1365
Car 1 1 1 574.9893188476562 176.77894592285156 600.6707763671875 201.45277404785156 3.947512626647949 1.5369359254837036 1.6221752166748047 -1.4761227369308472 1.806217074394226 47.56810760498047 -4.733242511749268 0.1365
Pedestrian 1 1 1 802.0921630859375 169.01254272460938 815.42578125 194.46578979492188 0.7501332759857178 1.7775170803070068 0.6173533201217651 13.982817649841309 1.508949875831604 50.87190628051758 -7.0712151527404785 0.1359
Car 1 1 1 249.51499938964844 180.32080078125 296.3305969238281 206.53086853027344 3.901279926300049 1.5497987270355225 1.6403334140777588 -21.400829315185547 2.045468807220459 45.87910842895508 -4.855798721313477 0.1343
Car 1 1 1 659.27392578125 175.74990844726562 687.016357421875 192.46133422851562 3.8976476192474365 1.520804762840271 1.5753178596496582 5.935993194580078 1.8035098314285278 68.44606018066406 -4.913712024688721 0.1340
Pedestrian 1 1 1 3.318105697631836 159.8037567138672 44.21809005737305 248.90228271484375 0.7430291771888733 1.8122304677963257 0.5616227984428406 -12.349851608276367 1.546493411064148 15.133633613586426 -2.402172565460205 0.1324
Car 1 1 1 341.2665710449219 181.00196838378906 403.8299865722656 220.9338836669922 3.980778932571411 1.4954299926757812 1.6224899291992188 -9.800622940063477 1.856221079826355 29.918556213378906 -4.806213855743408 0.1313
Pedestrian 1 1 1 1141.9654541015625 153.078857421875 1186.71923828125 225.14004516601562 0.7583388686180115 1.7905800342559814 0.5973151326179504 14.026640892028809 1.2989063262939453 18.340166091918945 -4.595712184906006 0.1313
Car 1 1 1 508.3247985839844 178.40328979492188 532.4735107421875 196.07150268554688 4.009467124938965 1.4805774688720703 1.586957335472107 -7.905777931213379 1.986034870147705 63.74523162841797 -7.8405442237854 0.1300
Car 1 1 1 540.3199462890625 178.2071990966797 560.9703979492188 196.65188598632812 4.009331226348877 1.5464072227478027 1.6186132431030273 -5.298661231994629 2.0350074768066406 63.80323028564453 -7.986222743988037 0.1298
Pedestrian 1 1 1 1196.8619384765625 159.30859375 1219.8582763671875 207.41351318359375 0.44247397780418396 1.7803477048873901 0.5434828996658325 22.34317970275879 1.2787368297576904 27.003555297851562 -4.3697710037231445 0.1294
Pedestrian 1 1 1 831.6670532226562 162.34938049316406 857.2652587890625 212.63662719726562 0.6658114790916443 1.7406659126281738 0.5969652533531189 8.213013648986816 1.3767544031143188 25.41863250732422 -6.987088680267334 0.1283
Pedestrian 1 1 1 62.95847702026367 159.96737670898438 98.86797332763672 239.7568359375 0.7417547106742859 1.801093578338623 0.5707359313964844 -12.337217330932617 1.509903073310852 16.75178337097168 -5.490614891052246 0.1276
Pedestrian 1 1 1 201.25973510742188 174.38343811035156 219.12635803222656 203.78042602539062 0.7227242588996887 1.740402102470398 0.6229257583618164 -23.949607849121094 1.8324552774429321 43.164512634277344 -7.699909687042236 0.1267
Pedestrian 1 1 1 1194.8843994140625 136.68824768066406 1241.0 291.2601013183594 0.6926364898681641 1.7057991027832031 0.5692512392997742 7.195495128631592 1.3063870668411255 8.403010368347168 -4.21236515045166 0.1259
Car 1 1 1 0.0 187.71534729003906 0.0 374.0 3.9131381511688232 1.542694330215454 1.6183878183364868 -5.33636474609375 1.6268550157546997 2.113710641860962 -7.893430233001709 0.1259
Pedestrian 1 1 1 1187.0706787109375 158.19532775878906 1209.874267578125 207.13418579101562 0.5861076712608337 1.784766435623169 0.5582935214042664 21.728485107421875 1.2498748302459717 26.70553970336914 -4.207127571105957 0.1258
Car 1 1 1 411.43975830078125 181.40625 453.07916259765625 211.64434814453125 3.9339845180511475 1.5409539937973022 1.6272224187850952 -9.818262100219727 2.0380752086639404 39.94113540649414 -4.791906356811523 0.1255
Pedestrian 1 1 1 909.9219360351562 163.48265075683594 927.8352661132812 206.54368591308594 0.7466751337051392 1.7943263053894043 0.6502039432525635 13.03506851196289 1.4035285711288452 30.546066284179688 -4.242857456207275 0.1246
Car 1 1 1 599.9197387695312 175.92747497558594 636.629150390625 201.7193603515625 3.886615753173828 1.5919010639190674 1.6187676191329956 0.46221923828125 1.80098557472229 47.090946197509766 -4.910959243774414 0.1242
Car 1 1 1 1145.082763671875 157.51251220703125 1241.0 206.43353271484375 3.5825841426849365 1.5329639911651611 1.6281356811523438 20.331228256225586 1.0519310235977173 24.46363639831543 -4.797336578369141 0.1240
Car 1 1 1 567.2193603515625 178.2515869140625 605.8855590820312 215.09017944335938 3.8783206939697266 1.5249454975128174 1.6306648254394531 -1.1469229459762573 1.7821166515350342 32.4339599609375 -7.913491725921631 0.1239
Pedestrian 1 1 1 129.3592071533203 163.4811553955078 163.92782592773438 235.2139892578125 0.7662675976753235 1.8083486557006836 0.5882647633552551 -12.039485931396484 1.5717639923095703 18.666881561279297 -2.3798630237579346 0.1237
Pedestrian 1 1 1 1006.8199462890625 158.44857788085938 1034.4129638671875 211.29063415527344 0.7051556706428528 1.7376775741577148 0.6148583292961121 13.679715156555176 1.2636642456054688 24.135122299194336 -7.648827075958252 0.1234
Cyclist 1 1 1 962.5677490234375 156.7833251953125 1027.164794921875 233.47988891601562 1.7450287342071533 1.6879830360412598 0.5089144110679626 8.850508689880371 1.333990216255188 16.762348175048828 -7.8954997062683105 0.1226
Pedestrian 1 1 1 915.3961181640625 158.9805908203125 942.0693359375 226.85389709472656 0.7590126991271973 1.7129004001617432 0.5892488956451416 8.187270164489746 1.362480878829956 18.668230056762695 -7.493941307067871 0.1217
Pedestrian 1 1 1 1046.1600341796875 157.9712677001953 1079.32373046875 216.65977478027344 0.75855952501297 1.7457951307296753 0.6148735284805298 13.677861213684082 1.3027814626693726 21.8919620513916 -4.53096342086792 0.1217
Pedestrian 1 1 1 1223.497314453125 149.36541748046875 1241.0 233.5087890625 0.7496289014816284 1.7910422086715698 0.6019945740699768 14.009244918823242 1.290773868560791 15.79753303527832 -4.970183372497559 0.1216
Pedestrian 1 1 1 242.57565307617188 174.05999755859375 257.2172546386719 201.333740234375 0.8258312344551086 1.818532943725586 0.6048087477684021 -24.271869659423828 1.9001418352127075 48.5770263671875 -7.909611225128174 0.1215
Car 1 1 1 791.8135375976562 180.05267333984375 877.1548461914062 210.1610870361328 4.026954650878906 1.5002208948135376 1.5949102640151978 11.708515167236328 1.8897498846054077 37.8139533996582 -3.385127067565918 0.1213
Pedestrian 1 1 1 25.943130493164062 162.8045196533203 69.43294525146484 240.21922302246094 0.752663254737854 1.8220278024673462 0.5765745639801025 -13.621737480163574 1.585204005241394 17.415578842163086 -2.6411221027374268 0.1212
Pedestrian 1 1 1 0.0 164.3029327392578 26.9157657623291 242.3382568359375 0.7639487385749817 1.8312549591064453 0.5900460481643677 -14.604379653930664 1.6302872896194458 17.394792556762695 -2.518627166748047 0.1209
Cyclist 1 1 1 931.1928100585938 157.5683135986328 991.0668334960938 233.16360473632812 1.7481123208999634 1.6940467357635498 0.5125375986099243 8.210367202758789 1.3512036800384521 17.051586151123047 -7.8883280754089355 0.1201
Pedestrian 1 1 1 196.98377990722656 177.81866455078125 216.57211303710938 207.94679260253906 0.7764441967010498 1.7330058813095093 0.6284971237182617 -23.579587936401367 2.025888681411743 42.134918212890625 -7.48952054977417 0.1199
Pedestrian 1 1 1 183.20330810546875 171.09841918945312 199.9470672607422 202.64111328125 0.7780513763427734 1.782310128211975 0.6026875972747803 -23.92884063720703 1.6828116178512573 41.20819091796875 -8.039430618286133 0.1181
Car 1 1 1 0.0 0.0 1241.0 374.0 3.8824124336242676 1.5295711755752563 1.6153725385665894 4.614473342895508 1.5255520343780518 1.304452657699585 -7.892554759979248 0.1179
Car 1 1 1 573.9354858398438 179.1554718017578 624.559326171875 224.71499633789062 3.849125623703003 1.5240809917449951 1.6345967054367065 -0.5084052085876465 1.7739770412445068 26.666772842407227 -7.9304938316345215 0.1174
Car 1 1 1 611.8538818359375 177.22483825683594 631.7181396484375 194.24720764160156 4.0817155838012695 1.4908250570297241 1.5917232036590576 1.0895696878433228 1.9052194356918335 66.36317443847656 -4.637172222137451 0.1170
Pedestrian 1 1 1 125.28266906738281 170.5833282470703 145.84902954101562 210.71192932128906 0.5286251306533813 1.810201644897461 0.5817028880119324 -21.62459373474121 1.7074716091156006 32.82882308959961 -7.797688007354736 0.1169
Car 1 1 1 107.2430648803711 174.7014923095703 197.70367431640625 201.90785217285156 4.195311069488525 1.5367004871368408 1.6967848539352417 -26.485815048217773 1.6457332372665405 41.78903579711914 -3.1117405891418457 0.1160
Pedestrian 1 1 1 25.41737937927246 162.4937286376953 64.35379791259766 245.03298950195312 0.7377017140388489 1.789353370666504 0.5736556649208069 -12.6654691696167 1.5644550323486328 16.10307502746582 -2.3955681324005127 0.1157
Car 1 1 1 979.110595703125 174.4795684814453 1130.3585205078125 234.36297607421875 3.9789140224456787 1.5512607097625732 1.5966103076934814 12.618891716003418 1.602648377418518 20.87306785583496 -4.830223083496094 0.1148
Car 1 1 1 646.5066528320312 177.9806671142578 685.7702026367188 210.87100219726562 3.573948860168457 1.5177898406982422 1.5988320112228394 2.685809850692749 1.7836514711380005 35.659217834472656 -7.8718647956848145 0.1147
Car 1 1 1 998.7954711914062 171.34866333007812 1122.511962890625 220.24913024902344 3.8337674140930176 1.5023621320724487 1.5844295024871826 14.861227989196777 1.4558141231536865 24.12662124633789 -4.769408702850342 0.1146
Car 1 1 1 1225.132080078125 164.57229614257812 1241.0 310.5518493652344 4.026899337768555 1.496544599533081 1.5846837759017944 9.653279304504395 1.411342740058899 8.301719665527344 -6.3396477699279785 0.1146
Car 1 1 1 545.8317260742188 176.75025939941406 572.7171020507812 201.11856079101562 3.934403896331787 1.5020877122879028 1.6030139923095703 -3.3844449520111084 1.7675386667251587 47.17161178588867 -7.962101459503174 0.1145
Pedestrian 1 1 1 1224.44482421875 147.05865478515625 1241.0 220.46376037597656 0.7252782583236694 1.796077013015747 0.5761409401893616 15.919668197631836 1.1646162271499634 18.043249130249023 -7.950282573699951 0.1141
Cyclist 1 1 1 0.0 0.0 1241.0 374.0 1.8512136936187744 1.6491823196411133 0.509350061416626 6.901734352111816 1.3048166036605835 -0.28867092728614807 -8.054716110229492 0.1139
Car 1 1 1 325.72552490234375 174.7668914794922 355.144287109375 193.09584045410156 3.9120712280273438 1.6592433452606201 1.6154165267944336 -25.294849395751953 1.8439432382583618 67.76070404052734 -7.944515705108643 0.1137
Car 1 1 1 373.83758544921875 179.98876953125 408.7744140625 198.0853271484375 4.020612716674805 1.4942054748535156 1.5207418203353882 -19.1581974029541 2.1401915550231934 63.28514099121094 -4.616798400878906 0.1136
Car 1 1 1 540.86962890625 178.94346618652344 563.8858032226562 201.09515380859375 3.9238595962524414 1.5718542337417603 1.6314010620117188 -4.399532318115234 2.0474658012390137 54.35470199584961 -7.9579243659973145 0.1133
Cyclist 1 1 1 644.117431640625 174.96559143066406 652.5100708007812 202.03163146972656 1.6760746240615845 1.7249234914779663 0.4521293044090271 2.454857349395752 1.8644862174987793 46.953155517578125 -7.856398105621338 0.1126
Car 1 1 1 0.0 0.0 1241.0 374.0 3.803687572479248 1.5545401573181152 1.61284339427948 -1.1775139570236206 1.6122831106185913 0.11197072267532349 -7.9100871086120605 0.1123
Pedestrian 1 1 1 259.886962890625 168.11892700195312 275.9767150878906 208.40809631347656 0.5309513807296753 1.8124973773956299 0.5755355358123779 -15.613173484802246 1.5991796255111694 32.843536376953125 -8.477725982666016 0.1123
Pedestrian 1 1 1 1168.471923828125 149.28428649902344 1217.7125244140625 225.4293670654297 0.746670663356781 1.7947121858596802 0.6063677072525024 13.997513771057129 1.2388825416564941 17.40144920349121 -4.6371612548828125 0.1123
Car 1 1 1 336.7752685546875 179.20982360839844 380.36712646484375 203.14183044433594 4.036483287811279 1.5393861532211304 1.6530624628067017 -17.22809600830078 1.9932472705841064 49.52497482299805 -4.731043815612793 0.1123
Car 1 1 1 839.2702026367188 175.32005310058594 906.8509521484375 208.66287231445312 3.88046932220459 1.5119121074676514 1.6358187198638916 12.633946418762207 1.6380681991577148 35.00611877441406 -7.925175189971924 0.1122
Car 1 1 1 771.1373901367188 175.81143188476562 807.6876220703125 198.0850372314453 3.9412195682525635 1.6904109716415405 1.6780248880386353 14.178006172180176 1.933363914489746 57.3226203918457 -4.783415794372559 0.1121
Pedestrian 1 1 1 101.55825805664062 163.00283813476562 137.18751525878906 230.47531127929688 0.7429327368736267 1.8249260187149048 0.5888149738311768 -13.62783432006836 1.558181881904602 19.96926498413086 -2.5334441661834717 0.1120
Car 1 1 1 250.038330078125 176.6309356689453 286.8436279296875 194.22483825683594 3.9648592472076416 1.5972728729248047 1.6131906509399414 -32.32012176513672 1.9650771617889404 68.33939361572266 -7.854506015777588 0.1117
Car 1 1 1 1070.41064453125 167.90966796875 1187.488037109375 212.7525177001953 3.6593170166015625 1.467250108718872 1.6414110660552979 18.12757682800293 1.3051725625991821 25.480173110961914 -4.657973289489746 0.1115
Pedestrian 1 1 1 1077.5867919921875 130.73719787597656 1148.095947265625 285.1903991699219 0.674288272857666 1.7761555910110474 0.5664606690406799 5.997632026672363 1.2915277481079102 8.717123031616211 -7.462527751922607 0.1112
Pedestrian 1 1 1 943.345458984375 159.45106506347656 972.699951171875 213.1280975341797 0.7221761345863342 1.7449055910110474 0.6176801323890686 11.433480262756348 1.3089098930358887 23.818336486816406 -7.860053539276123 0.1109
Car 1 1 1 455.1304016113281 177.5323028564453 486.5033264160156 208.10446166992188 4.0222296714782715 1.6079719066619873 1.6548839807510376 -7.889031887054443 1.885589599609375 40.732784271240234 -4.901306629180908 0.1108
Pedestrian 1 1 1 956.2316284179688 155.29226684570312 987.4954833984375 217.9529571533203 0.6857025623321533 1.7273716926574707 0.6110113859176636 10.112408638000488 1.2429460287094116 20.279705047607422 -7.686340808868408 0.1108
Cyclist 1 1 1 97.39620971679688 176.18751525878906 147.83242797851562 218.48739624023438 1.7407054901123047 1.8231087923049927 0.6363505125045776 -21.335458755493164 1.970304250717163 31.54185676574707 -3.217679977416992 0.1098
Car 1 1 1 720.6817016601562 175.6170654296875 805.297119140625 238.6527099609375 3.8460891246795654 1.5036739110946655 1.5739609003067017 3.9343817234039307 1.584870457649231 19.33219337463379 -7.818880558013916 0.1097
Car 1 1 1 264.20123291015625 183.1268768310547 357.4866943359375 233.0571746826172 3.9420053958892822 1.4560774564743042 1.5927375555038452 -9.813998222351074 1.8241040706634521 23.867895126342773 -4.753873348236084 0.1096
Pedestrian 1 1 1 625.682861328125 177.5850067138672 649.0983276367188 218.40382385253906 0.8523992896080017 1.7461360692977905 0.6361680030822754 1.1509413719177246 1.9559967517852783 31.520538330078125 -8.464909553527832 0.1095
Pedestrian 1 1 1 47.263824462890625 159.39779663085938 86.49063110351562 246.3612060546875 0.7469878792762756 1.8089056015014648 0.5731230974197388 -11.703058242797852 1.5287063121795654 15.475245475769043 -2.35659122467041 0.1092
Car 1 1 1 457.6744079589844 177.27784729003906 485.45050048828125 204.22341918945312 4.142930507659912 1.6082812547683716 1.6615097522735596 -8.856401443481445 1.903307557106018 45.97694778442383 -4.903255462646484 0.1090
Pedestrian 1 1 1 108.86288452148438 160.9822540283203 144.327392578125 237.8305206298828 0.7517468333244324 1.8026939630508423 0.5751585960388184 -11.706990242004395 1.5239087343215942 17.394817352294922 -2.3565850257873535 0.1085
Car 1 1 1 800.2820434570312 170.45468139648438 854.9933471679688 196.80873107910156 3.8940441608428955 1.6586127281188965 1.6976155042648315 14.231678009033203 1.5073097944259644 47.50439453125 -4.954792022705078 0.1084
Pedestrian 1 1 1 41.27494430541992 164.162841796875 79.94190216064453 236.6266326904297 0.7472949624061584 1.8301335573196411 0.5836369395256042 -14.267638206481934 1.6103310585021973 18.672861099243164 -2.555220127105713 0.1081
Pedestrian 1 1 1 1109.2177734375 153.49317932128906 1149.8604736328125 219.25479125976562 0.7259127497673035 1.7842015027999878 0.5884921550750732 14.306397438049316 1.2586164474487305 19.951866149902344 -7.898067951202393 0.1080
Pedestrian 1 1 1 233.00634765625 171.45407104492188 248.04566955566406 199.7989044189453 0.8484746813774109 1.8387447595596313 0.5898413062095642 -24.223552703857422 1.7476304769515991 47.249610900878906 -7.921061992645264 0.1079
Pedestrian 1 1 1 971.5217895507812 160.0426788330078 1003.5679931640625 215.68360900878906 0.7341312766075134 1.7568551301956177 0.6072477102279663 12.07293701171875 1.352039098739624 23.17888832092285 -7.957340717315674 0.1079
Pedestrian 1 1 1 3.264202833175659 160.27316284179688 48.48905563354492 241.41481018066406 0.7521921396255493 1.8353874683380127 0.5813002586364746 -13.617173194885254 1.5505149364471436 16.759065628051758 -2.6265082359313965 0.1076
Car 1 1 1 259.6270446777344 174.1175537109375 294.0728759765625 194.71839904785156 4.248595714569092 1.7924565076828003 1.704182505607605 -30.11014175415039 1.9103708267211914 65.27945709228516 -4.859424591064453 0.1074
Pedestrian 1 1 1 65.18299102783203 165.704833984375 107.75182342529297 241.16983032226562 0.7429990768432617 1.7706471681594849 0.5515438318252563 -12.666128158569336 1.6026052236557007 17.38873291015625 -3.95094633102417 0.1070
Car 1 1 1 581.6024780273438 177.2440948486328 602.7485961914062 195.84962463378906 3.89278244972229 1.4896684885025024 1.607311487197876 -1.4953131675720215 1.870373249053955 60.65850830078125 -7.83401346206665 0.1069
Car 1 1 1 378.5165100097656 181.72860717773438 427.80419921875 215.9528045654297 3.8728792667388916 1.4838889837265015 1.6306705474853516 -9.817532539367676 1.9307806491851807 34.34372329711914 -4.822939395904541 0.1068
Pedestrian 1 1 1 704.3229370117188 173.24159240722656 732.9920654296875 227.51634216308594 0.8192335367202759 1.6798797845840454 0.5930333137512207 3.3953659534454346 1.6921237707138062 22.84547996520996 -7.238708019256592 0.1067
Pedestrian 1 1 1 1197.6307373046875 149.28561401367188 1241.0 224.2819366455078 0.7207759022712708 1.761691927909851 0.6042918562889099 14.63455867767334 1.2077617645263672 17.389741897583008 -7.513821125030518 0.1061
Car 1 1 1 1241.0 155.34654235839844 1241.0 374.0 4.0204572677612305 1.5218366384506226 1.607312798500061 6.511603832244873 1.4754371643066406 3.9122633934020996 -4.7097368240356445 0.1060
Pedestrian 1 1 1 804.6838989257812 166.02085876464844 829.5831298828125 212.49745178222656 0.719515323638916 1.7542003393173218 0.5924532413482666 7.899725437164307 1.495991826057434 27.678878784179688 -6.866159915924072 0.1059
Pedestrian 1 1 1 871.222900390625 168.66419982910156 893.2281494140625 212.6678466796875 0.6101616024971008 1.7826188802719116 0.6167036890983582 11.11484146118164 1.612587332725525 29.58675193786621 -4.898024082183838 0.1059
Car 1 1 1 150.8221893310547 182.63499450683594 222.59677124023438 213.61680603027344 4.030426025390625 1.5214611291885376 1.6238950490951538 -22.682527542114258 2.0744943618774414 38.77237319946289 -4.753228664398193 0.1057
Car 1 1 1 197.05023193359375 184.1138916015625 286.76214599609375 213.82521057128906 3.890087127685547 1.4805591106414795 1.599060297012329 -19.2893009185791 2.0881567001342773 37.866878509521484 -6.436609745025635 0.1054
Pedestrian 1 1 1 507.3909606933594 173.5821533203125 517.3988037109375 197.76422119140625 0.6931941509246826 1.7645577192306519 0.657404899597168 -7.213374614715576 1.8182541131973267 53.091224670410156 -8.098271369934082 0.1052
Car 1 1 1 0.0 185.05018615722656 0.0 374.0 4.06209659576416 1.5654443502426147 1.6324526071548462 -11.130195617675781 1.736360788345337 8.033751487731934 -4.8014068603515625 0.1048
Pedestrian 1 1 1 1195.565673828125 147.42710876464844 1241.0 232.15902709960938 0.7463691830635071 1.7999764680862427 0.6023789644241333 13.365324974060059 1.259528398513794 15.777128219604492 -5.034628868103027 0.1048
Pedestrian 1 1 1 1149.441650390625 117.7184066772461 1241.0 374.0 0.6917991042137146 1.6702381372451782 0.5308859944343567 4.030132293701172 1.3305118083953857 4.845823764801025 -4.444132328033447 0.1045
Car 1 1 1 6.948823928833008 177.2836456298828 108.71269989013672 217.3560333251953 3.7779479026794434 1.5676159858703613 1.6181036233901978 -23.321548461914062 1.767076849937439 30.597131729125977 -4.783389091491699 0.1043
Pedestrian 1 1 1 0.0 167.70936584472656 16.226184844970703 210.74024963378906 0.7143067121505737 1.7807040214538574 0.6175805926322937 -25.5233097076416 1.5675091743469238 30.25056266784668 -7.975240230560303 0.1043
Car 1 1 1 777.4762573242188 174.4002227783203 826.6454467773438 202.60653686523438 3.872762680053711 1.5997560024261475 1.6342366933822632 11.383445739746094 1.696178913116455 43.13859176635742 -4.7942891120910645 0.1037
Car 1 1 1 360.47430419921875 178.2885284423828 387.2534484863281 196.266357421875 3.996872901916504 1.5730626583099365 1.6342171430587769 -21.74087142944336 2.089231491088867 66.48388671875 -7.983616352081299 0.1036
Cyclist 1 1 1 1005.2880859375 158.089111328125 1084.6334228515625 245.46969604492188 1.740554928779602 1.693540096282959 0.5228332877159119 8.86088752746582 1.4070788621902466 14.865259170532227 -7.898265361785889 0.1031
Car 1 1 1 590.5751342773438 176.8712921142578 616.2677612304688 199.72628784179688 4.098909854888916 1.5401816368103027 1.6188629865646362 -0.5354242920875549 1.8380321264266968 51.455474853515625 -4.773506164550781 0.1026
Car 1 1 1 190.63009643554688 174.44537353515625 234.7101287841797 196.02056884765625 4.228761196136475 1.8763768672943115 1.6925715208053589 -35.85476303100586 2.024533271789551 65.18824005126953 -7.864879131317139 0.1012
Pedestrian 1 1 1 123.39816284179688 162.83639526367188 153.88192749023438 232.02052307128906 0.7572237849235535 1.8056674003601074 0.5910122990608215 -12.668087005615234 1.5439136028289795 19.311552047729492 -5.419227600097656 0.1009
Car 1 1 1 260.41156005859375 173.7449188232422 294.2902526855469 197.5768280029297 3.999323844909668 1.735465407371521 1.6569639444351196 -25.26430892944336 1.8055330514907837 54.84690856933594 -8.107378959655762 0.1008
Car 1 1 1 0.0 175.2541046142578 0.1903257817029953 219.91334533691406 4.123006820678711 1.534271240234375 1.6324325799942017 -24.513025283813477 1.6221733093261719 25.696273803710938 -6.281500339508057 0.1008
Car 1 1 1 626.7030639648438 175.88339233398438 693.6842651367188 231.8624725341797 3.827491044998169 1.5273727178573608 1.6007789373397827 1.3836095333099365 1.6269582509994507 21.84409523010254 -7.897109508514404 0.1007
Pedestrian 1 1 1 161.42694091796875 165.32691955566406 192.3023681640625 231.74293518066406 0.7644689679145813 1.7930561304092407 0.5938605666160583 -12.034933090209961 1.5895451307296753 19.962160110473633 -5.450478553771973 0.1007
Car 1 1 1 515.0079345703125 177.6294403076172 538.5315551757812 199.26304626464844 3.968370199203491 1.541326642036438 1.6482921838760376 -6.265936374664307 1.914345383644104 54.358707427978516 -7.9397358894348145 0.1006
Pedestrian 1 1 1 261.5928955078125 164.9417266845703 287.4479675292969 217.92086791992188 0.8016716241836548 1.8110847473144531 0.6034809350967407 -11.710390090942383 1.5403050184249878 25.102388381958008 -7.9845967292785645 0.1004
