Car 1 1 1 803.5758056640625 165.4267578125 869.1775512695312 203.2538299560547 4.209396839141846 1.7509002685546875 1.7503740787506104 11.01572322845459 1.4068154096603394 35.538848876953125 -7.897861957550049 0.7813
Car 1 1 1 249.5840606689453 175.76119995117188 436.3551940917969 249.76852416992188 3.8636159896850586 1.6797679662704468 1.6608362197875977 -6.3405680656433105 1.752535343170166 17.288990020751953 -3.1494545936584473 0.6811
Car 1 1 1 325.4319152832031 177.35459899902344 472.41412353515625 233.07704162597656 3.972445249557495 1.6141818761825562 1.6505157947540283 -6.360292911529541 1.755415916442871 21.86310386657715 -3.1428306102752686 0.6225
Car 1 1 1 374.6112060546875 179.7862091064453 491.72119140625 221.037353515625 3.9992377758026123 1.4718810319900513 1.6016517877578735 -6.569263935089111 1.7384233474731445 26.905656814575195 -3.175708293914795 0.6084
Car 1 1 1 411.356201171875 174.23280334472656 514.8821411132812 212.9837188720703 4.269742012023926 1.6516308784484863 1.6873410940170288 -6.443528175354004 1.7138969898223877 31.781463623046875 -3.196699619293213 0.5596
Car 1 1 1 849.0210571289062 169.98526000976562 916.1647338867188 202.0196533203125 3.808542013168335 1.5244355201721191 1.6211588382720947 13.595307350158691 1.3876192569732666 36.314666748046875 -7.95862340927124 0.5423
Car 1 1 1 403.5372009277344 177.61932373046875 500.50860595703125 216.5210723876953 3.6289260387420654 1.5386874675750732 1.606675148010254 -6.460812091827393 1.7390135526657104 29.558683395385742 -3.150209426879883 0.5112
Car 1 1 1 913.1137084960938 169.9425506591797 974.0211791992188 197.47756958007812 3.848522901535034 1.4811930656433105 1.5693715810775757 18.725934982299805 1.3242772817611694 40.760093688964844 -7.88320779800415 0.5089
Pedestrian 1 1 1 890.884765625 156.47044372558594 922.6160278320312 224.68589782714844 0.880189061164856 1.7681349515914917 0.6571568846702576 7.8706560134887695 1.3431756496429443 19.248708724975586 -4.169865131378174 0.4727
Pedestrian 1 1 1 716.4270629882812 163.01353454589844 732.7652587890625 199.62997436523438 0.8495922088623047 1.8065706491470337 0.6587710380554199 5.678036212921143 1.3207645416259766 36.033355712890625 -7.883601665496826 0.3871
Car 1 1 1 444.1198425292969 178.04844665527344 525.300537109375 207.6669464111328 4.065601348876953 1.4856383800506592 1.6270469427108765 -6.505702018737793 1.7631675004959106 37.5709228515625 -3.2460556030273438 0.3832
Pedestrian 1 1 1 1181.2740478515625 150.348388671875 1229.66357421875 241.49932861328125 0.7234232425689697 1.6996852159500122 0.5170803070068359 11.388880729675293 1.2797247171401978 13.866169929504395 -3.7047038078308105 0.3490
Pedestrian 1 1 1 284.826171875 168.35357666015625 307.13824462890625 213.56814575195312 0.6535226702690125 1.755493402481079 0.6260954141616821 -12.383962631225586 1.580461025238037 28.364788055419922 -4.791503429412842 0.2913
Pedestrian 1 1 1 642.9110717773438 170.36781311035156 656.5171508789062 195.8007354736328 0.8056783080101013 1.797611951828003 0.5766512751579285 2.8038482666015625 1.6215858459472656 51.48641586303711 -7.056991100311279 0.2816
Car 1 1 1 646.6090698242188 173.43988037109375 680.9033813476562 201.35501098632812 4.09804105758667 1.5385377407073975 1.6663646697998047 3.0369343757629395 1.5739318132400513 41.906288146972656 -7.858417987823486 0.2764
Pedestrian 1 1 1 416.279541015625 166.90133666992188 432.18499755859375 199.53211975097656 0.7047315835952759 1.8133299350738525 0.6233668327331543 -10.461851119995117 1.4822338819503784 40.50162124633789 -7.663845539093018 0.2614
Car 1 1 1 545.0062255859375 168.94842529296875 566.9948120117188 193.3544464111328 4.1869120597839355 1.8843275308609009 1.694949746131897 -4.357386112213135 1.5824871063232422 57.859012603759766 -7.928732395172119 0.2608
Pedestrian 1 1 1 691.3414306640625 153.89981079101562 712.9077758789062 213.7284698486328 0.7735213041305542 1.77973210811615 0.6066818237304688 2.7375941276550293 1.2155990600585938 21.871381759643555 -4.6399641036987305 0.2605
Car 1 1 1 0.0 187.64901733398438 291.17230224609375 300.9559326171875 3.7301137447357178 1.4724353551864624 1.5951060056686401 -6.940088272094727 1.7084804773330688 10.57552719116211 -3.2253427505493164 0.2568
Car 1 1 1 759.0471801757812 168.10418701171875 786.6550903320312 190.26934814453125 4.146784782409668 1.7492916584014893 1.709046721458435 13.269966125488281 1.3741313219070435 59.09229278564453 -4.612916469573975 0.2553
Car 1 1 1 462.6307067871094 177.1983642578125 536.4813842773438 204.58499145507812 3.87674880027771 1.4933514595031738 1.612626075744629 -6.189947605133057 1.7416791915893555 40.452423095703125 -3.1235339641571045 0.2551
Pedestrian 1 1 1 262.57000732421875 173.76609802246094 313.1876220703125 267.5977783203125 0.6053988933563232 1.6665143966674805 0.592047393321991 -5.943432331085205 1.683394432067871 13.206517219543457 -4.372616291046143 0.2454
Pedestrian 1 1 1 665.216064453125 173.8720245361328 676.5675659179688 207.52745056152344 0.6679951548576355 1.7071506977081299 0.5674952268600464 3.0838537216186523 1.7595406770706177 36.98291015625 -7.750705242156982 0.2431
Pedestrian 1 1 1 648.5317993164062 168.602294921875 662.9365844726562 201.8465576171875 0.7067216634750366 1.8028942346572876 0.6488760113716125 2.471987009048462 1.5720164775848389 39.56060791015625 -7.568771839141846 0.2344
Pedestrian 1 1 1 954.0819091796875 159.85409545898438 981.0585327148438 215.0129852294922 0.7008752226829529 1.7411348819732666 0.6327196955680847 11.435997009277344 1.3304824829101562 23.189050674438477 -7.624879360198975 0.2319
Pedestrian 1 1 1 993.2274780273438 157.15670776367188 1022.5706787109375 213.9284210205078 0.7637730836868286 1.7873252630233765 0.6339138746261597 12.713213920593262 1.292832374572754 23.1570987701416 -7.637014865875244 0.2211
Car 1 1 1 784.3275756835938 169.4306182861328 806.4161987304688 190.8749542236328 4.029897212982178 1.6617801189422607 1.663783311843872 14.890496253967285 1.3961920738220215 58.07278823852539 -4.459975719451904 0.2167
Car 1 1 1 226.05259704589844 174.21316528320312 302.83026123046875 212.23280334472656 4.028637409210205 1.6791051626205444 1.635276198387146 -16.237661361694336 1.7467495203018188 34.04041290283203 -7.835315227508545 0.2112
Pedestrian 1 1 1 0.0 155.95086669921875 34.23495864868164 235.26202392578125 0.7251133322715759 1.7934656143188477 0.5772002339363098 -13.937715530395508 1.4109348058700562 16.735898971557617 -4.947159767150879 0.2057
Pedestrian 1 1 1 1048.3782958984375 159.61521911621094 1083.89599609375 230.57666015625 0.7689918279647827 1.6952182054519653 0.5814958214759827 11.124826431274414 1.3786534070968628 17.69688606262207 -4.36954402923584 0.2046
Pedestrian 1 1 1 701.749755859375 167.27108764648438 715.2066040039062 200.35366821289062 0.6602436900138855 1.7845731973648071 0.6771854758262634 5.318497180938721 1.48311448097229 39.27165985107422 -7.79419469833374 0.2011
Car 1 1 1 758.1615600585938 173.62261962890625 819.5050048828125 194.7965087890625 4.056474208831787 1.500548243522644 1.621841311454773 12.843512535095215 1.5566977262496948 52.095947265625 -3.0987815856933594 0.1943
Car 1 1 1 110.08120727539062 183.58572387695312 158.33624267578125 207.4099884033203 3.911067008972168 1.5532032251358032 1.6434824466705322 -33.607120513916016 2.3429858684539795 51.02448654174805 -4.9562296867370605 0.1927
Car 1 1 1 897.5325927734375 170.28973388671875 995.8169555664062 215.6025390625 3.7428226470947266 1.471988558769226 1.5588088035583496 11.655672073364258 1.3883883953094482 25.346872329711914 -4.761888027191162 0.1914
Car 1 1 1 748.7247924804688 175.96258544921875 783.9946899414062 200.4490203857422 3.7442727088928223 1.5164684057235718 1.5740731954574585 10.117846488952637 1.7270537614822388 47.057403564453125 -7.8284831047058105 0.1855
Car 1 1 1 224.64866638183594 173.22108459472656 289.8146667480469 203.4896240234375 3.9235992431640625 1.536147952079773 1.6715744733810425 -18.846811294555664 1.5565234422683716 38.65308380126953 -4.742911338806152 0.1842
Pedestrian 1 1 1 718.5927734375 149.08758544921875 750.5176391601562 240.93505859375 0.8109980821609497 1.7859398126602173 0.5979222655296326 2.4553303718566895 1.3235108852386475 14.489741325378418 -4.498534679412842 0.1835
Pedestrian 1 1 1 972.073974609375 168.3091583251953 995.8280639648438 211.83497619628906 0.6378990411758423 1.7618106603622437 0.5983368158340454 15.299198150634766 1.577547550201416 29.609363555908203 -3.562776565551758 0.1824
Pedestrian 1 1 1 304.49169921875 168.25320434570312 326.6979064941406 213.00440979003906 0.6267816424369812 1.7552636861801147 0.6397231817245483 -11.719651222229004 1.5745081901550293 28.625633239746094 -4.749229431152344 0.1811
Pedestrian 1 1 1 207.73309326171875 165.47535705566406 234.66822814941406 223.64126586914062 0.7825577855110168 1.7997751235961914 0.6128614544868469 -12.348284721374512 1.5711647272109985 22.822778701782227 -5.397055149078369 0.1784
Pedestrian 1 1 1 215.95037841796875 167.49855041503906 232.8485565185547 211.7921142578125 0.49892815947532654 1.7975354194641113 0.5655849575996399 -15.869597434997559 1.5798991918563843 29.620210647583008 -8.245676040649414 0.1777
Pedestrian 1 1 1 276.1083679199219 174.87063598632812 316.9916076660156 257.44012451171875 0.5535405874252319 1.5876383781433105 0.5192680358886719 -6.218832969665527 1.6279339790344238 14.206960678100586 -4.537240028381348 0.1773
Pedestrian 1 1 1 1043.9976806640625 157.00486755371094 1091.0455322265625 253.40133666992188 0.5979531407356262 1.6298032999038696 0.5396596789360046 7.897302627563477 1.3615375757217407 12.558938026428223 -4.444746971130371 0.1765
Pedestrian 1 1 1 818.4237060546875 139.1912384033203 866.6168212890625 281.5076599121094 0.821689784526825 1.812803864479065 0.5902239680290222 3.0637965202331543 1.3837130069732666 9.67442798614502 -4.387212753295898 0.1762
Pedestrian 1 1 1 688.1200561523438 157.62193298339844 720.8712158203125 226.953369140625 0.8064782023429871 1.7767219543457031 0.5897297263145447 2.4406356811523438 1.3860775232315063 18.987234115600586 -4.186910629272461 0.1752
Pedestrian 1 1 1 697.6548461914062 171.58489990234375 712.3723754882812 205.92530822753906 0.6147322058677673 1.6843969821929932 0.625537633895874 4.659215450286865 1.62184739112854 35.71155548095703 -7.895679950714111 0.1735
Pedestrian 1 1 1 250.224609375 175.6184539794922 268.0870666503906 215.16224670410156 0.5987627506256104 1.7234156131744385 0.6121337413787842 -15.534124374389648 1.8466352224349976 31.86871337890625 -8.12555980682373 0.1734
Cyclist 1 1 1 296.76715087890625 178.0194549560547 318.9380187988281 212.11097717285156 1.6509228944778442 1.6640726327896118 0.4881006181240082 -15.231242179870605 1.9296772480010986 36.30782699584961 -4.7550554275512695 0.1731
Car 1 1 1 642.8523559570312 173.1428985595703 678.4019775390625 196.78819274902344 3.7930517196655273 1.6698729991912842 1.716403841972351 3.6486337184906006 1.6916120052337646 53.02555465698242 -8.034722328186035 0.1722
Pedestrian 1 1 1 865.3599853515625 154.3013458251953 896.6200561523438 228.6897430419922 0.9370889663696289 1.7721445560455322 0.6493608355522156 6.595761299133301 1.3298673629760742 17.72974967956543 -4.428923606872559 0.1686
Pedestrian 1 1 1 964.7471313476562 171.589599609375 985.9583129882812 210.97579956054688 0.5830993056297302 1.7712301015853882 0.6347985863685608 16.583362579345703 1.7140687704086304 32.839927673339844 -3.4547805786132812 0.1678
Car 1 1 1 0.0 0.0 1241.0 374.0 3.891068935394287 1.5363456010818481 1.6416250467300415 -3.4254424571990967 1.6227643489837646 0.9617508053779602 -7.891175746917725 0.1675
Car 1 1 1 0.0 0.0 1241.0 374.0 3.801193952560425 1.5273828506469727 1.6276483535766602 3.018066644668579 1.5550581216812134 0.9447187781333923 -7.861313343048096 0.1655
Car 1 1 1 8.164137840270996 171.3618927001953 141.46681213378906 209.81179809570312 4.078847885131836 1.4930839538574219 1.6328147649765015 -21.41245460510254 1.434842586517334 28.920677185058594 -3.1839189529418945 0.1638
Car 1 1 1 349.2884521484375 172.1440887451172 429.8972473144531 199.73756408691406 4.1676859855651855 1.5520075559616089 1.6387516260147095 -12.76120376586914 1.5117778778076172 41.739715576171875 -2.973477363586426 0.1616
Pedestrian 1 1 1 671.6822509765625 158.08694458007812 700.0910034179688 232.84669494628906 0.7841128706932068 1.7563245296478271 0.5988596081733704 1.7845442295074463 1.409103512763977 17.397987365722656 -4.497158527374268 0.1589
Pedestrian 1 1 1 1022.4235229492188 158.89759826660156 1045.845947265625 212.18804931640625 0.5113649964332581 1.7774529457092285 0.5401659607887268 14.316654205322266 1.3116501569747925 24.43715476989746 -3.827360153198242 0.1552
Pedestrian 1 1 1 1190.06396484375 137.49122619628906 1241.0 276.5238342285156 0.6642180681228638 1.7145342826843262 0.5680546164512634 7.889758586883545 1.2781444787979126 9.327303886413574 -3.8179054260253906 0.1537
Pedestrian 1 1 1 1143.7298583984375 151.23007202148438 1188.718994140625 241.19332885742188 0.7303913831710815 1.7081935405731201 0.5256792902946472 10.839971542358398 1.2973054647445679 14.130644798278809 -3.792088508605957 0.1532
Pedestrian 1 1 1 801.4779052734375 165.5917205810547 815.3765258789062 201.76312255859375 0.677721381187439 1.7200181484222412 0.6320483684539795 9.502511024475098 1.3743832111358643 34.71702575683594 -7.603872776031494 0.1532
Pedestrian 1 1 1 223.497314453125 164.10536193847656 266.7861633300781 240.9075927734375 0.6532356142997742 1.6725952625274658 0.5869227051734924 -8.178670883178711 1.4817681312561035 16.08652114868164 -4.536596775054932 0.1508
Car 1 1 1 640.1350708007812 175.44961547851562 678.0184936523438 200.28854370117188 3.964872121810913 1.4942673444747925 1.6055265665054321 3.0405666828155518 1.6666202545166016 45.9176139831543 -4.856246471405029 0.1434
Pedestrian 1 1 1 337.78143310546875 165.99758911132812 360.74725341796875 214.76612854003906 0.7093217372894287 1.7353264093399048 0.5973331332206726 -9.451252937316895 1.4910551309585571 26.04279136657715 -7.901285648345947 0.1427
Pedestrian 1 1 1 127.6877670288086 162.75970458984375 153.1845703125 208.4473419189453 0.7100182771682739 1.8282675743103027 0.6251866221427917 -19.084705352783203 1.4240275621414185 29.26845932006836 -7.993041515350342 0.1425
Car 1 1 1 683.8657836914062 172.0623016357422 722.3965454101562 200.79510498046875 4.128125190734863 1.5728667974472046 1.6426976919174194 5.273992538452148 1.5292290449142456 41.57057189941406 -7.864704608917236 0.1421
Pedestrian 1 1 1 321.16241455078125 171.6154022216797 338.1242370605469 205.85806274414062 0.5661366581916809 1.7990906238555908 0.634160578250885 -14.897466659545898 1.733715534210205 38.24744415283203 -7.662436008453369 0.1420
Pedestrian 1 1 1 901.2713012695312 167.82730102539062 927.748779296875 214.18121337890625 0.8021936416625977 1.7680869102478027 0.5756757259368896 11.758048057556152 1.5760525465011597 27.969871520996094 -6.798387050628662 0.1404
Car 1 1 1 0.0 0.0 1241.0 374.0 3.8173327445983887 1.5410569906234741 1.6133167743682861 1.4017257690429688 1.563086986541748 0.6705317497253418 -7.853971004486084 0.1400
Pedestrian 1 1 1 1114.02099609375 152.13356018066406 1156.8538818359375 221.0188446044922 0.7395758032798767 1.804746150970459 0.5669706463813782 14.008695602416992 1.2615851163864136 19.31882667541504 -8.036253929138184 0.1399
Pedestrian 1 1 1 1022.909912109375 155.7029266357422 1054.603271484375 214.09649658203125 0.7950109839439392 1.7882925271987915 0.6003437638282776 13.334089279174805 1.2627441883087158 22.537145614624023 -7.694255352020264 0.1387
Car 1 1 1 617.0670776367188 178.09841918945312 659.442626953125 207.54290771484375 3.722177028656006 1.4946633577346802 1.6284458637237549 1.4499062299728394 1.7941912412643433 39.28840255737305 -8.005266189575195 0.1386
Pedestrian 1 1 1 1134.176025390625 149.27024841308594 1176.18212890625 224.05715942382812 0.7193716168403625 1.795140266418457 0.5486559867858887 13.334120750427246 1.2287503480911255 17.719280242919922 -3.5745272636413574 0.1372
Car 1 1 1 785.7310791015625 170.8683319091797 811.4468994140625 189.5895233154297 4.091126918792725 1.6854512691497803 1.6134716272354126 17.46932601928711 1.5063823461532593 67.06178283691406 -4.634091377258301 0.1341
Pedestrian 1 1 1 1078.8077392578125 151.12344360351562 1120.135498046875 219.6310577392578 0.7347722053527832 1.796762466430664 0.5750643610954285 13.047831535339355 1.226530909538269 19.32225227355957 -7.97058629989624 0.1328
Pedestrian 1 1 1 1014.9339599609375 155.3229217529297 1047.90869140625 215.70458984375 0.7946974635124207 1.7952128648757935 0.6091830730438232 12.72559928894043 1.2736947536468506 21.888809204101562 -7.710931301116943 0.1324
Pedestrian 1 1 1 976.1024780273438 164.9747772216797 1001.6643676757812 212.60377502441406 0.6319940686225891 1.7775847911834717 0.5978367924690247 14.30578327178955 1.4832206964492798 27.334749221801758 -6.728561878204346 0.1322
Car 1 1 1 534.570068359375 170.86822509765625 558.2151489257812 190.33969116210938 4.177276611328125 1.750009536743164 1.6692888736724854 -5.964068412780762 1.5712363719940186 67.06745910644531 -8.069453239440918 0.1299
Pedestrian 1 1 1 54.50477981567383 167.2948455810547 90.40350341796875 237.54837036132812 0.7549399733543396 1.774753451347351 0.5748068690299988 -13.973710060119629 1.6340175867080688 18.688100814819336 -2.4643118381500244 0.1298
Car 1 1 1 0.0 169.57412719726562 62.53798294067383 226.4474334716797 3.7568516731262207 1.5488096475601196 1.640015959739685 -18.558095932006836 1.459190011024475 21.591962814331055 -7.941025257110596 0.1294
Pedestrian 1 1 1 698.4410400390625 155.8973846435547 726.878662109375 231.1851043701172 0.7773755192756653 1.7656360864639282 0.6141964197158813 2.425809144973755 1.367672085762024 17.36911964416504 -4.485872745513916 0.1282
Pedestrian 1 1 1 1085.40234375 155.20721435546875 1136.755859375 257.6972961425781 0.6068943738937378 1.6401240825653076 0.543608546257019 8.209059715270996 1.3574268817901611 11.91889762878418 -4.399942874908447 0.1271
Pedestrian 1 1 1 187.72792053222656 168.4835662841797 214.96507263183594 228.09677124023438 0.7965087294578552 1.795563817024231 0.6031219959259033 -12.64224910736084 1.6636255979537964 22.232057571411133 -8.540677070617676 0.1271
Pedestrian 1 1 1 902.9957275390625 160.02923583984375 929.0382080078125 212.11729431152344 0.7376174330711365 1.7586405277252197 0.6255395412445068 10.445341110229492 1.3253402709960938 24.75613784790039 -7.765629291534424 0.1265
Pedestrian 1 1 1 1015.8033447265625 158.25396728515625 1051.0880126953125 225.43002319335938 0.7794591188430786 1.7836692333221436 0.5680992603302002 11.46351146697998 1.3957068920135498 19.618791580200195 -6.921967029571533 0.1264
Pedestrian 1 1 1 1115.67822265625 147.76858520507812 1170.320068359375 241.11558532714844 0.708229124546051 1.7416205406188965 0.5598637461662292 10.157390594482422 1.2732897996902466 13.842598915100098 -4.611462116241455 0.1256
Cyclist 1 1 1 120.0426254272461 174.10372924804688 164.87551879882812 228.8361053466797 1.8564952611923218 1.703364610671997 0.5162090063095093 -15.217389106750488 1.7453502416610718 23.456466674804688 -8.011781692504883 0.1255
Car 1 1 1 530.6420288085938 178.7818145751953 566.7582397460938 207.24403381347656 3.926378011703491 1.4792165756225586 1.6433782577514648 -3.41184401512146 1.8261486291885376 40.293006896972656 -4.701189994812012 0.1254
Pedestrian 1 1 1 1084.3255615234375 152.4453125 1126.1649169921875 229.23489379882812 0.7742545008659363 1.7337627410888672 0.5813323259353638 11.42635440826416 1.2726736068725586 16.742137908935547 -4.439218521118164 0.1243
Cyclist 1 1 1 776.06005859375 172.3719482421875 787.0387573242188 202.083251953125 1.7069305181503296 1.6722882986068726 0.49045830965042114 9.821681022644043 1.6448562145233154 41.4931526184082 -7.693276882171631 0.1240
Car 1 1 1 176.20204162597656 176.62132263183594 248.9389190673828 211.40911865234375 4.131710529327393 1.5308085680007935 1.6680517196655273 -18.86851692199707 1.7212889194488525 34.37894821166992 -4.849327087402344 0.1239
Cyclist 1 1 1 1059.6058349609375 151.08111572265625 1139.2296142578125 237.54115295410156 1.7146893739700317 1.7115976810455322 0.5103901028633118 10.170430183410645 1.2802729606628418 15.141855239868164 -7.851382732391357 0.1226
Pedestrian 1 1 1 619.9678344726562 169.70025634765625 626.5321044921875 190.13723754882812 0.8039262890815735 1.856040596961975 0.5823168754577637 1.190807819366455 1.5693237781524658 65.94193267822266 -7.813079357147217 0.1218
Pedestrian 1 1 1 1041.6815185546875 159.35186767578125 1085.0111083984375 250.26316833496094 0.5797643065452576 1.6144624948501587 0.5255274772644043 8.205973625183105 1.374382734298706 13.163348197937012 -4.440433979034424 0.1217
Car 1 1 1 0.0 188.24940490722656 0.0 374.0 3.909536361694336 1.541263222694397 1.6165364980697632 -5.336282730102539 1.6281988620758057 2.1123313903808594 -7.881337642669678 0.1216
Car 1 1 1 627.7077026367188 175.1276092529297 655.0659790039062 193.5265655517578 3.850097179412842 1.57056725025177 1.6041139364242554 2.7337241172790527 1.7787827253341675 64.13445281982422 -4.895293712615967 0.1215
Car 1 1 1 455.3507385253906 179.18258666992188 491.5787353515625 212.90699768066406 3.9340202808380127 1.4874101877212524 1.616316795349121 -6.60999870300293 1.8096601963043213 34.690181732177734 -8.044655799865723 0.1215
Car 1 1 1 130.01698303222656 183.73951721191406 192.90496826171875 207.22328186035156 3.77823543548584 1.519361972808838 1.6387665271759033 -31.375699996948242 2.3117880821228027 50.5422477722168 -4.5372700691223145 0.1212
Pedestrian 1 1 1 533.243896484375 172.55712890625 545.6412963867188 196.95584106445312 0.7457165122032166 1.7908755540847778 0.6102398633956909 -5.252763748168945 1.768783688545227 53.43128204345703 -7.388881206512451 0.1210
Pedestrian 1 1 1 1121.9951171875 150.2564239501953 1164.3330078125 229.3343963623047 0.7378993034362793 1.7497841119766235 0.5843273997306824 12.061368942260742 1.249460220336914 16.41105842590332 -4.371764183044434 0.1199
Car 1 1 1 727.0162963867188 177.6688232421875 765.9368286132812 206.80885314941406 3.7609760761260986 1.52126145362854 1.5888060331344604 7.5161824226379395 1.8020133972167969 40.20841979980469 -4.6742472648620605 0.1199
Pedestrian 1 1 1 1085.344970703125 155.14187622070312 1110.5782470703125 213.85586547851562 0.7458827495574951 1.7691385746002197 0.5672613382339478 14.959059715270996 1.2351467609405518 22.203453063964844 -7.36498498916626 0.1194
Pedestrian 1 1 1 1182.07568359375 146.88999938964844 1227.9144287109375 231.1434326171875 0.7492337822914124 1.7534164190292358 0.5883390307426453 12.697467803955078 1.2127741575241089 15.479732513427734 -4.277781963348389 0.1192
Car 1 1 1 564.4968872070312 173.34349060058594 582.49072265625 191.97317504882812 4.02750301361084 1.6956558227539062 1.6372307538986206 -3.4268100261688232 1.7427514791488647 67.8236083984375 -7.890964984893799 0.1188
Car 1 1 1 0.0 0.0 1241.0 374.0 3.8814451694488525 1.5330439805984497 1.621720314025879 4.617502689361572 1.5333012342453003 1.2998476028442383 -7.889960765838623 0.1186
Car 1 1 1 535.1605224609375 176.98660278320312 571.68212890625 201.8407440185547 3.9229302406311035 1.5463773012161255 1.652511477470398 -3.720646381378174 1.8305644989013672 47.62220764160156 -4.588823318481445 0.1184
Car 1 1 1 747.8887939453125 173.8518829345703 806.8265991210938 206.73268127441406 3.876307964324951 1.530946969985962 1.6513785123825073 8.173076629638672 1.5828567743301392 35.73430633544922 -7.963392734527588 0.1177
Pedestrian 1 1 1 694.1953735351562 172.64125061035156 712.1583862304688 209.55947875976562 0.6905601024627686 1.7359551191329956 0.6172394156455994 4.400701522827148 1.7256511449813843 34.38425827026367 -7.2950310707092285 0.1174
Pedestrian 1 1 1 729.2154541015625 168.5083770751953 739.230712890625 196.7331085205078 0.723143458366394 1.78182053565979 0.6140823364257812 7.881307601928711 1.5071818828582764 45.963897705078125 -7.662524700164795 0.1173
Pedestrian 1 1 1 303.4167175292969 175.4864044189453 341.92486572265625 255.12620544433594 0.5479952096939087 1.5940117835998535 0.529015302658081 -5.929470062255859 1.6487358808517456 14.772112846374512 -4.565046310424805 0.1171
Car 1 1 1 9.029610633850098 171.21739196777344 130.93638610839844 218.06361389160156 3.816481351852417 1.5709909200668335 1.6729952096939087 -19.444726943969727 1.5158073902130127 26.138256072998047 -4.754076957702637 0.1163
Car 1 1 1 0.0 185.69969177246094 54.162208557128906 349.1346130371094 4.068351745605469 1.5654139518737793 1.6374263763427734 -9.525311470031738 1.768161416053772 9.321805000305176 -4.777712821960449 0.1156
Pedestrian 1 1 1 983.00244140625 156.00779724121094 1014.1085815429688 214.09799194335938 0.7791743874549866 1.7790861129760742 0.6187164783477783 12.07229995727539 1.2628498077392578 22.52494239807129 -7.721933841705322 0.1151
Car 1 1 1 0.0 182.06005859375 39.015480041503906 226.22213745117188 3.7058184146881104 1.529771089553833 1.6982263326644897 -24.29062843322754 1.9064205884933472 27.661409378051758 -4.676051139831543 0.1145
Pedestrian 1 1 1 665.595703125 166.96621704101562 675.9142456054688 194.2952423095703 0.798697292804718 1.8107811212539673 0.6281925439834595 4.032732963562012 1.4203650951385498 48.25265121459961 -7.692619800567627 0.1143
Pedestrian 1 1 1 113.16374206542969 165.41757202148438 147.21510314941406 230.51925659179688 0.7667224407196045 1.8428640365600586 0.6188544034957886 -13.95169448852539 1.6320579051971436 20.90626335144043 -5.606109142303467 0.1143
Pedestrian 1 1 1 1027.8056640625 156.8829803466797 1068.505615234375 223.10826110839844 0.7776967287063599 1.7876445055007935 0.5721437931060791 12.060867309570312 1.3562325239181519 19.953603744506836 -5.190365791320801 0.1131
Car 1 1 1 0.0 179.16940307617188 84.64625549316406 246.97926330566406 3.722557544708252 1.4966920614242554 1.5857633352279663 -15.273664474487305 1.673232913017273 18.2471866607666 -4.858660697937012 0.1130
Car 1 1 1 619.7545166015625 175.48617553710938 645.7463989257812 195.86618041992188 3.9326817989349365 1.5290555953979492 1.5936765670776367 1.7256848812103271 1.7429351806640625 56.685142517089844 -7.938596248626709 0.1127
Car 1 1 1 1135.177001953125 161.4502716064453 1241.0 230.26397705078125 3.5340402126312256 1.5414762496948242 1.6073343753814697 15.238739967346191 1.2857246398925781 17.996578216552734 -7.946356296539307 0.1124
Pedestrian 1 1 1 311.95550537109375 167.90138244628906 336.3962707519531 217.57077026367188 0.7312013506889343 1.7217557430267334 0.5957978367805481 -10.098478317260742 1.5497764348983765 25.391149520874023 -7.902219295501709 0.1116
Pedestrian 1 1 1 920.3485107421875 158.26937866210938 949.8491821289062 227.84002685546875 0.8822216987609863 1.7204440832138062 0.6311087608337402 8.214058876037598 1.3594744205474854 18.367488861083984 -4.350517749786377 0.1116
Pedestrian 1 1 1 710.9461059570312 156.47227478027344 733.6611328125 215.6053466796875 0.7845137119293213 1.7594366073608398 0.598877489566803 3.3494181632995605 1.2717173099517822 21.87425422668457 -4.665981292724609 0.1115
Pedestrian 1 1 1 280.9444274902344 164.47164916992188 310.869384765625 225.30349731445312 0.7097840309143066 1.730360507965088 0.602998673915863 -9.141668319702148 1.4916247129440308 20.904987335205078 -7.945127964019775 0.1109
Pedestrian 1 1 1 772.3245849609375 174.56497192382812 793.962890625 213.23046875 0.7800807356834412 1.7461674213409424 0.6230934262275696 7.905269622802734 1.825557827949524 33.11758041381836 -6.977986812591553 0.1109
Pedestrian 1 1 1 204.62554931640625 165.31455993652344 245.4593505859375 239.51950073242188 0.5991998314857483 1.6513466835021973 0.56568843126297 -8.801469802856445 1.4832650423049927 16.411338806152344 -4.491276741027832 0.1107
Car 1 1 1 500.55364990234375 178.42575073242188 539.3555908203125 203.8520050048828 3.938617467880249 1.5052943229675293 1.6233513355255127 -5.680139064788818 1.8732070922851562 45.64639663696289 -4.618159770965576 0.1106
Pedestrian 1 1 1 1036.3663330078125 155.04954528808594 1073.2640380859375 223.9622344970703 0.7793466448783875 1.7382274866104126 0.5735381841659546 11.427597045898438 1.288834810256958 18.63730812072754 -4.519026279449463 0.1105
Pedestrian 1 1 1 82.35173797607422 168.4566192626953 117.78411865234375 231.6187286376953 0.778180718421936 1.7624942064285278 0.6079367995262146 -14.59216594696045 1.6394883394241333 20.593236923217773 -4.99946403503418 0.1102
Pedestrian 1 1 1 770.7369384765625 154.83656311035156 811.8885498046875 257.7569580078125 0.7072983980178833 1.7380871772766113 0.5808529853820801 3.090725898742676 1.4335144758224487 12.558907508850098 -4.639702320098877 0.1099
Pedestrian 1 1 1 899.5493774414062 169.43350219726562 918.1260986328125 211.68643188476562 0.5704879760742188 1.7847611904144287 0.5878235697746277 12.748785018920898 1.639979362487793 30.88541603088379 -7.148970127105713 0.1094
Car 1 1 1 174.27012634277344 0.0 1241.0 374.0 3.8270022869110107 1.5518834590911865 1.6535978317260742 -0.8693917393684387 1.585147500038147 0.841887891292572 -7.865683078765869 0.1092
Car 1 1 1 1231.659912109375 164.5105438232422 1241.0 329.2235107421875 3.988948345184326 1.5185309648513794 1.5992742776870728 9.109061241149902 1.4413104057312012 7.645143985748291 -6.382318019866943 0.1092
Pedestrian 1 1 1 287.84716796875 167.67088317871094 311.71746826171875 216.13674926757812 0.7409462332725525 1.7451063394546509 0.6058109998703003 -11.380667686462402 1.5581785440444946 26.378576278686523 -4.80998420715332 0.1085
Pedestrian 1 1 1 911.7393188476562 169.73692321777344 927.9391479492188 209.18527221679688 0.47917667031288147 1.809409499168396 0.5567589998245239 14.326719284057617 1.6661362648010254 33.461063385009766 -3.9451394081115723 0.1081
Pedestrian 1 1 1 671.5137329101562 155.81906127929688 692.375244140625 215.5775909423828 0.7600286602973938 1.7784173488616943 0.6065810322761536 2.138658046722412 1.271156668663025 21.889326095581055 -4.581582546234131 0.1078
Car 1 1 1 166.87657165527344 183.23277282714844 296.6744689941406 227.0756072998047 3.8645668029785156 1.4935604333877563 1.614304780960083 -13.595257759094238 1.880210041999817 25.96261978149414 -3.07267689704895 0.1077
Car 1 1 1 442.6787109375 171.0552520751953 473.43115234375 192.17901611328125 4.233635425567627 1.8396564722061157 1.6876329183578491 -13.665349960327148 1.6827032566070557 64.99518585205078 -4.661617279052734 0.1075
Pedestrian 1 1 1 352.7001953125 162.72845458984375 389.50274658203125 233.3814239501953 0.7503470778465271 1.7872892618179321 0.6241256594657898 -6.226168632507324 1.530846118927002 18.67572593688965 -7.681436061859131 0.1073
Car 1 1 1 1236.267578125 164.94664001464844 1241.0 290.87933349609375 3.9967334270477295 1.5173197984695435 1.5951160192489624 10.910353660583496 1.421746850013733 9.596466064453125 -6.3364949226379395 0.1070
Pedestrian 1 1 1 1077.821533203125 152.71124267578125 1112.033447265625 217.15232849121094 0.7914342880249023 1.8277873992919922 0.5537056922912598 14.004608154296875 1.2561644315719604 20.912057876586914 -6.85293436050415 0.1068
Car 1 1 1 1093.4329833984375 160.0439910888672 1241.0 215.94642639160156 3.656891345977783 1.5202295780181885 1.5750144720077515 16.503328323364258 1.17156982421875 21.51993179321289 -4.81282377243042 0.1064
Pedestrian 1 1 1 0.1550009697675705 158.78359985351562 51.64977264404297 241.2319793701172 0.7398428320884705 1.8273221254348755 0.5573889017105103 -13.354914665222168 1.515176773071289 16.442880630493164 -4.293696880340576 0.1061
Pedestrian 1 1 1 1176.70751953125 147.44960021972656 1229.60302734375 244.2223663330078 0.7411132454872131 1.716760277748108 0.5232082605361938 10.81059741973877 1.2657831907272339 13.235651016235352 -4.381165027618408 0.1060
Cyclist 1 1 1 0.0 0.0 1241.0 374.0 1.8648936748504639 1.6453285217285156 0.5065311789512634 6.896610736846924 1.3070210218429565 -0.2962641417980194 -8.060708045959473 0.1060
Pedestrian 1 1 1 913.1661987304688 170.71612548828125 931.7341918945312 204.85865783691406 0.6878764629364014 1.7588225603103638 0.6474838256835938 16.259016036987305 1.648391604423523 37.63812255859375 -3.833791732788086 0.1053
Car 1 1 1 608.8291015625 177.02188110351562 639.0018920898438 203.8893280029297 4.021880149841309 1.5138318538665771 1.6670235395431519 0.757729709148407 1.7753807306289673 43.3067512512207 -4.728474140167236 0.1049
Car 1 1 1 802.5738525390625 171.23651123046875 829.9207763671875 189.88638305664062 4.176649570465088 1.6761316061019897 1.6399275064468384 19.087642669677734 1.5304603576660156 66.99301147460938 -4.634444236755371 0.1048
Pedestrian 1 1 1 730.9575805664062 164.5779571533203 746.76416015625 201.77984619140625 0.737429678440094 1.8056080341339111 0.6454504728317261 6.275770664215088 1.4036273956298828 35.3900260925293 -4.708670616149902 0.1047
Pedestrian 1 1 1 1007.195068359375 161.09967041015625 1049.5228271484375 252.64353942871094 0.5475808382034302 1.6320782899856567 0.5289500951766968 7.583449363708496 1.4222180843353271 13.188836097717285 -4.491978645324707 0.1044
Pedestrian 1 1 1 208.323974609375 171.92352294921875 224.52362060546875 217.0889434814453 0.4855075478553772 1.7929587364196777 0.5664671063423157 -15.854008674621582 1.755720615386963 28.990564346313477 -8.34233283996582 0.1037
Car 1 1 1 1213.642333984375 173.57260131835938 1241.0 374.0 4.115058898925781 1.4726407527923584 1.611858606338501 6.2356696128845215 1.4778708219528198 4.454227447509766 -6.430067539215088 0.1033
Car 1 1 1 723.5226440429688 177.04286193847656 850.276123046875 223.24295043945312 3.9195525646209717 1.497767686843872 1.6118563413619995 5.863962173461914 1.6443297863006592 24.423669815063477 -6.248387813568115 0.1033
Pedestrian 1 1 1 824.5608520507812 163.61126708984375 840.88623046875 202.30197143554688 0.6884608268737793 1.7577788829803467 0.6204901933670044 10.191691398620605 1.3375669717788696 33.16706085205078 -7.704905986785889 0.1026
Car 1 1 1 408.12286376953125 179.35411071777344 437.9805908203125 201.60101318359375 3.9571619033813477 1.5279520750045776 1.6561355590820312 -13.677114486694336 2.022305965423584 52.83760452270508 -4.845624923706055 0.1025
Car 1 1 1 513.43603515625 177.72555541992188 553.356689453125 210.91354370117188 3.888118028640747 1.511655569076538 1.6363123655319214 -3.7449681758880615 1.7636404037475586 35.403770446777344 -7.877500057220459 0.1025
Car 1 1 1 726.6093139648438 177.39022827148438 754.1661987304688 194.8433837890625 3.962698221206665 1.4571272134780884 1.609631896018982 11.374217987060547 1.8672367334365845 63.27985382080078 -7.878317356109619 0.1021
Car 1 1 1 123.60406494140625 179.50843811035156 220.1590576171875 232.41615295410156 3.59079909324646 1.5211961269378662 1.5675755739212036 -13.97614574432373 1.752116084098816 23.149919509887695 -4.926908016204834 0.1017
Pedestrian 1 1 1 862.0257568359375 160.61050415039062 902.7426147460938 242.0346221923828 0.6981121897697449 1.6636104583740234 0.5550518035888672 5.642125129699707 1.4131582975387573 15.110554695129395 -7.9275689125061035 0.1016
Pedestrian 1 1 1 1055.1009521484375 152.57199096679688 1096.2191162109375 218.15663146972656 0.7906994223594666 1.8003062009811401 0.56321781873703 13.027246475219727 1.243262767791748 20.27484130859375 -8.208663940429688 0.1014
Pedestrian 1 1 1 386.22747802734375 173.66204833984375 409.212158203125 219.71604919433594 0.6100229620933533 1.5980952978134155 0.5420493483543396 -7.519462585449219 1.6266603469848633 25.412425994873047 -4.46532678604126 0.1014
Car 1 1 1 0.0 181.64599609375 77.05333709716797 290.1365966796875 3.8986079692840576 1.542205810546875 1.5896966457366943 -11.468170166015625 1.719781756401062 12.590007781982422 -4.794364929199219 0.1011
Pedestrian 1 1 1 253.30029296875 160.83103942871094 285.5225830078125 224.20794677734375 0.7126339673995972 1.7743970155715942 0.6224662065505981 -9.756821632385254 1.4374836683273315 20.58282470703125 -7.93934965133667 0.1010
Pedestrian 1 1 1 729.5595092773438 168.44525146484375 745.5263061523438 202.9203643798828 0.7728180885314941 1.777266502380371 0.6427210569381714 6.604772090911865 1.5496858358383179 37.608795166015625 -7.93783712387085 0.1008
Pedestrian 1 1 1 1061.412109375 153.13868713378906 1104.3978271484375 223.57957458496094 0.7735302448272705 1.808469295501709 0.5643389225006104 12.39626407623291 1.3020069599151611 18.99986457824707 -8.366118431091309 0.1006
Car 1 1 1 337.352783203125 180.8953399658203 468.4891052246094 227.0657196044922 3.9605865478515625 1.4820822477340698 1.5814412832260132 -6.986066818237305 1.7637333869934082 24.38884162902832 -3.0804693698883057 0.1005
Car 1 1 1 202.2435302734375 180.9590606689453 347.03765869140625 229.0120849609375 4.129673957824707 1.5135656595230103 1.615244746208191 -11.170784950256348 1.794800043106079 24.06355857849121 -3.046757221221924 0.1003
