Car 1 1 1 383.9986267089844 185.1118621826172 496.1504821777344 272.2314147949219 3.9104011058807373 1.496207356452942 1.6368893384933472 -3.420255661010742 1.7840752601623535 14.959053993225098 -4.776261329650879 0.8279
Car 1 1 1 3.169422149658203 190.31224060058594 287.27410888671875 338.0013732910156 3.697622776031494 1.507429599761963 1.5782253742218018 -5.930986404418945 1.787384271621704 9.696613311767578 -4.7626566886901855 0.7893
Car 1 1 1 223.58338928222656 187.3098907470703 379.6527404785156 283.0201110839844 3.6926236152648926 1.49797785282135 1.5929861068725586 -5.728694915771484 1.811202883720398 13.756754875183105 -4.774570465087891 0.7772
Cyclist 1 1 1 812.160888671875 162.57167053222656 947.7835693359375 284.3228759765625 1.7238777875900269 1.655419111251831 0.6481024026870728 3.748145818710327 1.5153130292892456 10.286293983459473 -2.9582858085632324 0.7489
Car 1 1 1 635.406982421875 179.235107421875 725.8272705078125 213.69056701660156 4.052830219268799 1.5664550065994263 1.687843680381775 3.246516227722168 1.87576162815094 34.078216552734375 -6.32618522644043 0.6889
Cyclist 1 1 1 782.1580200195312 165.2340087890625 899.4405517578125 269.9646911621094 1.7450071573257446 1.6671967506408691 0.5898427963256836 3.7054638862609863 1.5455950498580933 11.847893714904785 -3.0638296604156494 0.6603
Car 1 1 1 1105.764892578125 162.36923217773438 1241.0 256.59320068359375 4.106868743896484 1.5966389179229736 1.6184526681900024 11.521788597106934 1.418673038482666 13.059700965881348 -3.153266429901123 0.6331
Car 1 1 1 611.1141357421875 178.39366149902344 672.583740234375 203.52687072753906 3.9764010906219482 1.622302770614624 1.687612771987915 2.0438730716705322 1.9959735870361328 47.8345832824707 -6.298901081085205 0.5995
Car 1 1 1 549.2096557617188 180.79550170898438 570.4630737304688 200.4566192626953 3.971067190170288 1.6223458051681519 1.63434636592865 -4.38429594039917 2.3390111923217773 63.145572662353516 -4.72479248046875 0.5865
Car 1 1 1 494.0709533691406 180.97311401367188 541.6879272460938 223.6886444091797 4.114255428314209 1.567183494567871 1.6570123434066772 -3.725292444229126 1.9211063385009766 29.375749588012695 -4.773172855377197 0.5852
Pedestrian 1 1 1 776.0338745117188 161.33372497558594 821.6935424804688 246.57421875 0.6792240142822266 1.7683181762695312 0.6721403002738953 3.9877634048461914 1.5290298461914062 15.442696571350098 -3.8123583793640137 0.4724
Pedestrian 1 1 1 808.3196411132812 163.3287811279297 835.008056640625 215.05722045898438 0.8468989729881287 1.7621190547943115 0.583213746547699 7.315300941467285 1.4373445510864258 25.089067459106445 -7.124319076538086 0.4125
Pedestrian 1 1 1 735.1036987304688 170.13726806640625 749.781494140625 202.1815185546875 0.7470846772193909 1.7513995170593262 0.6481934785842896 7.268095970153809 1.6026142835617065 39.822227478027344 -4.752086639404297 0.3996
Pedestrian 1 1 1 0.0 178.37681579589844 61.85408401489258 288.1668395996094 0.5887236595153809 1.6037994623184204 0.5629544854164124 -8.868043899536133 1.689866065979004 10.929625511169434 -4.467184066772461 0.3736
Pedestrian 1 1 1 216.58236694335938 174.14601135253906 254.93820190429688 250.95497131347656 0.5116943717002869 1.75246262550354 0.6051326394081116 -8.755278587341309 1.7827932834625244 16.789527893066406 -4.489585876464844 0.3548
Cyclist 1 1 1 751.5364990234375 171.1605682373047 775.1229248046875 208.30474853515625 1.7221930027008057 1.6433534622192383 0.49344998598098755 6.916591644287109 1.568131685256958 32.809329986572266 -7.990478992462158 0.3513
Pedestrian 1 1 1 66.32555389404297 159.9708251953125 121.81702423095703 251.92703247070312 0.7053266763687134 1.748031497001648 0.548741340637207 -10.163588523864746 1.5028302669525146 14.150351524353027 -4.287963390350342 0.2845
Car 1 1 1 363.4323425292969 184.66038513183594 445.1957702636719 241.64952087402344 3.797762870788574 1.4627033472061157 1.5956135988235474 -6.005627632141113 1.8426403999328613 21.283464431762695 -4.78909158706665 0.2777
Pedestrian 1 1 1 798.9125366210938 164.19557189941406 814.241943359375 201.3307647705078 0.5012689828872681 1.7846170663833618 0.5486495494842529 9.507060050964355 1.3682162761688232 35.04543685913086 -7.106711387634277 0.2741
Pedestrian 1 1 1 397.7880554199219 164.95050048828125 413.5779113769531 200.9637908935547 0.71426922082901 1.8147978782653809 0.6443743705749512 -10.439276695251465 1.4162211418151855 36.740291595458984 -7.9288649559021 0.2538
Car 1 1 1 363.2803649902344 185.3143768310547 417.35791015625 225.10302734375 3.5478596687316895 1.5027406215667725 1.6038357019424438 -9.192692756652832 2.0574843883514404 30.278921127319336 -4.84036111831665 0.2482
Pedestrian 1 1 1 279.9912109375 164.4651641845703 313.2101135253906 220.76388549804688 0.8545491099357605 1.7751235961914062 0.6409023404121399 -10.120351791381836 1.5103201866149902 23.210189819335938 -7.744325160980225 0.2371
Pedestrian 1 1 1 753.9104614257812 164.61260986328125 771.2244262695312 197.82809448242188 0.8298353552818298 1.8429254293441772 0.6015627384185791 8.535908699035645 1.3853607177734375 40.54085922241211 -7.081944942474365 0.2370
Pedestrian 1 1 1 951.5374145507812 160.27886962890625 992.8328247070312 229.02748107910156 0.7608199119567871 1.7065807580947876 0.5833190679550171 9.15195083618164 1.3941221237182617 18.350858688354492 -4.957301139831543 0.2300
Pedestrian 1 1 1 962.9155883789062 154.55198669433594 993.0868530273438 214.78204345703125 0.7487573623657227 1.7886971235275269 0.6242719292640686 11.08740234375 1.2448686361312866 21.852113723754883 -7.674612522125244 0.2281
Cyclist 1 1 1 976.4284057617188 159.8672637939453 1069.8319091796875 234.33311462402344 1.779420018196106 1.6835479736328125 0.6153031587600708 9.495545387268066 1.3896396160125732 16.72100067138672 -3.0259671211242676 0.2248
Car 1 1 1 395.0491027832031 182.4608917236328 460.24627685546875 228.33197021484375 3.7909600734710693 1.4802491664886475 1.5268305540084839 -6.533524036407471 1.8519034385681152 26.012758255004883 -4.750654220581055 0.2234
Pedestrian 1 1 1 63.607582092285156 160.1707305908203 116.7598876953125 246.59007263183594 0.7307923436164856 1.727202296257019 0.5421385765075684 -10.761178016662598 1.4734108448028564 14.872779846191406 -4.189901351928711 0.2224
Pedestrian 1 1 1 716.0197143554688 167.8758087158203 731.1502075195312 203.87185668945312 0.787739098072052 1.7796366214752197 0.6603529453277588 5.635270118713379 1.5332164764404297 36.079566955566406 -4.671963691711426 0.2208
Car 1 1 1 595.0303344726562 178.87051391601562 628.8678588867188 210.14157104492188 3.887570858001709 1.54117751121521 1.6666721105575562 0.10948852449655533 1.8766347169876099 38.292964935302734 -7.817210674285889 0.2121
Pedestrian 1 1 1 659.58837890625 164.69732666015625 678.9110717773438 200.38172912597656 0.8752463459968567 1.817597508430481 0.5986166596412659 3.0237200260162354 1.4018343687057495 37.27927780151367 -4.012081146240234 0.2025
Car 1 1 1 541.1897583007812 180.54367065429688 585.1873779296875 222.37948608398438 3.9160239696502686 1.5406129360198975 1.6639909744262695 -1.9019837379455566 1.8737462759017944 29.294893264770508 -7.8968634605407715 0.2016
Pedestrian 1 1 1 995.278564453125 159.9512481689453 1026.54248046875 231.23455810546875 0.7360770106315613 1.7042797803878784 0.5581019520759583 9.792879104614258 1.3954938650131226 17.712661743164062 -4.040898323059082 0.1997
Car 1 1 1 665.0659790039062 173.72532653808594 694.6724243164062 196.04180908203125 3.9286458492279053 1.6292823553085327 1.641341209411621 5.2430620193481445 1.6976416110992432 54.845848083496094 -4.773472785949707 0.1997
Car 1 1 1 638.94873046875 179.7841339111328 701.1082153320312 225.69192504882812 3.849862575531006 1.4973822832107544 1.635858178138733 2.0468509197235107 1.766995906829834 26.11796760559082 -7.934288501739502 0.1950
Car 1 1 1 293.4703369140625 187.1015167236328 377.1510009765625 228.64942932128906 3.8491241931915283 1.4536622762680054 1.6846760511398315 -10.808496475219727 2.056126832962036 28.55962371826172 -4.659731388092041 0.1920
Car 1 1 1 626.5995483398438 178.2168731689453 663.0482177734375 209.62222290039062 3.930856227874756 1.5451351404190063 1.6322555541992188 1.754037857055664 1.8432650566101074 38.16481018066406 -7.881042957305908 0.1894
Pedestrian 1 1 1 757.4739379882812 161.06834411621094 776.9683227539062 206.4396209716797 0.8197781443595886 1.7890558242797852 0.6182957887649536 6.2671122550964355 1.3240305185317993 28.950220108032227 -4.304133415222168 0.1880
Pedestrian 1 1 1 827.6843872070312 161.4964141845703 847.1832885742188 206.70994567871094 0.7390689849853516 1.7486399412155151 0.6126458048820496 8.874042510986328 1.3090834617614746 28.312889099121094 -7.7192912101745605 0.1835
Pedestrian 1 1 1 731.4982299804688 164.12762451171875 742.65234375 192.8357696533203 0.7819238901138306 1.8530948162078857 0.6385341882705688 8.238716125488281 1.2895115613937378 46.98786544799805 -7.781708240509033 0.1813
Pedestrian 1 1 1 383.53961181640625 167.5020751953125 401.3294372558594 204.1094512939453 0.6707528829574585 1.7773878574371338 0.6760725975036621 -10.7021484375 1.5172374248504639 35.37213134765625 -7.8662495613098145 0.1806
Car 1 1 1 647.4701538085938 167.91773986816406 669.9332885742188 190.04684448242188 4.248283863067627 1.9092084169387817 1.720454454421997 4.289303302764893 1.4830273389816284 64.37659454345703 -7.852626323699951 0.1802
Pedestrian 1 1 1 886.8093872070312 154.6130828857422 928.2199096679688 235.5695343017578 0.7549721002578735 1.7661405801773071 0.5796837210655212 6.591882705688477 1.3678981065750122 16.138370513916016 -7.925947666168213 0.1759
Pedestrian 1 1 1 800.6626586914062 159.18698120117188 822.2820434570312 215.9483642578125 0.7428765892982483 1.7613871097564697 0.6369022130966187 6.319273948669434 1.3369801044464111 22.827543258666992 -4.46922492980957 0.1698
Car 1 1 1 684.5859985351562 179.48301696777344 738.2260131835938 220.2229461669922 4.093061447143555 1.4940030574798584 1.6298828125 3.980720281600952 1.7806931734085083 29.183063507080078 -4.702547550201416 0.1678
Cyclist 1 1 1 846.6967163085938 161.49720764160156 883.033203125 216.29335021972656 1.7505680322647095 1.7185994386672974 0.5359829664230347 8.234603881835938 1.3621107339859009 23.510034561157227 -4.730815887451172 0.1675
Pedestrian 1 1 1 653.9511108398438 172.33580017089844 663.8570556640625 193.4879913330078 0.7182754874229431 1.7321916818618774 0.5571274757385254 4.007116794586182 1.6894543170928955 59.5255126953125 -8.238749504089355 0.1664
Car 1 1 1 1241.0 162.19320678710938 1241.0 281.8821105957031 3.942445993423462 1.5323495864868164 1.59980046749115 11.65073299407959 1.3955618143081665 10.245265007019043 -6.391112804412842 0.1649
Pedestrian 1 1 1 0.7323939800262451 159.54530334472656 64.02693939208984 263.320556640625 0.6543447375297546 1.7492189407348633 0.5693694353103638 -10.099431037902832 1.5245896577835083 12.56005573272705 -4.405241966247559 0.1648
Pedestrian 1 1 1 52.057437896728516 175.9780731201172 106.61164855957031 261.5819396972656 0.633975625038147 1.5210230350494385 0.5052412748336792 -9.747058868408203 1.5793553590774536 13.193760871887207 -4.5780463218688965 0.1624
Pedestrian 1 1 1 1080.4296875 157.1266326904297 1119.716796875 233.1519317626953 0.7709940075874329 1.684577465057373 0.5625782012939453 11.105022430419922 1.3357888460159302 16.445058822631836 -4.373062610626221 0.1624
Car 1 1 1 0.0 0.0 1241.0 374.0 3.793792247772217 1.5323655605316162 1.6354589462280273 3.018014669418335 1.5539413690567017 0.9378780722618103 -7.8533501625061035 0.1616
Pedestrian 1 1 1 778.1957397460938 160.3153533935547 797.1802978515625 211.08126831054688 0.7103425860404968 1.7816405296325684 0.6198909878730774 6.298799514770508 1.3412941694259644 25.752811431884766 -7.557188510894775 0.1588
Pedestrian 1 1 1 1165.3240966796875 151.4989776611328 1200.927978515625 229.517578125 0.7420781254768372 1.728029727935791 0.5723000168800354 13.014012336730957 1.2547385692596436 16.447391510009766 -3.952739715576172 0.1553
Pedestrian 1 1 1 647.1610717773438 167.65711975097656 661.1936645507812 197.7808380126953 0.7863529920578003 1.8604477643966675 0.6293244957923889 2.72589111328125 1.5391876697540283 45.051937103271484 -7.415430545806885 0.1553
Pedestrian 1 1 1 691.2085571289062 174.11978149414062 712.3095703125 228.2437286376953 0.6334549784660339 1.6188443899154663 0.5962444543838501 2.735381841659546 1.6576056480407715 21.9313907623291 -4.6504106521606445 0.1539
Pedestrian 1 1 1 1113.281005859375 154.78282165527344 1151.34521484375 230.7223358154297 0.7542744874954224 1.7133204936981201 0.5927348732948303 12.05917739868164 1.3053051233291626 16.747709274291992 -4.261137962341309 0.1537
Cyclist 1 1 1 923.7133178710938 157.99761962890625 974.8085327148438 227.79803466796875 1.750745415687561 1.692905306816101 0.5206791758537292 8.560978889465332 1.3322858810424805 18.382219314575195 -7.825637340545654 0.1512
Pedestrian 1 1 1 723.6271362304688 169.99916076660156 735.8490600585938 194.23117065429688 0.6337611079216003 1.7875949144363403 0.6345980167388916 8.876721382141113 1.576692819595337 53.671321868896484 -3.777806282043457 0.1502
Cyclist 1 1 1 742.9404907226562 168.52658081054688 765.1700439453125 207.85714721679688 1.7421619892120361 1.6891766786575317 0.5134355425834656 6.308372497558594 1.5030220746994019 31.87652587890625 -7.92855978012085 0.1480
Pedestrian 1 1 1 454.5152282714844 172.44078063964844 463.51556396484375 197.26492309570312 0.8447742462158203 1.7964445352554321 0.5105858445167542 -11.059892654418945 1.7662396430969238 52.701690673828125 -5.0845842361450195 0.1477
Pedestrian 1 1 1 632.8578491210938 175.5035858154297 647.5606689453125 215.73654174804688 0.7544711232185364 1.5894787311553955 0.5735996961593628 1.1713385581970215 1.6969449520111084 28.952394485473633 -7.790370464324951 0.1462
Pedestrian 1 1 1 815.692626953125 161.44525146484375 834.9718017578125 209.0048828125 0.6888947486877441 1.7328330278396606 0.6262919902801514 7.914022445678711 1.3168554306030273 26.69003677368164 -7.6495585441589355 0.1449
Car 1 1 1 532.6259765625 178.96420288085938 555.06591796875 200.3256072998047 4.045750617980957 1.5283339023590088 1.6341772079467773 -5.028947830200195 2.010460376739502 54.890403747558594 -4.786870956420898 0.1435
Pedestrian 1 1 1 795.3912353515625 163.5681915283203 810.5518798828125 200.6681365966797 0.5128817558288574 1.8160969018936157 0.5896710157394409 9.507328033447266 1.361242651939392 35.69779968261719 -4.119001388549805 0.1429
Car 1 1 1 600.7056884765625 179.6128387451172 660.8419189453125 202.5535125732422 4.022927761077881 1.5589781999588013 1.667887568473816 1.4049861431121826 2.0439114570617676 50.732177734375 -6.403243541717529 0.1400
Pedestrian 1 1 1 1009.0289916992188 157.43734741210938 1042.088623046875 216.47958374023438 0.7086775302886963 1.7349097728729248 0.6025331020355225 12.367175102233887 1.2816035747528076 21.573047637939453 -7.795899868011475 0.1390
Pedestrian 1 1 1 875.3412475585938 161.52430725097656 899.864990234375 218.8382568359375 0.7166502475738525 1.6785340309143066 0.5988864898681641 8.235453605651855 1.3464252948760986 21.5512638092041 -4.469471454620361 0.1390
Car 1 1 1 0.0 188.3579559326172 0.0 374.0 3.951569080352783 1.5568289756774902 1.6375951766967773 -5.341371536254883 1.6442797183990479 2.0980148315429688 -7.8664116859436035 0.1385
Pedestrian 1 1 1 729.427490234375 170.51527404785156 757.3929443359375 236.2857666015625 0.7659530639648438 1.6710405349731445 0.592620849609375 3.4029006958007812 1.6113200187683105 18.719263076782227 -4.698493003845215 0.1368
Car 1 1 1 394.335693359375 180.6624755859375 459.2564392089844 214.5326385498047 3.880385160446167 1.507575273513794 1.5788261890411377 -8.877391815185547 1.909498929977417 35.114776611328125 -4.526965618133545 0.1364
Car 1 1 1 700.288330078125 179.17999267578125 791.8325805664062 234.41920471191406 3.9992196559906006 1.4817681312561035 1.6239902973175049 3.962319850921631 1.6917719841003418 21.908979415893555 -7.966389179229736 0.1362
Cyclist 1 1 1 731.6824951171875 169.7409210205078 756.003173828125 210.69143676757812 1.7291215658187866 1.7069646120071411 0.5490202307701111 5.686802387237549 1.5768998861312866 30.965700149536133 -4.822119235992432 0.1350
Pedestrian 1 1 1 429.940185546875 168.5349578857422 443.9571228027344 198.8739471435547 0.8561505675315857 1.8600448369979858 0.5804014801979065 -10.751177787780762 1.5949496030807495 44.697391510009766 -7.729321002960205 0.1335
Car 1 1 1 0.0 0.0 1241.0 374.0 3.9434452056884766 1.5398987531661987 1.6583967208862305 -3.430877923965454 1.635111927986145 1.0048623085021973 -7.89097261428833 0.1330
Car 1 1 1 685.4208374023438 167.68331909179688 710.8583374023438 188.49798583984375 4.097357273101807 1.8000335693359375 1.7016592025756836 7.815632343292236 1.352577567100525 64.46121215820312 -7.871525287628174 0.1328
Car 1 1 1 0.0 0.0 1237.9918212890625 374.0 3.8098032474517822 1.542454481124878 1.6129839420318604 1.4001238346099854 1.5649240016937256 0.6822145581245422 -7.859933376312256 0.1320
Pedestrian 1 1 1 669.8350830078125 170.88011169433594 692.0955810546875 234.4220733642578 0.7409653067588806 1.6118062734603882 0.5328924059867859 1.7809829711914062 1.5614367723464966 18.684003829956055 -4.669882774353027 0.1311
Car 1 1 1 410.9862365722656 180.27967834472656 459.68695068359375 209.5194549560547 4.134400844573975 1.4742568731307983 1.6485464572906494 -9.531013488769531 1.901821255683899 39.50322341918945 -4.707171440124512 0.1304
Car 1 1 1 457.1818542480469 176.51414489746094 529.0188598632812 239.6179656982422 3.934523820877075 1.6822383403778076 1.6489070653915405 -3.4272408485412598 1.8009618520736694 21.46509552001953 -4.751948833465576 0.1298
Pedestrian 1 1 1 458.4996032714844 170.69845581054688 467.6288146972656 195.48069763183594 0.8467704057693481 1.8386764526367188 0.5246783494949341 -11.03261947631836 1.67844820022583 54.02397918701172 -8.237091064453125 0.1278
Car 1 1 1 0.0 0.0 1241.0 374.0 3.8570077419281006 1.531499981880188 1.624322533607483 4.618510723114014 1.5377202033996582 1.3054630756378174 -7.887800693511963 0.1258
Pedestrian 1 1 1 792.7291259765625 169.1298065185547 829.5547485351562 254.44386291503906 0.6728376746177673 1.5591824054718018 0.5308793783187866 3.7106773853302 1.490820050239563 13.536332130432129 -4.660817623138428 0.1248
Pedestrian 1 1 1 637.8458251953125 171.16519165039062 648.452392578125 195.6255645751953 0.779579222202301 1.7943516969680786 0.6468440294265747 2.4253103733062744 1.6701645851135254 53.385433197021484 -7.6151604652404785 0.1247
Car 1 1 1 311.0446472167969 179.8919677734375 385.6048278808594 215.94631958007812 4.043228626251221 1.4794626235961914 1.657893419265747 -11.72524356842041 1.8163470029830933 32.493160247802734 -4.6415300369262695 0.1246
Car 1 1 1 799.689208984375 168.716064453125 891.3394165039062 198.8551025390625 4.067638874053955 1.4720337390899658 1.632497787475586 11.761693954467773 1.2696313858032227 36.271751403808594 -6.391232490539551 0.1236
Pedestrian 1 1 1 0.0 178.85287475585938 44.833988189697266 282.0015869140625 0.679962158203125 1.5499578714370728 0.5342043042182922 -9.414362907409668 1.646278738975525 11.25321102142334 -4.598029136657715 0.1230
Car 1 1 1 496.9013671875 180.01785278320312 528.5880737304688 207.04446411132812 3.859436511993408 1.5507618188858032 1.5946741104125977 -5.977209091186523 2.010826587677002 44.40471267700195 -7.8980021476745605 0.1221
Car 1 1 1 458.70245361328125 181.12367248535156 499.1092224121094 208.96592712402344 3.8113629817962646 1.497963309288025 1.5757269859313965 -7.593819618225098 1.9997632503509521 41.885589599609375 -7.831193447113037 0.1219
Pedestrian 1 1 1 663.5717163085938 173.44532775878906 685.2008056640625 238.17083740234375 0.7290371060371399 1.522438645362854 0.5041950345039368 1.491822361946106 1.5366783142089844 17.359872817993164 -4.642263412475586 0.1210
Car 1 1 1 654.2178344726562 178.86846923828125 688.1069946289062 207.9283905029297 3.9016287326812744 1.5062832832336426 1.6426454782485962 3.322448253631592 1.8573650121688843 40.1846809387207 -7.830630779266357 0.1202
Car 1 1 1 431.6709899902344 180.9149932861328 482.9405822753906 215.30311584472656 3.787753105163574 1.5079190731048584 1.5486317873001099 -7.26578950881958 1.913931965827942 34.45326614379883 -4.683138370513916 0.1202
Cyclist 1 1 1 354.8619384765625 171.1542205810547 405.87457275390625 261.23382568359375 1.9010878801345825 1.694449543952942 0.5709189176559448 -4.6474738121032715 1.6621758937835693 14.543477058410645 -4.795358180999756 0.1200
Car 1 1 1 702.2105712890625 171.39991760253906 786.2980346679688 202.3999481201172 3.95831036567688 1.559897541999817 1.6705430746078491 6.904330253601074 1.4864290952682495 37.469322204589844 -6.455414295196533 0.1188
Car 1 1 1 0.0 183.38641357421875 58.71556854248047 286.3868408203125 3.8815200328826904 1.519818663597107 1.608010172843933 -12.089003562927246 1.7410098314285278 13.120077133178711 -4.892726421356201 0.1188
Pedestrian 1 1 1 836.7345581054688 160.4466094970703 872.033447265625 224.60964965820312 0.8307518362998962 1.698452353477478 0.6041312217712402 6.592731952667236 1.3697178363800049 19.607215881347656 -7.070611000061035 0.1184
Pedestrian 1 1 1 188.575439453125 169.62730407714844 226.82679748535156 235.41905212402344 0.7026973962783813 1.6097956895828247 0.5714215636253357 -10.084232330322266 1.5305448770523071 18.011638641357422 -4.732494831085205 0.1182
Cyclist 1 1 1 257.8487548828125 160.21575927734375 305.2665710449219 214.90220642089844 1.6140307188034058 1.7140368223190308 0.5573190450668335 -10.703639030456543 1.3176167011260986 23.462080001831055 -4.506565093994141 0.1181
Pedestrian 1 1 1 681.8844604492188 173.17233276367188 708.5709838867188 244.91860961914062 0.7276695966720581 1.533633828163147 0.4970649778842926 1.805943489074707 1.5404613018035889 15.790719985961914 -4.713238716125488 0.1172
Car 1 1 1 102.76095581054688 0.0 1241.0 374.0 3.822502851486206 1.5538431406021118 1.6483564376831055 -1.1599299907684326 1.5956978797912598 0.8480392098426819 -7.860462665557861 0.1162
Car 1 1 1 486.1473693847656 180.60630798339844 519.0887451171875 210.11109924316406 3.774402379989624 1.5228298902511597 1.5945113897323608 -5.97805118560791 1.9755547046661377 40.21502685546875 -7.9416184425354 0.1158
Car 1 1 1 1001.0274658203125 171.9461212158203 1130.3353271484375 223.43348693847656 3.757666826248169 1.494262933731079 1.562157392501831 14.226837158203125 1.4676142930984497 22.862890243530273 -4.772663116455078 0.1157
Car 1 1 1 1228.6029052734375 165.68031311035156 1241.0 325.64105224609375 4.054765224456787 1.4715334177017212 1.5902456045150757 9.08846664428711 1.4052402973175049 7.638477802276611 -6.386932373046875 0.1157
Car 1 1 1 375.1180114746094 179.22970581054688 425.5447082519531 209.23997497558594 4.052271366119385 1.5224100351333618 1.6566177606582642 -11.448565483093262 1.889299988746643 39.51287078857422 -4.731895923614502 0.1154
Pedestrian 1 1 1 422.25909423828125 168.14852905273438 436.7304382324219 199.04502868652344 0.8558256030082703 1.8124970197677612 0.6210417747497559 -10.73054313659668 1.5361570119857788 42.76606750488281 -7.820324420928955 0.1152
Pedestrian 1 1 1 760.1129150390625 169.1611328125 787.9734497070312 237.3317108154297 0.7623168230056763 1.662729263305664 0.5902043581008911 4.035153865814209 1.5723578929901123 18.008319854736328 -4.609334468841553 0.1150
Pedestrian 1 1 1 720.2966918945312 170.502685546875 750.2877197265625 249.00978088378906 0.7561159729957581 1.533888578414917 0.5155353546142578 2.45491099357605 1.4876482486724854 14.491659164428711 -4.646970748901367 0.1138
Car 1 1 1 37.73393630981445 187.98529052734375 245.80638122558594 291.9741516113281 4.047607421875 1.4925425052642822 1.6298671960830688 -8.245409965515137 1.8112996816635132 13.093775749206543 -4.857756614685059 0.1121
Pedestrian 1 1 1 988.7593383789062 157.38075256347656 1020.453369140625 216.5337677001953 0.7223772406578064 1.7354228496551514 0.6170047521591187 11.738626480102539 1.2811710834503174 21.569787979125977 -7.711165904998779 0.1116
Car 1 1 1 706.1298828125 171.19723510742188 731.0126953125 190.7591094970703 3.7663726806640625 1.5952061414718628 1.6396394968032837 9.082823753356934 1.4598008394241333 60.7474479675293 -7.821969509124756 0.1108
Cyclist 1 1 1 1052.2542724609375 155.10214233398438 1133.570556640625 241.55198669433594 1.712646245956421 1.6757049560546875 0.5123598575592041 9.834117889404297 1.3313109874725342 14.844751358032227 -7.86377477645874 0.1107
Cyclist 1 1 1 1000.1874389648438 153.21217346191406 1076.3734130859375 238.55484008789062 1.731318712234497 1.6815205812454224 0.5042291283607483 8.860278129577637 1.2942144870758057 15.092353820800781 -7.8973565101623535 0.1097
Pedestrian 1 1 1 1218.3819580078125 148.41261291503906 1241.0 228.26205444335938 0.7446157336235046 1.7674480676651 0.5847207903862 14.312037467956543 1.2261439561843872 16.42629051208496 -4.3245344161987305 0.1096
Car 1 1 1 555.7010498046875 178.8312225341797 577.9346923828125 200.40194702148438 3.961158037185669 1.5842214822769165 1.652201533317566 -3.4183928966522217 2.0660512447357178 56.16114044189453 -4.790650844573975 0.1093
Car 1 1 1 0.0 186.2147674560547 0.0 374.0 4.06767463684082 1.5648019313812256 1.6181831359863281 -10.488582611083984 1.7533930540084839 8.100802421569824 -4.805278778076172 0.1085
Cyclist 1 1 1 312.123291015625 161.571533203125 350.8487243652344 210.5286102294922 1.6238844394683838 1.714561939239502 0.5511599183082581 -10.10707950592041 1.3191304206848145 26.116689682006836 -4.539966106414795 0.1085
Pedestrian 1 1 1 666.020263671875 171.43734741210938 686.33544921875 231.554931640625 0.7586156725883484 1.6310399770736694 0.543027400970459 1.7877790927886963 1.592305064201355 19.983875274658203 -4.597399711608887 0.1080
Pedestrian 1 1 1 789.2367553710938 166.5633087158203 814.9749755859375 237.0371856689453 0.7526566386222839 1.6865659952163696 0.5595206618309021 4.669758319854736 1.535718560218811 17.71442222595215 -4.3819756507873535 0.1080
Cyclist 1 1 1 0.0 0.0 1241.0 374.0 1.8656086921691895 1.6709100008010864 0.5192572474479675 6.904639720916748 1.3175487518310547 -0.2843867540359497 -8.02326774597168 0.1074
Car 1 1 1 477.30755615234375 180.22923278808594 522.0528564453125 213.9130859375 3.9092769622802734 1.5021297931671143 1.6137431859970093 -5.3311991691589355 1.879644751548767 34.999568939208984 -4.722894668579102 0.1074
Car 1 1 1 507.8797302246094 178.512939453125 534.2952270507812 202.74285888671875 3.8145382404327393 1.5337755680084229 1.6290136575698853 -5.980884075164795 1.929814338684082 48.56459426879883 -7.940126895904541 0.1068
Pedestrian 1 1 1 452.15435791015625 172.85675048828125 461.1728820800781 198.17308044433594 0.8281021118164062 1.800364375114441 0.5228351950645447 -11.038583755493164 1.800262451171875 51.79050064086914 -5.061192989349365 0.1062
Pedestrian 1 1 1 111.35099029541016 163.0186004638672 161.3069610595703 249.3865966796875 0.6620736122131348 1.7246694564819336 0.555661141872406 -9.777283668518066 1.527967929840088 14.822847366333008 -4.300568580627441 0.1060
Pedestrian 1 1 1 175.71835327148438 172.53440856933594 210.1090850830078 240.7779541015625 0.5192605257034302 1.6178027391433716 0.5166193246841431 -10.092203140258789 1.6099263429641724 17.379840850830078 -4.651592254638672 0.1060
Car 1 1 1 726.2657470703125 167.98464965820312 789.711669921875 190.44708251953125 4.408339977264404 1.6590994596481323 1.661292314529419 11.152717590332031 1.2991433143615723 54.587196350097656 -6.5042033195495605 0.1059
Car 1 1 1 810.8933715820312 177.85891723632812 966.4086303710938 266.77667236328125 3.781102180480957 1.4901723861694336 1.5592669248580933 5.230264663696289 1.6015968322753906 14.206487655639648 -7.866697788238525 0.1057
Car 1 1 1 707.5267944335938 167.22422790527344 730.5088500976562 188.2470703125 4.257748603820801 1.8243486881256104 1.7050837278366089 9.733048439025879 1.3355008363723755 64.79816436767578 -7.783593654632568 0.1053
Pedestrian 1 1 1 751.3543701171875 164.86984252929688 763.832763671875 194.77206420898438 0.7605637907981873 1.8464062213897705 0.5813811421394348 9.177059173583984 1.35309898853302 45.024452209472656 -7.382334232330322 0.1051
Car 1 1 1 830.903076171875 176.40989685058594 943.951416015625 214.08599853515625 4.080901622772217 1.4893895387649536 1.646386981010437 11.390233993530273 1.6416404247283936 29.843791961669922 -3.2872982025146484 0.1042
Cyclist 1 1 1 451.9194030761719 165.41964721679688 475.8111877441406 213.84942626953125 1.6781375408172607 1.6896357536315918 0.5378496646881104 -5.301205635070801 1.429963231086731 26.01490592956543 -4.722103595733643 0.1039
Car 1 1 1 577.2456665039062 180.24436950683594 602.07861328125 204.40371704101562 4.025073528289795 1.579149842262268 1.6668195724487305 -1.4765160083770752 2.116584539413452 50.45658493041992 -4.751636981964111 0.1033
Car 1 1 1 1080.8118896484375 170.4288787841797 1228.109130859375 226.06190490722656 3.6603946685791016 1.5012799501419067 1.5518547296524048 15.84677505493164 1.4355370998382568 21.311901092529297 -4.726433753967285 0.1031
Car 1 1 1 914.614501953125 173.36509704589844 1088.1009521484375 228.11871337890625 4.0367302894592285 1.4853565692901611 1.6116482019424438 10.983942031860352 1.500300407409668 20.556026458740234 -6.203392505645752 0.1021
Car 1 1 1 301.62359619140625 181.12245178222656 395.4559631347656 230.1205596923828 3.9799280166625977 1.4973976612091064 1.589289903640747 -8.896306991577148 1.8042315244674683 24.769065856933594 -4.654462814331055 0.1016
Car 1 1 1 121.99617767333984 182.01864624023438 239.73570251464844 238.80247497558594 3.6053571701049805 1.5066510438919067 1.5585259199142456 -12.73870849609375 1.804054856300354 21.589845657348633 -4.775931358337402 0.1014
Car 1 1 1 765.5992431640625 173.09317016601562 860.95166015625 206.6463623046875 3.900651454925537 1.4835138320922852 1.5954545736312866 9.242510795593262 1.4945483207702637 33.0567512512207 -6.46577787399292 0.1011
Car 1 1 1 1241.0 172.31832885742188 1241.0 374.0 4.043657302856445 1.5090354681015015 1.6323435306549072 6.237147331237793 1.5073941946029663 3.889683723449707 -4.628946781158447 0.1006
Pedestrian 1 1 1 818.247314453125 161.73487854003906 838.4033813476562 208.03749084472656 0.7001189589500427 1.7282971143722534 0.6302139163017273 8.216484069824219 1.3129633665084839 27.322784423828125 -7.714061260223389 0.1005
