Cyclist 1 1 1 934.9295043945312 158.6815185546875 980.081298828125 216.83018493652344 1.7285621166229248 1.7444201707839966 0.5049126148223877 10.77157211303711 1.3189557790756226 22.521202087402344 -7.902774333953857 0.8113
Car 1 1 1 216.32313537597656 184.06597900390625 333.6184997558594 244.70388793945312 4.129427433013916 1.5082335472106934 1.6601364612579346 -9.551351547241211 1.8643908500671387 20.83265495300293 -4.766912460327148 0.8057
Pedestrian 1 1 1 299.5055847167969 162.1463165283203 319.7384338378906 205.24623107910156 0.6392658948898315 1.8427945375442505 0.6523572206497192 -13.027677536010742 1.384672999382019 31.202058792114258 -7.95792818069458 0.3420
Pedestrian 1 1 1 370.0270080566406 166.0944061279297 386.32025146484375 198.8465576171875 0.7770428657531738 1.8513331413269043 0.6486070156097412 -13.267789840698242 1.4689431190490723 41.19249725341797 -7.7942118644714355 0.3347
Pedestrian 1 1 1 137.47654724121094 160.41444396972656 177.627685546875 223.57522583007812 0.8448932766914368 1.8192211389541626 0.6451920866966248 -13.337004661560059 1.4606245756149292 21.209150314331055 -4.699125289916992 0.3244
Cyclist 1 1 1 780.7686157226562 166.9893035888672 799.9049682617188 198.68585205078125 1.9293986558914185 1.8067245483398438 0.5967063903808594 10.47275447845459 1.4721332788467407 42.09878921508789 -7.874574184417725 0.2532
Pedestrian 1 1 1 187.73379516601562 182.02774047851562 208.2573699951172 220.88804626464844 0.7894086241722107 1.7232824563980103 0.6934518218040466 -18.755218505859375 2.146294355392456 32.769683837890625 -8.531293869018555 0.2358
Car 1 1 1 673.7055053710938 172.02235412597656 697.6901245117188 190.18121337890625 3.965611457824707 1.606970191001892 1.6403799057006836 6.8553643226623535 1.5330733060836792 65.8626480102539 -4.747131824493408 0.2306
Pedestrian 1 1 1 374.3885803222656 176.44268798828125 387.381591796875 198.46566772460938 0.8631253242492676 1.777214527130127 0.5480193495750427 -18.721254348754883 2.0721914768218994 58.87741470336914 -3.862636089324951 0.2296
Pedestrian 1 1 1 400.154541015625 167.86279296875 413.8381042480469 196.4301300048828 0.7960293292999268 1.8530722856521606 0.6444070339202881 -13.313960075378418 1.529008388519287 47.21635055541992 -7.807664394378662 0.2183
Car 1 1 1 293.51702880859375 178.27761840820312 343.725341796875 205.8576202392578 3.700695276260376 1.5565364360809326 1.6400387287139893 -17.472599029541016 1.8961479663848877 43.340736389160156 -4.749955654144287 0.2077
Pedestrian 1 1 1 138.58912658691406 163.8648681640625 162.77239990234375 204.9465789794922 0.6992713809013367 1.8291032314300537 0.6548168659210205 -20.716617584228516 1.4285753965377808 32.48643493652344 -7.889423847198486 0.1979
Pedestrian 1 1 1 287.603271484375 175.33091735839844 302.4440002441406 205.7072296142578 0.5565512776374817 1.7551079988479614 0.5735294222831726 -18.426067352294922 1.9007278680801392 42.1291618347168 -7.384462833404541 0.1951
Pedestrian 1 1 1 251.30140686035156 180.2919921875 269.6753845214844 215.10166931152344 0.7540726661682129 1.7663438320159912 0.6983937621116638 -18.13016700744629 2.1563050746917725 37.34513854980469 -8.541852951049805 0.1940
Pedestrian 1 1 1 112.34999084472656 164.7286834716797 143.0679931640625 226.7977294921875 0.7853415608406067 1.7854937314987183 0.6043312549591064 -14.252153396606445 1.551458716392517 21.246633529663086 -2.365631103515625 0.1937
Pedestrian 1 1 1 774.688720703125 170.5276641845703 786.8622436523438 192.82943725585938 0.7749754786491394 1.773894190788269 0.5895451307296753 13.667411804199219 1.5885556936264038 57.8592643737793 -6.92266321182251 0.1934
Car 1 1 1 539.1271362304688 178.84243774414062 560.922607421875 199.78118896484375 3.807835102081299 1.536056637763977 1.6125925779342651 -4.713265895843506 2.0172462463378906 56.03805923461914 -4.814338684082031 0.1897
Car 1 1 1 370.4718017578125 177.88934326171875 396.7528381347656 198.0098419189453 3.853330373764038 1.6188244819641113 1.621207594871521 -19.160423278808594 2.059169292449951 61.10661315917969 -8.022748947143555 0.1800
Car 1 1 1 548.426513671875 179.3134307861328 566.9462280273438 197.24069213867188 3.770359516143799 1.5267695188522339 1.5874592065811157 -4.69327974319458 2.1234588623046875 64.76100158691406 -4.765389442443848 0.1700
Car 1 1 1 33.50286102294922 170.70851135253906 152.64273071289062 204.44554138183594 4.184243679046631 1.4773236513137817 1.6056092977523804 -23.208322525024414 1.3830740451812744 32.43189239501953 -3.157611846923828 0.1695
Car 1 1 1 974.2835693359375 175.8278045654297 1159.399169921875 249.11770629882812 4.065998554229736 1.490559458732605 1.649658441543579 10.394564628601074 1.5684316158294678 16.904443740844727 -7.89153528213501 0.1683
Car 1 1 1 576.0219116210938 178.607666015625 597.2002563476562 196.84149169921875 3.8297533988952637 1.5280605554580688 1.5876177549362183 -2.115168571472168 2.051656723022461 63.71080017089844 -4.818902015686035 0.1673
Car 1 1 1 0.0 0.0 1241.0 374.0 3.796379566192627 1.526650071144104 1.6250890493392944 3.012141227722168 1.5547876358032227 0.9616764187812805 -7.879069805145264 0.1661
Pedestrian 1 1 1 0.0 166.2632598876953 25.050575256347656 234.44920349121094 0.7554044127464294 1.81317138671875 0.5590891242027283 -16.536802291870117 1.6376135349273682 19.656354904174805 -4.035919666290283 0.1649
Car 1 1 1 0.0 0.0 1241.0 374.0 3.8915913105010986 1.538130760192871 1.6449825763702393 -3.424220323562622 1.6239137649536133 0.9485215544700623 -7.904496669769287 0.1618
Pedestrian 1 1 1 130.0025177001953 170.68397521972656 155.8104705810547 216.5438690185547 0.6470811367034912 1.7546427249908447 0.6359162330627441 -18.150543212890625 1.6713156700134277 27.978490829467773 -8.020524978637695 0.1608
Pedestrian 1 1 1 917.3563842773438 156.78038024902344 943.2476196289062 216.05233764648438 0.7192272543907166 1.7860578298568726 0.6139139533042908 9.813915252685547 1.3014072179794312 22.21193504333496 -7.263075351715088 0.1602
Car 1 1 1 423.4125061035156 182.61489868164062 446.01080322265625 203.205810546875 3.8194868564605713 1.5645999908447266 1.6556005477905273 -14.346835136413574 2.388230085372925 58.843650817871094 -4.985898971557617 0.1558
Pedestrian 1 1 1 279.81427001953125 174.0270538330078 292.88165283203125 204.55490112304688 0.5721815228462219 1.781480312347412 0.580977737903595 -19.081031799316406 1.8507583141326904 42.4644775390625 -8.03148365020752 0.1544
Car 1 1 1 686.6709594726562 178.88194274902344 750.2210693359375 203.40672302246094 4.016463279724121 1.5359221696853638 1.6050771474838257 7.020421028137207 1.9369189739227295 46.89225387573242 -2.965146064758301 0.1532
Car 1 1 1 232.3798828125 181.6929931640625 320.9931945800781 224.22276306152344 3.8323934078216553 1.4728177785873413 1.5760473012924194 -12.734296798706055 1.8357669115066528 27.721147537231445 -4.692727088928223 0.1531
Pedestrian 1 1 1 1176.1536865234375 153.52621459960938 1212.8092041015625 227.65882873535156 0.5831952691078186 1.7467000484466553 0.551115095615387 14.037440299987793 1.2910020351409912 17.394460678100586 -3.761803150177002 0.1512
Car 1 1 1 819.8814086914062 172.02066040039062 876.6843872070312 203.24122619628906 3.9110050201416016 1.5055404901504517 1.6325515508651733 12.022021293640137 1.4650548696517944 36.75782775878906 -4.702709197998047 0.1490
Pedestrian 1 1 1 71.85713195800781 164.01141357421875 109.07077026367188 233.74343872070312 0.7752068638801575 1.8206031322479248 0.6167391538619995 -13.961444854736328 1.5894359350204468 19.320009231567383 -2.4777727127075195 0.1459
Pedestrian 1 1 1 840.2847290039062 161.78402709960938 860.6671142578125 208.14434814453125 0.6855141520500183 1.750001072883606 0.6109195947647095 9.184324264526367 1.3318341970443726 27.687074661254883 -7.319035530090332 0.1442
Car 1 1 1 377.91571044921875 180.38278198242188 399.6694641113281 197.72161865234375 3.953077793121338 1.533043622970581 1.5962120294570923 -20.749202728271484 2.2611963748931885 67.71531677246094 -4.91741943359375 0.1424
Pedestrian 1 1 1 924.5173950195312 162.5492401123047 948.4594116210938 211.8868408203125 0.6783087253570557 1.706917643547058 0.5879504084587097 11.452683448791504 1.350106954574585 25.411521911621094 -7.115992069244385 0.1418
Pedestrian 1 1 1 33.05137252807617 162.3294219970703 73.28398132324219 237.1470947265625 0.7537704706192017 1.8215866088867188 0.5932738184928894 -13.960896492004395 1.56504487991333 18.025217056274414 -2.5395097732543945 0.1402
Car 1 1 1 664.0502319335938 175.35922241210938 694.2970581054688 194.9065399169922 3.780478000640869 1.6107109785079956 1.6506296396255493 5.880685806274414 1.8325307369232178 61.97089385986328 -4.882033348083496 0.1392
Car 1 1 1 0.0 182.71881103515625 30.732219696044922 244.94924926757812 3.565160036087036 1.481828212738037 1.566335678100586 -17.878738403320312 1.7753360271453857 19.630306243896484 -4.825406551361084 0.1388
Pedestrian 1 1 1 85.39375305175781 165.87921142578125 117.43447875976562 229.9111785888672 0.7720682621002197 1.786969542503357 0.5987138748168945 -14.583357810974121 1.5920212268829346 20.617977142333984 -2.3976383209228516 0.1387
Car 1 1 1 324.5892028808594 172.24267578125 352.5606994628906 192.31927490234375 4.118612289428711 1.7854418754577637 1.6856157779693604 -24.935930252075195 1.7307745218276978 66.34249114990234 -8.030062675476074 0.1386
Car 1 1 1 201.85638427734375 184.30606079101562 290.92340087890625 213.13572692871094 3.9825711250305176 1.4751927852630615 1.5871785879135132 -19.40740203857422 2.100414991378784 38.51982116699219 -6.233649730682373 0.1383
Pedestrian 1 1 1 72.96284484863281 161.0576934814453 112.87599182128906 236.24594116210938 0.7614384889602661 1.8322257995605469 0.5906317234039307 -12.980499267578125 1.5444673299789429 18.04266357421875 -2.533616065979004 0.1376
Pedestrian 1 1 1 1007.0535888671875 157.15896606445312 1044.7198486328125 221.70994567871094 0.7982089519500732 1.748958945274353 0.5965248942375183 11.44296646118164 1.3234143257141113 19.958049774169922 -7.821654796600342 0.1348
Pedestrian 1 1 1 1146.5855712890625 150.78382873535156 1179.7578125 222.9519500732422 0.5801532864570618 1.7961159944534302 0.5499177575111389 14.019486427307129 1.246535062789917 18.35390853881836 -3.8239078521728516 0.1345
Car 1 1 1 0.0 0.0 1230.07568359375 374.0 3.814642906188965 1.5392026901245117 1.6094379425048828 1.402769923210144 1.5642350912094116 0.6760013699531555 -7.872512340545654 0.1342
Car 1 1 1 695.1917724609375 171.673583984375 720.3638916015625 189.77978515625 4.051978588104248 1.582741379737854 1.671592354774475 8.76559829711914 1.4792563915252686 65.10919952392578 -7.866653919219971 0.1318
Pedestrian 1 1 1 0.0 162.16827392578125 17.748241424560547 244.45701599121094 0.762725293636322 1.857208490371704 0.5979911684989929 -14.28134822845459 1.615738034248352 16.758150100708008 -2.4504432678222656 0.1286
Pedestrian 1 1 1 316.38653564453125 168.87643432617188 335.72564697265625 210.64694213867188 0.6756695508956909 1.785766363143921 0.6425037980079651 -12.326993942260742 1.6154179573059082 31.227920532226562 -7.999551296234131 0.1282
Car 1 1 1 139.41751098632812 175.27767944335938 218.56866455078125 210.31015014648438 3.7070934772491455 1.6170198917388916 1.6112340688705444 -21.10724639892578 1.7420378923416138 35.4356575012207 -7.83034086227417 0.1257
Car 1 1 1 0.0 186.79795837402344 0.0 374.0 3.9200961589813232 1.5445126295089722 1.621185541152954 -5.336726188659668 1.6237881183624268 2.118060350418091 -7.906093120574951 0.1253
Pedestrian 1 1 1 850.7106323242188 162.21188354492188 874.8790283203125 211.2924041748047 0.6038069725036621 1.6989954710006714 0.6013602018356323 8.853530883789062 1.3303027153015137 25.4031982421875 -7.070835590362549 0.1251
Car 1 1 1 1214.4578857421875 164.8932647705078 1241.0 300.50860595703125 3.9875130653381348 1.504521131515503 1.581080436706543 10.01712417602539 1.4159045219421387 8.940244674682617 -6.357030391693115 0.1250
Car 1 1 1 329.92181396484375 171.93040466308594 403.8084716796875 197.91551208496094 4.28721284866333 1.6594650745391846 1.663316011428833 -15.907795906066895 1.6001824140548706 47.191165924072266 -3.0067977905273438 0.1250
Car 1 1 1 264.2355041503906 173.73020935058594 339.11920166015625 209.48312377929688 3.886653184890747 1.529333472251892 1.6358425617218018 -14.016456604003906 1.5714256763458252 32.934810638427734 -4.672740459442139 0.1250
Pedestrian 1 1 1 77.53057861328125 162.04933166503906 109.62930297851562 241.02842712402344 0.7307901978492737 1.7838053703308105 0.5607320070266724 -12.033563613891602 1.539473533630371 16.754873275756836 -5.269227027893066 0.1245
Pedestrian 1 1 1 97.28564453125 168.2489013671875 123.81331634521484 214.53463745117188 0.6534570455551147 1.7719420194625854 0.6370052099227905 -19.421920776367188 1.595346212387085 28.003137588500977 -8.04295825958252 0.1242
Car 1 1 1 488.1003112792969 178.3751220703125 521.16650390625 204.32107543945312 3.959697723388672 1.609867811203003 1.6451787948608398 -6.939158916473389 1.9890410900115967 47.60389709472656 -4.722955703735352 0.1235
Pedestrian 1 1 1 365.98529052734375 176.03343200683594 374.4836120605469 198.3802032470703 0.7271292209625244 1.7877709865570068 0.5904295444488525 -19.385778427124023 2.046077013015747 58.266014099121094 -8.087265968322754 0.1230
Pedestrian 1 1 1 64.83753204345703 167.03443908691406 92.71662902832031 212.11984252929688 0.6790264248847961 1.7861742973327637 0.6600489020347595 -21.365333557128906 1.5553178787231445 28.96929168701172 -7.999277591705322 0.1228
Pedestrian 1 1 1 28.494279861450195 162.05096435546875 61.79997253417969 232.84274291992188 0.7446617484092712 1.8176512718200684 0.5832902789115906 -14.920616149902344 1.5399723052978516 18.993623733520508 -2.3885250091552734 0.1224
Pedestrian 1 1 1 130.06907653808594 164.95606994628906 165.3670196533203 225.18881225585938 0.7910816669464111 1.8113653659820557 0.592892050743103 -14.26350212097168 1.5735527276992798 22.190204620361328 -3.963944911956787 0.1223
Pedestrian 1 1 1 0.0 162.52078247070312 21.99761962890625 239.114013671875 0.7396242618560791 1.8312184810638428 0.5784707069396973 -14.922212600708008 1.5838685035705566 17.71449089050293 -2.391584873199463 0.1218
Car 1 1 1 126.71508026123047 180.40150451660156 233.3561248779297 227.14251708984375 3.717355489730835 1.5169357061386108 1.579856276512146 -15.336544036865234 1.8069757223129272 25.888267517089844 -4.7002434730529785 0.1188
Car 1 1 1 1241.0 173.10755920410156 1241.0 374.0 4.1166839599609375 1.488402009010315 1.605416178703308 6.293601036071777 1.4897581338882446 3.810398578643799 -6.331912994384766 0.1188
Cyclist 1 1 1 956.1805419921875 157.59544372558594 1019.703369140625 232.70394897460938 1.7523345947265625 1.6833144426345825 0.5165693759918213 8.845233917236328 1.341043472290039 17.058000564575195 -7.899726390838623 0.1184
Car 1 1 1 625.6497192382812 174.8713836669922 648.8355712890625 193.4014892578125 4.084360122680664 1.586772084236145 1.5902440547943115 2.374859094619751 1.772246241569519 64.34403228759766 -7.935207843780518 0.1173
Car 1 1 1 447.1964111328125 178.7978973388672 466.4256286621094 196.58140563964844 3.889575958251953 1.5470237731933594 1.6377204656600952 -14.051092147827148 2.1091341972351074 66.2093505859375 -4.898135662078857 0.1164
Pedestrian 1 1 1 1207.124755859375 157.27606201171875 1241.0 235.9591064453125 0.594344437122345 1.751862645149231 0.5522013306617737 14.026030540466309 1.404723048210144 16.42371368408203 -4.448944568634033 0.1160
Pedestrian 1 1 1 115.73501586914062 163.82040405273438 145.0045166015625 236.8915252685547 0.7452387809753418 1.7792059183120728 0.5677173733711243 -12.02928638458252 1.558947205543518 18.03363800048828 -5.241428375244141 0.1157
Car 1 1 1 218.14202880859375 183.4665985107422 311.5764465332031 234.16839599609375 3.8341946601867676 1.5002614259719849 1.549970269203186 -11.470765113830566 1.8841488361358643 24.148155212402344 -4.791374683380127 0.1156
Pedestrian 1 1 1 1062.9505615234375 158.5374298095703 1090.449462890625 218.42138671875 0.5633176565170288 1.809324860572815 0.5802765488624573 14.312874794006348 1.3764663934707642 22.20435905456543 -7.0072197914123535 0.1153
Cyclist 1 1 1 953.8807983398438 156.31765747070312 1024.6103515625 238.3921356201172 1.7536283731460571 1.6954140663146973 0.5200110673904419 8.209383010864258 1.353522777557373 15.79850959777832 -7.928268909454346 0.1151
Pedestrian 1 1 1 990.5901489257812 156.3848419189453 1029.5550537109375 218.7013702392578 0.8673049807548523 1.7957634925842285 0.6004928946495056 11.7314453125 1.320874810218811 21.26531410217285 -8.000761985778809 0.1144
Car 1 1 1 796.1058349609375 174.12322998046875 847.3977661132812 201.25221252441406 3.7529680728912354 1.5555452108383179 1.6508991718292236 12.670334815979004 1.6352216005325317 43.5101203918457 -4.8211565017700195 0.1141
Pedestrian 1 1 1 854.8571166992188 160.50209045410156 877.996826171875 212.6781768798828 0.6359266638755798 1.7144070863723755 0.5955114364624023 8.532459259033203 1.3082467317581177 24.137588500976562 -7.272694110870361 0.1139
Car 1 1 1 789.49658203125 167.56988525390625 833.3427734375 193.9966278076172 4.246494293212891 1.8597503900527954 1.7297791242599487 14.693350791931152 1.4875863790512085 52.964759826660156 -7.936656475067139 0.1139
Pedestrian 1 1 1 23.99031639099121 160.55422973632812 69.06278228759766 239.81802368164062 0.7660818099975586 1.85792076587677 0.5932573676109314 -13.633779525756836 1.5693178176879883 17.395694732666016 -3.977066993713379 0.1138
Car 1 1 1 0.0 171.94598388671875 116.3591079711914 208.43994140625 4.026015758514404 1.4834110736846924 1.6305077075958252 -23.25027847290039 1.446202039718628 30.177228927612305 -3.125239133834839 0.1138
Pedestrian 1 1 1 912.9884643554688 159.73211669921875 937.0809326171875 224.30520629882812 0.7441199421882629 1.715613842010498 0.5902628302574158 8.524125099182129 1.3666844367980957 19.630863189697266 -7.429009914398193 0.1137
Pedestrian 1 1 1 42.929325103759766 159.5629425048828 83.24775695800781 239.69435119628906 0.7480320334434509 1.845284342765808 0.5813764333724976 -12.99311637878418 1.5389149188995361 17.073657989501953 -2.4902431964874268 0.1135
Cyclist 1 1 1 1061.62451171875 159.2496337890625 1132.3321533203125 234.42796325683594 1.6906144618988037 1.690405249595642 0.4731593132019043 11.434182167053223 1.3842076063156128 17.078821182250977 -7.897745609283447 0.1128
Pedestrian 1 1 1 64.87352752685547 160.56436157226562 105.41175842285156 233.69647216796875 0.7608004212379456 1.8443783521652222 0.5964521169662476 -13.635239601135254 1.5341362953186035 18.677413940429688 -3.9359583854675293 0.1128
Pedestrian 1 1 1 935.7359008789062 158.39942932128906 961.3538208007812 223.7420196533203 0.7528108954429626 1.7357041835784912 0.5935804843902588 9.16741943359375 1.3514456748962402 19.638099670410156 -7.363937854766846 0.1107
Car 1 1 1 0.0 0.0 1241.0 374.0 3.8325443267822266 1.5519964694976807 1.6509662866592407 -1.5156679153442383 1.6054445505142212 0.8867567181587219 -7.900150775909424 0.1105
Car 1 1 1 914.6093139648438 176.18646240234375 1167.1539306640625 289.2622985839844 4.078132152557373 1.4779795408248901 1.5917725563049316 6.515573501586914 1.5406994819641113 11.598259925842285 -4.722007751464844 0.1087
Car 1 1 1 614.2021484375 176.82965087890625 642.7075805664062 197.70407104492188 4.034928321838379 1.5604161024093628 1.6394695043563843 1.3890669345855713 1.8849378824234009 56.84550476074219 -4.841816425323486 0.1079
Car 1 1 1 289.4990539550781 181.72906494140625 367.4642639160156 222.9486083984375 3.7340681552886963 1.4841302633285522 1.549286127090454 -11.136354446411133 1.8598908185958862 28.68337059020996 -4.681432723999023 0.1077
Car 1 1 1 173.36636352539062 182.978759765625 276.6427917480469 216.22073364257812 4.024600028991699 1.4820547103881836 1.5410044193267822 -18.112804412841797 1.9753406047821045 34.02301788330078 -6.481698513031006 0.1074
Car 1 1 1 468.3324890136719 181.22804260253906 498.8194580078125 201.52171325683594 3.9397377967834473 1.533277153968811 1.6918745040893555 -10.172935485839844 2.230839252471924 58.142974853515625 -4.691129684448242 0.1067
Pedestrian 1 1 1 78.60527801513672 165.28614807128906 110.26136779785156 227.78741455078125 0.7670764327049255 1.7990716695785522 0.6126618981361389 -15.236760139465332 1.5809344053268433 21.254058837890625 -2.400507926940918 0.1061
Pedestrian 1 1 1 621.2368774414062 176.17263793945312 637.9076538085938 204.73406982421875 0.8374736905097961 1.7701212167739868 0.6285808086395264 1.1951746940612793 1.9806363582611084 45.33485412597656 -6.9125142097473145 0.1061
Car 1 1 1 410.6575927734375 180.1913299560547 452.2445373535156 207.45050048828125 4.021909236907959 1.5343997478485107 1.6428892612457275 -10.80208683013916 1.9996562004089355 43.746337890625 -4.743641376495361 0.1060
Car 1 1 1 788.2554931640625 172.64141845703125 836.96875 203.45169067382812 3.9587254524230957 1.5123910903930664 1.654706358909607 10.407978057861328 1.50165593624115 37.44868087768555 -4.645277500152588 0.1059
Car 1 1 1 513.1064453125 178.97486877441406 541.021240234375 201.18296813964844 4.006800651550293 1.5885136127471924 1.6771477460861206 -6.280135154724121 2.069472551345825 54.724388122558594 -4.717122554779053 0.1058
Pedestrian 1 1 1 96.81367492675781 167.17172241210938 122.89523315429688 222.88320922851562 0.7711283564567566 1.8021419048309326 0.6002386808395386 -16.5492000579834 1.618032693862915 23.818567276000977 -5.1694865226745605 0.1056
Pedestrian 1 1 1 1067.88330078125 156.615478515625 1095.28857421875 217.2867431640625 0.6320376992225647 1.7780669927597046 0.5954671502113342 14.032232284545898 1.3018717765808105 21.556562423706055 -4.286683082580566 0.1055
Car 1 1 1 593.060546875 177.7696533203125 623.881103515625 200.28106689453125 3.9770870208740234 1.5513180494308472 1.6045982837677002 -0.18065613508224487 1.9245645999908447 52.73447799682617 -4.883413791656494 0.1051
Car 1 1 1 380.0125427246094 178.53013610839844 420.3941650390625 205.3223419189453 3.8984642028808594 1.5634970664978027 1.6684893369674683 -13.05345344543457 1.9327564239501953 44.96782302856445 -4.792707443237305 0.1051
Car 1 1 1 0.0 0.0 1241.0 374.0 3.91583514213562 1.5328055620193481 1.635737657546997 4.922469615936279 1.5288362503051758 1.0095491409301758 -7.919504642486572 0.1051
Pedestrian 1 1 1 934.56103515625 160.4187469482422 960.0768432617188 229.34642028808594 0.755718469619751 1.7094494104385376 0.5770074129104614 8.527706146240234 1.4007474184036255 18.358667373657227 -7.420661449432373 0.1048
Pedestrian 1 1 1 1074.0682373046875 165.59255981445312 1125.154541015625 268.7852783203125 0.5742411017417908 1.5636602640151978 0.49034491181373596 7.5805158615112305 1.4533289670944214 11.270427703857422 -4.47280216217041 0.1048
Pedestrian 1 1 1 904.09716796875 159.9911346435547 930.47021484375 220.35867309570312 0.6782123446464539 1.7116916179656982 0.602258026599884 8.856365203857422 1.346671462059021 20.9063720703125 -7.290365695953369 0.1047
Car 1 1 1 746.1627197265625 173.73248291015625 784.675048828125 193.35093688964844 3.7307286262512207 1.5855540037155151 1.6365751028060913 12.965652465820312 1.6613730192184448 60.50776672363281 -8.1143798828125 0.1045
Car 1 1 1 390.8729553222656 181.4900360107422 425.8049621582031 199.4360809326172 3.9495983123779297 1.549896478652954 1.6671816110610962 -18.5281982421875 2.3688080310821533 66.375732421875 -7.7186503410339355 0.1042
Pedestrian 1 1 1 109.00363159179688 162.33297729492188 144.5572967529297 232.56552124023438 0.773215651512146 1.832497000694275 0.6134220957756042 -12.984380722045898 1.5576841831207275 19.311969757080078 -2.419296979904175 0.1041
Pedestrian 1 1 1 310.6596374511719 167.74156188964844 328.897705078125 207.8276824951172 0.6088753938674927 1.7680432796478271 0.5927214026451111 -12.968629837036133 1.5422536134719849 32.14651107788086 -7.9162468910217285 0.1039
Pedestrian 1 1 1 3.6738626956939697 163.68948364257812 32.587406158447266 232.49179077148438 0.7413797974586487 1.7981116771697998 0.5829336047172546 -15.895916938781738 1.5583021640777588 19.32855796813965 -5.377126693725586 0.1039
Pedestrian 1 1 1 0.0 159.25355529785156 29.846294403076172 249.01773071289062 0.7574862837791443 1.867948293685913 0.5893883109092712 -12.987458229064941 1.5846298933029175 15.476367950439453 -2.5095596313476562 0.1036
Car 1 1 1 634.2476196289062 176.4344482421875 659.446533203125 198.3978729248047 3.8865771293640137 1.5303609371185303 1.6514955759048462 2.706493377685547 1.8028240203857422 52.950416564941406 -7.751535892486572 0.1035
Car 1 1 1 0.0 186.04931640625 0.0 374.0 4.06455659866333 1.5726749897003174 1.6290005445480347 -11.132681846618652 1.7577943801879883 8.02709674835205 -4.826651573181152 0.1034
Pedestrian 1 1 1 0.0 160.9988250732422 24.54235076904297 246.73931884765625 0.7534031271934509 1.861019253730774 0.5882129073143005 -13.630258560180664 1.6033997535705566 16.116863250732422 -2.53975772857666 0.1033
Cyclist 1 1 1 997.02197265625 155.89080810546875 1075.81689453125 241.127197265625 1.736748456954956 1.6816802024841309 0.5168136358261108 8.837544441223145 1.346703290939331 15.121561050415039 -7.932178974151611 0.1032
Pedestrian 1 1 1 52.38222122192383 163.98635864257812 86.73345184326172 230.17759704589844 0.7817438244819641 1.8165982961654663 0.6007795333862305 -15.241609573364258 1.5729284286499023 20.281999588012695 -2.459272623062134 0.1029
Car 1 1 1 462.6293029785156 178.5799560546875 495.8134765625 203.85595703125 3.92160701751709 1.6116485595703125 1.6700197458267212 -8.849141120910645 2.0151679515838623 48.89701461791992 -4.747785568237305 0.1028
Car 1 1 1 154.34796142578125 180.23545837402344 250.55039978027344 230.52810668945312 3.54543137550354 1.498246192932129 1.511083960533142 -13.414970397949219 1.761176347732544 23.8839111328125 -4.825725555419922 0.1025
Cyclist 1 1 1 0.0 0.0 1241.0 374.0 1.8672388792037964 1.6418414115905762 0.5107336640357971 6.8959221839904785 1.3050769567489624 -0.2950122058391571 -8.062445640563965 0.1025
Pedestrian 1 1 1 16.100889205932617 162.57467651367188 58.925498962402344 236.6677703857422 0.7518929839134216 1.8362984657287598 0.5787532329559326 -14.612339973449707 1.581239104270935 18.35638999938965 -4.01637077331543 0.1017
Car 1 1 1 484.5208740234375 179.07400512695312 513.7590942382812 200.3167266845703 3.9383468627929688 1.5462068319320679 1.633409857749939 -8.538350105285645 2.042630195617676 55.64794921875 -4.707266330718994 0.1017
Pedestrian 1 1 1 190.55804443359375 172.2362060546875 228.4111785888672 238.10488891601562 0.7582963109016418 1.6688823699951172 0.5604114532470703 -10.399559020996094 1.6529300212860107 18.661550521850586 -4.716504096984863 0.1016
Pedestrian 1 1 1 158.30567932128906 169.31005859375 186.59193420410156 216.77720642089844 0.6988369822502136 1.7951953411102295 0.6219087839126587 -16.829158782958984 1.6608648300170898 27.686626434326172 -7.678878307342529 0.1014
Car 1 1 1 481.18377685546875 180.21665954589844 504.9055480957031 199.0270538330078 3.880924940109253 1.5435789823532104 1.5584386587142944 -10.156920433044434 2.203272819519043 62.71363067626953 -4.746033191680908 0.1010
Car 1 1 1 655.903564453125 173.69677734375 677.7491455078125 191.5386199951172 4.057925701141357 1.6032969951629639 1.635132074356079 5.23101806640625 1.6837295293807983 67.07565307617188 -7.872809886932373 0.1009
Pedestrian 1 1 1 363.5172119140625 173.2869110107422 376.16485595703125 195.07070922851562 0.8311511874198914 1.8296189308166504 0.5859180092811584 -20.37027359008789 1.8663007020950317 61.130489349365234 -7.224625110626221 0.1009
Cyclist 1 1 1 0.0 176.18829345703125 56.5755615234375 226.38644409179688 1.7259809970855713 1.8252617120742798 0.6417145729064941 -21.67790412902832 1.950364589691162 26.71451187133789 -3.2623143196105957 0.1007
Pedestrian 1 1 1 107.78970336914062 164.35769653320312 132.927734375 225.2375030517578 0.7790754437446594 1.804625153541565 0.612253725528717 -14.901233673095703 1.5524741411209106 21.883039474487305 -5.3325324058532715 0.1007
Pedestrian 1 1 1 42.4746208190918 165.96084594726562 73.93457794189453 228.2496795654297 0.7612035274505615 1.8202770948410034 0.6074209213256836 -16.541038513183594 1.618537187576294 21.564682006835938 -2.424175262451172 0.1006
Pedestrian 1 1 1 108.30010986328125 169.73829650878906 136.16746520996094 217.37220764160156 0.6441306471824646 1.8045871257781982 0.6573041677474976 -18.754501342773438 1.6862499713897705 27.686037063598633 -7.946129322052002 0.1005
