Car 1 1 1 7.447642803192139 185.39813232421875 249.6636962890625 295.58563232421875 3.995326519012451 1.496074914932251 1.616297721862793 -7.917421340942383 1.7449358701705933 12.295970916748047 -4.762664794921875 0.8159
Car 1 1 1 264.345703125 181.34434509277344 374.80035400390625 243.7222900390625 3.9055840969085693 1.5126627683639526 1.627512812614441 -7.9567766189575195 1.7712926864624023 20.020986557006836 -4.7523088455200195 0.7864
Car 1 1 1 711.5468139648438 175.3822021484375 903.7015380859375 310.1304626464844 3.5748636722564697 1.5167509317398071 1.576784610748291 2.449446439743042 1.5578550100326538 10.003130912780762 -7.888156414031982 0.7823
Car 1 1 1 652.4896240234375 171.55079650878906 709.8727416992188 215.75010681152344 4.020486831665039 1.6208866834640503 1.6624876260757446 2.690058946609497 1.5727952718734741 28.512737274169922 -7.908229351043701 0.7727
Car 1 1 1 814.634033203125 175.38861083984375 1241.0 374.0 3.9740588665008545 1.5330536365509033 1.611370325088501 2.746251344680786 1.5566563606262207 4.782838344573975 -7.899520397186279 0.7465
Car 1 1 1 582.5567016601562 174.40211486816406 618.3168334960938 207.35946655273438 3.9446074962615967 1.5007766485214233 1.6198183298110962 -0.5532907247543335 1.5799813270568848 35.04994201660156 -7.896512508392334 0.6790
Car 1 1 1 705.943115234375 175.0741729736328 822.5662841796875 259.7677307128906 3.646580457687378 1.5213109254837036 1.5795615911483765 2.983920097351074 1.5724732875823975 14.890820503234863 -7.867788791656494 0.5726
Car 1 1 1 634.545654296875 174.01278686523438 661.54296875 195.96018981933594 3.775435447692871 1.5568013191223145 1.6217981576919556 2.74657940864563 1.6452020406723022 53.30790710449219 -7.901012897491455 0.5274
Car 1 1 1 597.900390625 172.6427459716797 628.2477416992188 201.56149291992188 4.171602725982666 1.6770927906036377 1.6868963241577148 0.10872729867696762 1.6645416021347046 43.95782470703125 -7.888244152069092 0.4897
Pedestrian 1 1 1 261.3837890625 170.7509765625 289.6809387207031 219.035400390625 0.6861980557441711 1.7378766536712646 0.644147515296936 -12.278238296508789 1.6618837118148804 26.397598266601562 -4.389007568359375 0.4284
Pedestrian 1 1 1 175.8944091796875 162.5525665283203 207.74913024902344 219.3270263671875 0.684272050857544 1.7714953422546387 0.5806910991668701 -13.305901527404785 1.4497665166854858 22.886938095092773 -4.597053527832031 0.4089
Car 1 1 1 0.0 192.32684326171875 46.08156967163086 374.0 3.9092788696289062 1.4984524250030518 1.6313174962997437 -7.303273677825928 1.7331829071044922 6.636946201324463 -4.8983869552612305 0.3447
Pedestrian 1 1 1 468.3328552246094 173.09951782226562 481.748779296875 200.8840789794922 0.6002797484397888 1.792756199836731 0.6197236180305481 -8.818486213684082 1.8085789680480957 46.97360610961914 -7.367202281951904 0.2961
Pedestrian 1 1 1 613.6078491210938 170.63125610351562 625.226806640625 202.3472442626953 0.7302762866020203 1.8110603094100952 0.6634718179702759 0.5049631595611572 1.6838358640670776 41.570499420166016 -7.842492580413818 0.2871
Pedestrian 1 1 1 178.21572875976562 169.96664428710938 213.3343048095703 230.3063201904297 0.6501063704490662 1.7240158319473267 0.6431220769882202 -12.065668106079102 1.6412187814712524 20.944759368896484 -7.841334819793701 0.2676
Pedestrian 1 1 1 829.3248901367188 158.1681671142578 871.3563842773438 234.6434326171875 0.7228062152862549 1.759836196899414 0.6596325635910034 5.639340877532959 1.4215883016586304 17.087848663330078 -3.824894428253174 0.2589
Cyclist 1 1 1 224.09898376464844 171.7328338623047 264.3280944824219 224.6122589111328 1.7126281261444092 1.6783998012542725 0.5404088497161865 -12.074562072753906 1.642513632774353 23.771711349487305 -4.76802921295166 0.2481
Car 1 1 1 627.4579467773438 175.3564910888672 652.1447143554688 194.9056396484375 3.918282985687256 1.5204967260360718 1.620224952697754 2.3628017902374268 1.7305080890655518 58.63577651977539 -7.912389278411865 0.2477
Pedestrian 1 1 1 358.2522277832031 168.53042602539062 377.5172119140625 204.0481719970703 0.8931812644004822 1.7814233303070068 0.6437960863113403 -12.333106994628906 1.5642706155776978 36.65288162231445 -7.799231052398682 0.2343
Pedestrian 1 1 1 490.4659729003906 171.38653564453125 504.7935485839844 197.127685546875 0.8892650008201599 1.839660882949829 0.534305989742279 -8.1392822265625 1.7344841957092285 52.07860565185547 -7.151394367218018 0.2342
Pedestrian 1 1 1 327.70880126953125 166.00537109375 346.58160400390625 203.0590057373047 0.7120924592018127 1.7835673093795776 0.6539664268493652 -13.305771827697754 1.4536103010177612 35.090511322021484 -7.864564418792725 0.2250
Pedestrian 1 1 1 327.7344970703125 166.63565063476562 344.82122802734375 200.3773956298828 0.6963310837745667 1.8171231746673584 0.622233510017395 -14.919144630432129 1.4819413423538208 39.23628616333008 -7.749574184417725 0.2235
Pedestrian 1 1 1 338.0164794921875 168.4678192138672 357.6470031738281 206.2435760498047 0.6886147856712341 1.7498177289962769 0.6556637287139893 -12.309659957885742 1.54634428024292 33.77674102783203 -7.823072910308838 0.2217
Pedestrian 1 1 1 847.31103515625 147.77664184570312 897.7798461914062 245.98239135742188 0.8306445479393005 1.818493366241455 0.6038063764572144 4.993903636932373 1.35383141040802 13.865640640258789 -7.041504383087158 0.2083
Cyclist 1 1 1 722.0045776367188 177.82022094726562 762.4288940429688 217.62745666503906 1.7109428644180298 1.795555830001831 0.6353136897087097 6.0228681564331055 2.026404619216919 33.122215270996094 -6.457571506500244 0.2042
Car 1 1 1 650.9605712890625 174.0059814453125 689.4970703125 205.5160675048828 3.805952310562134 1.5206352472305298 1.5939676761627197 2.9879536628723145 1.5822665691375732 36.87532424926758 -7.869151592254639 0.2014
Car 1 1 1 629.0159912109375 170.11195373535156 651.5586547851562 190.92247009277344 4.175527572631836 1.7982807159423828 1.720562219619751 2.716478109359741 1.5610332489013672 64.5216293334961 -7.740035533905029 0.1985
Pedestrian 1 1 1 934.296875 155.22467041015625 967.1618041992188 218.37217712402344 0.7276555895805359 1.7384456396102905 0.6341738700866699 9.509209632873535 1.2528119087219238 20.261587142944336 -7.7393412590026855 0.1870
Pedestrian 1 1 1 461.48602294921875 172.6663818359375 475.7837829589844 200.5331268310547 0.6720386743545532 1.7730203866958618 0.6627379059791565 -9.107950210571289 1.7607835531234741 46.32608413696289 -7.557135105133057 0.1859
Car 1 1 1 946.8610229492188 169.07342529296875 1241.0 283.8340148925781 3.936798334121704 1.493108868598938 1.5231727361679077 7.022760391235352 1.443621039390564 10.192002296447754 -6.304996490478516 0.1839
Pedestrian 1 1 1 415.0284423828125 172.89324951171875 428.7591247558594 200.27841186523438 0.6894019842147827 1.72641122341156 0.64784836769104 -12.015948295593262 1.7286368608474731 45.956382751464844 -8.461763381958008 0.1831
Pedestrian 1 1 1 174.3204345703125 168.33914184570312 198.2109832763672 213.1835174560547 0.6364852786064148 1.757795810699463 0.6255842447280884 -16.860010147094727 1.5805234909057617 28.643442153930664 -8.001795768737793 0.1783
Car 1 1 1 0.0 187.85667419433594 141.91941833496094 283.7315368652344 3.8463921546936035 1.473555088043213 1.5726242065429688 -10.847792625427246 1.7990541458129883 13.689144134521484 -4.792276859283447 0.1758
Pedestrian 1 1 1 234.3851318359375 167.32830810546875 261.2312927246094 215.32484436035156 0.734481155872345 1.7728527784347534 0.6214314699172974 -13.607789039611816 1.5684497356414795 27.03083610534668 -7.8141350746154785 0.1701
Pedestrian 1 1 1 1069.26953125 147.95257568359375 1105.710205078125 213.02908325195312 0.7387431859970093 1.7921091318130493 0.5793242454528809 13.353346824645996 1.1060614585876465 20.26877212524414 -7.744912624359131 0.1698
Pedestrian 1 1 1 203.3850860595703 164.9305877685547 233.08477783203125 218.50119018554688 0.7025098204612732 1.7401225566864014 0.5747072100639343 -12.967267990112305 1.482447862625122 23.807437896728516 -4.644708633422852 0.1682
Pedestrian 1 1 1 392.675537109375 171.00177001953125 405.4090576171875 201.8118133544922 0.8765921592712402 1.778589129447937 0.5759183168411255 -12.347475051879883 1.6713643074035645 42.121517181396484 -7.970886707305908 0.1668
Pedestrian 1 1 1 339.6171875 166.08526611328125 356.4211120605469 199.942138671875 0.6908711194992065 1.824083924293518 0.6192982196807861 -14.285737037658691 1.4591094255447388 39.25 -7.748226642608643 0.1663
Pedestrian 1 1 1 0.0 167.86215209960938 41.765743255615234 252.80441284179688 0.7667166590690613 1.7998957633972168 0.5777804255485535 -12.956918716430664 1.6938203573226929 15.755899429321289 -3.8311562538146973 0.1631
Pedestrian 1 1 1 404.8651428222656 170.54531860351562 417.28106689453125 199.76318359375 0.7555162310600281 1.7909094095230103 0.6353986859321594 -12.360733985900879 1.6490992307662964 44.70103454589844 -8.273162841796875 0.1623
Pedestrian 1 1 1 784.81982421875 159.04379272460938 808.796875 218.58004760742188 0.7743814587593079 1.7666890621185303 0.6469936370849609 5.620889663696289 1.356582522392273 21.882118225097656 -7.524186611175537 0.1602
Car 1 1 1 681.7007446289062 168.463623046875 712.1161499023438 192.28562927246094 3.811866521835327 1.5755749940872192 1.6506556272506714 5.9060750007629395 1.2848974466323853 49.63261413574219 -7.848473072052002 0.1580
Car 1 1 1 0.0 188.56336975097656 2.3802363872528076 374.0 4.04436731338501 1.5291417837142944 1.6327072381973267 -9.476451873779297 1.7577996253967285 8.409810066223145 -4.834057331085205 0.1580
Car 1 1 1 0.0 0.0 1241.0 374.0 3.857428550720215 1.540958285331726 1.6437408924102783 -3.4343724250793457 1.6227941513061523 0.9095417857170105 -7.903148174285889 0.1575
Car 1 1 1 281.2909851074219 171.0386505126953 365.9205322265625 199.11488342285156 4.205334663391113 1.54154372215271 1.6282024383544922 -16.188446044921875 1.44157075881958 40.759559631347656 -2.979353427886963 0.1573
Car 1 1 1 626.38330078125 173.72132873535156 659.0341186523438 202.07728576660156 4.065164566040039 1.6077698469161987 1.6737985610961914 1.9640213251113892 1.6618881225585938 43.1555290222168 -7.738890171051025 0.1567
Car 1 1 1 478.5464172363281 177.06417846679688 499.9791259765625 196.18328857421875 3.751657485961914 1.537607192993164 1.5523133277893066 -10.17508602142334 1.9036059379577637 60.83051681518555 -7.95703649520874 0.1558
Pedestrian 1 1 1 194.0829315185547 167.6531524658203 226.97012329101562 222.65036010742188 0.7555959820747375 1.7125922441482544 0.5944944620132446 -12.700849533081055 1.5503400564193726 22.868045806884766 -4.635061740875244 0.1555
Car 1 1 1 585.0079345703125 176.3374786376953 622.6051635742188 199.4019012451172 3.991715431213379 1.519352912902832 1.619195580482483 -0.5076054334640503 1.7723208665847778 50.318748474121094 -8.13096809387207 0.1548
Pedestrian 1 1 1 927.52197265625 149.26817321777344 981.753662109375 259.0743103027344 0.7208923101425171 1.7519053220748901 0.5368828773498535 5.649547100067139 1.3753045797348022 11.942744255065918 -3.7845468521118164 0.1540
Pedestrian 1 1 1 375.1493225097656 169.4308624267578 392.3999938964844 202.5411376953125 0.8040059208869934 1.7820113897323608 0.6350039839744568 -12.344014167785645 1.5974762439727783 39.26313400268555 -7.761488437652588 0.1521
Car 1 1 1 703.2506713867188 180.9768524169922 795.4948120117188 214.74400329589844 4.109467506408691 1.5181137323379517 1.6173139810562134 6.647023677825928 1.924404501914978 34.63444519042969 -6.644146919250488 0.1512
Pedestrian 1 1 1 1170.7738037109375 115.90530395507812 1241.0 330.6273193359375 0.8100606799125671 1.7884442806243896 0.5742748379707336 5.604470729827881 1.3138121366500854 6.4769606590271 -4.983840465545654 0.1508
Pedestrian 1 1 1 110.48753356933594 161.71588134765625 143.22412109375 221.0986328125 0.7478204369544983 1.7938706874847412 0.5937336087226868 -14.917521476745605 1.4571037292480469 22.21990394592285 -4.9023637771606445 0.1498
Pedestrian 1 1 1 162.45884704589844 169.32595825195312 190.83682250976562 220.7121124267578 0.754138171672821 1.7331327199935913 0.6000551581382751 -14.907645225524902 1.6138403415679932 24.756900787353516 -4.877054214477539 0.1497
Cyclist 1 1 1 737.4517822265625 177.73126220703125 778.9641723632812 218.73728942871094 1.71733820438385 1.8108404874801636 0.6505089402198792 6.630048751831055 2.0337066650390625 32.50041580200195 -6.516068935394287 0.1488
Cyclist 1 1 1 952.2642211914062 155.97198486328125 1028.509521484375 241.3414764404297 1.7227897644042969 1.6877365112304688 0.5180752873420715 7.891728401184082 1.3536827564239502 15.152111053466797 -7.982329845428467 0.1483
Car 1 1 1 0.0 187.68817138671875 0.0 374.0 3.902257204055786 1.5490870475769043 1.6267298460006714 -5.345371723175049 1.6318069696426392 2.0633504390716553 -7.884120464324951 0.1457
Car 1 1 1 348.83697509765625 173.57086181640625 395.2925109863281 199.67654418945312 3.8155975341796875 1.6095088720321655 1.6278278827667236 -15.315910339355469 1.6573548316955566 46.52646255493164 -7.819351673126221 0.1415
Pedestrian 1 1 1 146.48838806152344 166.14920043945312 180.2079315185547 222.28219604492188 0.7590182423591614 1.7914308309555054 0.57262122631073 -14.591452598571777 1.5771535634994507 23.50074577331543 -4.153966903686523 0.1412
Pedestrian 1 1 1 1045.3043212890625 151.43927001953125 1084.464111328125 216.71018981933594 0.7568491101264954 1.7970068454742432 0.5907847881317139 12.71961784362793 1.2071272134780884 20.26984977722168 -7.949317455291748 0.1392
Pedestrian 1 1 1 0.0 170.3685760498047 52.809688568115234 256.0858154296875 0.7540907263755798 1.7458547353744507 0.5572462677955627 -12.336788177490234 1.6949326992034912 15.140803337097168 -4.397430896759033 0.1388
Pedestrian 1 1 1 239.99964904785156 165.31260681152344 281.04705810546875 241.93588256835938 0.6316840052604675 1.6734068393707275 0.5590179562568665 -7.853057861328125 1.508407473564148 16.120712280273438 -4.523276329040527 0.1370
Car 1 1 1 0.0 0.0 1119.31201171875 374.0 3.7894601821899414 1.5314557552337646 1.6270906925201416 1.3860838413238525 1.5474812984466553 0.9301208853721619 -7.963219165802002 0.1366
Cyclist 1 1 1 314.2452087402344 173.25303649902344 342.7010192871094 213.0677947998047 1.7603157758712769 1.687697410583496 0.5631968975067139 -12.309953689575195 1.7052968740463257 31.48421859741211 -4.7171101570129395 0.1358
Pedestrian 1 1 1 67.50420379638672 164.95843505859375 112.24874877929688 241.69129943847656 0.6616529226303101 1.7732751369476318 0.5482910871505737 -12.348615646362305 1.5905108451843262 17.069089889526367 -4.427403926849365 0.1357
Cyclist 1 1 1 981.8363037109375 156.43246459960938 1050.4227294921875 231.80813598632812 1.7284489870071411 1.6893634796142578 0.5132124423980713 9.509260177612305 1.3210147619247437 17.05677604675293 -7.9523749351501465 0.1347
Pedestrian 1 1 1 761.8855590820312 164.89512634277344 780.7442016601562 213.77587890625 0.7196193337440491 1.6958948373794556 0.6246764063835144 5.636723518371582 1.41946542263031 25.44485092163086 -7.667677402496338 0.1346
Cyclist 1 1 1 385.18218994140625 177.19219970703125 400.20574951171875 205.00323486328125 1.6707942485809326 1.694684624671936 0.4829334020614624 -13.600394248962402 1.970445156097412 45.07251739501953 -7.884253978729248 0.1338
Car 1 1 1 672.1368408203125 178.36264038085938 726.080078125 213.73574829101562 3.717085123062134 1.4949322938919067 1.6027902364730835 3.9728806018829346 1.7616915702819824 33.03911209106445 -7.973863124847412 0.1322
Pedestrian 1 1 1 1022.1997680664062 153.32701110839844 1061.540771484375 218.04776000976562 0.7616570591926575 1.7783894538879395 0.5793097615242004 12.071856498718262 1.2415292263031006 20.265642166137695 -8.096845626831055 0.1319
Pedestrian 1 1 1 1090.4530029296875 147.80703735351562 1128.1510009765625 213.3069610595703 0.7362808585166931 1.8063223361968994 0.565345823764801 13.972705841064453 1.115290641784668 20.27814483642578 -7.81093168258667 0.1312
Car 1 1 1 559.334228515625 176.88150024414062 588.0620727539062 198.9039306640625 3.9041824340820312 1.5477955341339111 1.5984562635421753 -2.758115530014038 1.857865810394287 53.5359001159668 -8.043992042541504 0.1305
Car 1 1 1 621.9954833984375 173.22947692871094 656.1417236328125 204.9668731689453 3.855128049850464 1.5375760793685913 1.607737421989441 1.4026151895523071 1.5575000047683716 36.93315887451172 -7.849350452423096 0.1299
Pedestrian 1 1 1 800.5240478515625 161.6532440185547 824.9938354492188 223.86036682128906 0.7346165776252747 1.709831714630127 0.63996821641922 5.653028964996338 1.4016667604446411 20.278676986694336 -7.549116611480713 0.1284
Car 1 1 1 537.35693359375 177.9364013671875 562.5157470703125 201.73080444335938 3.8829610347747803 1.5039652585983276 1.5962039232254028 -4.030313491821289 1.8588579893112183 48.440147399902344 -7.913894176483154 0.1283
Pedestrian 1 1 1 149.32057189941406 162.7503662109375 182.55596923828125 220.32376098632812 0.6987234950065613 1.7729779481887817 0.6022312641143799 -13.935142517089844 1.4615355730056763 22.576810836791992 -4.6866679191589355 0.1283
Car 1 1 1 718.0723266601562 177.7812042236328 807.8693237304688 240.88400268554688 3.896056890487671 1.492027997970581 1.600393295288086 3.923801898956299 1.6369917392730713 19.318872451782227 -7.847111225128174 0.1275
Pedestrian 1 1 1 476.5164489746094 172.642333984375 490.116455078125 201.02696228027344 0.594757616519928 1.8045473098754883 0.6207630634307861 -8.161208152770996 1.7907906770706177 46.29335021972656 -7.242181301116943 0.1272
Cyclist 1 1 1 1021.7443237304688 155.65513610839844 1097.9669189453125 234.02249145507812 1.7198582887649536 1.6848077774047852 0.5192596912384033 10.125823974609375 1.314752221107483 16.394886016845703 -7.9604878425598145 0.1264
Cyclist 1 1 1 404.14892578125 160.16407775878906 433.59832763671875 204.05259704589844 1.564753532409668 1.7494604587554932 0.5496035814285278 -7.865097522735596 1.2433217763900757 29.581077575683594 -4.527770519256592 0.1256
Car 1 1 1 0.0 0.0 1241.0 374.0 3.797351121902466 1.5532655715942383 1.603298544883728 3.3436036109924316 1.5241854190826416 0.6988847255706787 -7.932039737701416 0.1251
Pedestrian 1 1 1 72.76850891113281 161.6693115234375 113.7618637084961 235.0611114501953 0.7303544282913208 1.7894799709320068 0.5331054925918579 -12.970200538635254 1.5164687633514404 18.043367385864258 -3.9955625534057617 0.1251
Car 1 1 1 1146.3902587890625 154.69680786132812 1241.0 229.7967071533203 3.4928529262542725 1.5453721284866333 1.6045416593551636 14.564420700073242 1.1714417934417725 16.67487335205078 -7.969729900360107 0.1250
Pedestrian 1 1 1 785.411865234375 162.62191772460938 803.26513671875 211.17205810546875 0.7252284288406372 1.7250659465789795 0.6140477657318115 6.616917610168457 1.3612035512924194 26.067922592163086 -7.588303089141846 0.1249
Pedestrian 1 1 1 352.030029296875 169.20079040527344 370.9850158691406 204.4813995361328 0.8667847514152527 1.7252272367477417 0.6048400402069092 -12.341127395629883 1.546284556388855 35.73313903808594 -7.797262668609619 0.1247
Pedestrian 1 1 1 219.012451171875 165.13348388671875 240.1771240234375 205.78355407714844 0.6520397663116455 1.772902488708496 0.6298133730888367 -16.816967010498047 1.4358818531036377 31.826663970947266 -4.8190016746521 0.1238
Pedestrian 1 1 1 255.82174682617188 167.78794860839844 278.88970947265625 212.26495361328125 0.6537662744522095 1.782721996307373 0.6127527356147766 -13.933496475219727 1.5793648958206177 29.258386611938477 -7.817622661590576 0.1238
Pedestrian 1 1 1 966.37451171875 154.58114624023438 1002.3952026367188 217.8206024169922 0.7665247917175293 1.7410000562667847 0.604483962059021 10.449501037597656 1.2376432418823242 20.253061294555664 -7.872931957244873 0.1232
Pedestrian 1 1 1 903.5588989257812 153.2181854248047 938.1898803710938 247.26449584960938 0.7320561408996582 1.7494604587554932 0.5476533770561218 5.905516624450684 1.3838930130004883 13.855461120605469 -7.535717487335205 0.1225
Car 1 1 1 505.0910949707031 178.49398803710938 543.82177734375 212.64146423339844 3.8901073932647705 1.487753987312317 1.6227439641952515 -4.02944803237915 1.7695176601409912 34.090187072753906 -4.779226779937744 0.1219
Pedestrian 1 1 1 0.0 187.10781860351562 67.06378936767578 317.377197265625 0.6436951160430908 1.384126901626587 0.47504258155822754 -6.601623058319092 1.549521803855896 8.062564849853516 -4.725861549377441 0.1216
Car 1 1 1 565.937744140625 174.100341796875 595.1544189453125 203.1099853515625 4.0217390060424805 1.6235101222991943 1.6418440341949463 -1.7407121658325195 1.7002739906311035 42.58457946777344 -7.8775715827941895 0.1215
Pedestrian 1 1 1 433.5357666015625 167.45033264160156 448.02099609375 202.7738494873047 0.6608492732048035 1.810840129852295 0.610060453414917 -8.790541648864746 1.5335241556167603 37.32830047607422 -4.741231918334961 0.1211
Car 1 1 1 194.65289306640625 176.9916229248047 271.9519348144531 211.24012756347656 3.9451346397399902 1.5156270265579224 1.67965829372406 -17.89265251159668 1.7239654064178467 34.39707565307617 -4.729133605957031 0.1210
Pedestrian 1 1 1 1211.068603515625 141.86117553710938 1241.0 226.78683471679688 0.7417319416999817 1.7688974142074585 0.567086935043335 13.36579704284668 1.1230547428131104 15.457923889160156 -4.464076042175293 0.1202
Pedestrian 1 1 1 45.87034606933594 162.69625854492188 97.45380401611328 243.6575164794922 0.7396205067634583 1.7609164714813232 0.5698044896125793 -12.048511505126953 1.5396844148635864 16.094518661499023 -4.593489646911621 0.1187
Cyclist 1 1 1 395.4109191894531 174.80690002441406 410.36834716796875 202.76373291015625 1.689245581626892 1.7076231241226196 0.4807673990726471 -12.954123497009277 1.8315253257751465 45.03990173339844 -7.873802661895752 0.1186
Pedestrian 1 1 1 843.9566650390625 158.47772216796875 886.9570922851562 239.6308135986328 0.7000581622123718 1.7670444250106812 0.6256894469261169 5.648257732391357 1.4537125825881958 16.12384796142578 -4.945963382720947 0.1186
Car 1 1 1 502.1271057128906 177.16506958007812 528.0689086914062 202.78073120117188 3.8845763206481934 1.5928668975830078 1.6280769109725952 -6.310000896453857 1.8890806436538696 47.59019088745117 -4.852534770965576 0.1185
Pedestrian 1 1 1 444.1609191894531 175.31329345703125 453.3473205566406 199.16688537597656 0.7825891971588135 1.7589784860610962 0.5557060241699219 -12.027451515197754 1.9431040287017822 53.70026779174805 -7.9219441413879395 0.1179
Car 1 1 1 87.17046356201172 180.99562072753906 214.61993408203125 239.0760498046875 3.4265241622924805 1.488520622253418 1.4956765174865723 -13.064241409301758 1.7411062717437744 20.6927433013916 -4.719922065734863 0.1178
Pedestrian 1 1 1 270.50274658203125 168.9235076904297 291.3995666503906 209.97911071777344 0.5597987174987793 1.7558541297912598 0.6088237166404724 -14.266247749328613 1.587456464767456 31.195159912109375 -7.6463398933410645 0.1164
Car 1 1 1 978.0733642578125 169.0603485107422 1105.711669921875 220.32859802246094 3.6058948040008545 1.4641276597976685 1.5466746091842651 13.257756233215332 1.3554879426956177 22.482267379760742 -4.821541786193848 0.1164
Cyclist 1 1 1 893.3748168945312 157.48690795898438 952.2291870117188 236.30819702148438 1.6975878477096558 1.669923186302185 0.5188916921615601 6.913031578063965 1.3440529108047485 16.14563751220703 -7.896252155303955 0.1162
Car 1 1 1 91.18270874023438 182.85348510742188 236.00595092773438 249.6886749267578 3.9261372089385986 1.492979645729065 1.5814369916915894 -11.443313598632812 1.7804019451141357 18.74175262451172 -4.791738510131836 0.1141
Pedestrian 1 1 1 878.4395751953125 160.86709594726562 907.3778686523438 221.99742126464844 0.7001035809516907 1.6836127042770386 0.6086931824684143 7.886343955993652 1.3531771898269653 20.260391235351562 -7.717321872711182 0.1140
Car 1 1 1 397.03533935546875 180.36117553710938 441.8388977050781 208.36473083496094 3.93839430809021 1.5130870342254639 1.6387585401535034 -11.076423645019531 1.9707746505737305 42.03428268432617 -4.7311930656433105 0.1131
Car 1 1 1 0.0 0.0 1241.0 374.0 3.787600040435791 1.5429593324661255 1.6126066446304321 -1.1784743070602417 1.6031701564788818 0.09789565205574036 -7.897685527801514 0.1121
Car 1 1 1 39.99282455444336 179.3478240966797 167.25143432617188 231.78160095214844 3.5498268604278564 1.5004843473434448 1.5655733346939087 -15.941926002502441 1.7220544815063477 22.870819091796875 -4.720864772796631 0.1112
Pedestrian 1 1 1 988.9185180664062 154.63209533691406 1025.9007568359375 218.38916015625 0.7583942413330078 1.7549817562103271 0.5962633490562439 11.09837532043457 1.253104329109192 20.257427215576172 -7.9137492179870605 0.1110
Cyclist 1 1 1 305.2949523925781 173.9991455078125 332.8752746582031 213.76527404785156 1.7560946941375732 1.7207223176956177 0.569884181022644 -12.991744041442871 1.7728683948516846 32.15913772583008 -4.743165969848633 0.1102
Pedestrian 1 1 1 87.69599914550781 165.88230895996094 117.6366958618164 218.66851806640625 0.6587359309196472 1.786974549293518 0.6037730574607849 -17.470632553100586 1.5506616830825806 24.790878295898438 -4.838113784790039 0.1099
Pedestrian 1 1 1 833.2743530273438 162.042724609375 860.3253173828125 222.8992156982422 0.6963403224945068 1.677030086517334 0.6032018661499023 6.594752311706543 1.3788024187088013 20.26813316345215 -7.722808361053467 0.1092
Car 1 1 1 802.7971801757812 175.61154174804688 931.42236328125 218.990234375 4.001594543457031 1.4862207174301147 1.6100975275039673 9.040797233581543 1.5873847007751465 25.689624786376953 -6.310492992401123 0.1092
Car 1 1 1 240.64967346191406 172.31190490722656 302.5065002441406 204.0312957763672 3.8424158096313477 1.5940723419189453 1.6233633756637573 -17.88030242919922 1.5665287971496582 38.2180290222168 -7.900437831878662 0.1091
Car 1 1 1 462.68212890625 177.54745483398438 488.0301513671875 203.0937957763672 3.8960964679718018 1.6396218538284302 1.6304775476455688 -9.16327953338623 1.9722285270690918 49.12217330932617 -8.021202087402344 0.1089
Car 1 1 1 547.9945678710938 177.98977661132812 571.61865234375 198.40525817871094 3.994018793106079 1.5372411012649536 1.640641212463379 -4.055326461791992 1.9608163833618164 57.46548080444336 -4.841196060180664 0.1087
Cyclist 1 1 1 866.4552001953125 157.1447296142578 920.7499389648438 236.99234008789062 1.6945971250534058 1.6964964866638184 0.5112350583076477 6.277316570281982 1.3624266386032104 16.18410873413086 -7.880713939666748 0.1071
Car 1 1 1 592.1476440429688 177.17950439453125 624.0091552734375 206.62307739257812 3.852290391921997 1.5019466876983643 1.6287472248077393 -0.1848546862602234 1.749107837677002 39.32915496826172 -7.8842244148254395 0.1070
Car 1 1 1 309.2720947265625 181.7783203125 383.14349365234375 224.71546936035156 3.801344156265259 1.5015816688537598 1.5636794567108154 -10.166399955749512 1.8707853555679321 27.95331382751465 -4.7396769523620605 0.1068
Cyclist 1 1 1 1053.0714111328125 151.62217712402344 1148.6866455078125 250.77651977539062 1.740403652191162 1.6914068460464478 0.5178751349449158 8.85984992980957 1.3289276361465454 13.186420440673828 -7.886661052703857 0.1064
Pedestrian 1 1 1 0.0 160.2710723876953 27.946788787841797 251.3601531982422 0.7027434706687927 1.7346338033676147 0.5482915639877319 -12.003924369812012 1.4947139024734497 14.185555458068848 -4.000377655029297 0.1061
Car 1 1 1 279.1907653808594 181.41986083984375 334.3718566894531 215.9420928955078 3.9351556301116943 1.4847651720046997 1.610028624534607 -14.31164264678955 1.9145582914352417 34.147003173828125 -4.895978927612305 0.1060
Car 1 1 1 1241.0 156.1246337890625 1241.0 374.0 3.898284435272217 1.5389249324798584 1.5966280698776245 5.8698906898498535 1.4931585788726807 3.9705848693847656 -7.769402980804443 0.1057
Pedestrian 1 1 1 246.84580993652344 168.05491638183594 274.1661071777344 216.2275848388672 0.7384637594223022 1.7558722496032715 0.6341036558151245 -12.963861465454102 1.5806478261947632 26.68329620361328 -7.807497501373291 0.1037
Pedestrian 1 1 1 900.6273803710938 160.82887268066406 930.9838256835938 221.11526489257812 0.6857486367225647 1.662513017654419 0.5934537053108215 8.52942180633545 1.3305972814559937 20.260358810424805 -7.784773349761963 0.1035
Pedestrian 1 1 1 493.8827209472656 172.40579223632812 506.8643798828125 198.78961181640625 0.8983088731765747 1.8638347387313843 0.5449276566505432 -7.850673675537109 1.8318712711334229 51.48834991455078 -7.490650653839111 0.1034
Pedestrian 1 1 1 33.12766647338867 159.9312744140625 72.91321563720703 239.85740661621094 0.7185937166213989 1.805883765220642 0.5752996206283569 -12.967568397521973 1.513602614402771 16.747398376464844 -5.126567363739014 0.1032
Car 1 1 1 814.5598754882812 174.19239807128906 953.678955078125 221.04624938964844 4.041386127471924 1.5034232139587402 1.5952887535095215 9.01579761505127 1.5494130849838257 24.07870101928711 -6.243951320648193 0.1030
Pedestrian 1 1 1 40.2486572265625 161.72206115722656 78.90943908691406 238.25299072265625 0.7266841530799866 1.7979927062988281 0.5806607007980347 -13.31277084350586 1.5361629724502563 17.399662017822266 -5.115340232849121 0.1029
Pedestrian 1 1 1 246.53152465820312 168.05577087402344 275.34881591796875 220.00865173339844 0.6845316290855408 1.804781436920166 0.6445725560188293 -12.351521492004395 1.6377969980239868 25.447540283203125 -7.7202839851379395 0.1028
Pedestrian 1 1 1 882.9330444335938 156.33998107910156 921.0178833007812 242.7770233154297 0.6866867542266846 1.7207025289535522 0.5603933930397034 5.941149711608887 1.391658067703247 14.80665111541748 -7.196861743927002 0.1028
Cyclist 1 1 1 970.0303344726562 157.54515075683594 1035.85595703125 234.7996826171875 1.701408863067627 1.6666136980056763 0.49728822708129883 8.8565034866333 1.3360556364059448 16.428443908691406 -7.9070515632629395 0.1027
Pedestrian 1 1 1 231.3415069580078 168.412841796875 255.06881713867188 213.8224334716797 0.6521490812301636 1.779152512550354 0.6358811259269714 -14.58688735961914 1.6048474311828613 28.61782455444336 -7.925302982330322 0.1027
Car 1 1 1 607.206298828125 172.3563995361328 631.977783203125 191.4621124267578 3.998027801513672 1.6551024913787842 1.6611213684082031 0.8038409948348999 1.6116955280303955 64.59571838378906 -7.984023571014404 0.1025
Car 1 1 1 270.5468444824219 178.46421813964844 330.5294189453125 209.65151977539062 4.053740978240967 1.5176892280578613 1.6894562244415283 -16.228763580322266 1.8286898136138916 37.95011520385742 -4.790622711181641 0.1024
Pedestrian 1 1 1 697.77880859375 168.32737731933594 714.548583984375 200.47323608398438 0.7498575448989868 1.783852219581604 0.6298574209213257 5.365182876586914 1.532359004020691 40.5295295715332 -7.155251979827881 0.1016
Car 1 1 1 526.8720092773438 178.0760498046875 550.8318481445312 197.94357299804688 4.032549858093262 1.4764361381530762 1.6181640625 -5.664679050445557 1.9029779434204102 56.85634994506836 -8.017260551452637 0.1011
Car 1 1 1 686.4262084960938 174.50851440429688 725.3392333984375 205.8975372314453 3.9320240020751953 1.5378637313842773 1.6593208312988281 4.89818811416626 1.6282761096954346 37.560813903808594 -7.81176233291626 0.1003
Car 1 1 1 778.183837890625 177.1823272705078 838.0725708007812 213.50192260742188 3.848097562789917 1.51436448097229 1.633858561515808 8.793309211730957 1.7203775644302368 32.468135833740234 -7.8545823097229 0.1003
Car 1 1 1 317.063720703125 173.92466735839844 397.2332763671875 200.35281372070312 4.174251079559326 1.5277003049850464 1.6603139638900757 -14.94682502746582 1.5921036005020142 42.69369125366211 -3.180549383163452 0.1002
Pedestrian 1 1 1 276.2916564941406 167.0383758544922 299.14849853515625 211.94192504882812 0.6297124624252319 1.781549334526062 0.6213489770889282 -12.972954750061035 1.5505146980285645 28.955612182617188 -7.808730602264404 0.1000
