Car 1 1 1 498.4756164550781 178.9730224609375 527.2902221679688 204.52633666992188 3.9523394107818604 1.5366132259368896 1.64800226688385 -6.238986492156982 1.9471354484558105 46.40411376953125 -4.79732608795166 0.6109
Car 1 1 1 74.25434875488281 189.0172882080078 180.4649658203125 235.31600952148438 3.7589619159698486 1.4447606801986694 1.575972080230713 -17.176773071289062 2.066585063934326 25.823915481567383 -7.952764987945557 0.4457
Car 1 1 1 0.0 190.681884765625 92.16641235351562 228.18777465820312 3.813753843307495 1.4758429527282715 1.5308854579925537 -25.199323654174805 2.3188636302948 32.186256408691406 -4.765735149383545 0.4013
Car 1 1 1 0.0 184.3480682373047 93.57170104980469 215.20899963378906 3.8577003479003906 1.4761182069778442 1.5313767194747925 -28.30924415588379 2.06290602684021 36.00102615356445 -6.329049110412598 0.3524
Pedestrian 1 1 1 719.0455932617188 167.91416931152344 760.401611328125 250.8151397705078 0.6279510259628296 1.7331451177597046 0.6406205296516418 2.727670907974243 1.6295720338821411 15.493030548095703 -5.081601619720459 0.3103
Pedestrian 1 1 1 251.17001342773438 181.69407653808594 285.9261779785156 249.24359130859375 0.4939725399017334 1.5041764974594116 0.5206663608551025 -7.833857536315918 1.7091951370239258 16.45268440246582 -4.452174663543701 0.2997
Cyclist 1 1 1 713.454833984375 169.6348114013672 727.6355590820312 201.07469177246094 1.7976616621017456 1.7542754411697388 0.5361841917037964 6.260105609893799 1.5743519067764282 41.15962219238281 -7.8517842292785645 0.2931
Car 1 1 1 1022.0925903320312 174.8760986328125 1109.5255126953125 204.8853302001953 3.8303322792053223 1.4627636671066284 1.5439670085906982 23.043132781982422 1.5683823823928833 36.56535339355469 -3.3960485458374023 0.2910
Car 1 1 1 389.3477783203125 179.3434295654297 434.35870361328125 206.8986358642578 3.95157790184021 1.5333549976348877 1.6636403799057007 -11.803699493408203 1.9383840560913086 43.07773971557617 -4.729192733764648 0.2680
Car 1 1 1 127.6854476928711 187.20877075195312 264.0099182128906 249.04135131835938 4.104744911193848 1.474109411239624 1.6273918151855469 -11.481241226196289 1.918413758277893 20.25960350036621 -7.900913715362549 0.2646
Cyclist 1 1 1 0.0 167.41574096679688 130.0314178466797 283.0745849609375 1.8435680866241455 1.8043392896652222 0.5997921228408813 -8.87704849243164 1.7191996574401855 11.569915771484375 -6.2980265617370605 0.2566
Car 1 1 1 255.42733764648438 174.54933166503906 298.2175598144531 198.27833557128906 3.893711566925049 1.725205898284912 1.746665358543396 -25.25736427307129 1.858323097229004 54.76537322998047 -4.803133487701416 0.2527
Car 1 1 1 851.1776123046875 172.54376220703125 881.0560302734375 190.03680419921875 3.8808610439300537 1.4996042251586914 1.6235496997833252 22.605863571166992 1.4727075099945068 63.868446350097656 -4.608517646789551 0.2502
Pedestrian 1 1 1 21.088890075683594 177.3553466796875 34.17948532104492 214.75869750976562 0.38990840315818787 1.7836313247680664 0.5285366773605347 -28.130361557006836 2.0024285316467285 34.802001953125 -7.171781063079834 0.2465
Car 1 1 1 678.3888549804688 175.74301147460938 697.5776977539062 193.82574462890625 3.8355798721313477 1.5327658653259277 1.591284990310669 6.842671871185303 1.7957146167755127 63.76972961425781 -4.6289448738098145 0.2340
Pedestrian 1 1 1 835.69189453125 168.95541381835938 848.5441284179688 192.97792053222656 0.9333629608154297 1.8042407035827637 0.5047673583030701 17.563989639282227 1.511132001876831 54.68414306640625 -3.8336105346679688 0.2242
Car 1 1 1 750.9325561523438 175.92372131347656 773.5411987304688 192.39637756347656 3.9023683071136475 1.4879449605941772 1.5519136190414429 14.278401374816895 1.7851110696792603 67.92003631591797 -4.644088268280029 0.2224
Car 1 1 1 288.81048583984375 176.993408203125 317.1903381347656 193.94699096679688 3.857084035873413 1.5383309125900269 1.6229788064956665 -29.12605857849121 1.9426956176757812 68.50096893310547 -8.019759178161621 0.2150
Car 1 1 1 32.12603759765625 181.5631866455078 154.4575653076172 236.9056854248047 3.5468075275421143 1.4637303352355957 1.5227720737457275 -15.31445026397705 1.7459297180175781 21.537809371948242 -4.8611249923706055 0.2109
Car 1 1 1 177.49923706054688 173.64639282226562 223.32351684570312 194.58258056640625 3.9818384647369385 1.6575047969818115 1.6894171237945557 -33.631526947021484 1.7245793342590332 59.314022064208984 -4.769897937774658 0.2016
Pedestrian 1 1 1 1039.844482421875 126.83438873291016 1122.1861572265625 305.02294921875 0.8279688954353333 1.794882893562317 0.593176007270813 5.020753860473633 1.3310301303863525 7.7713823318481445 -3.9385299682617188 0.1989
Pedestrian 1 1 1 199.09268188476562 167.73236083984375 225.1467742919922 216.23666381835938 0.7142553329467773 1.7501435279846191 0.608953595161438 -14.609781265258789 1.5650436878204346 26.423423767089844 -7.965234279632568 0.1980
Cyclist 1 1 1 436.3983154296875 177.7793731689453 449.2769470214844 205.77687072753906 1.6923619508743286 1.688679575920105 0.5172398090362549 -10.379627227783203 1.9992945194244385 44.685157775878906 -4.781452655792236 0.1968
Car 1 1 1 725.763427734375 176.2698516845703 750.27734375 194.24423217773438 3.9358363151550293 1.4918572902679443 1.4748786687850952 11.052251815795898 1.7973496913909912 62.615936279296875 -4.699300765991211 0.1872
Pedestrian 1 1 1 1100.8382568359375 156.91152954101562 1148.514404296875 229.31393432617188 0.7867228984832764 1.7950719594955444 0.5962759852409363 13.02698802947998 1.3995106220245361 18.348142623901367 -4.984762191772461 0.1866
Pedestrian 1 1 1 149.12388610839844 167.73980712890625 180.42694091796875 231.4524383544922 0.7845654487609863 1.8086007833480835 0.5783055424690247 -12.983688354492188 1.6631251573562622 20.9598331451416 -2.40567684173584 0.1840
Pedestrian 1 1 1 116.40498352050781 169.75332641601562 151.40721130371094 229.1591033935547 0.7816963791847229 1.7419581413269043 0.5623695254325867 -14.269842147827148 1.6507370471954346 21.5672664642334 -4.782501697540283 0.1838
Pedestrian 1 1 1 182.2089080810547 183.2494659423828 199.90835571289062 213.24249267578125 0.791008472442627 1.7422374486923218 0.6829245090484619 -24.879119873046875 2.3658251762390137 42.78702926635742 -5.57853364944458 0.1835
Car 1 1 1 351.7736511230469 183.1151885986328 394.22613525390625 208.853759765625 3.9786369800567627 1.4991787672042847 1.6093500852584839 -14.981040954589844 2.1775705814361572 45.687278747558594 -4.776119232177734 0.1831
Pedestrian 1 1 1 55.55765914916992 174.9100341796875 77.71208953857422 208.7806854248047 0.7178627848625183 1.741867184638977 0.6157273054122925 -28.36451530456543 1.8500562906265259 37.617332458496094 -7.417068958282471 0.1807
Pedestrian 1 1 1 929.57177734375 158.39772033691406 948.4442138671875 200.8119354248047 0.6685248017311096 1.788416862487793 0.6154054403305054 14.036377906799316 1.178560733795166 30.875152587890625 -7.228168964385986 0.1803
Car 1 1 1 130.0626678466797 183.61862182617188 206.5860137939453 216.99180603027344 3.976215124130249 1.5142018795013428 1.6230436563491821 -22.027408599853516 2.0828781127929688 36.09610366821289 -4.784765720367432 0.1790
Pedestrian 1 1 1 412.43072509765625 173.06365966796875 424.8381652832031 198.39791870117188 0.7949931621551514 1.7917481660842896 0.6242245435714722 -13.675673484802246 1.8065235614776611 51.45976638793945 -7.769250392913818 0.1744
Pedestrian 1 1 1 860.6146850585938 175.63623046875 879.8569946289062 208.7161102294922 0.745323121547699 1.801863670349121 0.6695142984390259 14.342935562133789 1.957230806350708 39.87777328491211 -5.262306213378906 0.1722
Car 1 1 1 289.16937255859375 174.4520721435547 320.3131408691406 198.07781982421875 3.937379837036133 1.7309284210205078 1.7474308013916016 -23.371946334838867 1.857802391052246 55.28581237792969 -4.994268894195557 0.1705
Car 1 1 1 1149.9925537109375 160.16798400878906 1241.0 195.6840362548828 3.784947156906128 1.5893408060073853 1.6645517349243164 28.056867599487305 1.0213425159454346 34.29483413696289 -8.024114608764648 0.1701
Pedestrian 1 1 1 74.07166290283203 170.59393310546875 90.03721618652344 199.12307739257812 0.7508299350738525 1.8276958465576172 0.5888233184814453 -34.16845703125 1.6826069355010986 46.65821075439453 -8.088056564331055 0.1695
Car 1 1 1 747.516845703125 175.30442810058594 774.0472412109375 193.3909912109375 3.919987678527832 1.4989562034606934 1.5568126440048218 12.961249351501465 1.7169954776763916 62.31289291381836 -4.688320159912109 0.1677
Car 1 1 1 378.3363952636719 174.55723571777344 403.3089904785156 197.4917449951172 3.990172863006592 1.6203678846359253 1.6373474597930908 -16.22400665283203 1.751251459121704 53.43449020385742 -4.973295211791992 0.1675
Car 1 1 1 163.271728515625 178.04754638671875 209.39886474609375 201.57801818847656 3.9144580364227295 1.648047685623169 1.6345608234405518 -31.38087272644043 2.047713279724121 53.50631332397461 -8.01085090637207 0.1668
Car 1 1 1 1175.6822509765625 162.7999725341797 1241.0 192.7367706298828 3.7324728965759277 1.6140919923782349 1.6287117004394531 34.18247985839844 1.0717123746871948 40.79525375366211 -7.820638179779053 0.1652
Pedestrian 1 1 1 143.60877990722656 167.1246337890625 163.80776977539062 202.30166625976562 0.7688448429107666 1.8456650972366333 0.6290394067764282 -24.23567008972168 1.54475736618042 38.271881103515625 -7.955490589141846 0.1619
Car 1 1 1 0.0 0.0 1241.0 374.0 3.798894166946411 1.5329757928848267 1.6324399709701538 3.018179178237915 1.5558189153671265 0.9473109841346741 -7.871819019317627 0.1616
Pedestrian 1 1 1 687.4334106445312 174.4875946044922 694.1759643554688 193.2867431640625 0.7185545563697815 1.7580280303955078 0.5767664313316345 7.582658767700195 1.9123120307922363 67.90879821777344 -7.819254398345947 0.1609
Pedestrian 1 1 1 383.9850158691406 173.89456176757812 395.6451721191406 199.63526916503906 0.5073631405830383 1.7290481328964233 0.5952941179275513 -14.948978424072266 1.7997946739196777 48.881710052490234 -7.182718753814697 0.1595
Pedestrian 1 1 1 393.07568359375 173.2374267578125 410.0958557128906 204.2049102783203 0.6901453137397766 1.7214303016662598 0.653008759021759 -11.744512557983398 1.7428970336914062 40.54035568237305 -7.578673839569092 0.1585
Car 1 1 1 554.776611328125 178.7374725341797 577.2369384765625 199.5611572265625 3.8409876823425293 1.5291749238967896 1.6285098791122437 -3.4138693809509277 2.001599073410034 56.0292854309082 -4.743217468261719 0.1571
Car 1 1 1 1187.90673828125 159.72203063964844 1241.0 230.78648376464844 3.8038978576660156 1.58842933177948 1.6642385721206665 16.82227897644043 1.2946043014526367 18.062856674194336 -7.895802974700928 0.1566
Pedestrian 1 1 1 230.19805908203125 176.6568145751953 265.66912841796875 246.5573272705078 0.5119515061378479 1.5881500244140625 0.529293417930603 -8.45035457611084 1.6777771711349487 16.745256423950195 -4.4423956871032715 0.1558
Pedestrian 1 1 1 1064.604736328125 166.78839111328125 1110.12939453125 257.9129333496094 0.5527369976043701 1.5415825843811035 0.5001856684684753 8.227291107177734 1.4386688470840454 12.533498764038086 -4.477293968200684 0.1557
Car 1 1 1 411.8050842285156 180.62005615234375 458.1078796386719 196.8762969970703 3.9465229511260986 1.4968087673187256 1.6421358585357666 -16.59256935119629 2.2434396743774414 68.3950424194336 -3.0481152534484863 0.1547
Car 1 1 1 310.5118103027344 183.04830932617188 374.873779296875 217.5507354736328 4.065214157104492 1.5240365266799927 1.6671288013458252 -12.960430145263672 2.048774242401123 35.1197395324707 -4.723341464996338 0.1541
Car 1 1 1 943.25341796875 166.93814086914062 984.2147216796875 185.47164916992188 4.230398654937744 1.639043927192688 1.675824761390686 32.2392463684082 1.115563154220581 65.92807006835938 -4.709559917449951 0.1539
Pedestrian 1 1 1 77.36756134033203 170.1189727783203 103.72505187988281 210.14886474609375 0.7678629755973816 1.8196632862091064 0.6744607090950012 -23.934864044189453 1.6950355768203735 33.19821548461914 -7.899343013763428 0.1538
Car 1 1 1 1.896281361579895 193.24920654296875 107.34323120117188 237.58863830566406 3.773120403289795 1.481050968170166 1.6707209348678589 -21.407176971435547 2.327160358428955 27.943096160888672 -4.8830485343933105 0.1535
Pedestrian 1 1 1 201.4439697265625 171.10304260253906 228.75074768066406 235.78846740722656 0.6381110548973083 1.6662081480026245 0.5220876932144165 -10.425871849060059 1.6208059787750244 18.970273971557617 -5.028850555419922 0.1534
Pedestrian 1 1 1 371.3949279785156 169.6970672607422 386.6133728027344 200.15794372558594 0.7466376423835754 1.7756307125091553 0.6470056772232056 -13.618983268737793 1.5913059711456299 42.4390754699707 -7.836065769195557 0.1529
Car 1 1 1 575.8413696289062 177.51292419433594 605.6935424804688 199.99081420898438 4.045285224914551 1.5700803995132446 1.6630973815917969 -1.491760015487671 1.9284429550170898 53.41511917114258 -4.877863883972168 0.1526
Car 1 1 1 1087.5858154296875 161.1890106201172 1156.237548828125 189.68540954589844 4.341893196105957 1.9292421340942383 1.7058992385864258 36.07676315307617 1.1392076015472412 51.038047790527344 -7.875776767730713 0.1524
Car 1 1 1 858.3533325195312 171.79087829589844 897.0033569335938 192.96359252929688 3.7267582416534424 1.5375683307647705 1.56492018699646 20.054784774780273 1.460063099861145 54.271976470947266 -7.840517520904541 0.1524
Car 1 1 1 89.60929107666016 178.0553436279297 157.5875701904297 210.37937927246094 3.694927215576172 1.5627485513687134 1.657981276512146 -25.22418785095215 1.847017765045166 37.498016357421875 -4.918002128601074 0.1508
Car 1 1 1 0.0 0.0 1241.0 374.0 3.931135654449463 1.5454812049865723 1.6575504541397095 -3.4269256591796875 1.630838394165039 0.973077118396759 -7.892012119293213 0.1503
Car 1 1 1 173.98960876464844 181.66981506347656 227.1737518310547 209.07154846191406 4.054360389709473 1.5812777280807495 1.6474624872207642 -25.578857421875 2.1588709354400635 45.15697479248047 -4.89096212387085 0.1492
Pedestrian 1 1 1 262.56951904296875 175.419677734375 296.365234375 244.93418884277344 0.5003707408905029 1.6072624921798706 0.5262914896011353 -7.843161106109619 1.668578863143921 17.016990661621094 -4.4431538581848145 0.1480
Car 1 1 1 197.33950805664062 184.41807556152344 281.7307434082031 222.29693603515625 4.036027908325195 1.4957791566848755 1.6328781843185425 -16.22498893737793 2.0366718769073486 31.746902465820312 -4.70911169052124 0.1461
Pedestrian 1 1 1 204.748779296875 166.48521423339844 231.79827880859375 213.76565551757812 0.708939254283905 1.7650619745254517 0.5976883172988892 -14.875706672668457 1.5270042419433594 27.327194213867188 -7.721131801605225 0.1440
Pedestrian 1 1 1 225.6626739501953 170.43716430664062 241.94728088378906 198.20578002929688 0.7689552307128906 1.7912956476211548 0.5991178750991821 -24.52032470703125 1.635090708732605 46.972652435302734 -7.692121982574463 0.1439
Pedestrian 1 1 1 973.24755859375 161.4168701171875 990.3502807617188 201.2202606201172 0.6503497362136841 1.7881234884262085 0.6430252194404602 16.87420654296875 1.2740230560302734 32.83869934082031 -7.455703258514404 0.1415
Pedestrian 1 1 1 266.98919677734375 169.76141357421875 287.98907470703125 210.671630859375 0.6915136575698853 1.8056775331497192 0.6384449601173401 -14.879422187805176 1.668878197669983 32.207008361816406 -7.900057315826416 0.1414
Pedestrian 1 1 1 275.74932861328125 179.6638946533203 311.1653747558594 248.1361083984375 0.5179947018623352 1.522188425064087 0.528933584690094 -7.255677700042725 1.6800153255462646 16.42955780029297 -4.417629718780518 0.1413
Car 1 1 1 0.0 187.75804138183594 0.0 374.0 3.910818338394165 1.5503860712051392 1.630896806716919 -5.34340763092041 1.6339247226715088 2.0956356525421143 -7.863616466522217 0.1411
Cyclist 1 1 1 1204.06689453125 163.31265258789062 1241.0 207.5176544189453 1.780674934387207 1.7891504764556885 0.6320402026176453 25.536815643310547 1.402674674987793 29.622203826904297 -6.165073871612549 0.1389
Pedestrian 1 1 1 0.0 161.85293579101562 28.436464309692383 241.39535522460938 0.7283179759979248 1.7949862480163574 0.5885038375854492 -13.958311080932617 1.5464317798614502 16.749849319458008 -5.452033519744873 0.1389
Car 1 1 1 638.9069213867188 176.4990234375 657.2798461914062 194.1570587158203 3.830868721008301 1.4854131937026978 1.5652213096618652 3.3434672355651855 1.8156288862228394 63.466094970703125 -4.650266647338867 0.1388
Car 1 1 1 787.1829833984375 174.39227294921875 813.7688598632812 191.60804748535156 3.988802433013916 1.5266484022140503 1.5866005420684814 17.46476936340332 1.6722058057785034 66.38180541992188 -4.65848970413208 0.1387
Pedestrian 1 1 1 736.1402587890625 168.56100463867188 760.0093994140625 208.9788055419922 0.8418370485305786 1.7395856380462646 0.5972908735275269 5.990135192871094 1.554514765739441 31.529855728149414 -6.834174633026123 0.1382
Pedestrian 1 1 1 11.139364242553711 176.02496337890625 24.05169105529785 214.37167358398438 0.3905627429485321 1.8135650157928467 0.5285709500312805 -28.364755630493164 1.9662790298461914 34.4974365234375 -7.146705150604248 0.1367
Pedestrian 1 1 1 389.61883544921875 175.97763061523438 412.30718994140625 218.29849243164062 0.7954034805297852 1.738066554069519 0.6479000449180603 -8.800681114196777 1.8708189725875854 30.221311569213867 -5.407327175140381 0.1353
Pedestrian 1 1 1 100.2820816040039 166.96693420410156 130.96588134765625 233.43589782714844 0.7825652956962585 1.8256442546844482 0.5719398260116577 -13.957500457763672 1.6636496782302856 20.296037673950195 -2.365281105041504 0.1348
Pedestrian 1 1 1 444.1818542480469 170.41761779785156 456.2535705566406 195.5929718017578 0.7487131953239441 1.82715904712677 0.6307201981544495 -11.716814994812012 1.6500327587127686 52.787174224853516 -7.693620204925537 0.1347
Car 1 1 1 899.8231811523438 170.55300903320312 944.5978393554688 191.10757446289062 4.0417985916137695 1.54293954372406 1.588797926902771 24.236000061035156 1.3699138164520264 56.21739959716797 -7.899266719818115 0.1345
Car 1 1 1 926.711181640625 165.37066650390625 1001.3784790039062 198.9068603515625 3.940451145172119 1.5443425178527832 1.6671808958053589 17.13372230529785 1.1994348764419556 35.207725524902344 -4.725406646728516 0.1341
Car 1 1 1 87.17986297607422 187.1882781982422 210.17994689941406 225.09861755371094 3.9580554962158203 1.4659574031829834 1.6092853546142578 -18.85457420349121 2.0712244510650635 29.54572868347168 -6.350745677947998 0.1338
Cyclist 1 1 1 445.5569152832031 178.28167724609375 458.1782531738281 205.85340881347656 1.6285791397094727 1.663679599761963 0.5198858380317688 -9.822453498840332 2.0058066844940186 44.69252395629883 -4.773420333862305 0.1328
Pedestrian 1 1 1 137.0700225830078 165.7831573486328 171.40557861328125 227.07369995117188 0.7597094178199768 1.7953110933303833 0.6172471046447754 -13.656322479248047 1.5878932476043701 21.558303833007812 -4.868267059326172 0.1318
Car 1 1 1 658.6748657226562 177.08302307128906 683.429931640625 198.84268188476562 3.8677494525909424 1.565161108970642 1.6081331968307495 4.632425785064697 1.8975321054458618 54.724853515625 -4.558424472808838 0.1310
Car 1 1 1 0.0 0.0 1226.2889404296875 374.0 3.822505235671997 1.5428301095962524 1.6139799356460571 1.4005649089813232 1.5712342262268066 0.6779045462608337 -7.875842571258545 0.1307
Car 1 1 1 0.0 0.0 1241.0 374.0 3.871056079864502 1.533355712890625 1.621575951576233 4.61716890335083 1.5406172275543213 1.3146846294403076 -7.905894756317139 0.1306
Car 1 1 1 176.8253173828125 173.8006134033203 221.30511474609375 196.5425567626953 4.044000625610352 1.9178320169448853 1.6514774560928345 -35.87272644042969 2.0029306411743164 63.05573272705078 -7.874663829803467 0.1304
Car 1 1 1 1132.187744140625 162.86817932128906 1206.7017822265625 190.00848388671875 3.90594220161438 1.6049761772155762 1.6580015420913696 34.478843688964844 1.0141524076461792 44.64533233642578 -4.683258056640625 0.1304
Car 1 1 1 1098.375732421875 163.005126953125 1168.3507080078125 190.57115173339844 4.0369672775268555 1.6240119934082031 1.6421631574630737 32.20542907714844 1.0434802770614624 44.58735656738281 -4.630282402038574 0.1302
Pedestrian 1 1 1 1087.193115234375 169.07164001464844 1137.7421875 263.0495300292969 0.5907302498817444 1.5069319009780884 0.5104432702064514 8.233275413513184 1.4459819793701172 11.919286727905273 -4.4616265296936035 0.1301
Pedestrian 1 1 1 288.8166198730469 173.70216369628906 322.8803405761719 244.00453186035156 0.5161944031715393 1.6273808479309082 0.5336636304855347 -7.230274200439453 1.6474958658218384 17.03864288330078 -4.395786762237549 0.1300
Pedestrian 1 1 1 226.7841033935547 166.56509399414062 249.48883056640625 219.73963928222656 0.7947367429733276 1.8127471208572388 0.6072563529014587 -12.983710289001465 1.598055362701416 25.09702491760254 -5.313563823699951 0.1296
Car 1 1 1 1001.2620239257812 168.44345092773438 1124.5140380859375 222.57107543945312 3.456798791885376 1.5148882865905762 1.5136198997497559 13.577011108398438 1.3911489248275757 21.94098663330078 -4.737794876098633 0.1285
Car 1 1 1 836.2152099609375 180.44796752929688 913.7116088867188 207.8783721923828 3.8417811393737793 1.4958505630493164 1.6263612508773804 15.026541709899902 1.939833164215088 41.091007232666016 -3.3092215061187744 0.1285
Pedestrian 1 1 1 722.456298828125 169.85218811035156 732.58056640625 193.10202026367188 0.8182980418205261 1.7987736463546753 0.5737538933753967 9.146286964416504 1.5662306547164917 56.316165924072266 -4.266678333282471 0.1284
Car 1 1 1 923.6713256835938 171.5227813720703 960.7408447265625 189.3545684814453 3.9942626953125 1.5456122159957886 1.6465431451797485 29.657379150390625 1.4299241304397583 64.57758331298828 -4.661149501800537 0.1278
Pedestrian 1 1 1 1125.904052734375 150.6280517578125 1172.5802001953125 225.0004425048828 0.7714090943336487 1.8426612615585327 0.5959379076957703 13.662229537963867 1.291688084602356 18.357666015625 -8.346332550048828 0.1254
Cyclist 1 1 1 297.0713195800781 177.49981689453125 326.4477233886719 214.41683959960938 1.722388505935669 1.7059415578842163 0.6089951395988464 -14.259601593017578 1.933044195175171 34.440433502197266 -4.6549153327941895 0.1246
Car 1 1 1 709.5819091796875 176.41543579101562 729.9268798828125 194.44776916503906 3.9688518047332764 1.4909940958023071 1.5501242876052856 9.457763671875 1.8094420433044434 62.52436447143555 -4.609867095947266 0.1244
Car 1 1 1 869.92041015625 172.55123901367188 906.0325317382812 190.1182098388672 4.105434894561768 1.5661640167236328 1.6054960489273071 25.512853622436523 1.5388702154159546 66.41045379638672 -4.751576900482178 0.1242
Pedestrian 1 1 1 294.11639404296875 170.29542541503906 327.22637939453125 227.9501495361328 0.7292599081993103 1.590848684310913 0.5828114748001099 -8.464675903320312 1.5199507474899292 20.30264663696289 -7.747716426849365 0.1236
Car 1 1 1 468.5016784667969 179.93846130371094 491.7639465332031 199.04588317871094 3.8620119094848633 1.4989793300628662 1.553694486618042 -10.80515193939209 2.108010768890381 60.069664001464844 -4.796719551086426 0.1224
Car 1 1 1 208.16737365722656 174.42025756835938 243.312255859375 193.29037475585938 3.9882612228393555 1.7288501262664795 1.6609560251235962 -36.470428466796875 1.8818573951721191 68.53897857666016 -7.986691951751709 0.1218
Pedestrian 1 1 1 284.16265869140625 168.67408752441406 305.23284912109375 209.75189208984375 0.663924515247345 1.794321894645691 0.6468052268028259 -13.957863807678223 1.6114386320114136 31.854694366455078 -4.728604793548584 0.1217
Car 1 1 1 625.5069580078125 174.65078735351562 646.579345703125 191.35232543945312 3.7889444828033447 1.5155768394470215 1.6134058237075806 2.4007952213287354 1.6890312433242798 67.8343734741211 -7.916225910186768 0.1211
Pedestrian 1 1 1 325.9773254394531 168.61424255371094 340.3572692871094 198.8219757080078 0.6900120973587036 1.8158990144729614 0.6584106087684631 -16.81796646118164 1.5607311725616455 43.7518196105957 -7.95861291885376 0.1208
Pedestrian 1 1 1 253.99798583984375 174.25112915039062 270.5089111328125 200.11167907714844 0.8709985613822937 1.8004028797149658 0.5830190777778625 -24.51717758178711 1.8995007276535034 50.81169509887695 -7.350858688354492 0.1207
Car 1 1 1 418.8323974609375 174.62631225585938 450.3680114746094 199.37123107910156 4.142077922821045 1.7608909606933594 1.7049535512924194 -13.059364318847656 1.8979837894439697 53.793880462646484 -4.805448055267334 0.1207
Car 1 1 1 1075.88232421875 167.04176330566406 1155.3021240234375 195.7928924560547 3.865875482559204 1.5433578491210938 1.623511552810669 28.3832950592041 1.2310574054718018 40.70743942260742 -4.76841926574707 0.1205
Car 1 1 1 323.4372863769531 182.5504150390625 376.4932861328125 210.94741821289062 3.9219846725463867 1.5051170587539673 1.631241798400879 -14.938616752624512 2.089569330215454 41.54893112182617 -4.708519458770752 0.1198
Car 1 1 1 567.0794067382812 178.97515869140625 587.66943359375 197.81838989257812 3.926743507385254 1.4912083148956299 1.482131004333496 -2.7853968143463135 2.0209801197052 60.45159912109375 -4.819165229797363 0.1196
Car 1 1 1 537.0652465820312 179.0673065185547 555.1515502929688 197.87379455566406 3.8723840713500977 1.4898556470870972 1.461562156677246 -5.357213497161865 2.027292251586914 60.459716796875 -4.789304256439209 0.1192
Car 1 1 1 173.7875213623047 0.0 1241.0 374.0 3.856818675994873 1.5558743476867676 1.6554405689239502 -0.8652065396308899 1.5944558382034302 0.8676028847694397 -7.877784252166748 0.1191
Car 1 1 1 1011.7842407226562 168.57952880859375 1057.065185546875 186.4812774658203 3.9016027450561523 1.613946557044983 1.6538227796554565 39.3728141784668 1.2282774448394775 67.07074737548828 -7.948185443878174 0.1190
Car 1 1 1 613.2637329101562 176.61273193359375 634.4628295898438 195.82192993164062 4.02987003326416 1.5074557065963745 1.6009689569473267 1.08687424659729 1.8273857831954956 59.44464111328125 -7.870460033416748 0.1189
Cyclist 1 1 1 1164.75341796875 165.4423065185547 1224.7344970703125 210.19273376464844 1.792295217514038 1.7859677076339722 0.6719461679458618 23.659931182861328 1.4898706674575806 29.274038314819336 -6.119135856628418 0.1188
Pedestrian 1 1 1 1071.517822265625 154.8694305419922 1103.4644775390625 214.78561401367188 0.7803822159767151 1.8070316314697266 0.5419459342956543 14.63983154296875 1.2643293142318726 22.196592330932617 -6.836036205291748 0.1185
Car 1 1 1 506.85797119140625 178.8447723388672 541.9896850585938 207.9208984375 3.9011707305908203 1.6022640466690063 1.6791101694107056 -5.033284664154053 1.971456527709961 42.536617279052734 -4.730738639831543 0.1185
Car 1 1 1 574.4288330078125 178.5574493408203 592.9627685546875 195.69888305664062 3.7585043907165527 1.5051692724227905 1.5877296924591064 -2.471759557723999 2.0463263988494873 66.57012939453125 -4.780678749084473 0.1185
Pedestrian 1 1 1 260.556884765625 165.63966369628906 283.8317565917969 212.61260986328125 0.7091521620750427 1.7746610641479492 0.6266666054725647 -12.985950469970703 1.5017999410629272 27.654272079467773 -4.85007905960083 0.1185
Pedestrian 1 1 1 903.7764892578125 164.35289001464844 916.1177368164062 194.9679718017578 0.731648325920105 1.8079023361206055 0.5970178842544556 17.871740341186523 1.3055883646011353 43.0740966796875 -4.1981401443481445 0.1175
Pedestrian 1 1 1 1087.194580078125 167.25030517578125 1146.9769287109375 281.0057067871094 0.5821577310562134 1.5189043283462524 0.490394651889801 6.938029766082764 1.4437816143035889 9.971896171569824 -4.491894721984863 0.1171
Car 1 1 1 985.6550903320312 165.6245880126953 1029.436767578125 185.57899475097656 4.027184009552002 1.7441465854644775 1.65981125831604 35.78462600708008 1.1119478940963745 65.09886169433594 -7.876462459564209 0.1161
Pedestrian 1 1 1 401.0826416015625 173.2014617919922 415.63995361328125 198.62437438964844 0.8078834414482117 1.8183456659317017 0.6154850721359253 -14.595988273620605 1.8433918952941895 52.12746047973633 -7.277435779571533 0.1160
Car 1 1 1 433.4991149902344 179.74212646484375 456.80487060546875 198.3447723388672 3.826925754547119 1.4919955730438232 1.6037298440933228 -14.01089096069336 2.09659481048584 61.35912322998047 -7.990417957305908 0.1158
Car 1 1 1 492.0309143066406 179.23052978515625 512.648681640625 198.60421752929688 4.006142616271973 1.5029085874557495 1.6242893934249878 -8.877360343933105 2.0465121269226074 59.44927215576172 -4.851373672485352 0.1156
Car 1 1 1 462.84228515625 177.93606567382812 487.4200439453125 201.69068908691406 3.9252758026123047 1.6244239807128906 1.6876792907714844 -9.824901580810547 2.007357358932495 52.322635650634766 -4.905285358428955 0.1145
Pedestrian 1 1 1 296.0791931152344 183.4596405029297 307.5071716308594 204.61573791503906 0.675778329372406 1.7645857334136963 0.6319652795791626 -26.126296997070312 2.669260263442993 61.10674285888672 -7.162322044372559 0.1143
Pedestrian 1 1 1 68.47930145263672 164.2698516845703 103.34538269042969 235.5504608154297 0.7577131986618042 1.8000743389129639 0.5739801526069641 -13.624255180358887 1.5829956531524658 18.68627166748047 -2.4272406101226807 0.1135
Car 1 1 1 517.0665283203125 179.1945343017578 535.8860473632812 198.1407928466797 3.929469347000122 1.4896281957626343 1.5073256492614746 -6.965948104858398 2.035534620285034 60.12399673461914 -4.817780494689941 0.1129
Car 1 1 1 285.9012145996094 180.53880310058594 355.5011901855469 220.64053344726562 4.042361259460449 1.5250811576843262 1.6219993829727173 -12.101787567138672 1.869970679283142 30.32495880126953 -4.8015899658203125 0.1128
Pedestrian 1 1 1 1158.040283203125 150.99037170410156 1206.87255859375 227.68447875976562 0.7778642773628235 1.841252088546753 0.5862394571304321 13.986499786376953 1.3160558938980103 17.701725006103516 -3.388322353363037 0.1126
Pedestrian 1 1 1 10.534757614135742 161.8544158935547 49.724143981933594 237.6466522216797 0.7466054558753967 1.8117485046386719 0.5831505656242371 -14.279945373535156 1.5485129356384277 17.705055236816406 -2.4974865913391113 0.1122
Pedestrian 1 1 1 955.9803466796875 159.69781494140625 975.3600463867188 199.044189453125 0.6421322226524353 1.7876613140106201 0.6140950918197632 16.286230087280273 1.189624309539795 33.13404846191406 -7.74804162979126 0.1118
Car 1 1 1 1193.273193359375 163.86683654785156 1241.0 211.2015838623047 3.9742844104766846 1.5009894371032715 1.6311607360839844 21.830474853515625 1.2157056331634521 23.759807586669922 -3.109065532684326 0.1115
Pedestrian 1 1 1 645.5191650390625 172.44085693359375 658.1039428710938 202.9846954345703 0.735712468624115 1.779150128364563 0.5937419533729553 2.4268407821655273 1.7547848224639893 42.46403503417969 -7.5765252113342285 0.1115
Car 1 1 1 186.80726623535156 178.09310913085938 232.2923126220703 201.2510528564453 3.8877720832824707 1.6297414302825928 1.5894430875778198 -29.77605628967285 2.034121036529541 53.71281814575195 -4.824172019958496 0.1113
Car 1 1 1 305.5548400878906 176.9256591796875 339.81463623046875 194.0504608154297 4.019519329071045 1.5530004501342773 1.6444908380508423 -27.210111618041992 1.9500396251678467 68.40155792236328 -7.852430820465088 0.1111
Car 1 1 1 58.884788513183594 175.57940673828125 121.39271545410156 201.95315551757812 4.1464524269104 1.776943564414978 1.715733528137207 -36.823665618896484 1.978095293045044 51.19484329223633 -4.797830104827881 0.1108
Car 1 1 1 375.03765869140625 173.99583435058594 400.4203186035156 194.87693786621094 4.252740859985352 1.850244402885437 1.711417555809021 -20.44328498840332 1.958601474761963 66.42098999023438 -8.02596378326416 0.1104
Car 1 1 1 20.883817672729492 189.1597900390625 138.24728393554688 236.5930938720703 3.9133009910583496 1.5270997285842896 1.6875170469284058 -19.462553024291992 2.1743288040161133 26.635284423828125 -4.792810916900635 0.1103
Car 1 1 1 0.0 191.21307373046875 27.04867172241211 234.49456787109375 4.016197681427002 1.4900683164596558 1.6354929208755493 -24.163724899291992 2.192223072052002 26.636091232299805 -6.20536994934082 0.1100
Car 1 1 1 783.4470825195312 176.7959442138672 880.3463745117188 228.9039306640625 4.0768961906433105 1.4782098531723022 1.6449644565582275 6.847466945648193 1.614131212234497 22.858463287353516 -4.760564804077148 0.1100
Car 1 1 1 1077.2626953125 162.59738159179688 1225.304931640625 204.91943359375 4.019609451293945 1.4534847736358643 1.5943057537078857 19.102874755859375 1.1009376049041748 25.64457130432129 -3.107858180999756 0.1096
Car 1 1 1 1042.152099609375 166.0352020263672 1082.94189453125 188.38925170898438 4.180375099182129 1.8751530647277832 1.6693419218063354 39.26630401611328 1.3028630018234253 62.74391174316406 -7.644110202789307 0.1095
Car 1 1 1 942.046142578125 173.27713012695312 1073.5706787109375 228.8846893310547 3.6279633045196533 1.5089261531829834 1.5294413566589355 11.662801742553711 1.5223665237426758 21.519207000732422 -4.868888854980469 0.1093
Pedestrian 1 1 1 271.4245300292969 170.2008056640625 300.9208984375 220.85243225097656 0.8121609091758728 1.6417492628097534 0.5629434585571289 -10.728838920593262 1.5554524660110474 23.816679000854492 -7.76375150680542 0.1091
Car 1 1 1 533.1809692382812 178.13804626464844 561.958251953125 203.611572265625 3.978803873062134 1.560242772102356 1.6340526342391968 -4.0632429122924805 1.9191322326660156 47.03756332397461 -4.73823881149292 0.1088
Car 1 1 1 931.3723754882812 171.99513244628906 970.7506713867188 190.73892211914062 3.7423880100250244 1.515235185623169 1.5842666625976562 28.387054443359375 1.4455043077468872 60.2174072265625 -4.689577102661133 0.1087
Car 1 1 1 412.4903259277344 182.54116821289062 446.9521179199219 207.65895080566406 4.074954032897949 1.5050020217895508 1.7008510828018188 -11.725887298583984 2.1642701625823975 47.000389099121094 -4.836203098297119 0.1084
Car 1 1 1 267.5938720703125 175.58961486816406 296.8524475097656 193.8986053466797 3.880547523498535 1.6678884029388428 1.6282926797866821 -31.050281524658203 1.9346985816955566 68.39802551269531 -8.033432006835938 0.1084
Pedestrian 1 1 1 396.9652404785156 171.06475830078125 409.8485412597656 198.10189819335938 0.7702991962432861 1.805612564086914 0.649765133857727 -13.936575889587402 1.685821294784546 48.572784423828125 -7.8583598136901855 0.1082
Pedestrian 1 1 1 172.0271759033203 169.94677734375 187.0410614013672 198.2280731201172 0.7749682068824768 1.8504254817962646 0.5854126811027527 -28.44359588623047 1.6599079370498657 47.62840270996094 -7.9697394371032715 0.1077
Car 1 1 1 104.12093353271484 178.6116180419922 155.51239013671875 206.22483825683594 3.8742663860321045 1.5621134042739868 1.6200382709503174 -29.09916877746582 1.9278950691223145 43.78403854370117 -5.028507232666016 0.1077
Car 1 1 1 238.4597930908203 173.7259521484375 272.52386474609375 193.16746520996094 4.0416975021362305 1.783762812614441 1.669633150100708 -33.625099182128906 1.8687866926193237 68.49771118164062 -7.975936412811279 0.1076
Pedestrian 1 1 1 1109.2301025390625 166.38185119628906 1129.3203125 205.417236328125 0.6237913966178894 1.7670618295669556 0.6234487295150757 23.322145462036133 1.473779320716858 33.1026725769043 -3.8596529960632324 0.1075
Pedestrian 1 1 1 952.7455444335938 169.73507690429688 972.9596557617188 203.718017578125 0.752986490726471 1.8244054317474365 0.6818153858184814 19.1396427154541 1.656662940979004 39.21934127807617 -3.661651611328125 0.1074
Pedestrian 1 1 1 31.526811599731445 160.8862762451172 73.7903060913086 241.0550994873047 0.7457503080368042 1.8102391958236694 0.5864924788475037 -12.988079071044922 1.5397040843963623 16.748022079467773 -2.520573616027832 0.1073
Pedestrian 1 1 1 633.9515991210938 173.64393615722656 648.6224365234375 199.50234985351562 0.8406333327293396 1.7687116861343384 0.5750395655632019 2.1309356689453125 1.8235365152359009 49.867557525634766 -6.943443775177002 0.1072
Car 1 1 1 747.9884643554688 176.55999755859375 819.4679565429688 216.6495819091797 4.015773773193359 1.4879158735275269 1.6277639865875244 6.898409843444824 1.6483917236328125 29.23224639892578 -4.797565460205078 0.1071
Pedestrian 1 1 1 1066.3720703125 155.3888397216797 1109.2469482421875 223.50843811035156 0.7700755000114441 1.7815732955932617 0.5815145373344421 12.725334167480469 1.3244963884353638 19.306808471679688 -4.916534423828125 0.1071
Pedestrian 1 1 1 0.0 159.7014617919922 43.882694244384766 245.3837127685547 0.7305271625518799 1.7823163270950317 0.5735741853713989 -12.665047645568848 1.5084246397018433 15.450748443603516 -5.06411075592041 0.1069
Pedestrian 1 1 1 170.47708129882812 164.2903289794922 194.8438262939453 225.4712677001953 0.7992567420005798 1.8118362426757812 0.6052188277244568 -12.989301681518555 1.5579283237457275 21.86337661743164 -5.208258152008057 0.1068
Car 1 1 1 426.2622375488281 182.6150360107422 500.9145202636719 243.34988403320312 3.8513426780700684 1.4825383424758911 1.5960018634796143 -4.052634239196777 1.7827481031417847 20.23176383972168 -7.931914806365967 0.1067
Car 1 1 1 593.7409057617188 177.6560516357422 615.2432250976562 196.34434509277344 3.9905006885528564 1.4842197895050049 1.5437978506088257 -0.5151786804199219 1.899522304534912 60.401283264160156 -4.7844672203063965 0.1067
Car 1 1 1 696.0311279296875 177.01243591308594 724.4525756835938 201.5263671875 3.845734119415283 1.510704517364502 1.5792423486709595 6.558438301086426 1.7942354679107666 47.203792572021484 -7.646097660064697 0.1064
Cyclist 1 1 1 101.54386901855469 177.27476501464844 136.44830322265625 213.64097595214844 1.8088116645812988 1.7132210731506348 0.5651818513870239 -23.92861557006836 1.9338383674621582 35.13636779785156 -4.7766876220703125 0.1062
Car 1 1 1 772.369873046875 175.39981079101562 801.3483276367188 194.39161682128906 4.099145889282227 1.5382158756256104 1.6600077152252197 14.908239364624023 1.7608612775802612 61.09451675415039 -7.797251224517822 0.1061
Car 1 1 1 1241.0 173.75927734375 1241.0 374.0 4.100272178649902 1.4907935857772827 1.6052465438842773 6.542106628417969 1.4972895383834839 4.451922416687012 -6.363526344299316 0.1058
Car 1 1 1 887.2428588867188 177.5636749267578 1100.6839599609375 278.9605407714844 4.061284065246582 1.4993696212768555 1.6282144784927368 6.508267402648926 1.5965312719345093 12.895036697387695 -4.719509124755859 0.1056
Cyclist 1 1 1 320.55828857421875 177.29212951660156 344.79254150390625 211.93179321289062 1.7302643060684204 1.7242882251739502 0.5763100981712341 -14.247633934020996 1.9569222927093506 37.00404357910156 -4.710685729980469 0.1056
Pedestrian 1 1 1 379.6180419921875 176.494873046875 394.02099609375 201.73580932617188 0.7433763742446899 1.7350761890411377 0.6396132707595825 -15.552934646606445 1.9903321266174316 50.18824768066406 -7.512070178985596 0.1054
Car 1 1 1 0.0 185.54978942871094 0.0 374.0 4.038273334503174 1.5501879453659058 1.6269110441207886 -11.128584861755371 1.7277014255523682 8.047699928283691 -4.763340473175049 0.1051
Pedestrian 1 1 1 942.8470458984375 163.711181640625 961.8182983398438 206.4920654296875 0.5622673630714417 1.7705471515655518 0.6028116941452026 14.318313598632812 1.3918591737747192 30.27013397216797 -7.171220302581787 0.1049
Car 1 1 1 459.23870849609375 181.4929962158203 478.0887756347656 199.87838745117188 4.041736125946045 1.5889724493026733 1.6543670892715454 -13.024434089660645 2.410529375076294 66.50517272949219 -4.894388675689697 0.1048
Pedestrian 1 1 1 1061.9317626953125 153.50173950195312 1110.5826416015625 234.66189575195312 0.7346674799919128 1.6970834732055664 0.5745882987976074 10.143898010253906 1.2921220064163208 15.467455863952637 -4.667400360107422 0.1048
Pedestrian 1 1 1 142.2038116455078 176.1468505859375 153.63833618164062 200.22329711914062 0.7656019926071167 1.761831283569336 0.5634171366691589 -34.226871490478516 2.0073673725128174 53.3983154296875 -8.636609077453613 0.1047
Pedestrian 1 1 1 1072.0279541015625 154.52749633789062 1118.786376953125 227.25628662109375 0.7774027585983276 1.7751532793045044 0.5979248285293579 12.078330993652344 1.327542781829834 18.045902252197266 -4.886966705322266 0.1044
Pedestrian 1 1 1 1120.610595703125 152.3999481201172 1161.9248046875 218.93190002441406 0.7293893098831177 1.8046633005142212 0.5749654173851013 14.64595890045166 1.2495522499084473 19.971721649169922 -7.989454746246338 0.1041
Car 1 1 1 717.3463745117188 176.79783630371094 737.1829833984375 193.59938049316406 3.8405086994171143 1.5257697105407715 1.6067723035812378 11.076066970825195 1.9104499816894531 68.44526672363281 -4.616843223571777 0.1041
Car 1 1 1 1006.9706420898438 166.0477752685547 1110.1798095703125 210.93472290039062 3.5122056007385254 1.4946612119674683 1.599837303161621 15.871874809265137 1.2677255868911743 25.809938430786133 -4.676164627075195 0.1040
Pedestrian 1 1 1 176.80284118652344 169.27395629882812 203.70135498046875 218.7283935546875 0.7190907001495361 1.7598350048065186 0.6161736845970154 -15.208075523376465 1.6321395635604858 26.07567596435547 -7.996922016143799 0.1036
