Car 1 1 1 566.7896118164062 178.2480926513672 623.070068359375 233.1227569580078 3.5312180519104004 1.579147219657898 1.6508134603500366 -0.5768247246742249 1.7637027502059937 22.92287254333496 -7.903406620025635 0.8170
Car 1 1 1 637.25830078125 178.87704467773438 665.5142211914062 200.62908935546875 3.958753824234009 1.5460337400436401 1.6661370992660522 3.0556259155273438 2.0170390605926514 54.4334602355957 -7.916080951690674 0.6438
Car 1 1 1 0.0 194.82070922851562 70.2992935180664 374.0 3.917083978652954 1.5337226390838623 1.6384519338607788 -6.336943626403809 1.758349061012268 5.4032111167907715 -4.745943069458008 0.5819
Car 1 1 1 832.0298461914062 172.76620483398438 870.101806640625 194.02798461914062 3.786776065826416 1.6057941913604736 1.6128513813018799 18.769861221313477 1.5988632440567017 56.41083908081055 -7.884011745452881 0.4156
Pedestrian 1 1 1 204.08584594726562 171.55430603027344 232.11056518554688 242.82252502441406 0.6333438754081726 1.680891752243042 0.5501371026039124 -9.522433280944824 1.6499379873275757 17.4328556060791 -5.282965183258057 0.3795
Car 1 1 1 175.45736694335938 178.59971618652344 262.5987243652344 204.7735595703125 4.271727085113525 1.508203387260437 1.6462491750717163 -23.165809631347656 1.8552117347717285 42.779022216796875 -6.288925647735596 0.3505
Pedestrian 1 1 1 787.656494140625 150.23133850097656 816.5245971679688 227.14663696289062 0.8513463139533997 1.839231252670288 0.6590526103973389 4.682119846343994 1.2979687452316284 17.756481170654297 -4.419085502624512 0.3168
Car 1 1 1 815.4208984375 176.044189453125 848.609130859375 193.92095947265625 3.9496021270751953 1.471776008605957 1.6477879285812378 19.034034729003906 1.7547237873077393 62.08625030517578 -7.8511576652526855 0.3098
Pedestrian 1 1 1 856.0712280273438 169.17234802246094 870.9681396484375 200.71556091308594 0.8004078269004822 1.7210239171981812 0.5897202491760254 13.970667839050293 1.5198498964309692 39.864479064941406 -7.254439830780029 0.3019
Car 1 1 1 853.0052490234375 174.4801483154297 895.4129638671875 197.8783721923828 3.5607922077178955 1.6009175777435303 1.5702189207077026 18.75359535217285 1.7206408977508545 51.43833923339844 -7.9044718742370605 0.2468
Car 1 1 1 1027.7196044921875 162.73692321777344 1104.3870849609375 186.42884826660156 3.9810028076171875 1.5111594200134277 1.6151885986328125 29.55404281616211 0.8655540347099304 46.875545501708984 -6.306168556213379 0.2423
Pedestrian 1 1 1 59.162925720214844 166.10659790039062 85.1126480102539 207.64703369140625 0.7236723899841309 1.775023341178894 0.5905070900917053 -23.29445457458496 1.4864068031311035 31.20038604736328 -7.8788628578186035 0.2381
Car 1 1 1 320.792236328125 179.4560546875 373.5020446777344 197.3057861328125 3.949803352355957 1.495437741279602 1.61294686794281 -22.569089889526367 2.070211410522461 61.97378921508789 -6.318608283996582 0.2377
Pedestrian 1 1 1 658.8731689453125 173.0770721435547 668.6171875 192.04359436035156 0.6700395941734314 1.7714706659317017 0.6462180614471436 5.03278112411499 1.7922884225845337 67.85527801513672 -8.390520095825195 0.2288
Pedestrian 1 1 1 99.25853729248047 167.87353515625 131.00579833984375 226.57334899902344 0.7956633567810059 1.770325779914856 0.6041777729988098 -15.285978317260742 1.6198198795318604 22.231847763061523 -5.022380828857422 0.2122
Car 1 1 1 950.677490234375 173.52197265625 1019.3585815429688 202.39059448242188 3.7571194171905518 1.5703845024108887 1.607017159461975 21.352174758911133 1.610156536102295 41.312984466552734 -7.9930033683776855 0.2082
Pedestrian 1 1 1 639.6217041015625 172.52423095703125 649.7852783203125 197.31072998046875 0.7645341753959656 1.7774146795272827 0.5797687768936157 2.476463794708252 1.7534664869308472 52.16730880737305 -4.8858489990234375 0.2068
Pedestrian 1 1 1 343.189208984375 180.84593200683594 360.1573486328125 211.76344299316406 0.7549411654472351 1.7883684635162354 0.6538854837417603 -15.247150421142578 2.264129161834717 42.48597717285156 -3.856433868408203 0.2060
Pedestrian 1 1 1 1132.3143310546875 157.1219024658203 1158.2879638671875 203.09317016601562 0.6417367458343506 1.7572218179702759 0.6509122252464294 20.71465492248535 1.1555728912353516 27.992237091064453 -7.509484767913818 0.2058
Pedestrian 1 1 1 260.8486633300781 177.78536987304688 283.7064514160156 217.85122680664062 0.7154483199119568 1.7706246376037598 0.6444276571273804 -15.245765686035156 1.9956228733062744 32.48484802246094 -7.200820446014404 0.2041
Car 1 1 1 402.97967529296875 180.88864135742188 442.6326599121094 211.7989959716797 3.901484966278076 1.5254249572753906 1.624701738357544 -10.151358604431152 1.9809088706970215 38.818485260009766 -5.081636905670166 0.1956
Pedestrian 1 1 1 662.7431640625 173.41659545898438 676.0970458984375 197.17755126953125 0.9393431544303894 1.8690769672393799 0.5413673520088196 4.691011905670166 1.9138344526290894 57.28426742553711 -3.807856559753418 0.1927
Car 1 1 1 574.702880859375 181.61419677734375 608.1337890625 210.2528839111328 4.057636737823486 1.5262054204940796 1.6528555154800415 -1.1589287519454956 2.059309244155884 41.83507537841797 -4.8088274002075195 0.1906
Car 1 1 1 135.4294891357422 175.27255249023438 175.5498046875 196.63958740234375 3.9341583251953125 1.7910141944885254 1.7215156555175781 -39.68808364868164 2.0091395378112793 63.06035614013672 -8.065187454223633 0.1831
Car 1 1 1 109.6370620727539 171.8341064453125 203.53294372558594 199.27963256835938 4.266324996948242 1.518880009651184 1.6343662738800049 -25.60731315612793 1.4621376991271973 40.77839279174805 -3.1557531356811523 0.1829
Pedestrian 1 1 1 1004.0241088867188 130.048828125 1096.7623291015625 306.8758239746094 0.8561792373657227 1.7791063785552979 0.5790179371833801 4.674321174621582 1.348131537437439 7.749391555786133 -3.793099880218506 0.1788
Pedestrian 1 1 1 1203.843017578125 159.24473571777344 1241.0 222.8688507080078 0.799030065536499 1.7830113172531128 0.5766618251800537 17.510881423950195 1.4013234376907349 20.599382400512695 -3.393800735473633 0.1772
Pedestrian 1 1 1 370.9119567871094 165.24774169921875 396.2332763671875 211.7666778564453 0.832867443561554 1.7739505767822266 0.6260363459587097 -8.81879997253418 1.4835941791534424 27.97848129272461 -7.68393087387085 0.1755
Pedestrian 1 1 1 1109.154296875 163.90394592285156 1134.4127197265625 209.2517547607422 0.6314027309417725 1.733759880065918 0.6731947064399719 19.811864852905273 1.3912771940231323 28.005634307861328 -7.4666523933410645 0.1753
Car 1 1 1 222.8606414794922 173.38150024414062 257.2996826171875 195.08505249023438 4.245365619659424 1.9030296802520752 1.7026489973068237 -33.61321258544922 1.9523508548736572 65.62500762939453 -8.05319881439209 0.1724
Car 1 1 1 401.1915588378906 172.55526733398438 425.8622741699219 195.6326904296875 3.863847255706787 1.6893930435180664 1.7050154209136963 -15.009635925292969 1.6672238111495972 54.91635513305664 -8.14713191986084 0.1718
Car 1 1 1 100.23841094970703 183.09246826171875 238.75071716308594 253.50929260253906 3.4201223850250244 1.4784590005874634 1.5449155569076538 -10.533462524414062 1.7510464191436768 17.449342727661133 -4.817890644073486 0.1713
Car 1 1 1 0.0 169.71340942382812 85.59306335449219 205.76504516601562 4.292788028717041 1.52683687210083 1.6156059503555298 -25.68918228149414 1.3935285806655884 31.477523803710938 -3.194129705429077 0.1700
Pedestrian 1 1 1 1038.418212890625 162.2347412109375 1075.235595703125 221.4976806640625 0.828450620174408 1.7898564338684082 0.5707237720489502 13.695728302001953 1.4688342809677124 22.199750900268555 -6.62568998336792 0.1631
Pedestrian 1 1 1 698.5974731445312 163.6803436279297 717.494384765625 199.5416717529297 0.8247553706169128 1.8119043111801147 0.5951648354530334 4.984182357788086 1.3481024503707886 36.960975646972656 -7.111866474151611 0.1622
Car 1 1 1 0.0 0.0 1241.0 374.0 3.799877643585205 1.5307615995407104 1.628464698791504 3.016693353652954 1.5573968887329102 0.9549646973609924 -7.8797736167907715 0.1622
Pedestrian 1 1 1 454.4613037109375 172.39523315429688 468.7916564941406 202.53463745117188 0.8028570413589478 1.7672430276870728 0.6140375137329102 -8.821455955505371 1.7400431632995605 42.74081802368164 -4.601336479187012 0.1618
Car 1 1 1 520.1585083007812 180.29002380371094 545.6281127929688 199.5981903076172 3.9189226627349854 1.4891548156738281 1.595029592514038 -6.312351703643799 2.118757486343384 59.14592361450195 -4.69190788269043 0.1585
Car 1 1 1 455.5845642089844 186.9206085205078 486.01641845703125 212.23341369628906 3.8547511100769043 1.5025094747543335 1.7160948514938354 -9.178306579589844 2.4633896350860596 47.222320556640625 -4.9654998779296875 0.1559
Car 1 1 1 638.7297973632812 178.50840759277344 671.29736328125 202.537353515625 3.977881908416748 1.5544523000717163 1.6581848859786987 3.0255703926086426 1.9597151279449463 49.69806671142578 -4.800761699676514 0.1548
Car 1 1 1 577.7379150390625 181.0460662841797 611.67041015625 212.48193359375 4.005758762359619 1.5069490671157837 1.6763643026351929 -0.8289369344711304 1.9570739269256592 37.65593338012695 -4.728893280029297 0.1526
Car 1 1 1 167.1075897216797 174.01002502441406 201.61712646484375 196.68992614746094 4.195085048675537 1.884888768196106 1.7637842893600464 -36.819374084472656 1.9883077144622803 62.46723556518555 -8.183318138122559 0.1495
Car 1 1 1 954.898681640625 165.6468048095703 1014.64599609375 190.6412811279297 3.853605270385742 1.7225247621536255 1.7588045597076416 26.800390243530273 1.2255316972732544 51.79255294799805 -4.9204583168029785 0.1488
Pedestrian 1 1 1 432.0710144042969 177.2908935546875 443.27471923828125 198.71017456054688 0.7039834856987 1.8353840112686157 0.630938708782196 -14.943161010742188 2.222012996673584 62.46944808959961 -5.725435256958008 0.1481
Pedestrian 1 1 1 70.16413116455078 165.9952392578125 102.6426010131836 224.78213500976562 0.7392813563346863 1.7759833335876465 0.5919761061668396 -16.173507690429688 1.5684764385223389 22.234333038330078 -4.988356113433838 0.1467
Car 1 1 1 889.2037353515625 168.64804077148438 940.2459106445312 193.26585388183594 4.127326011657715 1.7566317319869995 1.7241731882095337 22.548723220825195 1.4562103748321533 53.62599182128906 -4.813002586364746 0.1466
Pedestrian 1 1 1 883.53564453125 167.99900817871094 892.7313232421875 190.936279296875 0.7230302691459656 1.7530454397201538 0.6412714123725891 21.398727416992188 1.3816889524459839 55.59347152709961 -7.5131049156188965 0.1460
Car 1 1 1 406.4739990234375 186.3924560546875 452.24591064453125 212.8955535888672 3.9861457347869873 1.5329729318618774 1.6695356369018555 -11.45743465423584 2.4318087100982666 45.872894287109375 -4.641838550567627 0.1453
Pedestrian 1 1 1 1083.64990234375 161.86814880371094 1102.403076171875 202.5015411376953 0.48247796297073364 1.7522433996200562 0.5854532122612 21.03954315185547 1.278198003768921 31.4936466217041 -3.8921499252319336 0.1437
Car 1 1 1 768.9496459960938 176.81820678710938 803.5584716796875 198.8040313720703 3.693324327468872 1.552844762802124 1.5724025964736938 12.996137619018555 1.8567523956298828 53.50262451171875 -4.739703178405762 0.1417
Car 1 1 1 499.3799133300781 182.7857208251953 538.2261352539062 207.40138244628906 4.018325328826904 1.5715464353561401 1.7001838684082031 -6.283738613128662 2.286579132080078 49.86568069458008 -4.581103324890137 0.1393
Pedestrian 1 1 1 120.7779541015625 162.9147491455078 156.05276489257812 232.145751953125 0.7545152902603149 1.8082023859024048 0.6085209846496582 -12.67974853515625 1.5483052730560303 19.322620391845703 -2.425004720687866 0.1393
Car 1 1 1 979.861083984375 177.06480407714844 1066.9266357421875 213.15333557128906 4.0425496101379395 1.4676165580749512 1.6567038297653198 18.095874786376953 1.6653200387954712 31.87529754638672 -4.671723365783691 0.1384
Pedestrian 1 1 1 215.3240203857422 178.10862731933594 235.49246215820312 214.70729064941406 0.6902527213096619 1.811159610748291 0.680510938167572 -19.40201759338379 2.0789167881011963 36.326622009277344 -5.603515625 0.1364
Pedestrian 1 1 1 1090.4735107421875 164.52589416503906 1123.181884765625 215.12026977539062 0.811606228351593 1.7986721992492676 0.5911874175071716 17.88502311706543 1.5023013353347778 26.04709815979004 -6.561908721923828 0.1359
Pedestrian 1 1 1 938.6568603515625 168.18821716308594 956.7750854492188 196.62765502929688 0.903559684753418 1.8149687051773071 0.5430155396461487 21.66083335876465 1.5169042348861694 46.35738754272461 -6.370254993438721 0.1345
Car 1 1 1 0.0 0.0 1222.2484130859375 374.0 3.8273794651031494 1.543321967124939 1.61551034450531 1.4008986949920654 1.568333625793457 0.6861512660980225 -7.878383159637451 0.1324
Car 1 1 1 305.8396301269531 175.5423126220703 342.680419921875 194.5961456298828 4.144203186035156 1.7010523080825806 1.6817495822906494 -26.543577194213867 1.9585864543914795 67.10498809814453 -4.681489944458008 0.1322
Car 1 1 1 519.7413940429688 182.82101440429688 558.1727905273438 208.48899841308594 3.9719622135162354 1.5722949504852295 1.6993736028671265 -4.698394775390625 2.2621941566467285 47.8881950378418 -4.586116790771484 0.1300
Car 1 1 1 238.47201538085938 173.86721801757812 279.62237548828125 193.69204711914062 3.8255746364593506 1.6619062423706055 1.6714228391647339 -30.421436309814453 1.7522233724594116 62.60689163208008 -7.8403544425964355 0.1292
Pedestrian 1 1 1 1073.5137939453125 165.33282470703125 1098.7935791015625 208.095947265625 0.6786996722221375 1.7268439531326294 0.6376497745513916 19.478540420532227 1.4228267669677734 29.5860652923584 -6.83335542678833 0.1289
Pedestrian 1 1 1 1135.7257080078125 162.57791137695312 1158.900634765625 211.65943908691406 0.6755289435386658 1.782225251197815 0.6243317127227783 19.807903289794922 1.4087849855422974 26.66004180908203 -7.116898059844971 0.1280
Car 1 1 1 0.0 0.0 1241.0 374.0 3.944242477416992 1.572365403175354 1.6645857095718384 -4.375524520874023 1.65935480594635 1.6014320850372314 -7.860815525054932 0.1263
Pedestrian 1 1 1 152.3175811767578 164.0376739501953 183.08775329589844 229.12139892578125 0.7749180793762207 1.813432216644287 0.6152532696723938 -12.677660942077637 1.5674824714660645 20.5979061126709 -5.449648857116699 0.1261
Pedestrian 1 1 1 691.5859985351562 168.61961364746094 702.4056396484375 200.03140258789062 0.8711770176887512 1.7977709770202637 0.6106879711151123 4.995002269744873 1.5551270246505737 41.76128387451172 -7.746054172515869 0.1259
Pedestrian 1 1 1 188.6882781982422 164.1427459716797 217.57489013671875 227.11483764648438 0.7729098200798035 1.8110814094543457 0.6109635233879089 -12.030462265014648 1.5602455139160156 21.243913650512695 -5.407767295837402 0.1249
Car 1 1 1 199.7703857421875 175.3341522216797 230.06179809570312 195.1805877685547 3.9499003887176514 1.6808044910430908 1.6665728092193604 -34.9006462097168 1.9070743322372437 63.77820587158203 -5.032240390777588 0.1248
Car 1 1 1 71.25516510009766 168.49795532226562 166.63414001464844 206.4956817626953 3.7919793128967285 1.6092122793197632 1.6250518560409546 -22.02387809753418 1.4244332313537598 32.48013687133789 -7.8195271492004395 0.1247
Pedestrian 1 1 1 112.7606201171875 164.21730041503906 147.7848358154297 231.6917266845703 0.7457301616668701 1.8226490020751953 0.6008754372596741 -13.318227767944336 1.5890506505966187 19.95652198791504 -2.48091459274292 0.1244
Car 1 1 1 0.0 0.0 1241.0 374.0 3.87017560005188 1.5347117185592651 1.619132399559021 4.617225646972656 1.5384397506713867 1.3141343593597412 -7.899899005889893 0.1243
Pedestrian 1 1 1 80.95946502685547 163.02069091796875 116.8667984008789 231.93260192871094 0.7434887290000916 1.8331925868988037 0.5834125280380249 -13.96614933013916 1.5713075399398804 19.64702033996582 -2.5269370079040527 0.1243
Pedestrian 1 1 1 350.55474853515625 176.4453125 359.1763916015625 196.11660766601562 0.5562390685081482 1.854915976524353 0.5391076803207397 -24.25046157836914 2.197479724884033 68.52718353271484 -4.330718994140625 0.1242
Pedestrian 1 1 1 1.8810088634490967 175.91299438476562 19.2131404876709 203.03504943847656 0.7454158663749695 1.7587155103683472 0.6112368106842041 -39.342445373535156 1.9608800411224365 47.321189880371094 -8.096914291381836 0.1240
Pedestrian 1 1 1 56.066043853759766 164.9385528564453 104.88555145263672 249.47720336914062 0.6965311169624329 1.7593778371810913 0.5521136522293091 -11.3933687210083 1.5943454504013062 15.459218978881836 -4.123890399932861 0.1235
Pedestrian 1 1 1 143.42640686035156 165.60125732421875 175.12600708007812 228.4574432373047 0.7659937739372253 1.808377742767334 0.6073124408721924 -13.318660736083984 1.599415898323059 21.24113655090332 -2.402294635772705 0.1233
Car 1 1 1 1000.4573364257812 173.67758178710938 1067.8544921875 206.99697875976562 4.001527786254883 1.5333025455474854 1.6256389617919922 20.687789916992188 1.575864315032959 35.429744720458984 -4.515919208526611 0.1219
Car 1 1 1 701.1660766601562 176.55213928222656 728.7822875976562 196.7634735107422 4.060796737670898 1.5694574117660522 1.6656217575073242 8.490199089050293 1.880969524383545 58.80494689941406 -4.7102460861206055 0.1215
Car 1 1 1 400.8870849609375 183.0791473388672 428.2119140625 201.18296813964844 3.857461929321289 1.611730933189392 1.643212914466858 -18.509218215942383 2.608264684677124 68.39088439941406 -7.881744861602783 0.1214
Car 1 1 1 1215.0152587890625 162.48304748535156 1241.0 219.6114044189453 3.7626328468322754 1.548901915550232 1.6437526941299438 20.38728904724121 1.2674180269241333 21.467985153198242 -7.884049892425537 0.1214
Pedestrian 1 1 1 44.374820709228516 161.80772399902344 81.5617446899414 236.0654296875 0.7390591502189636 1.8424063920974731 0.572996199131012 -13.965091705322266 1.568037509918213 18.353055953979492 -2.497385263442993 0.1211
Car 1 1 1 756.597900390625 175.59539794921875 777.6370239257812 192.0832061767578 3.788681745529175 1.5105410814285278 1.6052350997924805 14.918975830078125 1.7789125442504883 68.73812866210938 -4.592619895935059 0.1211
Car 1 1 1 474.4102478027344 183.0157470703125 499.28448486328125 206.15220642089844 4.08981466293335 1.5821369886398315 1.6815115213394165 -9.178999900817871 2.364764928817749 53.42032241821289 -4.913847923278809 0.1209
Car 1 1 1 170.69618225097656 175.9914093017578 205.21002197265625 195.08163452148438 3.9434893131256104 1.695814609527588 1.6375325918197632 -39.096099853515625 1.995502233505249 66.88880157470703 -8.072776794433594 0.1209
Car 1 1 1 0.0 170.9447021484375 105.50635528564453 225.6664581298828 3.55179762840271 1.577335238456726 1.653687834739685 -17.877277374267578 1.522000789642334 22.600107192993164 -7.886746883392334 0.1203
Pedestrian 1 1 1 128.72637939453125 177.62025451660156 146.92474365234375 222.3914031982422 0.5437843203544617 1.8048100471496582 0.6054800748825073 -19.40190887451172 2.002594470977783 29.5800724029541 -7.005067348480225 0.1202
Pedestrian 1 1 1 658.5538330078125 174.4716796875 667.364990234375 192.0517578125 0.6201266050338745 1.664907455444336 0.6388770937919617 5.029093265533447 1.8197721242904663 68.80767059326172 -8.205878257751465 0.1191
Pedestrian 1 1 1 1086.845458984375 160.4497833251953 1105.770751953125 202.28184509277344 0.5025178790092468 1.7695101499557495 0.5756086111068726 20.784530639648438 1.2445077896118164 30.90306282043457 -3.897383213043213 0.1189
Car 1 1 1 1152.6334228515625 154.97900390625 1241.0 203.189208984375 3.5905795097351074 1.5574798583984375 1.6167192459106445 20.98721694946289 0.9797101020812988 25.113380432128906 -4.702279090881348 0.1187
Car 1 1 1 569.8056030273438 181.341064453125 611.2037963867188 219.2212371826172 4.021610736846924 1.5126570463180542 1.6516207456588745 -0.8431679606437683 1.9095438718795776 31.74355697631836 -7.837971210479736 0.1186
Pedestrian 1 1 1 294.754150390625 168.24267578125 310.70245361328125 199.56829833984375 0.705335795879364 1.828107476234436 0.6386693120002747 -18.11439323425293 1.5586987733840942 42.460418701171875 -7.854203701019287 0.1185
Car 1 1 1 0.0 192.4311981201172 0.0 374.0 4.038101673126221 1.5312644243240356 1.6623302698135376 -8.182743072509766 1.7463823556900024 5.892019271850586 -4.676687717437744 0.1184
Car 1 1 1 592.1286010742188 177.71762084960938 615.2686157226562 199.89622497558594 3.923006057739258 1.5618752241134644 1.6362355947494507 -0.5291398763656616 1.9367132186889648 53.66822814941406 -7.8838372230529785 0.1182
Car 1 1 1 478.3621520996094 181.4907684326172 496.0170593261719 199.2012939453125 4.012014865875244 1.5481990575790405 1.5688484907150269 -11.43812370300293 2.377793550491333 67.22859954833984 -4.8671464920043945 0.1177
Car 1 1 1 1154.880859375 171.47178649902344 1241.0 274.3503723144531 3.800915479660034 1.5029046535491943 1.647874116897583 11.649871826171875 1.482412576675415 12.462248802185059 -7.880514621734619 0.1162
Car 1 1 1 602.95263671875 178.12014770507812 633.0054321289062 204.07574462890625 4.054272651672363 1.5740692615509033 1.630579948425293 0.44153130054473877 1.9296035766601562 46.67745590209961 -4.779358863830566 0.1161
Pedestrian 1 1 1 113.76568603515625 163.97140502929688 146.22755432128906 228.5476837158203 0.7640246748924255 1.829709529876709 0.5924584269523621 -13.964619636535645 1.5777294635772705 20.9166316986084 -2.4430129528045654 0.1160
Pedestrian 1 1 1 34.9493408203125 162.39340209960938 75.25741577148438 233.31735229492188 0.7497619986534119 1.8570356369018555 0.5962719917297363 -14.913703918457031 1.5828410387039185 19.330242156982422 -2.6599621772766113 0.1159
Car 1 1 1 999.7022705078125 173.29324340820312 1095.52294921875 214.17529296875 3.6961913108825684 1.4785882234573364 1.6370086669921875 16.82834815979004 1.4965019226074219 28.02800941467285 -4.655862808227539 0.1152
Pedestrian 1 1 1 1139.7728271484375 151.68643188476562 1185.63623046875 225.18862915039062 0.7710008025169373 1.8317846059799194 0.5645356774330139 13.995161056518555 1.3039571046829224 18.344514846801758 -3.371580123901367 0.1151
Pedestrian 1 1 1 158.01515197753906 161.890625 191.4898681640625 231.65115356445312 0.763876736164093 1.8210186958312988 0.6090219020843506 -11.706588745117188 1.5345324277877808 19.320934295654297 -5.485734939575195 0.1151
Pedestrian 1 1 1 1115.6944580078125 161.1663818359375 1141.0006103515625 205.26019287109375 0.679945707321167 1.7391678094863892 0.6361979842185974 20.726808547973633 1.2778797149658203 28.915149688720703 -6.897887706756592 0.1150
Car 1 1 1 1230.3323974609375 170.3504180908203 1241.0 317.6618347167969 3.9693238735198975 1.496349573135376 1.6107807159423828 9.669053077697754 1.4706188440322876 8.296035766601562 -6.366025924682617 0.1149
Pedestrian 1 1 1 73.1336898803711 160.9706268310547 112.0305404663086 236.6598663330078 0.747758686542511 1.844923496246338 0.585167646408081 -12.99014949798584 1.5549663305282593 18.044023513793945 -2.512561321258545 0.1144
Pedestrian 1 1 1 226.44529724121094 176.1617431640625 236.76229858398438 196.83786010742188 0.6714545488357544 1.7450021505355835 0.573126494884491 -32.26230239868164 2.0285065174102783 61.471763610839844 -5.568399906158447 0.1140
Pedestrian 1 1 1 240.46624755859375 169.73977661132812 263.6322937011719 210.3516387939453 0.6715148687362671 1.803153157234192 0.6520950794219971 -16.148954391479492 1.6645822525024414 32.47270965576172 -7.451304912567139 0.1133
Car 1 1 1 945.3833618164062 166.31455993652344 998.3233032226562 190.57089233398438 3.854966878890991 1.628987193107605 1.6929715871810913 25.176050186157227 1.1895169019699097 50.403282165527344 -7.877458095550537 0.1132
Pedestrian 1 1 1 228.09011840820312 167.6702117919922 257.4832763671875 216.31573486328125 0.7862891554832458 1.8106415271759033 0.6062881350517273 -13.955477714538574 1.6173948049545288 27.34090805053711 -7.4172234535217285 0.1127
Car 1 1 1 374.5703430175781 178.3114013671875 404.0243225097656 199.34461975097656 3.9509363174438477 1.803924322128296 1.6924375295639038 -19.85274314880371 2.310350179672241 64.96598052978516 -4.7821807861328125 0.1123
Car 1 1 1 563.0272216796875 179.4124298095703 595.6350708007812 204.44842529296875 3.9496800899505615 1.5710077285766602 1.7238067388534546 -2.1331937313079834 2.0301597118377686 48.45911407470703 -4.875287055969238 0.1120
Pedestrian 1 1 1 672.1728515625 176.3290252685547 680.2241821289062 194.63290405273438 0.7050895690917969 1.7326363325119019 0.6604706645011902 6.291722774505615 2.0655694007873535 68.81681060791016 -7.922341823577881 0.1119
Pedestrian 1 1 1 984.1396484375 161.59886169433594 1015.7866821289062 212.68753051757812 0.7790899276733398 1.7653459310531616 0.6021996736526489 13.672942161560059 1.3761297464370728 25.396215438842773 -5.028233528137207 0.1119
Pedestrian 1 1 1 1202.0279541015625 150.03076171875 1241.0 231.41213989257812 0.7551762461662292 1.8111975193023682 0.5621594786643982 14.006799697875977 1.3029509782791138 16.426679611206055 -3.4004464149475098 0.1117
Car 1 1 1 774.1079711914062 175.5728302001953 795.1846923828125 193.17835998535156 3.897151470184326 1.5046653747558594 1.6397475004196167 15.5283784866333 1.754724144935608 64.37347412109375 -7.664586544036865 0.1115
Pedestrian 1 1 1 1081.8494873046875 154.73040771484375 1123.429931640625 219.44500732421875 0.7918116450309753 1.806986689567566 0.5860975384712219 14.00619888305664 1.3006329536437988 20.600000381469727 -8.087326049804688 0.1111
Pedestrian 1 1 1 79.03846740722656 166.68630981445312 109.7151870727539 228.92709350585938 0.7115381360054016 1.795242190361023 0.5858492851257324 -15.246561050415039 1.6170445680618286 21.2661075592041 -2.426590919494629 0.1111
Car 1 1 1 0.0 0.0 1241.0 374.0 3.8960275650024414 1.5489816665649414 1.6538934707641602 -2.1494252681732178 1.6119539737701416 0.9186069369316101 -7.878726482391357 0.1110
Pedestrian 1 1 1 486.1179504394531 176.51678466796875 498.150634765625 199.59608459472656 0.7716578841209412 1.8183820247650146 0.6468374133110046 -9.42261791229248 2.112588405609131 57.51205825805664 -8.540761947631836 0.1109
Car 1 1 1 561.0014038085938 178.54705810546875 579.489501953125 196.19027709960938 4.112826347351074 1.5754565000534058 1.64203679561615 -3.732623815536499 2.1269590854644775 67.85427856445312 -4.743851184844971 0.1108
Car 1 1 1 673.6405639648438 178.13070678710938 758.2740478515625 235.23764038085938 3.8482401371002197 1.516738772392273 1.6235853433609009 3.0040647983551025 1.6884247064590454 21.524703979492188 -7.949357509613037 0.1105
Pedestrian 1 1 1 132.13702392578125 162.48329162597656 161.56312561035156 233.75997924804688 0.7518140077590942 1.7972220182418823 0.5954922437667847 -12.039153099060059 1.535427451133728 18.672576904296875 -5.3447489738464355 0.1100
Car 1 1 1 454.9996643066406 180.07814025878906 475.8482971191406 197.74273681640625 3.9727017879486084 1.5821362733840942 1.6057533025741577 -13.691328048706055 2.287092447280884 68.37646484375 -4.824498653411865 0.1100
Pedestrian 1 1 1 124.07537078857422 166.1845703125 160.3258514404297 224.9318389892578 0.7843509316444397 1.797852873802185 0.5671278834342957 -14.638427734375 1.5934474468231201 22.51681137084961 -4.53781795501709 0.1095
Pedestrian 1 1 1 227.4673309326172 166.54248046875 248.13497924804688 220.3892364501953 0.7923056483268738 1.7910853624343872 0.5913587808609009 -12.670182228088379 1.5808476209640503 24.484079360961914 -8.288610458374023 0.1093
Pedestrian 1 1 1 550.0911254882812 180.74362182617188 573.35546875 222.72259521484375 0.8476683497428894 1.6804122924804688 0.6086714267730713 -2.027538537979126 2.0094823837280273 29.600645065307617 -8.446944236755371 0.1092
Pedestrian 1 1 1 213.01693725585938 165.60403442382812 239.30934143066406 224.62896728515625 0.7874939441680908 1.8022174835205078 0.6085612177848816 -12.035245895385742 1.5805532932281494 22.528404235839844 -8.500472068786621 0.1084
Cyclist 1 1 1 0.0 0.0 1241.0 374.0 1.8633767366409302 1.6518807411193848 0.5114104151725769 6.898166179656982 1.3097394704818726 -0.2937138080596924 -8.05333137512207 0.1083
Cyclist 1 1 1 843.1572875976562 169.5037841796875 861.8341064453125 199.85768127441406 1.6989589929580688 1.7221742868423462 0.5764131546020508 14.00001049041748 1.5317946672439575 41.798736572265625 -4.668913841247559 0.1080
Pedestrian 1 1 1 1177.2296142578125 153.4492950439453 1218.343017578125 215.9642791748047 0.7906015515327454 1.8083304166793823 0.5560814738273621 17.22725486755371 1.2467232942581177 21.21487808227539 -3.3189406394958496 0.1077
Car 1 1 1 791.1267700195312 175.1881866455078 826.6956787109375 193.36874389648438 4.010076522827148 1.5107922554016113 1.6630779504776 17.176206588745117 1.7195924520492554 62.56420135498047 -7.945577144622803 0.1073
Pedestrian 1 1 1 1007.4944458007812 160.93814086914062 1041.4853515625 214.83514404296875 0.7966179251670837 1.7908384799957275 0.6025887727737427 13.997432708740234 1.394609808921814 24.458940505981445 -8.25541877746582 0.1065
Pedestrian 1 1 1 179.9425048828125 165.0829620361328 207.31593322753906 225.8976287841797 0.7822827696800232 1.8029073476791382 0.6080392003059387 -12.680540084838867 1.5722278356552124 21.88600730895996 -5.387112140655518 0.1063
Car 1 1 1 614.5748901367188 179.20118713378906 650.23681640625 210.48751831054688 3.89262056350708 1.5275202989578247 1.660127878189087 1.0932296514511108 1.8787256479263306 37.992313385009766 -4.737112998962402 0.1063
Pedestrian 1 1 1 0.0 174.4862060546875 18.33263397216797 231.23451232910156 0.48871493339538574 1.792296290397644 0.5209559202194214 -19.40598487854004 1.8452032804489136 23.164926528930664 -3.9774441719055176 0.1062
Pedestrian 1 1 1 245.3646240234375 166.8914794921875 267.8412170410156 220.4501190185547 0.789560854434967 1.7823081016540527 0.5892673134803772 -12.029641151428223 1.5835891962051392 24.479646682739258 -8.181262016296387 0.1060
Car 1 1 1 1241.0 173.18096923828125 1241.0 374.0 4.096357345581055 1.4861668348312378 1.6053701639175415 6.5489182472229 1.4883246421813965 4.44342041015625 -6.3714470863342285 0.1060
Car 1 1 1 1241.0 167.8096160888672 1241.0 368.42041015625 3.9955544471740723 1.4857133626937866 1.60066819190979 8.468205451965332 1.4480550289154053 6.3630242347717285 -6.395580291748047 0.1060
Car 1 1 1 881.4835205078125 176.59327697753906 943.350830078125 208.07740783691406 3.9620144367218018 1.52322518825531 1.6122686862945557 15.542309761047363 1.7269972562789917 37.3806037902832 -4.691262245178223 0.1058
Pedestrian 1 1 1 1097.4556884765625 156.08848571777344 1115.0633544921875 199.55328369140625 0.5685855746269226 1.7967395782470703 0.5891637802124023 20.748882293701172 1.1033899784088135 30.2304744720459 -7.217996120452881 0.1057
Pedestrian 1 1 1 1104.8331298828125 154.11508178710938 1149.0955810546875 222.39295959472656 0.7865161299705505 1.814749836921692 0.5834158658981323 14.010157585144043 1.3163903951644897 19.636953353881836 -4.996634006500244 0.1055
Pedestrian 1 1 1 32.445770263671875 160.8149871826172 74.3701400756836 242.65357971191406 0.7549106478691101 1.8490581512451172 0.5960714817047119 -12.986674308776855 1.576749324798584 16.76825714111328 -2.4901938438415527 0.1053
Pedestrian 1 1 1 146.97434997558594 161.34400939941406 183.5652618408203 229.31861877441406 0.7626913785934448 1.8350319862365723 0.6033854484558105 -12.3507719039917 1.524010181427002 19.958415985107422 -3.881143569946289 0.1053
Pedestrian 1 1 1 395.599365234375 177.10342407226562 405.6770935058594 201.81643676757812 0.6171849966049194 1.7818976640701294 0.5316410660743713 -15.24918270111084 2.0924336910247803 52.457550048828125 -7.803832530975342 0.1052
Pedestrian 1 1 1 0.0 177.65599060058594 96.55630493164062 354.4339904785156 0.6863735318183899 1.5590225458145142 0.5397793054580688 -5.3416948318481445 1.6065995693206787 6.7895941734313965 -4.991845607757568 0.1046
Pedestrian 1 1 1 47.61548614501953 162.428466796875 90.46110534667969 235.81288146972656 0.761841893196106 1.8830227851867676 0.580382764339447 -14.286084175109863 1.6152067184448242 18.993051528930664 -4.094727993011475 0.1045
Pedestrian 1 1 1 1080.456787109375 161.0472869873047 1102.0386962890625 200.906982421875 0.6287423968315125 1.7536139488220215 0.6282423734664917 21.379892349243164 1.2338815927505493 32.12739944458008 -7.598291873931885 0.1044
Car 1 1 1 901.034423828125 175.59547424316406 957.2857055664062 204.16705322265625 4.0127949714660645 1.5330320596694946 1.6704790592193604 18.093584060668945 1.6969844102859497 41.17012023925781 -4.642122745513916 0.1044
Car 1 1 1 572.342529296875 178.31907653808594 594.1552124023438 198.94223022460938 4.115890026092529 1.5534850358963013 1.646119475364685 -2.1282317638397217 2.004507541656494 57.517539978027344 -4.726497650146484 0.1043
Car 1 1 1 495.5399169921875 182.32528686523438 515.4542846679688 199.64642333984375 3.9557676315307617 1.5166146755218506 1.6302140951156616 -9.83226203918457 2.430873394012451 67.57288360595703 -4.910806179046631 0.1040
Car 1 1 1 1176.5892333984375 159.88658142089844 1241.0 233.08970642089844 3.465592622756958 1.5129470825195312 1.5884701013565063 15.228598594665527 1.2446393966674805 16.669984817504883 -4.744483947753906 0.1039
Pedestrian 1 1 1 86.28392028808594 162.7674560546875 125.1364974975586 234.4501190185547 0.7527706027030945 1.8426216840744019 0.5881995558738708 -13.32515811920166 1.5830442905426025 18.995302200317383 -2.588411331176758 0.1035
Car 1 1 1 742.8309326171875 177.20904541015625 775.8602905273438 199.78221130371094 4.047566890716553 1.5489829778671265 1.6548967361450195 10.757780075073242 1.8769779205322266 52.34638595581055 -7.82750940322876 0.1033
Car 1 1 1 338.4258117675781 175.93414306640625 373.1771545410156 194.91815185546875 4.154577255249023 1.6717449426651 1.6816349029541016 -23.331661224365234 1.9634127616882324 66.30611419677734 -4.69805908203125 0.1031
Car 1 1 1 686.5489501953125 176.7484130859375 706.9794311523438 193.73670959472656 3.975647449493408 1.534635066986084 1.6021353006362915 8.142680168151855 1.9129183292388916 68.12380981445312 -4.67218542098999 0.1027
Car 1 1 1 716.2752685546875 179.4837646484375 764.8751220703125 210.53599548339844 3.9608287811279297 1.4566041231155396 1.6319149732589722 6.5377631187438965 1.8120428323745728 36.709537506103516 -4.745908737182617 0.1027
Pedestrian 1 1 1 1156.267822265625 158.46107482910156 1176.9337158203125 209.32705688476562 0.6667124032974243 1.7840766906738281 0.5459194183349609 19.80906867980957 1.2789584398269653 25.73793601989746 -7.138748645782471 0.1022
Cyclist 1 1 1 999.3043823242188 167.27346801757812 1022.564697265625 198.21795654296875 1.7371188402175903 1.7134603261947632 0.5210266709327698 22.644729614257812 1.4041543006896973 40.84521484375 -4.600679874420166 0.1017
Pedestrian 1 1 1 0.0 160.7012939453125 32.313358306884766 243.9117889404297 0.7242045998573303 1.841747522354126 0.5899402499198914 -13.626458168029785 1.5724644660949707 16.435958862304688 -5.470767498016357 0.1014
Car 1 1 1 520.8096313476562 183.70413208007812 542.0859985351562 201.5194549560547 4.025798320770264 1.525599718093872 1.7054290771484375 -7.21346378326416 2.5536997318267822 66.33786010742188 -4.7599687576293945 0.1008
Pedestrian 1 1 1 143.35641479492188 164.77203369140625 171.42723083496094 225.48655700683594 0.7776084542274475 1.8269944190979004 0.5907700657844543 -13.974369049072266 1.5834954977035522 22.197656631469727 -5.469532489776611 0.1004
Pedestrian 1 1 1 176.9417724609375 164.6854705810547 204.6217498779297 223.9217071533203 0.7919825315475464 1.8357001543045044 0.5866734981536865 -13.325112342834473 1.5822616815567017 22.848831176757812 -5.4782514572143555 0.1003
Car 1 1 1 984.9681396484375 174.49298095703125 1099.216796875 219.7161407470703 3.683880567550659 1.4844709634780884 1.592185378074646 15.230888366699219 1.5469998121261597 25.741703033447266 -4.821852207183838 0.1003
Pedestrian 1 1 1 417.9814147949219 172.4634552001953 431.7884216308594 207.1356658935547 0.7219900488853455 1.7437759637832642 0.6505993008613586 -9.453625679016113 1.7238339185714722 36.708892822265625 -8.062307357788086 0.1001
