Car 1 1 1 586.0972290039062 177.66189575195312 632.2714233398438 220.87144470214844 4.152839660644531 1.5783255100250244 1.6290349960327148 -0.1421229988336563 1.7850111722946167 28.94508934020996 -7.908873081207275 0.7985
Car 1 1 1 495.94256591796875 178.2230987548828 540.3153076171875 218.5484161376953 3.9065582752227783 1.6356106996536255 1.6448601484298706 -4.02893590927124 1.8866674900054932 31.787635803222656 -4.761735916137695 0.6983
Car 1 1 1 546.0071411132812 180.28590393066406 571.9901123046875 202.33721923828125 3.964595079421997 1.527566909790039 1.6390933990478516 -3.7615902423858643 2.0967113971710205 53.302642822265625 -4.711726188659668 0.4939
Pedestrian 1 1 1 1088.8173828125 158.47418212890625 1117.87109375 225.20668029785156 0.7253903746604919 1.7732129096984863 0.5623466372489929 13.35799789428711 1.3908132314682007 19.623329162597656 -4.24293851852417 0.3282
Cyclist 1 1 1 397.7545166015625 156.23133850097656 437.56427001953125 210.5963592529297 1.6530784368515015 1.777180552482605 0.5633261203765869 -6.546838283538818 1.2334893941879272 24.45775604248047 -4.457650661468506 0.3182
Car 1 1 1 670.1858520507812 179.62123107910156 694.08740234375 198.11851501464844 3.812354326248169 1.519142508506775 1.5643320083618164 6.203922748565674 2.124124526977539 62.60441207885742 -4.747197151184082 0.2749
Pedestrian 1 1 1 446.05938720703125 172.3992919921875 465.8992004394531 212.21693420410156 0.6129003167152405 1.7363545894622803 0.6468908786773682 -6.8377275466918945 1.7162261009216309 31.845932006835938 -7.585115909576416 0.2675
Pedestrian 1 1 1 732.1246948242188 170.01341247558594 767.7406005859375 260.2423400878906 0.696281909942627 1.5627866983413696 0.5557951927185059 2.4322943687438965 1.51328706741333 12.869051933288574 -4.621825218200684 0.2388
Pedestrian 1 1 1 374.5898132324219 169.43771362304688 387.6217041015625 197.0730743408203 0.7836272120475769 1.8212175369262695 0.641884446144104 -15.242012977600098 1.595778226852417 47.95487976074219 -7.893901348114014 0.2180
Cyclist 1 1 1 199.93179321289062 176.20436096191406 225.6904296875 207.4639129638672 1.747956395149231 1.6846274137496948 0.5246092081069946 -22.017881393432617 1.8739699125289917 39.957977294921875 -4.752198696136475 0.2171
Car 1 1 1 196.15142822265625 178.43118286132812 227.54505920410156 196.11720275878906 3.9463229179382324 1.4521586894989014 1.5905425548553467 -34.575233459472656 1.9528613090515137 62.698097229003906 -8.14467716217041 0.2124
Car 1 1 1 1075.374267578125 159.27565002441406 1155.911865234375 194.1327667236328 4.33320426940918 1.9525251388549805 1.7195959091186523 29.685880661010742 1.1916323900222778 42.585140228271484 -7.852206707000732 0.2115
Pedestrian 1 1 1 1200.6881103515625 150.0224151611328 1238.3350830078125 218.21751403808594 0.6102921366691589 1.794137954711914 0.5659257173538208 16.28693199157715 1.1931641101837158 19.351398468017578 -4.447740077972412 0.2001
Pedestrian 1 1 1 986.9656372070312 160.6212158203125 1005.8822631835938 201.99403381347656 0.6300850510597229 1.8580206632614136 0.6851125955581665 17.52973175048828 1.3083564043045044 32.82069396972656 -4.345253944396973 0.1890
Car 1 1 1 608.93896484375 179.12208557128906 637.2569580078125 204.90615844726562 4.007187366485596 1.553472876548767 1.628708839416504 0.7712529301643372 1.9746098518371582 46.48543167114258 -4.742896556854248 0.1818
Pedestrian 1 1 1 1109.3282470703125 165.69869995117188 1145.7109375 219.88290405273438 0.8055669069290161 1.7818959951400757 0.5997002124786377 17.234792709350586 1.5462875366210938 24.102792739868164 -6.484630107879639 0.1817
Pedestrian 1 1 1 1076.4775390625 161.5504150390625 1092.7841796875 201.03883361816406 0.4119262397289276 1.7607749700546265 0.5370856523513794 21.34188461303711 1.256452202796936 32.50928497314453 -3.91152286529541 0.1798
Car 1 1 1 585.641357421875 178.89259338378906 607.4494018554688 198.76828002929688 4.03401517868042 1.5222911834716797 1.6283737421035767 -1.1483522653579712 2.0293936729431152 58.570899963378906 -4.765786647796631 0.1796
Car 1 1 1 0.0 192.48138427734375 35.083290100097656 279.0187683105469 3.610271453857422 1.473367691040039 1.535131812095642 -14.019159317016602 1.9347741603851318 15.062339782714844 -4.886497497558594 0.1737
Car 1 1 1 0.0 0.0 1241.0 374.0 3.826225519180298 1.5287755727767944 1.6265583038330078 4.293703556060791 1.5415210723876953 0.9894679188728333 -7.888596057891846 0.1724
Car 1 1 1 43.298431396484375 179.11119079589844 112.082275390625 209.5684051513672 3.872201681137085 1.5098193883895874 1.5776020288467407 -28.47789192199707 1.862890362739563 38.682579040527344 -8.086710929870605 0.1722
Pedestrian 1 1 1 880.48876953125 169.77886962890625 898.0512084960938 202.99771118164062 0.7415034770965576 1.7314069271087646 0.6307884454727173 14.657499313354492 1.570826768875122 37.98215866088867 -7.866714000701904 0.1686
Cyclist 1 1 1 107.85798645019531 178.9075927734375 123.68000030517578 202.17393493652344 1.6904075145721436 1.7314995527267456 0.42434751987457275 -37.70756530761719 2.200138568878174 55.022274017333984 -8.091992378234863 0.1632
Car 1 1 1 0.0 0.0 1241.0 374.0 3.89835262298584 1.5395127534866333 1.649806022644043 -3.421715497970581 1.6251661777496338 0.9710990786552429 -7.907034397125244 0.1629
Pedestrian 1 1 1 1031.448974609375 157.22084045410156 1053.0263671875 199.10377502441406 0.6536850333213806 1.8649840354919434 0.6925027370452881 19.444839477539062 1.1685630083084106 32.540283203125 -4.4262542724609375 0.1622
Pedestrian 1 1 1 1063.7022705078125 162.63331604003906 1079.9803466796875 202.17864990234375 0.4050326943397522 1.7628484964370728 0.5409942269325256 20.759363174438477 1.306931734085083 32.49949264526367 -3.918940544128418 0.1617
Car 1 1 1 133.96279907226562 177.16111755371094 204.5528106689453 207.124267578125 3.710498094558716 1.5559078454971313 1.593589186668396 -24.3030948638916 1.8047676086425781 39.87215042114258 -4.696517467498779 0.1610
Pedestrian 1 1 1 828.638916015625 162.39541625976562 843.2525024414062 197.66407775878906 0.6691876649856567 1.8204752206802368 0.6540723443031311 11.741641998291016 1.2803306579589844 37.63363265991211 -7.666165828704834 0.1601
Pedestrian 1 1 1 1218.7808837890625 160.51846313476562 1241.0 213.7406768798828 0.6039617657661438 1.7501249313354492 0.5773079991340637 20.784244537353516 1.3441911935806274 24.13588523864746 -3.7480835914611816 0.1598
Pedestrian 1 1 1 1093.0870361328125 165.0830535888672 1113.147216796875 203.64993286132812 0.6476755738258362 1.782819390296936 0.6656310558319092 23.04146957397461 1.4232944250106812 33.784202575683594 -4.301049709320068 0.1587
Pedestrian 1 1 1 870.6461181640625 170.80934143066406 898.0564575195312 226.7490997314453 0.7226119637489319 1.592751383781433 0.5709119439125061 7.901707649230957 1.534234642982483 20.93050193786621 -4.618671417236328 0.1568
Pedestrian 1 1 1 865.8424682617188 165.7603759765625 880.2478637695312 196.35792541503906 0.8013545274734497 1.7673689126968384 0.6323769092559814 15.313244819641113 1.3573287725448608 42.116512298583984 -7.720473766326904 0.1553
Pedestrian 1 1 1 969.256103515625 159.70286560058594 987.9810180664062 200.2171630859375 0.6896085739135742 1.801885962486267 0.6562655568122864 16.566843032836914 1.2166850566864014 32.521873474121094 -7.530247211456299 0.1528
Pedestrian 1 1 1 1208.82861328125 147.3905487060547 1241.0 223.65542602539062 0.7189358472824097 1.759881615638733 0.6099216341972351 14.669196128845215 1.1719893217086792 17.087121963500977 -4.393322467803955 0.1523
Pedestrian 1 1 1 1008.3897094726562 163.86270141601562 1026.119873046875 204.78195190429688 0.639022707939148 1.836808204650879 0.6782735586166382 18.481586456298828 1.4329015016555786 32.82821273803711 -4.2364959716796875 0.1507
Pedestrian 1 1 1 0.0 168.7396240234375 19.59319305419922 234.8882598876953 0.6913151144981384 1.8204612731933594 0.5437656044960022 -17.162111282348633 1.7069308757781982 20.29683494567871 -4.0148024559021 0.1503
Car 1 1 1 80.26123809814453 178.76712036132812 126.67794799804688 202.27069091796875 3.788670539855957 1.6104824542999268 1.658543586730957 -36.83808898925781 2.057462692260742 52.525970458984375 -8.145576477050781 0.1494
Car 1 1 1 272.07672119140625 174.05831909179688 311.8641052246094 193.72372436523438 3.908597707748413 1.6406317949295044 1.731702208518982 -27.470914840698242 1.7477387189865112 62.3931884765625 -7.8576531410217285 0.1485
Car 1 1 1 0.0 0.0 1241.0 374.0 3.8316667079925537 1.5418380498886108 1.615595817565918 2.688793897628784 1.551276683807373 0.6902110576629639 -7.865353107452393 0.1482
Car 1 1 1 219.91395568847656 177.8125 254.2744140625 195.46163940429688 3.9500460624694824 1.482460618019104 1.5949841737747192 -32.97754669189453 1.9353241920471191 63.859588623046875 -8.027114868164062 0.1462
Car 1 1 1 502.2368469238281 180.15208435058594 534.94873046875 205.44540405273438 3.9625661373138428 1.5468958616256714 1.597590684890747 -5.976684093475342 2.0448288917541504 47.2678108215332 -4.700173854827881 0.1459
Pedestrian 1 1 1 1093.1973876953125 156.77536010742188 1113.7623291015625 201.56202697753906 0.5457097887992859 1.7737444639205933 0.600525438785553 19.77613067626953 1.1366615295410156 28.98076057434082 -3.948032855987549 0.1443
Car 1 1 1 730.3114013671875 180.74945068359375 763.7661743164062 203.96620178222656 4.031072616577148 1.5552951097488403 1.664147973060608 9.74831485748291 2.1432406902313232 51.73480224609375 -4.703399658203125 0.1442
Pedestrian 1 1 1 1153.4661865234375 166.3857421875 1186.8193359375 217.96917724609375 0.7532266974449158 1.7652630805969238 0.6104419827461243 19.44183921813965 1.543609380722046 25.1086368560791 -3.4943113327026367 0.1440
Car 1 1 1 0.0 179.91395568847656 35.41447067260742 212.73756408691406 3.8628835678100586 1.542371153831482 1.6284286975860596 -31.359046936035156 1.9231115579605103 36.86977767944336 -8.104940414428711 0.1436
Car 1 1 1 664.7398681640625 181.39112854003906 694.8198852539062 198.33969116210938 3.8301491737365723 1.5136590003967285 1.6390842199325562 6.576858997344971 2.349045753479004 68.5718994140625 -4.962797164916992 0.1434
Cyclist 1 1 1 416.4242858886719 154.90455627441406 454.2828369140625 209.6833038330078 1.6710695028305054 1.7924352884292603 0.5520766973495483 -5.954431056976318 1.2048050165176392 24.48639488220215 -4.47938871383667 0.1417
Car 1 1 1 1052.0223388671875 173.32801818847656 1169.1470947265625 217.0851287841797 3.809183359146118 1.4812695980072021 1.628156304359436 18.097097396850586 1.4995492696762085 26.3738956451416 -4.715377330780029 0.1415
Car 1 1 1 169.04835510253906 177.18348693847656 202.74598693847656 195.98199462890625 4.068276405334473 1.5504651069641113 1.6387442350387573 -36.828304290771484 1.9395194053649902 62.703208923339844 -5.012704372406006 0.1378
Pedestrian 1 1 1 943.8934326171875 163.75303649902344 962.68408203125 207.1311492919922 0.6743904948234558 1.7897816896438599 0.6136202216148376 14.336581230163574 1.413975477218628 30.222183227539062 -7.254092216491699 0.1376
Cyclist 1 1 1 378.8272399902344 157.92568969726562 421.0552062988281 211.83189392089844 1.6343269348144531 1.7650132179260254 0.555438756942749 -7.1559977531433105 1.2759262323379517 24.487773895263672 -4.3999247550964355 0.1373
Car 1 1 1 0.0 177.17161560058594 83.9972915649414 217.21295166015625 3.824303150177002 1.555908203125 1.6474798917770386 -24.327922821044922 1.7495903968811035 30.44041633605957 -7.941601276397705 0.1361
Car 1 1 1 590.127685546875 179.0885009765625 626.588134765625 210.19407653808594 3.8213253021240234 1.5190678834915161 1.6388254165649414 -0.1719816029071808 1.8640546798706055 37.99337387084961 -7.930460453033447 0.1359
Cyclist 1 1 1 3.3075900077819824 173.76402282714844 51.43224334716797 211.1349639892578 1.7643471956253052 1.7941138744354248 0.646429717540741 -28.32753562927246 1.838505744934082 35.046783447265625 -3.216235637664795 0.1351
Pedestrian 1 1 1 1046.817138671875 155.57725524902344 1085.246826171875 220.13433837890625 0.7824475169181824 1.775427222251892 0.6132298707962036 12.740781784057617 1.2999883890151978 20.25469398498535 -7.785791873931885 0.1342
Car 1 1 1 705.79345703125 179.45497131347656 734.6790161132812 196.8264617919922 4.1150336265563965 1.5062392950057983 1.681024432182312 10.068706512451172 2.1319618225097656 66.30371856689453 -4.803712368011475 0.1341
Pedestrian 1 1 1 57.21577835083008 161.42515563964844 94.78081512451172 239.98715209960938 0.7541658878326416 1.8083312511444092 0.5594068169593811 -12.682907104492188 1.5449637174606323 17.065950393676758 -2.4338791370391846 0.1339
Car 1 1 1 492.7912902832031 180.3233642578125 515.4926147460938 201.863525390625 4.045433044433594 1.551914095878601 1.663365364074707 -8.213606834411621 2.1491615772247314 55.59264373779297 -4.874168395996094 0.1331
Car 1 1 1 604.7811889648438 178.6644744873047 625.8641357421875 196.2491455078125 3.9615540504455566 1.536918044090271 1.6247447729110718 0.4405626058578491 2.088063955307007 66.44297790527344 -4.785770893096924 0.1325
Pedestrian 1 1 1 1002.1632690429688 155.2586212158203 1036.5621337890625 219.25144958496094 0.7274315357208252 1.762138843536377 0.6168327927589417 11.441987991333008 1.2773237228393555 20.2722225189209 -7.712399005889893 0.1321
Car 1 1 1 336.7581787109375 181.16802978515625 379.845458984375 207.0962677001953 4.013514995574951 1.5552901029586792 1.6535764932632446 -16.251079559326172 2.1164822578430176 46.66666030883789 -4.786917686462402 0.1306
Cyclist 1 1 1 910.6809692382812 172.38494873046875 933.1177978515625 208.6861572265625 1.685011863708496 1.7041904926300049 0.4890068769454956 14.96028995513916 1.6818703413009644 34.73435974121094 -7.763367176055908 0.1299
Pedestrian 1 1 1 1060.7333984375 159.6007537841797 1094.5628662109375 217.4142608642578 0.8298479318618774 1.821437954902649 0.5703107714653015 14.96968936920166 1.4035890102386475 23.17340850830078 -6.748721599578857 0.1294
Car 1 1 1 467.55841064453125 180.68873596191406 499.8213195800781 206.59190368652344 3.9353220462799072 1.5723023414611816 1.6249922513961792 -8.220213890075684 2.1044235229492188 47.023040771484375 -4.768622398376465 0.1283
Pedestrian 1 1 1 994.11962890625 161.09092712402344 1015.3037719726562 206.50143432617188 0.5634451508522034 1.7804754972457886 0.6064601540565491 15.613484382629395 1.318963885307312 28.632495880126953 -7.629634380340576 0.1275
Car 1 1 1 770.3211669921875 179.0457000732422 821.0044555664062 205.32203674316406 4.007101058959961 1.5109517574310303 1.6651089191436768 11.367379188537598 1.911074161529541 44.569480895996094 -4.839596271514893 0.1275
Car 1 1 1 175.57754516601562 180.1667022705078 229.58956909179688 202.57118225097656 3.8869810104370117 1.467210292816162 1.5454962253570557 -28.463098526000977 1.9983315467834473 50.48098373413086 -7.840287685394287 0.1272
Car 1 1 1 0.0 187.0866241455078 0.0 374.0 3.9079036712646484 1.545568585395813 1.6184473037719727 -5.3363118171691895 1.6259143352508545 2.1111881732940674 -7.883825778961182 0.1270
Car 1 1 1 448.0184326171875 175.1417236328125 493.1576232910156 210.00802612304688 4.141007900238037 1.5446845293045044 1.6159895658493042 -6.614666938781738 1.6600650548934937 34.36485290527344 -7.921456813812256 0.1264
Car 1 1 1 706.3603515625 179.7186279296875 741.6392211914062 199.64312744140625 3.870004653930664 1.51143479347229 1.6590899229049683 9.124120712280273 2.0842316150665283 58.19137954711914 -4.880769729614258 0.1263
Pedestrian 1 1 1 804.9325561523438 174.32156372070312 816.9351196289062 196.7393798828125 0.719608724117279 1.764061689376831 0.6292355060577393 15.919532775878906 1.8811322450637817 57.27096176147461 -8.150115013122559 0.1263
Pedestrian 1 1 1 443.2318115234375 178.0501251220703 451.0258483886719 195.79238891601562 0.7181455492973328 1.674592137336731 0.5973716974258423 -15.554542541503906 2.1730895042419434 68.81419372558594 -8.270366668701172 0.1256
Pedestrian 1 1 1 1192.177978515625 150.42486572265625 1233.1602783203125 221.3465576171875 0.7386673092842102 1.7598943710327148 0.5817452073097229 15.264010429382324 1.20302414894104 18.35081672668457 -4.366069793701172 0.1252
Cyclist 1 1 1 833.26513671875 175.0980987548828 849.3980712890625 201.11685180664062 1.7313170433044434 1.689396619796753 0.47642776370048523 15.30528450012207 1.8406908512115479 47.870826721191406 -7.878112316131592 0.1248
Car 1 1 1 520.5704956054688 180.1296844482422 549.1957397460938 203.18487548828125 4.051527976989746 1.575798749923706 1.678900957107544 -5.5658721923828125 2.1299474239349365 52.83074951171875 -4.918056011199951 0.1244
Car 1 1 1 804.950439453125 175.12632751464844 848.0709838867188 198.071044921875 3.840970516204834 1.6398613452911377 1.6632181406021118 16.1143856048584 1.8158907890319824 53.9786262512207 -4.841861248016357 0.1242
Pedestrian 1 1 1 24.626001358032227 162.97021484375 65.27519989013672 246.5354766845703 0.7501007318496704 1.8125041723251343 0.5760796070098877 -12.670849800109863 1.5978281497955322 16.11232566833496 -2.4367942810058594 0.1241
Car 1 1 1 360.7891540527344 184.28060913085938 399.1884765625 210.8508758544922 3.9911065101623535 1.5142579078674316 1.687935471534729 -14.333022117614746 2.2603259086608887 45.02885055541992 -4.865501880645752 0.1223
Pedestrian 1 1 1 943.7322998046875 165.49192810058594 965.1273193359375 205.99403381347656 0.5956377387046814 1.7843306064605713 0.6237947940826416 15.302021980285645 1.4596924781799316 32.151588439941406 -8.096718788146973 0.1222
Car 1 1 1 398.2671813964844 178.35250854492188 424.01116943359375 195.93618774414062 3.9090590476989746 1.5867551565170288 1.6050522327423096 -18.82778549194336 2.1227407455444336 68.36956787109375 -7.921660900115967 0.1211
Pedestrian 1 1 1 1166.0906982421875 149.091552734375 1223.3848876953125 233.53614807128906 0.777373731136322 1.7924151420593262 0.5882218480110168 12.719956398010254 1.2877352237701416 15.774456024169922 -5.017885208129883 0.1211
Car 1 1 1 123.93480682373047 181.8258514404297 203.34336853027344 214.3614959716797 3.9743053913116455 1.5223698616027832 1.612226128578186 -22.726320266723633 2.0050251483917236 36.84981155395508 -4.716711521148682 0.1211
Car 1 1 1 113.69960021972656 177.56405639648438 161.79783630371094 198.03457641601562 3.8987298011779785 1.6407486200332642 1.658471941947937 -39.713722229003906 2.0499489307403564 60.740440368652344 -7.9082465171813965 0.1210
Car 1 1 1 129.37893676757812 183.3089599609375 226.68202209472656 226.367919921875 3.8450682163238525 1.5149372816085815 1.6655441522598267 -16.8555850982666 1.953138828277588 28.300636291503906 -4.7628254890441895 0.1210
Car 1 1 1 384.5509033203125 180.75991821289062 421.2860107421875 203.1206817626953 3.9719760417938232 1.616036057472229 1.6737394332885742 -15.918760299682617 2.2461302280426025 55.54338073730469 -4.70763635635376 0.1208
Pedestrian 1 1 1 1129.9320068359375 164.15280151367188 1167.96875 219.95401000976562 0.8401879668235779 1.7886550426483154 0.5974684357643127 17.516164779663086 1.509446144104004 23.52092742919922 -6.531206130981445 0.1207
Car 1 1 1 360.45489501953125 178.84683227539062 395.9081115722656 202.9736328125 3.890958070755005 1.6265069246292114 1.6389648914337158 -16.579139709472656 2.0720438957214355 51.66171646118164 -4.811800956726074 0.1204
Pedestrian 1 1 1 63.624908447265625 160.72738647460938 103.02489471435547 242.90548706054688 0.7525848746299744 1.818315863609314 0.56257164478302 -12.040534019470215 1.5496959686279297 16.422883987426758 -2.4396145343780518 0.1202
Pedestrian 1 1 1 90.61579895019531 162.33958435058594 130.1655731201172 234.41456604003906 0.7517356276512146 1.8217883110046387 0.5860692262649536 -12.985859870910645 1.5557230710983276 18.683141708374023 -2.5971827507019043 0.1201
Pedestrian 1 1 1 117.13664245605469 164.8266143798828 152.11163330078125 230.45265197753906 0.7902935743331909 1.8315178155899048 0.5945028066635132 -13.627922058105469 1.6071863174438477 20.609840393066406 -2.5123231410980225 0.1188
Pedestrian 1 1 1 1159.113525390625 155.94297790527344 1198.3536376953125 220.0426788330078 0.7447846531867981 1.764788269996643 0.5682298541069031 15.91952896118164 1.2988954782485962 20.273958206176758 -4.571345329284668 0.1185
Pedestrian 1 1 1 417.5078430175781 176.1475067138672 427.64532470703125 195.2350311279297 0.7794162034988403 1.7961299419403076 0.6027753353118896 -17.817726135253906 2.1107349395751953 68.5233383178711 -7.525628566741943 0.1184
Car 1 1 1 507.1926574707031 180.2371368408203 540.640869140625 210.6016387939453 3.9354820251464844 1.5269584655761719 1.650955080986023 -4.679366111755371 1.949479103088379 39.295440673828125 -4.790038585662842 0.1182
Car 1 1 1 1234.3167724609375 171.04852294921875 1241.0 334.87738037109375 4.0252766609191895 1.5018495321273804 1.6090373992919922 9.141997337341309 1.4849984645843506 7.650407791137695 -6.401223182678223 0.1169
Pedestrian 1 1 1 30.864295959472656 162.96621704101562 71.1230697631836 249.83047485351562 0.7392906546592712 1.8063733577728271 0.5746254324913025 -12.037131309509277 1.6004536151885986 15.467275619506836 -2.3854267597198486 0.1167
Pedestrian 1 1 1 807.6276245117188 168.2528533935547 838.6475830078125 231.65293884277344 0.8222739100456238 1.6585123538970947 0.5614525079727173 5.641142845153809 1.537848711013794 19.296714782714844 -4.751028537750244 0.1162
Car 1 1 1 822.4302978515625 171.4677276611328 857.433837890625 193.66192626953125 3.7919118404388428 1.6642106771469116 1.6823300123214722 17.78369140625 1.5599616765975952 56.04121017456055 -7.80161714553833 0.1160
Car 1 1 1 371.9371032714844 181.80484008789062 429.1412353515625 218.8509979248047 3.7393798828125 1.4868948459625244 1.5789098739624023 -9.193181991577148 1.9044305086135864 31.780487060546875 -4.755103588104248 0.1158
Car 1 1 1 572.401123046875 179.43556213378906 598.9824829101562 200.5983428955078 3.9589388370513916 1.5079011917114258 1.6417772769927979 -1.8361204862594604 2.025038003921509 54.69955825805664 -4.649367332458496 0.1155
Pedestrian 1 1 1 59.44904327392578 164.03533935546875 98.62625885009766 234.16189575195312 0.7552582621574402 1.8350253105163574 0.5854915380477905 -14.266124725341797 1.6039645671844482 19.32074546813965 -2.6306324005126953 0.1151
Car 1 1 1 628.6742553710938 179.10421752929688 652.1355590820312 197.25833129882812 3.9643054008483887 1.5138894319534302 1.65321946144104 2.690328359603882 2.0833234786987305 63.68790054321289 -4.562180995941162 0.1147
Car 1 1 1 357.44927978515625 180.631591796875 392.03070068359375 200.10537719726562 4.095054626464844 1.619653582572937 1.6610450744628906 -20.750350952148438 2.3284127712249756 63.71900939941406 -4.695347785949707 0.1144
Pedestrian 1 1 1 95.5602035522461 163.10061645507812 129.71990966796875 239.476806640625 0.7470909953117371 1.7904726266860962 0.5751102566719055 -12.036436080932617 1.561525821685791 17.384231567382812 -5.46170711517334 0.1142
Pedestrian 1 1 1 424.76275634765625 176.5558319091797 433.66571044921875 195.41580200195312 0.7915141582489014 1.7757930755615234 0.6036703586578369 -17.18549919128418 2.129155158996582 68.51747131347656 -7.78212308883667 0.1136
Car 1 1 1 5.790298938751221 176.33299255371094 82.44353485107422 207.940185546875 3.967038154602051 1.5717716217041016 1.6335581541061401 -30.085613250732422 1.7670570611953735 38.45465850830078 -8.061994552612305 0.1133
Car 1 1 1 775.897216796875 175.91091918945312 909.41455078125 279.6646423339844 3.916565179824829 1.553933024406433 1.6024595499038696 3.939556360244751 1.6172640323638916 12.97308349609375 -7.723365306854248 0.1130
Car 1 1 1 577.6304321289062 179.28285217285156 610.5750122070312 204.76016235351562 4.016509056091309 1.5326311588287354 1.637027382850647 -1.1025042533874512 1.9660742282867432 46.574649810791016 -4.859083652496338 0.1128
Pedestrian 1 1 1 1218.3441162109375 149.80850219726562 1241.0 238.0143585205078 0.7788693308830261 1.7939026355743408 0.5925359129905701 13.348960876464844 1.3249108791351318 15.147960662841797 -5.108211040496826 0.1126
Pedestrian 1 1 1 697.3936157226562 164.68002319335938 735.2792358398438 258.4798889160156 0.7067258954048157 1.6306957006454468 0.5704540610313416 1.8373258113861084 1.4882924556732178 12.898191452026367 -4.71593713760376 0.1123
Car 1 1 1 540.5641479492188 180.19406127929688 566.2001953125 198.3385467529297 3.899554967880249 1.5150636434555054 1.621537446975708 -5.003937721252441 2.185299873352051 63.89753723144531 -7.760134220123291 0.1123
Car 1 1 1 0.0 183.54074096679688 53.40755844116211 229.0348663330078 3.7739181518554688 1.4927170276641846 1.605883002281189 -22.680419921875 1.9135353565216064 26.50615882873535 -4.764945983886719 0.1121
Pedestrian 1 1 1 41.77130889892578 162.4137420654297 83.59349822998047 235.7419891357422 0.7434702515602112 1.8224427700042725 0.5728845000267029 -13.969331741333008 1.5626689195632935 18.352466583251953 -2.69008207321167 0.1121
Car 1 1 1 765.092041015625 182.7725067138672 793.9032592773438 200.18563842773438 3.834336996078491 1.5355595350265503 1.7109369039535522 15.863164901733398 2.4936163425445557 67.77752685546875 -4.73959493637085 0.1117
Car 1 1 1 447.2378234863281 179.68704223632812 473.8309326171875 196.69679260253906 3.921862840652466 1.5148577690124512 1.6162785291671753 -14.034700393676758 2.1755881309509277 67.82459259033203 -4.691768646240234 0.1110
Pedestrian 1 1 1 205.07095336914062 164.97613525390625 227.1847686767578 224.2136993408203 0.7987143397331238 1.8091286420822144 0.5967980027198792 -12.345255851745605 1.5682368278503418 22.52950096130371 -8.354645729064941 0.1109
Pedestrian 1 1 1 83.19009399414062 166.58090209960938 117.34082794189453 231.3800506591797 0.7603601813316345 1.8092131614685059 0.5824098587036133 -14.605446815490723 1.6337662935256958 20.6044864654541 -2.5142383575439453 0.1109
Pedestrian 1 1 1 895.174072265625 166.68994140625 908.8883056640625 202.80238342285156 0.6534309983253479 1.7977418899536133 0.6072773337364197 14.659183502197266 1.4905840158462524 36.327632904052734 -4.378450870513916 0.1107
Pedestrian 1 1 1 13.687438011169434 163.30194091796875 52.2795295715332 239.82675170898438 0.7315582633018494 1.7970528602600098 0.5637649297714233 -13.95793628692627 1.5724395513534546 17.389558792114258 -2.493886947631836 0.1104
Car 1 1 1 1241.0 173.04428100585938 1241.0 374.0 4.071812152862549 1.484886884689331 1.608046531677246 6.3166608810424805 1.4858653545379639 3.817296028137207 -6.397148609161377 0.1102
Pedestrian 1 1 1 845.2850952148438 172.2019805908203 856.2284545898438 200.26177978515625 0.7786949872970581 1.7701400518417358 0.6278781890869141 15.304197311401367 1.7287077903747559 45.97864532470703 -7.575173854827881 0.1097
Car 1 1 1 63.4476432800293 175.5408172607422 157.73666381835938 212.4678955078125 3.828219413757324 1.5744117498397827 1.6272039413452148 -22.735857009887695 1.7040393352508545 32.967445373535156 -4.699843406677246 0.1091
Car 1 1 1 180.42201232910156 0.0 924.8572998046875 374.0 3.8307037353515625 1.5521163940429688 1.6150003671646118 0.10579971224069595 1.5985544919967651 0.12894532084465027 -7.89021635055542 0.1087
Car 1 1 1 468.4283447265625 180.46353149414062 489.15802001953125 197.67535400390625 3.964768409729004 1.49319326877594 1.5743305683135986 -12.077824592590332 2.215461254119873 66.46228790283203 -4.813579082489014 0.1086
Car 1 1 1 68.52396392822266 180.33071899414062 126.67689514160156 206.53697204589844 3.8157618045806885 1.5055360794067383 1.6671390533447266 -31.679670333862305 1.9894700050354004 44.677276611328125 -8.100228309631348 0.1086
Car 1 1 1 878.3904418945312 176.62966918945312 1013.1585693359375 236.95046997070312 4.042774677276611 1.4813271760940552 1.6380666494369507 9.099150657653809 1.5968166589736938 20.053203582763672 -4.783344268798828 0.1084
Car 1 1 1 443.1564636230469 181.6751708984375 481.547119140625 212.67538452148438 4.016611099243164 1.519058346748352 1.6226437091827393 -7.886201858520508 2.0163509845733643 38.620765686035156 -4.814199447631836 0.1083
Pedestrian 1 1 1 111.75138092041016 161.4295196533203 149.8238067626953 242.38356018066406 0.7131106853485107 1.75906240940094 0.5568599700927734 -10.739681243896484 1.510518193244934 16.108762741088867 -5.062061786651611 0.1082
Pedestrian 1 1 1 0.0 160.67758178710938 35.368648529052734 255.13436889648438 0.7495853304862976 1.835959792137146 0.5805038809776306 -12.031889915466309 1.5989863872528076 14.492598533630371 -2.388998031616211 0.1082
Pedestrian 1 1 1 915.9359130859375 169.3607940673828 956.66748046875 241.0123748779297 0.6509500741958618 1.4986591339111328 0.5038149952888489 6.933794975280762 1.4252955913543701 15.465280532836914 -4.938409805297852 0.1079
Pedestrian 1 1 1 127.31074523925781 161.07009887695312 160.90965270996094 235.3472900390625 0.7643617987632751 1.8074851036071777 0.5867546200752258 -11.700186729431152 1.5204318761825562 18.03817367553711 -5.45259428024292 0.1079
Pedestrian 1 1 1 1153.818359375 154.24012756347656 1195.54052734375 221.36231994628906 0.715394914150238 1.792082667350769 0.5653929114341736 15.304180145263672 1.2948143482208252 19.632343292236328 -4.750269412994385 0.1077
Pedestrian 1 1 1 1023.1326904296875 153.49652099609375 1060.771240234375 218.62496948242188 0.7817861437797546 1.7915786504745483 0.6239790916442871 12.06969165802002 1.258785605430603 20.262582778930664 -7.775182247161865 0.1077
Pedestrian 1 1 1 1119.5400390625 156.72157287597656 1159.9873046875 225.25701904296875 0.6929571628570557 1.7405376434326172 0.5712252259254456 13.666638374328613 1.3305360078811646 18.697311401367188 -4.613343715667725 0.1073
Car 1 1 1 301.83770751953125 180.76097106933594 347.4013366699219 207.2273406982422 3.804614305496216 1.5451092720031738 1.6385599374771118 -17.874967575073242 2.0623691082000732 45.2635498046875 -4.7983598709106445 0.1072
Pedestrian 1 1 1 0.0 160.3543243408203 29.874195098876953 250.21505737304688 0.7568141222000122 1.8290916681289673 0.5672175884246826 -12.666784286499023 1.5743640661239624 15.15177059173584 -2.3961853981018066 0.1071
Pedestrian 1 1 1 1117.01318359375 156.6809539794922 1150.5865478515625 224.8883514404297 0.6872462630271912 1.7881696224212646 0.5661170482635498 13.977996826171875 1.3638668060302734 19.3376522064209 -4.352144718170166 0.1068
Car 1 1 1 629.947509765625 178.8662567138672 662.6631469726562 203.68630981445312 3.849698305130005 1.5700088739395142 1.628179907798767 2.3718292713165283 1.991394281387329 48.60835266113281 -4.815983295440674 0.1068
Pedestrian 1 1 1 1092.9354248046875 157.25511169433594 1129.915771484375 215.3935089111328 0.796911895275116 1.7855103015899658 0.5636335015296936 15.60449504852295 1.3061470985412598 22.530559539794922 -6.531639575958252 0.1066
Pedestrian 1 1 1 315.2832946777344 179.10325622558594 328.14422607421875 201.07615661621094 0.7455186247825623 1.7512681484222412 0.6441340446472168 -23.29591178894043 2.2594516277313232 58.24153137207031 -5.743251323699951 0.1065
Car 1 1 1 750.339111328125 169.7282257080078 791.3485717773438 190.8243408203125 4.149337291717529 1.7780588865280151 1.720920205116272 13.980345726013184 1.514305591583252 63.04532241821289 -8.133149147033691 0.1061
Pedestrian 1 1 1 143.79808044433594 166.3824920654297 174.7561492919922 228.8726348876953 0.7838053703308105 1.7974752187728882 0.5970277190208435 -13.318916320800781 1.6110279560089111 21.240903854370117 -5.521571159362793 0.1055
Pedestrian 1 1 1 38.26495361328125 172.61557006835938 59.203609466552734 217.42434692382812 0.44086870551109314 1.8384541273117065 0.5755419135093689 -23.303861618041992 1.8283716440200806 29.907609939575195 -8.19367790222168 0.1055
Cyclist 1 1 1 0.0 0.0 1241.0 374.0 1.8536015748977661 1.6761342287063599 0.5176298022270203 6.906059265136719 1.3195548057556152 -0.28235146403312683 -8.022479057312012 0.1054
Car 1 1 1 648.256591796875 178.43551635742188 674.5820922851562 197.32603454589844 3.9895071983337402 1.521066427230835 1.5968774557113647 4.314406871795654 2.0114948749542236 61.3770637512207 -4.806488513946533 0.1053
Car 1 1 1 782.074462890625 178.60986328125 841.871826171875 207.64100646972656 4.025384902954102 1.4838258028030396 1.644578218460083 11.035990715026855 1.8181930780410767 39.83564758300781 -4.870818614959717 0.1051
Pedestrian 1 1 1 0.0 160.0745849609375 0.0 258.89324951171875 0.7463793158531189 1.8344132900238037 0.5837525725364685 -12.341914176940918 1.596883773803711 13.867682456970215 -5.412209987640381 0.1050
Car 1 1 1 531.2679443359375 178.60389709472656 557.5377807617188 203.34242248535156 3.9589626789093018 1.5561443567276 1.5972269773483276 -4.39086389541626 1.957155466079712 48.34227752685547 -4.762794017791748 0.1048
Pedestrian 1 1 1 0.0 163.6409149169922 37.007652282714844 239.05517578125 0.7608494162559509 1.839980959892273 0.5815502405166626 -14.90878963470459 1.6148972511291504 18.04303741455078 -2.635550022125244 0.1047
Car 1 1 1 1224.1356201171875 158.81253051757812 1241.0 214.56393432617188 3.8954386711120605 1.53938627243042 1.6253141164779663 20.980262756347656 1.1513785123825073 21.92882537841797 -4.633047103881836 0.1043
Car 1 1 1 604.9266967773438 178.7450714111328 626.8306274414062 198.58692932128906 3.852590560913086 1.5226958990097046 1.5565954446792603 0.4215517044067383 2.016035318374634 58.498985290527344 -4.761231422424316 0.1041
Car 1 1 1 50.521766662597656 179.1547088623047 109.55038452148438 204.2152862548828 3.867941379547119 1.577157974243164 1.618883728981018 -35.552940368652344 2.0179574489593506 48.474021911621094 -8.016353607177734 0.1040
Car 1 1 1 143.95555114746094 177.5537872314453 183.62998962402344 200.537841796875 4.001202583312988 1.669853925704956 1.6145431995391846 -34.259254455566406 2.0447134971618652 55.44853591918945 -8.145965576171875 0.1039
Pedestrian 1 1 1 124.08708953857422 163.64645385742188 152.671630859375 232.6638641357422 0.7701870799064636 1.8011006116867065 0.5916265845298767 -12.677900314331055 1.56051766872406 19.315044403076172 -5.356264591217041 0.1036
Car 1 1 1 468.1588134765625 182.56719970703125 494.0230712890625 203.1749267578125 3.815141201019287 1.5158356428146362 1.6505104303359985 -10.157205581665039 2.3079516887664795 56.89645767211914 -4.792774200439453 0.1033
Car 1 1 1 1240.187744140625 169.18397521972656 1241.0 295.37237548828125 4.00424337387085 1.5116665363311768 1.6011465787887573 10.946685791015625 1.4674017429351807 9.600332260131836 -6.362513065338135 0.1033
Car 1 1 1 516.74609375 179.79910278320312 541.1004638671875 198.366455078125 4.020261764526367 1.5478347539901733 1.6040748357772827 -7.2330193519592285 2.183265209197998 63.90116882324219 -4.962128639221191 0.1032
Car 1 1 1 1192.702392578125 153.16285705566406 1241.0 217.6288604736328 3.4802610874176025 1.5619726181030273 1.611034631729126 17.77303695678711 1.0845682621002197 19.263086318969727 -7.907400608062744 0.1031
Pedestrian 1 1 1 1208.658935546875 146.47959899902344 1241.0 244.4493865966797 0.7670385837554932 1.7339929342269897 0.5655425190925598 11.425996780395508 1.2668856382369995 13.202308654785156 -3.6396079063415527 0.1028
Pedestrian 1 1 1 51.893836975097656 164.6861572265625 86.60684967041016 231.3186798095703 0.7524576187133789 1.8314664363861084 0.5744887590408325 -15.250335693359375 1.6066644191741943 20.28317642211914 -2.5318098068237305 0.1028
Pedestrian 1 1 1 1190.129150390625 160.67503356933594 1218.7193603515625 214.76214599609375 0.715323269367218 1.799520492553711 0.6302253603935242 20.11795425415039 1.3940167427062988 24.47760009765625 -6.984086513519287 0.1025
Pedestrian 1 1 1 89.13728332519531 165.37525939941406 125.25401306152344 232.04969787597656 0.7685462832450867 1.801171064376831 0.6009510159492493 -13.959280014038086 1.59883713722229 19.960844039916992 -2.5135350227355957 0.1023
Car 1 1 1 102.15835571289062 179.60366821289062 158.45860290527344 205.58413696289062 3.859682321548462 1.5194063186645508 1.645403504371643 -30.08815574645996 1.9623796939849854 45.326683044433594 -8.06482982635498 0.1021
Pedestrian 1 1 1 1061.0262451171875 156.59701538085938 1087.1036376953125 205.97894287109375 0.6617664694786072 1.7771496772766113 0.6370829343795776 16.908199310302734 1.1917957067489624 26.372234344482422 -7.575779438018799 0.1021
Car 1 1 1 0.0 185.04811096191406 0.0 374.0 4.043236255645752 1.5660656690597534 1.6247366666793823 -11.130178451538086 1.73707115650177 8.047439575195312 -4.806278705596924 0.1018
Pedestrian 1 1 1 25.30451011657715 165.81454467773438 69.2960433959961 237.79000854492188 0.7567440867424011 1.815603256225586 0.5603597164154053 -14.606545448303223 1.6377307176589966 18.670978546142578 -4.135056972503662 0.1015
Pedestrian 1 1 1 826.8120727539062 168.3688507080078 849.3268432617188 217.25685119628906 0.6605132818222046 1.6113269329071045 0.5574366450309753 7.571196556091309 1.463198184967041 24.119569778442383 -4.6841020584106445 0.1015
Pedestrian 1 1 1 9.028419494628906 164.30418395996094 52.5437126159668 234.88172912597656 0.767642617225647 1.8437070846557617 0.5677855014801025 -15.55844783782959 1.6200591325759888 19.325119018554688 -4.143941402435303 0.1010
Pedestrian 1 1 1 175.1475372314453 163.294189453125 202.4440155029297 229.9471435546875 0.7786927819252014 1.7986456155776978 0.5918874144554138 -11.704355239868164 1.5403717756271362 19.959482192993164 -5.320403575897217 0.1010
Pedestrian 1 1 1 912.3367919921875 166.302734375 927.080322265625 205.3598175048828 0.5587236881256104 1.7886637449264526 0.6021836996078491 14.307272911071777 1.4883413314819336 33.42653274536133 -7.401504993438721 0.1008
Car 1 1 1 82.3329086303711 179.8230438232422 123.27740478515625 202.08395385742188 3.8108558654785156 1.610681414604187 1.624119758605957 -39.03077697753906 2.1670656204223633 55.56865310668945 -5.055071830749512 0.1005
Car 1 1 1 640.7490234375 178.00991821289062 664.0809326171875 198.4647674560547 4.064052104949951 1.5452274084091187 1.668298363685608 3.3246946334838867 1.9709594249725342 57.57865905761719 -4.700368404388428 0.1004
Pedestrian 1 1 1 1072.908203125 159.27603149414062 1095.919677734375 203.88995361328125 0.5014397501945496 1.7918630838394165 0.5969058275222778 19.190587997436523 1.2462208271026611 29.259706497192383 -7.9568305015563965 0.1002
Pedestrian 1 1 1 1159.6019287109375 156.0590057373047 1190.8262939453125 205.7463836669922 0.6872197389602661 1.74445378780365 0.636102557182312 20.10223960876465 1.1545054912567139 25.73235321044922 -7.652993679046631 0.1001
Car 1 1 1 0.0 178.70579528808594 31.728498458862305 238.3350830078125 3.7287185192108154 1.558823823928833 1.6530770063400269 -19.195545196533203 1.7462235689163208 21.194353103637695 -7.973097324371338 0.1001
