Car 1 1 1 277.2118225097656 181.2318878173828 328.2923278808594 208.04452514648438 3.7801830768585205 1.526007890701294 1.6166467666625977 -18.778457641601562 2.0608606338500977 44.17559814453125 -4.743155479431152 0.7413
Car 1 1 1 317.8643493652344 181.09063720703125 360.6131286621094 204.6685028076172 3.9124677181243896 1.5036803483963013 1.5895519256591797 -18.506473541259766 2.089829206466675 49.38837814331055 -4.75068473815918 0.5226
Car 1 1 1 362.385986328125 179.2825469970703 398.24639892578125 199.68980407714844 3.8961524963378906 1.5300312042236328 1.5650023221969604 -18.215585708618164 2.0575928688049316 57.28902816772461 -4.699254989624023 0.3938
Pedestrian 1 1 1 1181.962158203125 150.79556274414062 1241.0 259.4833679199219 0.7882956862449646 1.7238086462020874 0.5903357267379761 9.881284713745117 1.3736579418182373 11.917319297790527 -3.7922420501708984 0.3481
Car 1 1 1 414.6646423339844 179.99435424804688 440.905517578125 196.87451171875 3.8511300086975098 1.510602593421936 1.6199911832809448 -17.200695037841797 2.2042222023010254 68.17073059082031 -4.744240760803223 0.3355
Car 1 1 1 381.94024658203125 180.4265899658203 411.1990661621094 198.6383056640625 3.9337520599365234 1.484897255897522 1.511465072631836 -18.466522216796875 2.161316394805908 62.48481750488281 -4.751626014709473 0.3201
Cyclist 1 1 1 670.5608520507812 178.9239044189453 691.7374267578125 217.75753784179688 1.7710434198379517 1.8038206100463867 0.6585274934768677 3.3969857692718506 2.103827714920044 34.75418472290039 -7.543973445892334 0.2873
Car 1 1 1 710.4593505859375 174.5873565673828 734.9508666992188 192.54226684570312 3.7659566402435303 1.5674535036087036 1.6831966638565063 10.138062477111816 1.7284657955169678 65.25279998779297 -4.695677757263184 0.2378
Cyclist 1 1 1 969.0811157226562 156.46566772460938 1039.011962890625 237.9653778076172 1.7602702379226685 1.6849594116210938 0.515540361404419 8.537581443786621 1.3458400964736938 15.806497573852539 -7.891220569610596 0.2205
Pedestrian 1 1 1 1047.7547607421875 157.13809204101562 1079.2393798828125 233.0821075439453 0.7177900075912476 1.7189745903015137 0.5526904463768005 10.500070571899414 1.3629491329193115 16.784793853759766 -4.05333948135376 0.2086
Pedestrian 1 1 1 662.3970336914062 165.62989807128906 675.0399780273438 201.46572875976562 0.7680598497390747 1.8637592792510986 0.5875822901725769 3.0527968406677246 1.4877465963363647 37.95723342895508 -7.669975757598877 0.2080
Pedestrian 1 1 1 930.224365234375 156.54397583007812 956.726806640625 220.6307373046875 0.6775792837142944 1.7344094514846802 0.6136269569396973 9.163301467895508 1.2927038669586182 19.95155143737793 -7.499355792999268 0.2072
Cyclist 1 1 1 1115.046630859375 147.5121307373047 1230.822021484375 258.4578552246094 1.788963794708252 1.6931288242340088 0.5193955898284912 9.162813186645508 1.3060897588729858 11.906834602355957 -7.84988260269165 0.2067
Cyclist 1 1 1 130.52328491210938 179.86904907226562 157.83750915527344 212.3689727783203 1.7086036205291748 1.7215992212295532 0.5646097660064697 -25.512039184570312 2.1137516498565674 39.484134674072266 -4.831742286682129 0.1999
Pedestrian 1 1 1 886.6201782226562 158.69923400878906 908.7398681640625 214.14039611816406 0.6408140659332275 1.748643398284912 0.6448816657066345 9.183817863464355 1.3018945455551147 23.17047691345215 -7.497427463531494 0.1986
Car 1 1 1 665.2632446289062 176.23635864257812 697.5929565429688 199.5260772705078 3.91027569770813 1.5571486949920654 1.5957720279693604 4.959414958953857 1.804600715637207 50.83899688720703 -7.933767795562744 0.1867
Cyclist 1 1 1 802.9251708984375 172.69387817382812 819.828369140625 205.14886474609375 1.623719573020935 1.6559572219848633 0.4926529824733734 10.455421447753906 1.647486686706543 37.636898040771484 -4.669153690338135 0.1858
Pedestrian 1 1 1 739.8051147460938 171.94961547851562 750.2416381835938 190.85528564453125 0.7421563267707825 1.7234376668930054 0.6545097827911377 12.380054473876953 1.6406936645507812 66.27005004882812 -3.9896492958068848 0.1833
Car 1 1 1 745.4970703125 171.28831481933594 786.8400268554688 193.70433044433594 3.6892471313476562 1.5854136943817139 1.704262137413025 11.392566680908203 1.4743773937225342 52.99543762207031 -8.026119232177734 0.1831
Car 1 1 1 388.4140625 179.37901306152344 416.9989318847656 206.70840454101562 3.9339635372161865 1.549520492553711 1.6055748462677002 -12.71666431427002 1.9665741920471191 44.03559494018555 -5.008624076843262 0.1816
Pedestrian 1 1 1 248.64634704589844 172.85556030273438 265.81964111328125 200.35418701171875 0.8957023024559021 1.8452571630477905 0.5498098134994507 -23.95721435546875 1.8450630903244019 48.94187927246094 -4.236290454864502 0.1754
Car 1 1 1 96.59162139892578 177.96156311035156 151.69847106933594 206.72979736328125 3.863361120223999 1.613126516342163 1.6283210515975952 -29.09850311279297 1.9339158535003662 43.27880096435547 -4.990416049957275 0.1725
Car 1 1 1 0.0 0.0 1241.0 374.0 3.8510239124298096 1.5323148965835571 1.639748454093933 -3.41568660736084 1.6139192581176758 0.9234563708305359 -7.887730121612549 0.1692
Pedestrian 1 1 1 1204.9443359375 156.68411254882812 1241.0 227.85684204101562 0.7131391763687134 1.770819067955017 0.5727118253707886 15.626094818115234 1.368202805519104 18.356496810913086 -3.5490899085998535 0.1692
Car 1 1 1 406.5065612792969 179.5718536376953 438.8896484375 198.96310424804688 4.010866165161133 1.522317886352539 1.5118231773376465 -15.579590797424316 2.1004209518432617 60.0892333984375 -4.671363353729248 0.1671
Pedestrian 1 1 1 728.4933471679688 161.30299377441406 752.251953125 203.66595458984375 0.9196328520774841 1.8167833089828491 0.5724077224731445 5.641443729400635 1.321105718612671 31.48442840576172 -8.34555721282959 0.1661
Cyclist 1 1 1 0.0 181.12310791015625 25.580078125 222.37371826171875 1.6817994117736816 1.6943551301956177 0.4894968569278717 -25.816904067993164 2.057723045349121 30.859710693359375 -8.055049896240234 0.1654
Pedestrian 1 1 1 855.1627197265625 159.61639404296875 877.2952880859375 210.76429748535156 0.6616621613502502 1.7483054399490356 0.6445531845092773 8.870400428771973 1.295526146888733 25.104454040527344 -7.381106853485107 0.1653
Car 1 1 1 518.7437744140625 178.697509765625 545.9983520507812 197.51319885253906 3.8682432174682617 1.4574044942855835 1.5845545530319214 -6.3490166664123535 1.9517788887023926 59.09972381591797 -7.789551258087158 0.1650
Cyclist 1 1 1 102.62847900390625 179.477294921875 134.259033203125 213.68475341796875 1.770506739616394 1.7136133909225464 0.5068222880363464 -25.491533279418945 2.064755439758301 37.38922119140625 -4.762042045593262 0.1650
Pedestrian 1 1 1 894.0278930664062 160.9324493408203 920.8687744140625 218.4872283935547 0.6334794163703918 1.6852422952651978 0.6216446757316589 8.842304229736328 1.3358713388442993 21.56436538696289 -7.249507427215576 0.1627
Cyclist 1 1 1 773.9095458984375 167.8967742919922 790.9188842773438 197.69154357910156 1.756878137588501 1.7207636833190918 0.5281648635864258 10.12308120727539 1.4341648817062378 42.55842971801758 -7.88756799697876 0.1620
Pedestrian 1 1 1 163.291748046875 173.21478271484375 182.56629943847656 204.9070587158203 0.7514577507972717 1.762054681777954 0.6423757672309875 -24.573223114013672 1.7822058200836182 40.513423919677734 -7.89271879196167 0.1613
Pedestrian 1 1 1 725.2861938476562 162.96937561035156 745.8046875 200.5503692626953 0.9442780613899231 1.8497976064682007 0.5755627751350403 6.235008239746094 1.3629599809646606 36.053707122802734 -3.9356069564819336 0.1601
Car 1 1 1 358.7555847167969 179.924072265625 393.01202392578125 202.7221221923828 3.852719783782959 1.4835773706436157 1.466253399848938 -16.264060974121094 1.9943785667419434 50.17346954345703 -4.807181358337402 0.1584
Pedestrian 1 1 1 1025.5560302734375 128.34596252441406 1103.291748046875 297.5564880371094 0.7540381550788879 1.7798951864242554 0.5974768400192261 4.987033367156982 1.3114233016967773 8.048605918884277 -4.34694766998291 0.1575
Cyclist 1 1 1 942.9913330078125 155.06651306152344 1009.89306640625 237.465087890625 1.7407548427581787 1.699811339378357 0.5066425204277039 7.914845943450928 1.332571029663086 15.766307830810547 -7.90236234664917 0.1571
Pedestrian 1 1 1 190.18641662597656 168.107666015625 218.0201416015625 229.15524291992188 0.8350383043289185 1.8092265129089355 0.604979395866394 -12.370296478271484 1.6682628393173218 21.898574829101562 -8.534427642822266 0.1567
Pedestrian 1 1 1 1063.7279052734375 151.8021697998047 1107.999755859375 239.52076721191406 0.763702392578125 1.7056424617767334 0.556196928024292 9.504316329956055 1.296000599861145 14.490104675292969 -3.8551058769226074 0.1565
Car 1 1 1 299.3485107421875 180.29502868652344 346.71917724609375 203.39248657226562 4.039931297302246 1.536583423614502 1.6359184980392456 -20.397611618041992 2.087235689163208 51.37351608276367 -4.6725053787231445 0.1559
Car 1 1 1 1033.49169921875 166.35194396972656 1170.33935546875 215.81716918945312 3.76104474067688 1.5127400159835815 1.6142324209213257 16.188228607177734 1.3135946989059448 24.053874969482422 -8.01969051361084 0.1552
Car 1 1 1 287.229736328125 181.5807342529297 328.93365478515625 203.93690490722656 4.121704578399658 1.5391651391983032 1.6785274744033813 -22.33855438232422 2.211181879043579 53.46195983886719 -4.799549579620361 0.1546
Cyclist 1 1 1 675.81689453125 172.72283935546875 686.30322265625 198.2620849609375 1.6787562370300293 1.6684788465499878 0.4382766783237457 4.687264919281006 1.6596101522445679 47.988643646240234 -7.911365032196045 0.1535
Car 1 1 1 1127.9844970703125 154.3799285888672 1224.893310546875 193.9776153564453 3.8980190753936768 1.5937718152999878 1.6398954391479492 24.23566246032715 0.8499070405960083 31.103090286254883 -7.679337978363037 0.1512
Pedestrian 1 1 1 826.0723876953125 162.21839904785156 843.8416137695312 205.4198455810547 0.663335382938385 1.8036714792251587 0.6111101508140564 9.48609447479248 1.3593324422836304 30.559640884399414 -4.232617378234863 0.1496
Pedestrian 1 1 1 1104.760498046875 162.2117156982422 1124.0201416015625 205.5616455078125 0.5344920754432678 1.7373415231704712 0.6026994585990906 20.43332862854004 1.3105289936065674 29.30083465576172 -7.318028926849365 0.1485
Car 1 1 1 0.0 0.0 1241.0 374.0 3.8374640941619873 1.5280011892318726 1.6254690885543823 3.023135185241699 1.5533350706100464 0.9564151167869568 -7.887768268585205 0.1470
Pedestrian 1 1 1 1015.8141479492188 158.34344482421875 1052.75732421875 231.86598205566406 0.7833132147789001 1.7241705656051636 0.5726145505905151 10.15185260772705 1.383584976196289 17.37148666381836 -4.459869384765625 0.1458
Pedestrian 1 1 1 1109.1341552734375 153.97796630859375 1141.6121826171875 232.6320343017578 0.7459959387779236 1.703550100326538 0.5564805269241333 11.445028305053711 1.2944185733795166 16.092824935913086 -4.04701566696167 0.1454
Pedestrian 1 1 1 925.1427612304688 159.7200469970703 956.7395629882812 227.6732940673828 0.7425186038017273 1.720497727394104 0.5885889530181885 8.512579917907715 1.3876614570617676 18.690433502197266 -4.514254570007324 0.1443
Pedestrian 1 1 1 51.58163833618164 176.3817596435547 72.1500473022461 214.86074829101562 0.651610791683197 1.740780234336853 0.6033518314361572 -25.206859588623047 1.904509425163269 33.133705139160156 -8.239570617675781 0.1439
Cyclist 1 1 1 1031.8133544921875 152.0261993408203 1121.770751953125 245.7077178955078 1.7533044815063477 1.6851615905761719 0.524867832660675 8.864224433898926 1.3102068901062012 13.867862701416016 -7.904117107391357 0.1436
Car 1 1 1 591.0648193359375 177.17913818359375 615.8038330078125 195.79092407226562 3.8966987133026123 1.4834786653518677 1.6015682220458984 -0.5440024733543396 1.8578814268112183 60.481746673583984 -7.737814426422119 0.1435
Pedestrian 1 1 1 775.0670776367188 156.99725341796875 806.2864379882812 222.9857940673828 0.768306314945221 1.809098720550537 0.5846614837646484 5.026928424835205 1.3740806579589844 20.26382064819336 -7.18096399307251 0.1425
Car 1 1 1 655.8633422851562 176.56039428710938 685.0891723632812 203.1551055908203 3.7470297813415527 1.5195571184158325 1.5932055711746216 3.665733814239502 1.7539894580841064 43.73489761352539 -4.581787109375 0.1423
Pedestrian 1 1 1 185.44444274902344 172.0442657470703 207.5456085205078 217.8951873779297 0.5848909616470337 1.833482265472412 0.5935319066047668 -16.813934326171875 1.8008025884628296 29.26356315612793 -4.087619304656982 0.1423
Pedestrian 1 1 1 0.0 164.61456298828125 19.75531768798828 210.650634765625 0.7364147305488586 1.863272786140442 0.6477785110473633 -24.873125076293945 1.529488444328308 29.63150978088379 -8.064857482910156 0.1422
Pedestrian 1 1 1 72.94640350341797 172.42861938476562 96.2011947631836 209.9712371826172 0.759474515914917 1.800568699836731 0.6483394503593445 -25.54819107055664 1.7798672914505005 35.03744125366211 -8.035529136657715 0.1420
Pedestrian 1 1 1 931.0429077148438 157.53207397460938 957.0729370117188 219.07418823242188 0.6690167188644409 1.718093991279602 0.624394953250885 9.484701156616211 1.2900460958480835 20.58787727355957 -7.343163013458252 0.1417
Pedestrian 1 1 1 623.2161865234375 169.66595458984375 640.6737060546875 203.80136108398438 0.8422889113426208 1.801055669784546 0.5623858571052551 1.136857271194458 1.6325480937957764 38.57609558105469 -7.24072790145874 0.1415
Pedestrian 1 1 1 898.1627807617188 160.161865234375 920.8988037109375 216.76629638671875 0.6615807414054871 1.710168719291687 0.6345747709274292 9.170402526855469 1.3264063596725464 22.22368049621582 -7.478357791900635 0.1413
Pedestrian 1 1 1 983.3734130859375 158.09996032714844 1017.2672729492188 233.097900390625 0.8112642168998718 1.7239371538162231 0.5800573229789734 9.167708396911621 1.3844943046569824 17.063640594482422 -4.380193710327148 0.1402
Pedestrian 1 1 1 498.8804931640625 177.8084259033203 526.5889892578125 224.01344299316406 0.837332546710968 1.673177719116211 0.581225574016571 -3.6473124027252197 1.859713077545166 26.721399307250977 -3.815321445465088 0.1401
Car 1 1 1 422.70831298828125 180.36056518554688 451.4999084472656 197.9349365234375 3.999269962310791 1.498646855354309 1.5850800275802612 -15.620851516723633 2.1982481479644775 65.26190948486328 -4.694821834564209 0.1397
Car 1 1 1 58.86429977416992 179.97975158691406 140.66017150878906 212.12562561035156 3.8690075874328613 1.5498806238174438 1.6331762075424194 -26.53205680847168 1.9405076503753662 37.6214485168457 -4.748860836029053 0.1391
Car 1 1 1 134.42306518554688 183.76104736328125 198.48533630371094 212.11672973632812 3.7619173526763916 1.5231316089630127 1.6471538543701172 -25.88153839111328 2.18976092338562 42.183372497558594 -4.785709857940674 0.1381
Cyclist 1 1 1 137.9272003173828 180.3319091796875 167.597900390625 213.54640197753906 1.774493932723999 1.748037338256836 0.5674343109130859 -24.91135025024414 2.1641650199890137 39.28001403808594 -4.764219760894775 0.1380
Pedestrian 1 1 1 940.516845703125 157.32606506347656 963.1641845703125 214.37176513671875 0.6341755390167236 1.7729378938674927 0.6398062705993652 10.773384094238281 1.2900415658950806 22.848058700561523 -7.41363525390625 0.1364
Pedestrian 1 1 1 1112.5228271484375 149.75770568847656 1159.8602294921875 245.23570251464844 0.7195464372634888 1.7298381328582764 0.5696510672569275 9.808902740478516 1.3110873699188232 13.523423194885254 -3.8554792404174805 0.1350
Pedestrian 1 1 1 1201.448486328125 147.4898681640625 1236.04248046875 233.974365234375 0.7447619438171387 1.7567095756530762 0.540919303894043 12.701316833496094 1.241202712059021 15.114537239074707 -3.9939393997192383 0.1348
Car 1 1 1 346.273193359375 178.97027587890625 389.08740234375 201.58360290527344 3.773505926132202 1.5776959657669067 1.6742092370986938 -17.88712501525879 2.045959234237671 53.33393096923828 -4.639707565307617 0.1333
Pedestrian 1 1 1 744.2089233398438 171.20870971679688 754.6614379882812 191.26568603515625 0.7012633681297302 1.7756507396697998 0.6228394508361816 12.411746978759766 1.629691481590271 64.34510040283203 -7.0390191078186035 0.1321
Car 1 1 1 307.4319152832031 173.06118774414062 341.97943115234375 193.73123168945312 4.075115203857422 1.8192658424377441 1.6963337659835815 -25.919418334960938 1.838404655456543 65.62255096435547 -4.7592363357543945 0.1321
Car 1 1 1 644.7650146484375 176.7191925048828 669.7645874023438 195.0697479248047 4.083004951477051 1.4933114051818848 1.5032542943954468 3.9835634231567383 1.8348220586776733 61.70518493652344 -4.806033134460449 0.1319
Car 1 1 1 0.0 0.0 1241.0 374.0 3.8069982528686523 1.5405912399291992 1.6079057455062866 1.403862476348877 1.5657168626785278 0.6491267681121826 -7.862279415130615 0.1307
Pedestrian 1 1 1 122.69657135009766 163.7691650390625 157.42868041992188 239.4293212890625 0.7592259049415588 1.773869276046753 0.5855365991592407 -11.382440567016602 1.5605734586715698 17.394311904907227 -5.453506946563721 0.1296
Pedestrian 1 1 1 205.75018310546875 169.911376953125 228.45115661621094 219.3179931640625 0.7747558951377869 1.7947473526000977 0.6117947101593018 -14.588871002197266 1.6875536441802979 26.704204559326172 -8.528229713439941 0.1293
Car 1 1 1 212.7901611328125 180.8836669921875 276.801025390625 211.63673400878906 3.905855655670166 1.5455585718154907 1.6194835901260376 -19.82991600036621 2.0043797492980957 39.27622985839844 -4.747213840484619 0.1268
Pedestrian 1 1 1 957.0438842773438 158.51605224609375 984.6804809570312 223.07875061035156 0.6765308380126953 1.7221148014068604 0.5935890674591064 9.776217460632324 1.3393710851669312 19.663665771484375 -7.514989376068115 0.1265
Pedestrian 1 1 1 124.27143859863281 175.26548767089844 138.0454559326172 199.5955047607422 0.7657589316368103 1.7834160327911377 0.6068841218948364 -35.47150421142578 1.9630815982818604 53.4116325378418 -8.054971694946289 0.1261
Car 1 1 1 696.0047607421875 177.2984619140625 726.3519897460938 200.84996032714844 3.978529453277588 1.5299354791641235 1.6032568216323853 6.885928153991699 1.8477145433425903 49.633766174316406 -7.833837985992432 0.1260
Car 1 1 1 0.0 185.3377685546875 16.104284286499023 226.16888427734375 3.814161539077759 1.5083792209625244 1.611983299255371 -26.864892959594727 2.0576703548431396 29.808443069458008 -4.779555797576904 0.1255
Cyclist 1 1 1 766.8994140625 170.31886291503906 778.3818359375 196.71702575683594 1.7173089981079102 1.7218014001846313 0.45744845271110535 10.764225006103516 1.556148886680603 47.930938720703125 -7.803308010101318 0.1237
Car 1 1 1 691.2264404296875 175.83123779296875 727.5752563476562 197.6245880126953 3.8782715797424316 1.595345139503479 1.6546863317489624 7.563864707946777 1.8322491645812988 55.43344497680664 -4.887177467346191 0.1235
Car 1 1 1 0.0 0.0 1241.0 374.0 3.850562334060669 1.5555847883224487 1.6221294403076172 -1.7983286380767822 1.594332218170166 0.7339170575141907 -7.92205286026001 0.1231
Pedestrian 1 1 1 992.728759765625 157.7750701904297 1018.9698486328125 220.25637817382812 0.6904343366622925 1.71807062625885 0.5800893306732178 11.083447456359863 1.3031402826309204 20.289213180541992 -7.250715732574463 0.1230
Pedestrian 1 1 1 1219.045166015625 150.3329315185547 1241.0 256.7784423828125 0.7819888591766357 1.736698031425476 0.5830940008163452 10.7909517288208 1.3689583539962769 12.248624801635742 -4.286942005157471 0.1230
Pedestrian 1 1 1 1007.7277221679688 156.52548217773438 1037.4803466796875 211.9070281982422 0.7044110894203186 1.771764874458313 0.6147046089172363 13.365399360656738 1.2490832805633545 23.470226287841797 -7.732655048370361 0.1228
Car 1 1 1 591.59228515625 178.14584350585938 625.974853515625 207.70094299316406 3.885836124420166 1.5371928215026855 1.6481822729110718 -0.150204136967659 1.8466613292694092 40.239830017089844 -4.783881187438965 0.1228
Car 1 1 1 332.90948486328125 181.9265594482422 384.0315856933594 208.52781677246094 4.0290679931640625 1.4947457313537598 1.5925363302230835 -15.295727729797363 2.073087692260742 43.97777557373047 -4.676938056945801 0.1211
Car 1 1 1 241.14593505859375 180.83041381835938 277.8339538574219 204.20843505859375 3.793743371963501 1.5971513986587524 1.6415541172027588 -25.58896827697754 2.202178955078125 52.7207145690918 -4.949499130249023 0.1209
Car 1 1 1 752.5760498046875 172.10287475585938 771.8911743164062 190.55348205566406 4.075671672821045 1.638785719871521 1.6830631494522095 13.962517738342285 1.5717700719833374 66.25646209716797 -7.641872882843018 0.1205
Car 1 1 1 521.1309814453125 177.73745727539062 547.8876342773438 203.14389038085938 3.9319310188293457 1.561875581741333 1.631487250328064 -5.006135940551758 1.89496910572052 47.20341873168945 -7.985652446746826 0.1194
Cyclist 1 1 1 1056.1744384765625 152.9559783935547 1137.200439453125 238.75192260742188 1.7432258129119873 1.699204921722412 0.5166427493095398 10.126252174377441 1.3048210144042969 15.163508415222168 -7.860654354095459 0.1189
Car 1 1 1 1176.6195068359375 155.0491180419922 1241.0 197.54150390625 4.046264171600342 1.6630043983459473 1.6939665079116821 26.140058517456055 0.9658830165863037 30.281085968017578 -7.830312252044678 0.1188
Pedestrian 1 1 1 959.4803466796875 156.82281494140625 984.174560546875 217.95843505859375 0.6429477334022522 1.6819725036621094 0.5852474570274353 10.120003700256348 1.2406202554702759 20.275527954101562 -7.332960605621338 0.1186
Car 1 1 1 338.7585144042969 181.74673461914062 388.7244873046875 213.11322021484375 3.985597610473633 1.5217000246047974 1.6023577451705933 -13.01379108428955 2.017845392227173 38.22519302368164 -4.800218105316162 0.1185
Car 1 1 1 1217.1309814453125 160.94688415527344 1241.0 337.7820739746094 3.976170063018799 1.4941790103912354 1.5841060876846313 8.435690879821777 1.3932691812515259 7.008647441864014 -6.344286918640137 0.1183
Pedestrian 1 1 1 0.0 164.16653442382812 42.68812561035156 235.9066925048828 0.7731426954269409 1.8421554565429688 0.5660172700881958 -15.55998706817627 1.6187771558761597 19.006731033325195 -4.057272911071777 0.1182
Pedestrian 1 1 1 847.01806640625 163.62586975097656 865.688232421875 210.38792419433594 0.7031161189079285 1.725405216217041 0.6183828115463257 9.182263374328613 1.3846099376678467 27.043344497680664 -7.588441371917725 0.1180
Car 1 1 1 236.76446533203125 181.27301025390625 296.54400634765625 212.4525146484375 3.8671610355377197 1.524006724357605 1.6073178052902222 -18.199283599853516 1.9942970275878906 38.33771514892578 -4.795309066772461 0.1178
Pedestrian 1 1 1 942.7727661132812 158.28929138183594 976.197998046875 230.26058959960938 0.7206985354423523 1.7264189720153809 0.5843674540519714 8.522801399230957 1.3767467737197876 17.721729278564453 -7.641969203948975 0.1174
Cyclist 1 1 1 737.3919067382812 175.840087890625 757.1133422851562 214.8177490234375 1.7677406072616577 1.7545517683029175 0.6213642954826355 6.3200249671936035 1.896613597869873 33.50770568847656 -7.828183650970459 0.1171
Car 1 1 1 1072.658203125 162.35671997070312 1233.8551025390625 224.80209350585938 3.5335612297058105 1.5137426853179932 1.5620161294937134 14.275677680969238 1.2589774131774902 19.285154342651367 -7.890763759613037 0.1169
Car 1 1 1 676.89697265625 177.10475158691406 724.6253051757812 213.54591369628906 3.808152914047241 1.504991888999939 1.6053926944732666 3.939936637878418 1.7054142951965332 32.15825653076172 -7.8652424812316895 0.1166
Car 1 1 1 644.4879150390625 175.3382568359375 675.1907958984375 199.70437622070312 4.053179740905762 1.5973938703536987 1.637032389640808 3.365234613418579 1.7756325006484985 49.7896728515625 -4.763613224029541 0.1159
Pedestrian 1 1 1 671.3085327148438 172.32846069335938 691.3598022460938 227.8352813720703 0.8087444305419922 1.6505076885223389 0.5824978351593018 2.108358860015869 1.6345808506011963 21.879100799560547 -4.641385555267334 0.1153
Car 1 1 1 732.381591796875 177.75340270996094 775.9990234375 207.52566528320312 3.778744697570801 1.5282658338546753 1.6021549701690674 7.810443878173828 1.8094578981399536 39.55881118774414 -4.721602439880371 0.1149
Car 1 1 1 613.282470703125 178.3641815185547 655.9224243164062 211.43603515625 3.8156180381774902 1.5049469470977783 1.6400970220565796 1.114673137664795 1.7905354499816895 35.463565826416016 -7.941910266876221 0.1142
Car 1 1 1 1193.468994140625 154.6394500732422 1241.0 249.94366455078125 3.825068712234497 1.6064499616622925 1.7199503183364868 13.929402351379395 1.299125075340271 14.161014556884766 -7.969263553619385 0.1140
Pedestrian 1 1 1 278.0235290527344 176.62615966796875 292.4171447753906 214.79029846191406 0.5239893794059753 1.763136386871338 0.6101503372192383 -15.243657112121582 1.9413025379180908 33.77162551879883 -8.283550262451172 0.1138
Pedestrian 1 1 1 662.3434448242188 174.73348999023438 685.88037109375 218.8394012451172 0.8117947578430176 1.6779711246490479 0.5983403921127319 2.4370689392089844 1.7518374919891357 27.982288360595703 -8.2528715133667 0.1137
Pedestrian 1 1 1 876.9779052734375 159.9419403076172 898.8638305664062 211.8935089111328 0.6549835205078125 1.753272294998169 0.6462676525115967 9.502684593200684 1.317213535308838 24.786985397338867 -7.397573947906494 0.1127
Pedestrian 1 1 1 87.92080688476562 161.78172302246094 129.29920959472656 241.77980041503906 0.7550455331802368 1.8076430559158325 0.5829559564590454 -11.700894355773926 1.5571532249450684 16.763954162597656 -2.495479106903076 0.1125
Car 1 1 1 195.8692169189453 183.81356811523438 293.53643798828125 228.9005889892578 3.796891212463379 1.4859051704406738 1.5960686206817627 -13.403997421264648 1.9193670749664307 26.635435104370117 -4.681957244873047 0.1122
Car 1 1 1 540.9855346679688 177.8760223388672 571.822021484375 205.77020263671875 3.589427947998047 1.5357654094696045 1.5835403203964233 -3.1310200691223145 1.8416095972061157 42.18034744262695 -4.72538948059082 0.1122
Car 1 1 1 552.5651245117188 177.2712860107422 575.7412109375 195.2365264892578 4.006096363067627 1.476065754890442 1.6505464315414429 -4.020237445831299 1.8708094358444214 62.423316955566406 -8.006092071533203 0.1121
Car 1 1 1 626.4389038085938 176.15220642089844 651.60107421875 195.22328186035156 4.036513805389404 1.529853105545044 1.5671552419662476 2.3820838928222656 1.8164976835250854 60.68804168701172 -4.811455249786377 0.1120
Car 1 1 1 0.0 187.19639587402344 0.0 374.0 4.126773357391357 1.5285192728042603 1.6421257257461548 -6.22672700881958 1.6082816123962402 3.1421427726745605 -3.1730871200561523 0.1116
Pedestrian 1 1 1 1199.4173583984375 147.0500030517578 1237.9322509765625 224.24378967285156 0.7377023100852966 1.776961326599121 0.5809657573699951 14.33970832824707 1.1826667785644531 17.074689865112305 -7.3213582038879395 0.1115
Pedestrian 1 1 1 943.9356079101562 158.5259246826172 976.1610107421875 224.7437744140625 0.6964346766471863 1.7097116708755493 0.5972774624824524 9.170446395874023 1.339468002319336 19.024988174438477 -7.6774773597717285 0.1110
Pedestrian 1 1 1 1015.6639404296875 156.46469116210938 1048.9056396484375 217.3726043701172 0.7060062289237976 1.7624866962432861 0.6213607788085938 12.390484809875488 1.287930965423584 21.270458221435547 -7.719813823699951 0.1108
Pedestrian 1 1 1 51.308109283447266 163.8518829345703 94.11398315429688 246.01112365722656 0.7553732991218567 1.7808387279510498 0.5775752663612366 -12.039345741271973 1.5854138135910034 16.097740173339844 -2.4946541786193848 0.1102
Pedestrian 1 1 1 230.72315979003906 175.08509826660156 244.39833068847656 202.521240234375 0.7328261733055115 1.7663370370864868 0.5941246151924133 -24.25323486328125 1.9124146699905396 46.92913055419922 -4.876092433929443 0.1093
Pedestrian 1 1 1 1031.52880859375 154.7804718017578 1068.5372314453125 238.3074188232422 0.7370226979255676 1.69765043258667 0.572874903678894 9.17794132232666 1.330013394355774 15.131636619567871 -4.036057949066162 0.1087
Car 1 1 1 446.72320556640625 178.4611053466797 477.10589599609375 195.83152770996094 4.023191452026367 1.5258896350860596 1.605915904045105 -13.694196701049805 2.0610365867614746 66.81636047363281 -4.604309558868408 0.1087
Car 1 1 1 395.0568542480469 178.26446533203125 431.6346740722656 199.61585998535156 4.050832271575928 1.5354961156845093 1.573046088218689 -14.961913108825684 1.9628093242645264 54.97734069824219 -4.6809916496276855 0.1086
Pedestrian 1 1 1 983.0645751953125 157.48748779296875 1011.488037109375 228.62893676757812 0.6951946020126343 1.7684160470962524 0.5678067207336426 9.797797203063965 1.3861392736434937 18.365039825439453 -7.465477466583252 0.1082
Car 1 1 1 397.0777587890625 180.06597900390625 417.269775390625 197.5678253173828 3.9747884273529053 1.5529922246932983 1.6413666009902954 -19.07581901550293 2.2524945735931396 67.89257049560547 -4.938069820404053 0.1079
Pedestrian 1 1 1 644.291015625 167.3566131591797 657.8623046875 202.13706970214844 0.7522783279418945 1.8098641633987427 0.5781678557395935 2.1261212825775146 1.523497223854065 37.9830322265625 -7.601093769073486 0.1078
Car 1 1 1 1241.0 164.78775024414062 1241.0 374.0 4.0567450523376465 1.4886858463287354 1.5890322923660278 6.2666015625 1.4560643434524536 3.825179100036621 -6.352941989898682 0.1077
Pedestrian 1 1 1 114.74061584472656 166.9353790283203 147.0469207763672 247.6091766357422 0.7815911173820496 1.7460784912109375 0.5743603110313416 -10.74733829498291 1.617677927017212 16.101659774780273 -5.33234167098999 0.1073
Car 1 1 1 612.9320678710938 176.77757263183594 631.505615234375 193.78936767578125 4.118511199951172 1.4899832010269165 1.6363416910171509 1.1262340545654297 1.861249327659607 66.24441528320312 -7.819715976715088 0.1072
Cyclist 1 1 1 54.22178268432617 179.6725616455078 84.54083251953125 216.11656188964844 1.6814037561416626 1.6978464126586914 0.509254515171051 -26.10977554321289 2.034842014312744 34.817405700683594 -4.919417381286621 0.1070
Pedestrian 1 1 1 5.684931755065918 162.09246826171875 47.66834259033203 252.0808868408203 0.7615407705307007 1.7894914150238037 0.5837221145629883 -12.038334846496582 1.5751897096633911 14.823017120361328 -2.3706345558166504 0.1065
Pedestrian 1 1 1 81.25305938720703 160.8468780517578 119.89041900634766 237.65911865234375 0.7414775490760803 1.8035099506378174 0.5830860733985901 -12.337746620178223 1.5212892293930054 17.401479721069336 -2.458199977874756 0.1064
Car 1 1 1 995.6484375 163.32693481445312 1118.6478271484375 213.18814086914062 3.6287078857421875 1.5166068077087402 1.5763357877731323 14.571239471435547 1.226526141166687 23.827733993530273 -4.807549953460693 0.1061
Car 1 1 1 298.0863037109375 180.0913543701172 350.2198181152344 207.98770141601562 4.021129608154297 1.5334277153015137 1.5932505130767822 -16.897924423217773 1.9822914600372314 42.7481689453125 -4.740083694458008 0.1060
Pedestrian 1 1 1 76.53453826904297 161.46673583984375 118.08710479736328 247.4665069580078 0.7693659067153931 1.787857174873352 0.5786253809928894 -11.04871940612793 1.5508263111114502 15.473409652709961 -2.398651123046875 0.1058
Pedestrian 1 1 1 1187.6610107421875 153.26065063476562 1223.6884765625 222.8663787841797 0.6310334205627441 1.7943769693374634 0.5296690464019775 15.618512153625488 1.288977026939392 18.982484817504883 -3.629530429840088 0.1056
Cyclist 1 1 1 1082.1046142578125 145.50027465820312 1193.2447509765625 256.26068115234375 1.7842833995819092 1.690108299255371 0.5241603255271912 8.58118724822998 1.272413969039917 11.902796745300293 -7.85632848739624 0.1052
Pedestrian 1 1 1 971.20556640625 157.4666748046875 993.93701171875 216.63754272460938 0.6591765284538269 1.733339548110962 0.5953636169433594 11.085524559020996 1.282286524772644 21.566307067871094 -7.3747878074646 0.1051
Pedestrian 1 1 1 888.728515625 158.70509338378906 910.8309936523438 212.8911590576172 0.6458609104156494 1.7528525590896606 0.6548366546630859 9.486945152282715 1.29485285282135 23.75656509399414 -7.503539562225342 0.1051
Pedestrian 1 1 1 162.78286743164062 162.8694610595703 197.51539611816406 238.81549072265625 0.7779647707939148 1.7809144258499146 0.5752764940261841 -10.420388221740723 1.5464798212051392 17.401119232177734 -5.451446056365967 0.1047
Pedestrian 1 1 1 535.2603149414062 179.1011199951172 554.3558959960938 213.23193359375 0.8204154968261719 1.706299901008606 0.5535734295845032 -3.3530008792877197 2.0271496772766113 36.661170959472656 -3.6070194244384766 0.1047
Car 1 1 1 0.0 0.0 1241.0 374.0 3.9195780754089355 1.5503755807876587 1.634865164756775 -5.019081115722656 1.6593995094299316 0.4424513578414917 -7.876723766326904 0.1045
Pedestrian 1 1 1 203.70188903808594 165.4563751220703 229.91607666015625 231.78147888183594 0.7699618339538574 1.7590821981430054 0.5801725387573242 -10.743278503417969 1.5625815391540527 19.61695098876953 -5.271787166595459 0.1043
Pedestrian 1 1 1 932.2496337890625 158.36843872070312 956.0836791992188 217.81178283691406 0.6645268201828003 1.7149354219436646 0.605587899684906 9.795398712158203 1.296728253364563 21.251096725463867 -7.371678829193115 0.1040
Car 1 1 1 1075.841796875 167.55210876464844 1208.3043212890625 215.6931610107422 3.6861469745635986 1.5028352737426758 1.5955084562301636 17.79650115966797 1.337024450302124 24.41950035095215 -4.783368110656738 0.1037
Car 1 1 1 192.61366271972656 182.77969360351562 225.6481475830078 202.1705780029297 3.9261879920959473 1.510909914970398 1.5932291746139526 -33.58182907104492 2.371673107147217 60.48649215698242 -4.9962334632873535 0.1036
Pedestrian 1 1 1 109.61627960205078 179.6763916015625 126.47323608398438 210.7083282470703 0.7850735187530518 1.7412852048873901 0.6669486165046692 -28.12144660949707 2.1352121829986572 41.19917297363281 -8.273869514465332 0.1019
Car 1 1 1 86.45219421386719 179.95375061035156 136.02415466308594 206.33912658691406 3.8961708545684814 1.55793035030365 1.606387734413147 -31.648120880126953 2.0293750762939453 45.839107513427734 -5.0456223487854 0.1019
Car 1 1 1 1169.717529296875 160.79603576660156 1241.0 192.8682098388672 4.101884365081787 1.6346070766448975 1.6569492816925049 31.902612686157227 1.0197546482086182 37.856380462646484 -6.410464763641357 0.1018
Car 1 1 1 0.0 187.558349609375 15.597097396850586 312.9936218261719 3.8688199520111084 1.5124683380126953 1.5989359617233276 -11.45637035369873 1.7821472883224487 11.212531089782715 -4.868602752685547 0.1016
Pedestrian 1 1 1 45.029258728027344 161.88229370117188 87.49908447265625 241.80674743652344 0.738702654838562 1.8048350811004639 0.5843732357025146 -12.668968200683594 1.5567747354507446 16.743982315063477 -2.5366597175598145 0.1013
Pedestrian 1 1 1 915.8733520507812 158.2994842529297 939.7433471679688 213.7526092529297 0.6182689070701599 1.7499412298202515 0.6443779468536377 10.148329734802246 1.2903425693511963 23.16415023803711 -7.535433292388916 0.1013
Pedestrian 1 1 1 760.2088012695312 169.89608764648438 777.5657958984375 213.46923828125 0.7051903009414673 1.6271743774414062 0.5794427990913391 5.968278884887695 1.5164153575897217 27.330703735351562 -7.72897481918335 0.1013
Pedestrian 1 1 1 273.5987243652344 175.39146423339844 283.51934814453125 199.82254028320312 0.797556459903717 1.7873481512069702 0.6593791246414185 -24.550573348999023 1.9765567779541016 53.38901901245117 -5.132635116577148 0.1012
Pedestrian 1 1 1 0.0 161.53111267089844 43.97053146362305 247.51698303222656 0.7389265894889832 1.7885433435440063 0.5768149495124817 -12.667893409729004 1.5527225732803345 15.454767227172852 -2.5428433418273926 0.1009
Pedestrian 1 1 1 499.98114013671875 166.22984313964844 522.6666870117188 209.34658813476562 0.749202311038971 1.7037978172302246 0.5773370862007141 -4.004214763641357 1.4417377710342407 28.97745132446289 -7.378114223480225 0.1009
Car 1 1 1 474.01873779296875 178.1135711669922 495.13323974609375 195.9324951171875 3.8009986877441406 1.5039600133895874 1.6062405109405518 -11.126395225524902 1.9848833084106445 64.04145050048828 -7.96135950088501 0.1005
Pedestrian 1 1 1 54.17729187011719 177.44485473632812 76.21141815185547 215.59759521484375 0.6568371653556824 1.7575017213821411 0.6216511130332947 -25.504623413085938 1.9743506908416748 33.73118209838867 -8.116732597351074 0.1005
