Pedestrian 1 1 1 669.515625 165.8922882080078 702.5857543945312 233.83799743652344 0.6976536512374878 1.6541513204574585 0.5651777386665344 1.850522518157959 1.4843672513961792 18.012561798095703 -4.1337175369262695 0.3845
Cyclist 1 1 1 666.8228149414062 160.8899383544922 709.6044311523438 226.1321258544922 1.7418231964111328 1.7227545976638794 0.5146110653877258 2.091430187225342 1.4065372943878174 19.96049690246582 -8.162797927856445 0.3797
Pedestrian 1 1 1 580.8789672851562 172.70619201660156 594.835205078125 210.52581787109375 0.4114265441894531 1.769347906112671 0.5225597620010376 -1.0877381563186646 1.762133002281189 34.08597946166992 -3.940166473388672 0.3508
Pedestrian 1 1 1 490.962646484375 164.50619506835938 505.1452331542969 198.95449829101562 0.6256979703903198 1.798181176185608 0.6686537861824036 -5.9296135902404785 1.362130880355835 37.98814392089844 -4.747215270996094 0.3254
Pedestrian 1 1 1 553.6677856445312 160.8536834716797 570.7344970703125 205.37078857421875 0.7366200685501099 1.8211687803268433 0.6525535583496094 -2.019603729248047 1.329943060874939 29.888837814331055 -7.8452019691467285 0.3220
Pedestrian 1 1 1 371.6165466308594 170.98321533203125 384.9084167480469 207.9451446533203 0.4594050347805023 1.7445752620697021 0.5284882187843323 -11.09177303314209 1.6559754610061646 34.40498352050781 -3.7752203941345215 0.3058
Pedestrian 1 1 1 308.1618347167969 169.4523468017578 326.0810852050781 207.67208862304688 0.6077324151992798 1.8066149950027466 0.624040961265564 -14.009819984436035 1.6455212831497192 34.423011779785156 -7.895463466644287 0.2857
Pedestrian 1 1 1 342.5173645019531 170.3156280517578 380.7708435058594 248.95028686523438 0.5649948120117188 1.7140339612960815 0.5791884660720825 -5.5883708000183105 1.6584041118621826 16.095808029174805 -4.3421711921691895 0.2566
Pedestrian 1 1 1 301.6783752441406 171.90309143066406 338.6626892089844 250.5035400390625 0.5668261647224426 1.652803897857666 0.5240514874458313 -6.268442630767822 1.6325081586837769 15.489786148071289 -4.571727275848389 0.2438
Pedestrian 1 1 1 596.1607055664062 179.9028778076172 607.2407836914062 201.07460021972656 0.7567722201347351 1.7609604597091675 0.6477994322776794 -0.725970983505249 2.3596904277801514 60.82889175415039 -8.372671127319336 0.2430
Pedestrian 1 1 1 425.87860107421875 168.52584838867188 449.4677734375 213.17327880859375 0.7391588687896729 1.743661642074585 0.6038657426834106 -6.878277778625488 1.5743300914764404 28.629222869873047 -7.506773471832275 0.2393
Car 1 1 1 980.697265625 130.8814239501953 1241.0 374.0 3.6154956817626953 1.6136555671691895 1.5849053859710693 3.309614658355713 1.5338867902755737 3.1812663078308105 -4.721819877624512 0.2213
Pedestrian 1 1 1 678.5717163085938 161.93968200683594 718.4933471679688 235.5003204345703 0.8209048509597778 1.7251017093658447 0.5867961049079895 2.088866710662842 1.4688453674316406 17.42145347595215 -7.104795932769775 0.2138
Car 1 1 1 474.9422302246094 174.1547393798828 530.4652099609375 221.0819549560547 3.721419334411621 1.5062185525894165 1.5883396863937378 -3.7161405086517334 1.5547205209732056 25.167701721191406 -4.7695841789245605 0.2051
Pedestrian 1 1 1 576.2489013671875 162.8365478515625 592.2444458007812 206.78343200683594 0.7478569746017456 1.800087809562683 0.6445558667182922 -1.1080373525619507 1.3894678354263306 29.93168067932129 -7.863924503326416 0.1992
Pedestrian 1 1 1 586.077880859375 177.8335418701172 600.8074340820312 207.0824432373047 0.7017082571983337 1.7897887229919434 0.5979859828948975 -1.0622001886367798 2.1013622283935547 44.746910095214844 -3.732163906097412 0.1953
Pedestrian 1 1 1 589.1820068359375 173.5379180908203 602.6952514648438 197.3845977783203 0.902290940284729 1.8003443479537964 0.5243708491325378 -1.0994338989257812 1.8526382446289062 54.994529724121094 -3.8498263359069824 0.1951
Car 1 1 1 516.015380859375 172.40882873535156 563.495849609375 207.88534545898438 3.8183529376983643 1.4881097078323364 1.6878643035888672 -3.1138761043548584 1.469136357307434 32.18889236450195 -4.695643424987793 0.1945
Pedestrian 1 1 1 302.87078857421875 161.8502960205078 332.69598388671875 220.42642211914062 0.7450284361839294 1.792323112487793 0.5662238001823425 -9.147911071777344 1.4553298950195312 22.48518943786621 -4.576436519622803 0.1939
Car 1 1 1 447.0597229003906 171.53945922851562 481.2674865722656 202.32041931152344 3.804252862930298 1.5889445543289185 1.6185544729232788 -7.9230170249938965 1.5207865238189697 39.24519348144531 -7.998178005218506 0.1931
Pedestrian 1 1 1 768.1519165039062 149.67372131347656 847.9541625976562 296.6344909667969 0.9089130759239197 1.7281768321990967 0.5598074197769165 2.4184927940368652 1.455289602279663 8.997611045837402 -3.8788466453552246 0.1912
Pedestrian 1 1 1 392.3139343261719 167.43243408203125 408.33001708984375 203.98902893066406 0.6435320973396301 1.844677448272705 0.6669754385948181 -10.717181205749512 1.5708006620407104 36.756202697753906 -4.790462493896484 0.1844
Pedestrian 1 1 1 432.75146484375 163.2222900390625 461.43414306640625 218.90927124023438 0.7804049253463745 1.7519348859786987 0.6110729575157166 -5.269448280334473 1.4486178159713745 23.153072357177734 -7.606276988983154 0.1836
Pedestrian 1 1 1 580.6614990234375 174.6294403076172 595.1785278320312 212.70216369628906 0.4206661880016327 1.7490463256835938 0.5264149904251099 -1.0669366121292114 1.831994652748108 33.504905700683594 -4.056494235992432 0.1822
Pedestrian 1 1 1 313.9024353027344 164.7991180419922 330.9658508300781 203.091552734375 0.6482679843902588 1.877144694328308 0.6750814914703369 -14.28475284576416 1.4819835424423218 35.75230026245117 -8.042283058166504 0.1768
Pedestrian 1 1 1 908.091552734375 38.768741607666016 1180.5250244140625 374.0 0.706030011177063 1.7651211023330688 0.5978674292564392 1.4887663125991821 1.366601824760437 2.588913917541504 -3.7413759231567383 0.1728
Pedestrian 1 1 1 674.3359375 160.84718322753906 709.1383666992188 238.54348754882812 0.8054904341697693 1.7209820747375488 0.59614098072052 1.8000839948654175 1.4547297954559326 16.425615310668945 -8.006998062133789 0.1719
Pedestrian 1 1 1 595.3526611328125 166.17735290527344 608.3042602539062 200.4966278076172 0.6896628141403198 1.8016396760940552 0.6413568258285522 -0.46896931529045105 1.4508395195007324 38.24062728881836 -7.797248363494873 0.1698
Car 1 1 1 131.2892303466797 179.28648376464844 337.49554443359375 284.062744140625 3.969120979309082 1.5859791040420532 1.6395014524459839 -6.627408981323242 1.720897912979126 13.167478561401367 -7.834558010101318 0.1681
Pedestrian 1 1 1 301.8208312988281 172.6461639404297 332.2331237792969 243.8964385986328 0.6104239821434021 1.5506017208099365 0.5186854600906372 -6.562536716461182 1.5457788705825806 16.051435470581055 -4.9028639793396 0.1678
Pedestrian 1 1 1 329.5264892578125 161.41908264160156 354.318115234375 221.72470092773438 0.7544331550598145 1.7954660654067993 0.5756095051765442 -8.179100036621094 1.4547168016433716 21.90235137939453 -4.880984306335449 0.1645
Cyclist 1 1 1 421.0962829589844 177.742919921875 459.6527099609375 214.6824493408203 1.7519160509109497 1.805038571357727 0.6275832056999207 -8.431577682495117 2.0492823123931885 35.723201751708984 -3.0788989067077637 0.1641
Pedestrian 1 1 1 507.32855224609375 168.02308654785156 520.4486083984375 198.87939453125 0.6190375685691833 1.7706444263458252 0.5834352970123291 -5.607446193695068 1.4931296110153198 41.81182861328125 -8.318680763244629 0.1624
Pedestrian 1 1 1 559.7520751953125 160.9975128173828 580.8170776367188 214.06448364257812 0.7089590430259705 1.8180320262908936 0.6219515800476074 -1.4241589307785034 1.4115381240844727 25.10682487487793 -7.740091800689697 0.1597
Pedestrian 1 1 1 587.53857421875 173.1773681640625 599.4149780273438 201.74429321289062 0.5501512885093689 1.80776047706604 0.6008024215698242 -1.0868006944656372 1.8282499313354492 46.02815628051758 -4.370228290557861 0.1595
Car 1 1 1 352.9534606933594 179.67674255371094 436.84808349609375 222.5619659423828 3.829310417175293 1.4903124570846558 1.6023868322372437 -8.209199905395508 1.7712810039520264 27.730484008789062 -4.5580949783325195 0.1576
Car 1 1 1 683.8628540039062 169.0908203125 702.9025268554688 189.65333557128906 4.186931610107422 1.887656331062317 1.6908788681030273 7.85550594329834 1.5418925285339355 68.39952087402344 -7.762801647186279 0.1531
Pedestrian 1 1 1 687.8939819335938 159.62124633789062 719.732421875 249.9828338623047 0.799178957939148 1.7195894718170166 0.5678001046180725 1.7973634004592896 1.4674692153930664 14.178424835205078 -7.656650066375732 0.1520
Car 1 1 1 630.7268676757812 182.14907836914062 674.1580810546875 214.9771270751953 3.8995413780212402 1.496093988418579 1.67654550075531 2.0218844413757324 1.9856362342834473 36.02099609375 -4.782057285308838 0.1500
Pedestrian 1 1 1 615.3009643554688 164.08816528320312 630.8483276367188 206.70455932617188 0.6703819632530212 1.78389573097229 0.6358431577682495 0.5063804984092712 1.416663646697998 30.543018341064453 -7.868862628936768 0.1499
Pedestrian 1 1 1 303.4517517089844 165.55245971679688 330.79827880859375 225.6609649658203 0.7517776489257812 1.765829086303711 0.5771035552024841 -8.809830665588379 1.551029086112976 21.602506637573242 -4.8238091468811035 0.1481
Cyclist 1 1 1 582.3035278320312 182.2049102783203 598.5928955078125 217.20852661132812 1.735369324684143 1.747641921043396 0.6092426776885986 -1.0622529983520508 2.2439677715301514 37.41471862792969 -8.01980972290039 0.1481
Pedestrian 1 1 1 413.95257568359375 164.60675048828125 440.52630615234375 222.81036376953125 0.7735737562179565 1.7337146997451782 0.6070749759674072 -5.583992958068848 1.4877535104751587 21.880891799926758 -7.848620891571045 0.1470
Pedestrian 1 1 1 662.6701049804688 169.27679443359375 688.5230102539062 217.4682159423828 0.7897995114326477 1.8172446489334106 0.5922658443450928 2.4689955711364746 1.682052493095398 27.66582679748535 -6.8254008293151855 0.1460
Cyclist 1 1 1 708.9384155273438 160.942626953125 751.308837890625 229.8621368408203 1.7571784257888794 1.7030366659164429 0.4946589767932892 3.045210838317871 1.4084007740020752 18.739559173583984 -8.050748825073242 0.1455
Pedestrian 1 1 1 327.53631591796875 175.35244750976562 363.2771911621094 248.9701690673828 0.5574730634689331 1.5125178098678589 0.4881056845188141 -5.6087117195129395 1.5658397674560547 15.165888786315918 -4.522566795349121 0.1446
Pedestrian 1 1 1 304.2855529785156 161.74598693847656 341.7828674316406 258.4842224121094 0.6611019968986511 1.7163231372833252 0.5962231755256653 -5.296456336975098 1.5189458131790161 13.207752227783203 -8.166948318481445 0.1439
Pedestrian 1 1 1 699.0968017578125 155.9889373779297 741.770263671875 259.1114196777344 0.7577110528945923 1.6914403438568115 0.5720623731613159 1.8061573505401611 1.4145153760910034 12.228402137756348 -4.765714168548584 0.1405
Car 1 1 1 432.3166809082031 179.68038940429688 488.9317321777344 222.36859130859375 3.743411064147949 1.4905738830566406 1.5866862535476685 -5.708319187164307 1.7705811262130737 27.716835021972656 -4.765479564666748 0.1398
Pedestrian 1 1 1 599.5911254882812 178.56996154785156 610.1056518554688 199.1172637939453 0.7088625431060791 1.8122403621673584 0.6483660936355591 -0.4832419157028198 2.3257358074188232 64.3806381225586 -5.332035541534424 0.1380
Pedestrian 1 1 1 563.8446655273438 162.26951599121094 584.2009887695312 210.6824951171875 0.8000883460044861 1.8037421703338623 0.6068239212036133 -1.4033738374710083 1.409091591835022 27.329580307006836 -7.678088665008545 0.1351
Pedestrian 1 1 1 951.0891723632812 100.28716278076172 1108.1448974609375 374.0 0.7153419852256775 1.7030404806137085 0.5900827646255493 2.146303653717041 1.3564692735671997 3.874110698699951 -4.399580001831055 0.1343
Pedestrian 1 1 1 912.4136962890625 136.30233764648438 1014.8175659179688 341.94769287109375 0.6976868510246277 1.7367268800735474 0.5940670967102051 3.080052614212036 1.427738904953003 6.4560041427612305 -7.806900501251221 0.1341
Car 1 1 1 663.0676879882812 171.83547973632812 686.1212158203125 191.7884063720703 4.274338722229004 1.7726945877075195 1.6976431608200073 5.875026702880859 1.681904673576355 66.24824523925781 -7.8621907234191895 0.1341
Pedestrian 1 1 1 654.8773193359375 162.46026611328125 681.0791015625 227.68148803710938 0.6668501496315002 1.6801646947860718 0.5701647400856018 1.4794156551361084 1.4121118783950806 18.98552894592285 -4.439140319824219 0.1339
Pedestrian 1 1 1 364.0647277832031 169.4224853515625 380.4927673339844 205.0369110107422 0.6954880356788635 1.7768328189849854 0.6650905013084412 -12.022833824157715 1.605331540107727 36.38410186767578 -7.977259159088135 0.1338
Car 1 1 1 0.0 0.0 1241.0 374.0 3.872335433959961 1.5542751550674438 1.6586191654205322 -5.0289812088012695 1.642317533493042 0.667789876461029 -7.87563943862915 0.1331
Pedestrian 1 1 1 371.230224609375 162.739013671875 395.71026611328125 220.691650390625 0.729055643081665 1.8029202222824097 0.6048694252967834 -7.212348937988281 1.4879409074783325 22.840269088745117 -4.812994003295898 0.1328
Car 1 1 1 644.9642944335938 182.27279663085938 718.9923095703125 208.572021484375 4.090792655944824 1.4900628328323364 1.6923754215240479 4.280531406402588 2.0744988918304443 43.35364532470703 -6.599666118621826 0.1317
Pedestrian 1 1 1 335.9008483886719 166.0761260986328 353.1510009765625 203.76039123535156 0.6418702602386475 1.863659381866455 0.6904033422470093 -13.299551963806152 1.5281624794006348 36.04991912841797 -4.854467868804932 0.1311
Car 1 1 1 660.9144287109375 180.21469116210938 719.6459350585938 212.7207794189453 3.906378746032715 1.514296293258667 1.5693625211715698 3.971696615219116 1.9093334674835205 36.65757369995117 -5.000525951385498 0.1295
Pedestrian 1 1 1 317.9587097167969 161.27052307128906 342.2033386230469 224.27301025390625 0.7578255534172058 1.7903136014938354 0.5731238722801208 -8.166604995727539 1.4608514308929443 20.942506790161133 -8.108675956726074 0.1287
Pedestrian 1 1 1 743.8701782226562 152.5794219970703 785.7246704101562 244.27769470214844 0.718662440776825 1.782880187034607 0.5743599534034729 3.058384895324707 1.3883837461471558 14.488533020019531 -7.212118625640869 0.1282
Pedestrian 1 1 1 392.66229248046875 162.8487548828125 420.4696960449219 221.9690704345703 0.7492884397506714 1.7632807493209839 0.6128631830215454 -6.217990875244141 1.464571475982666 21.905683517456055 -7.8173747062683105 0.1276
Pedestrian 1 1 1 756.0238647460938 144.62860107421875 826.9315185546875 322.118896484375 0.8932409286499023 1.7097152471542358 0.5495945811271667 1.7840222120285034 1.4375277757644653 7.412575721740723 -4.6527628898620605 0.1259
Pedestrian 1 1 1 393.7946472167969 165.5095977783203 421.8688049316406 233.30369567871094 0.7094902992248535 1.7188776731491089 0.5791649222373962 -5.2753729820251465 1.5323647260665894 18.672903060913086 -4.800148010253906 0.1253
Car 1 1 1 78.29983520507812 180.86221313476562 287.0372314453125 275.77032470703125 3.910351514816284 1.5617682933807373 1.625674843788147 -8.195480346679688 1.741415023803711 14.21207332611084 -4.6514387130737305 0.1247
Car 1 1 1 943.1862182617188 175.41683959960938 1241.0 315.51739501953125 4.022790431976318 1.521883487701416 1.6070969104766846 6.2336931228637695 1.5640877485275269 9.93930435180664 -4.692181587219238 0.1237
Pedestrian 1 1 1 591.8151245117188 163.17796325683594 607.1824951171875 206.52847290039062 0.7377409934997559 1.7953622341156006 0.6364367008209229 -0.4806363880634308 1.3943290710449219 30.252927780151367 -7.858877658843994 0.1225
Pedestrian 1 1 1 510.9398498535156 169.78964233398438 523.2067260742188 196.47840881347656 0.6964315176010132 1.7685468196868896 0.5948687195777893 -6.24149227142334 1.5651854276657104 48.22581100463867 -7.595614910125732 0.1222
Car 1 1 1 630.3287963867188 185.2619171142578 653.3906860351562 204.680419921875 3.8036553859710693 1.5225452184677124 1.6512253284454346 2.701846122741699 2.6072838306427 61.10660171508789 -4.587316513061523 0.1197
Pedestrian 1 1 1 411.0964050292969 168.44166564941406 429.6000061035156 204.3580322265625 0.6818923354148865 1.8210265636444092 0.6651894450187683 -9.76190185546875 1.597012996673584 37.00068283081055 -4.442051410675049 0.1197
Car 1 1 1 683.2280883789062 172.3373260498047 833.5407104492188 229.24778747558594 3.938600778579712 1.5649118423461914 1.6767265796661377 4.166022777557373 1.5504045486450195 20.838958740234375 -6.365935802459717 0.1185
Pedestrian 1 1 1 593.084228515625 174.55142211914062 607.20751953125 212.67672729492188 0.42327627539634705 1.7672353982925415 0.528337836265564 -0.5020888447761536 1.8471148014068604 33.777626037597656 -4.266995906829834 0.1185
Car 1 1 1 756.3465576171875 175.76849365234375 873.5640869140625 244.29052734375 4.025245666503906 1.5064640045166016 1.6229530572891235 4.926473617553711 1.5875017642974854 18.087039947509766 -7.902493953704834 0.1185
Car 1 1 1 535.7398071289062 169.48092651367188 565.3428344726562 192.45126342773438 3.902776002883911 1.6414320468902588 1.6813799142837524 -4.403495788574219 1.4000959396362305 53.55339813232422 -4.659412860870361 0.1167
Car 1 1 1 0.0 184.48712158203125 89.9937973022461 374.0 4.01207971572876 1.5275527238845825 1.6099789142608643 -7.298517227172852 1.679819107055664 7.3429741859436035 -4.897347450256348 0.1147
Pedestrian 1 1 1 567.8614501953125 165.4103240966797 584.172607421875 210.25729370117188 0.8160179257392883 1.7719804048538208 0.6277366876602173 -1.4118555784225464 1.4775677919387817 28.94053077697754 -7.932441234588623 0.1143
Car 1 1 1 205.41085815429688 177.5673065185547 320.50799560546875 242.27276611328125 3.7774572372436523 1.5342602729797363 1.6658228635787964 -9.210616111755371 1.6734215021133423 19.373022079467773 -7.97653341293335 0.1136
Pedestrian 1 1 1 833.7499389648438 127.33128356933594 945.1221313476562 374.0 0.6897469162940979 1.6598551273345947 0.5476235747337341 1.7807207107543945 1.3789089918136597 4.826286792755127 -4.579878807067871 0.1127
Pedestrian 1 1 1 391.44085693359375 163.92457580566406 415.98309326171875 221.2515869140625 0.7123565673828125 1.7849538326263428 0.6124618053436279 -6.57246208190918 1.5066242218017578 22.842363357543945 -4.780928611755371 0.1122
Car 1 1 1 803.8510131835938 176.28604125976562 1029.6820068359375 293.8035888671875 4.162783622741699 1.5326292514801025 1.6216391324996948 4.592954635620117 1.5980230569839478 11.673054695129395 -4.790149211883545 0.1119
Pedestrian 1 1 1 963.2588500976562 121.66417694091797 1092.721435546875 373.24658203125 0.7016169428825378 1.7816351652145386 0.6133941411972046 3.085988759994507 1.418823480606079 5.487017631530762 -7.762746334075928 0.1117
Cyclist 1 1 1 473.9208984375 173.87306213378906 492.3673095703125 211.67149353027344 1.696994662284851 1.7050226926803589 0.6021279096603394 -5.911746025085449 1.7531753778457642 33.450008392333984 -4.740001201629639 0.1113
Pedestrian 1 1 1 602.43310546875 177.29244995117188 613.5984497070312 198.80540466308594 0.7762850522994995 1.8123148679733276 0.627376914024353 -0.19468460977077484 2.192347526550293 61.396026611328125 -6.653505802154541 0.1103
Cyclist 1 1 1 699.4701538085938 160.21434020996094 745.8802490234375 233.55560302734375 1.7770341634750366 1.7143203020095825 0.4975152909755707 2.7003982067108154 1.4185738563537598 17.787494659423828 -8.084729194641113 0.1103
Pedestrian 1 1 1 496.1548156738281 166.63609313964844 513.2373046875 210.89456176757812 0.6944107413291931 1.7719838619232178 0.6331511735916138 -4.309642314910889 1.522736668586731 29.255712509155273 -7.9201531410217285 0.1097
Pedestrian 1 1 1 823.4193115234375 147.3782501220703 878.5389404296875 302.0201721191406 0.8048999905586243 1.7000494003295898 0.580984890460968 2.733659267425537 1.4196828603744507 8.401631355285645 -4.41792631149292 0.1085
Car 1 1 1 651.0455932617188 184.77102661132812 672.9286499023438 204.27377319335938 3.8085453510284424 1.5041013956069946 1.6572717428207397 4.329209804534912 2.528594732284546 60.06135177612305 -7.739166736602783 0.1080
Pedestrian 1 1 1 332.39117431640625 176.8775634765625 367.4376525878906 252.4126739501953 0.647083044052124 1.4778354167938232 0.5164920687675476 -5.271348476409912 1.5603169202804565 14.49932861328125 -4.803520202636719 0.1080
Pedestrian 1 1 1 290.6288757324219 171.0693359375 308.16827392578125 209.161865234375 0.6585947275161743 1.7641427516937256 0.6012495160102844 -14.579800605773926 1.681191325187683 33.78325653076172 -7.991373538970947 0.1072
Pedestrian 1 1 1 350.9091796875 163.4816436767578 375.40570068359375 224.33517456054688 0.7329725623130798 1.8074138164520264 0.5962486267089844 -7.541914463043213 1.5287449359893799 21.893722534179688 -5.198302745819092 0.1070
Car 1 1 1 0.0 0.0 1241.0 374.0 3.81795597076416 1.5422682762145996 1.6255966424942017 -2.4652459621429443 1.5954440832138062 0.028985917568206787 -7.876661777496338 0.1065
Pedestrian 1 1 1 574.9586791992188 169.67031860351562 589.3856201171875 207.43795776367188 0.43189993500709534 1.7985328435897827 0.5518589615821838 -1.3799232244491577 1.646622657775879 34.707496643066406 -3.9417290687561035 0.1064
Pedestrian 1 1 1 482.0682067871094 166.5828094482422 495.0590515136719 200.73031616210938 0.6559786200523376 1.8089600801467896 0.6489911675453186 -6.529262542724609 1.4764440059661865 38.584842681884766 -7.963411808013916 0.1064
Car 1 1 1 578.463134765625 173.75575256347656 615.0909423828125 202.54296875 3.915472984313965 1.5276191234588623 1.6295839548110962 -0.8256141543388367 1.5804460048675537 40.46342849731445 -4.8412275314331055 0.1037
Pedestrian 1 1 1 423.03857421875 167.9857177734375 439.6873474121094 214.57977294921875 0.7556016445159912 1.7602661848068237 0.60740727186203 -6.896854400634766 1.5760486125946045 27.69479751586914 -8.078803062438965 0.1037
Pedestrian 1 1 1 705.1961669921875 151.8419952392578 753.9434204101562 265.4627380371094 0.7536159157752991 1.7144124507904053 0.5813904404640198 1.8036041259765625 1.3970643281936646 11.288509368896484 -4.801942348480225 0.1032
Pedestrian 1 1 1 629.9249267578125 163.6120147705078 646.1445922851562 207.44334411621094 0.6686241626739502 1.8171839714050293 0.6522611379623413 1.1360290050506592 1.4337245225906372 30.273771286010742 -7.772153377532959 0.1032
Car 1 1 1 684.3224487304688 172.09616088867188 705.9149169921875 193.13551330566406 4.154933929443359 1.8077278137207031 1.6388218402862549 7.508654594421387 1.7423120737075806 64.11337280273438 -7.800962924957275 0.1029
Pedestrian 1 1 1 582.8414306640625 164.11480712890625 599.0573120117188 210.7165985107422 0.782908022403717 1.7792508602142334 0.6083178520202637 -0.7873977422714233 1.445289969444275 27.954750061035156 -7.905224323272705 0.1027
Pedestrian 1 1 1 594.812744140625 175.28561401367188 606.9501953125 214.3851318359375 0.42363032698631287 1.7825498580932617 0.5378291606903076 -0.4590868353843689 1.8946914672851562 33.143798828125 -4.6765313148498535 0.1025
Car 1 1 1 588.558349609375 176.72409057617188 609.8901977539062 197.03384399414062 3.8534083366394043 1.560622215270996 1.584670066833496 -0.866516649723053 1.8825126886367798 58.126625061035156 -4.691773414611816 0.1024
Pedestrian 1 1 1 277.1288757324219 164.06919860839844 316.9166564941406 241.1536865234375 0.62308269739151 1.7142597436904907 0.5829010605812073 -7.160521984100342 1.5185970067977905 16.403886795043945 -4.536142826080322 0.1020
Pedestrian 1 1 1 693.1140747070312 161.83482360839844 733.0884399414062 244.6277313232422 0.7358848452568054 1.6828603744506836 0.5643200874328613 2.11291241645813 1.4585832357406616 15.128971099853516 -7.257979869842529 0.1012
Car 1 1 1 0.0 183.95217895507812 331.6001892089844 309.480224609375 4.130285739898682 1.5524623394012451 1.6401363611221313 -6.357577800750732 1.7260075807571411 10.209589958190918 -3.0054447650909424 0.1006
Pedestrian 1 1 1 360.72137451171875 164.02761840820312 386.5445251464844 226.59091186523438 0.7362302541732788 1.7740540504455566 0.5873953700065613 -6.9070539474487305 1.5234721899032593 20.923839569091797 -5.211724758148193 0.1005
Pedestrian 1 1 1 627.3504028320312 168.18405151367188 647.2901611328125 210.44834899902344 0.7082781195640564 1.8008065223693848 0.6115224957466125 1.1351532936096191 1.6015286445617676 31.191287994384766 -8.272618293762207 0.1005
Pedestrian 1 1 1 873.5797729492188 139.9825439453125 960.2325439453125 317.5578918457031 0.7151569724082947 1.7314386367797852 0.5872697830200195 3.0663018226623535 1.4106273651123047 7.395242214202881 -4.704342842102051 0.1002
