Car 1 1 1 537.3612670898438 185.32174682617188 590.3013305664062 228.39089965820312 3.905679941177368 1.5123695135116577 1.6141910552978516 -1.7981888055801392 2.0389320850372314 28.492263793945312 -4.651281833648682 0.8106
Car 1 1 1 354.84344482421875 177.81607055664062 496.07659912109375 290.8474426269531 4.110998153686523 1.60629141330719 1.6685837507247925 -3.057230234146118 1.7067784070968628 12.547199249267578 -4.781641006469727 0.7303
Car 1 1 1 28.77728843688965 174.51043701171875 412.5592346191406 374.0 3.9719393253326416 1.615805745124817 1.6549551486968994 -3.1590445041656494 1.6356734037399292 6.749977111816406 -4.7766008377075195 0.6572
Car 1 1 1 584.400146484375 183.64366149902344 626.4899291992188 218.6379852294922 3.7402966022491455 1.5387623310089111 1.595760703086853 -0.20953543484210968 2.0891778469085693 34.87870407104492 -4.597375869750977 0.6056
Car 1 1 1 629.5188598632812 183.00535583496094 663.41650390625 213.33067321777344 3.681163787841797 1.5432740449905396 1.5816738605499268 2.021237373352051 2.1320173740386963 39.93936538696289 -4.580407619476318 0.5290
Car 1 1 1 889.6755981445312 171.63665771484375 1117.790283203125 245.9761199951172 4.194299221038818 1.5625542402267456 1.6431407928466797 8.582014083862305 1.536666750907898 16.044389724731445 -3.1687726974487305 0.4898
Pedestrian 1 1 1 731.697509765625 159.969482421875 755.33203125 221.03567504882812 0.8915777206420898 1.8056058883666992 0.6714828014373779 3.998920202255249 1.4243364334106445 21.842735290527344 -4.492457389831543 0.3879
Car 1 1 1 0.0 0.0 1241.0 374.0 3.7697041034698486 1.5305304527282715 1.5993908643722534 -2.7994437217712402 1.6438826322555542 1.3714673519134521 -4.7949604988098145 0.3793
Pedestrian 1 1 1 852.87451171875 132.0205535888672 919.6798095703125 286.1237487792969 0.7798557877540588 1.8307150602340698 0.6245951652526855 3.370802640914917 1.3453220129013062 9.003549575805664 -4.563956260681152 0.3691
Cyclist 1 1 1 442.3373718261719 157.35177612304688 479.42974853515625 208.9019317626953 1.6263262033462524 1.7540678977966309 0.558525800704956 -5.280398368835449 1.2262824773788452 25.410850524902344 -4.4073052406311035 0.3672
Cyclist 1 1 1 784.2672119140625 155.191162109375 817.9755859375 200.55433654785156 1.6356474161148071 1.7506260871887207 0.5561798810958862 7.542518615722656 1.0686935186386108 28.707014083862305 -4.973608493804932 0.3330
Car 1 1 1 1129.5697021484375 174.3043975830078 1241.0 374.0 3.8809173107147217 1.4949651956558228 1.606622576713562 6.862762451171875 1.5115083456039429 6.36055326461792 -4.825046539306641 0.3274
Car 1 1 1 784.4771118164062 177.27052307128906 848.09814453125 215.19056701660156 3.9808461666107178 1.5165919065475464 1.6294001340866089 8.82181453704834 1.720160961151123 31.314104080200195 -4.709869861602783 0.3068
Car 1 1 1 413.9703369140625 185.2274932861328 518.951416015625 258.5498046875 3.843770742416382 1.5132861137390137 1.6455358266830444 -3.39638090133667 1.8466591835021973 17.504240036010742 -4.6723246574401855 0.3006
Car 1 1 1 785.6828002929688 182.0981903076172 845.8132934570312 202.62022399902344 4.10841178894043 1.4658105373382568 1.6914920806884766 15.44320297241211 2.179485559463501 54.28318786621094 -6.600729942321777 0.2507
Cyclist 1 1 1 769.1417846679688 152.3209686279297 819.3766479492188 205.02883911132812 1.6372966766357422 1.7796180248260498 0.5746068358421326 6.269473075866699 1.0860450267791748 24.79352378845215 -6.099938869476318 0.2345
Pedestrian 1 1 1 535.9437255859375 173.57833862304688 550.6981201171875 211.5657196044922 0.7746635675430298 1.6863232851028442 0.6058276891708374 -3.0471620559692383 1.7190613746643066 32.478660583496094 -8.019415855407715 0.2237
Cyclist 1 1 1 583.9380493164062 173.00271606445312 597.46923828125 204.54832458496094 1.696899652481079 1.6884775161743164 0.589766263961792 -1.0864900350570679 1.6964963674545288 39.49406814575195 -4.64821195602417 0.2136
Car 1 1 1 553.83251953125 170.78997802734375 621.0187377929688 195.71963500976562 4.090334415435791 1.5240646600723267 1.6702349185943604 -1.4074064493179321 1.3975809812545776 45.01494216918945 -3.1076674461364746 0.2133
Car 1 1 1 657.8131103515625 184.63336181640625 679.7070922851562 203.0099334716797 3.810678720474243 1.5479596853256226 1.6716846227645874 5.252789497375488 2.6420843601226807 65.13121795654297 -4.710204601287842 0.2107
Pedestrian 1 1 1 967.77392578125 153.90367126464844 999.4493408203125 212.5042266845703 0.7282692790031433 1.7696380615234375 0.6385480761528015 11.428587913513184 1.1970703601837158 22.18202018737793 -7.758899211883545 0.2050
Cyclist 1 1 1 715.2115478515625 156.04806518554688 742.9525146484375 200.7952423095703 1.6195939779281616 1.724988579750061 0.5484146475791931 4.671629905700684 1.0768253803253174 28.662982940673828 -4.91079568862915 0.2026
Pedestrian 1 1 1 759.8584594726562 163.44358825683594 772.6561889648438 200.28309631347656 0.831032931804657 1.8325691223144531 0.5963299870491028 7.839287757873535 1.3641514778137207 36.37002182006836 -7.598511219024658 0.1980
Cyclist 1 1 1 569.0202026367188 172.8970184326172 584.8719482421875 206.23818969726562 1.7401198148727417 1.6817997694015503 0.557621955871582 -1.7386564016342163 1.68377685546875 37.29347229003906 -4.60322904586792 0.1868
Pedestrian 1 1 1 0.0 155.45327758789062 37.97876739501953 229.9202423095703 0.748469889163971 1.819735050201416 0.5816549062728882 -14.916698455810547 1.3942170143127441 18.020130157470703 -4.7614593505859375 0.1852
Pedestrian 1 1 1 470.46588134765625 164.5279998779297 485.2674865722656 198.5184783935547 0.6777426600456238 1.833757996559143 0.6547284722328186 -7.228387355804443 1.3842772245407104 39.28145217895508 -7.80308198928833 0.1841
Pedestrian 1 1 1 512.0012817382812 168.22434997558594 526.98046875 200.8741912841797 0.6464291214942932 1.759403109550476 0.6673771142959595 -4.958217620849609 1.5096250772476196 39.245269775390625 -7.724031925201416 0.1783
Cyclist 1 1 1 771.912353515625 157.42457580566406 804.6577758789062 202.9136962890625 1.627424716949463 1.7369022369384766 0.5432929992675781 6.957715034484863 1.1474635601043701 28.406099319458008 -4.964724063873291 0.1622
Pedestrian 1 1 1 78.11206817626953 154.63565063476562 137.29464721679688 251.13059997558594 0.6979978084564209 1.7495611906051636 0.5845847129821777 -9.445277214050293 1.4189420938491821 13.504681587219238 -4.397304534912109 0.1611
Pedestrian 1 1 1 46.297325134277344 162.5699920654297 79.23749542236328 236.01498413085938 0.7391552925109863 1.8194468021392822 0.563532829284668 -13.957517623901367 1.5643821954727173 18.334375381469727 -2.368408679962158 0.1586
Pedestrian 1 1 1 763.659912109375 164.33120727539062 774.6708984375 195.49708557128906 0.6848542094230652 1.7900421619415283 0.6050667762756348 9.18901252746582 1.3002277612686157 41.83577346801758 -7.663322925567627 0.1581
Pedestrian 1 1 1 62.46753692626953 161.30540466308594 103.24212646484375 236.1691436767578 0.7255450487136841 1.7950654029846191 0.5789339542388916 -12.987703323364258 1.5178560018539429 17.723163604736328 -8.099747657775879 0.1571
Pedestrian 1 1 1 249.21144104003906 166.30213928222656 294.07330322265625 256.4732666015625 0.5561851263046265 1.6901887655258179 0.5490503311157227 -6.556028366088867 1.5670793056488037 13.877477645874023 -4.377890110015869 0.1565
Car 1 1 1 697.4891967773438 177.4358367919922 749.0030517578125 212.44552612304688 3.9251952171325684 1.5371540784835815 1.662967562675476 5.257871150970459 1.7667157649993896 34.20063018798828 -4.756779670715332 0.1558
Car 1 1 1 1092.203857421875 175.35829162597656 1241.0 322.39483642578125 3.8853697776794434 1.4893056154251099 1.5885213613510132 8.471277236938477 1.5286518335342407 9.400053024291992 -4.830652713775635 0.1555
Pedestrian 1 1 1 496.6920166015625 169.9431610107422 515.50341796875 210.4234161376953 0.7388162016868591 1.7622895240783691 0.6245542764663696 -4.62204647064209 1.6352674961090088 31.828723907470703 -7.6839680671691895 0.1528
Pedestrian 1 1 1 86.95590209960938 161.2994842529297 130.8009796142578 235.95375061035156 0.730402410030365 1.7927395105361938 0.5960023403167725 -12.341755867004395 1.5149706602096558 17.713184356689453 -4.78646183013916 0.1526
Pedestrian 1 1 1 282.8067626953125 162.11160278320312 324.5638732910156 232.22967529296875 0.918623149394989 1.7402782440185547 0.6623507142066956 -7.837879180908203 1.4733601808547974 18.37334632873535 -4.694023609161377 0.1522
Car 1 1 1 550.4956665039062 177.09170532226562 582.003662109375 202.44281005859375 3.988356590270996 1.6535388231277466 1.6847671270370483 -3.095895290374756 1.9586515426635742 49.88580322265625 -4.898842811584473 0.1510
Pedestrian 1 1 1 977.835205078125 155.88821411132812 1014.1753540039062 220.75360107421875 0.757539689540863 1.7323607206344604 0.6073081493377686 10.459421157836914 1.2789552211761475 19.66347885131836 -7.804356098175049 0.1483
Cyclist 1 1 1 812.6510620117188 158.31491088867188 847.9662475585938 205.1854248046875 1.614975929260254 1.7055586576461792 0.5395474433898926 8.211921691894531 1.1761996746063232 27.102848052978516 -4.933562278747559 0.1464
Cyclist 1 1 1 602.4306640625 173.4467315673828 615.2420654296875 202.69720458984375 1.6962385177612305 1.6977263689041138 0.5527313351631165 -0.09787659347057343 1.7332978248596191 42.790069580078125 -4.588472366333008 0.1462
Car 1 1 1 525.1438598632812 179.49334716796875 548.3757934570312 202.45899963378906 3.8184926509857178 1.5677813291549683 1.6172752380371094 -5.348168849945068 2.0677313804626465 52.38384246826172 -4.814014911651611 0.1453
Pedestrian 1 1 1 675.9990844726562 175.69119262695312 686.3023071289062 197.12347412109375 0.7327972054481506 1.8918520212173462 0.6079484224319458 6.317653656005859 2.146233081817627 64.29306030273438 -7.162405490875244 0.1431
Car 1 1 1 711.8541259765625 177.23377990722656 745.9984130859375 206.14923095703125 4.009689807891846 1.5020153522491455 1.645341157913208 6.5375590324401855 1.758304476737976 40.19093704223633 -4.606794834136963 0.1431
Pedestrian 1 1 1 950.9217529296875 160.66238403320312 984.921142578125 226.45599365234375 0.6895235776901245 1.66736900806427 0.569985568523407 9.19249439239502 1.3581043481826782 18.650970458984375 -7.777757167816162 0.1423
Car 1 1 1 190.01718139648438 181.60287475585938 332.35821533203125 230.87979125976562 3.944840908050537 1.522201657295227 1.655217170715332 -11.458203315734863 1.8223766088485718 23.72269630432129 -3.021409749984741 0.1405
Car 1 1 1 664.6432495117188 182.9653778076172 693.739013671875 205.90057373046875 3.801997661590576 1.5135444402694702 1.642324686050415 4.935757637023926 2.262516736984253 51.43680191040039 -4.502063274383545 0.1404
Pedestrian 1 1 1 1102.2117919921875 102.15023803710938 1226.566162109375 374.0 0.7231108546257019 1.7255010604858398 0.5801134705543518 3.4130072593688965 1.3270412683486938 4.5267791748046875 -4.035040378570557 0.1383
Pedestrian 1 1 1 1017.5617065429688 154.70254516601562 1051.9644775390625 213.65834045410156 0.7377018928527832 1.7841520309448242 0.6086924076080322 13.022282600402832 1.234542965888977 22.217655181884766 -7.898733615875244 0.1353
Pedestrian 1 1 1 0.0 153.22427368164062 100.01974487304688 326.9017639160156 0.7187486886978149 1.61765456199646 0.5534118413925171 -5.619165420532227 1.4345208406448364 7.1013288497924805 -4.630380153656006 0.1350
Car 1 1 1 696.166015625 185.8477020263672 735.7078247070312 207.70556640625 3.6195180416107178 1.505777359008789 1.659911036491394 7.855788707733154 2.513087272644043 53.993743896484375 -8.103499412536621 0.1346
Car 1 1 1 753.1674194335938 177.90530395507812 803.2573852539062 207.45013427734375 3.8306353092193604 1.5086244344711304 1.6348339319229126 9.100655555725098 1.79843270778656 39.477020263671875 -4.774850845336914 0.1335
Car 1 1 1 633.6810913085938 176.2353515625 661.9542236328125 199.56964111328125 3.9195024967193604 1.6105889081954956 1.6237595081329346 2.6781625747680664 1.865180492401123 52.38692092895508 -4.770936489105225 0.1330
Pedestrian 1 1 1 406.4452209472656 168.02601623535156 431.7535705566406 222.80844116210938 0.6548747420310974 1.66117525100708 0.6136223673820496 -5.91931676864624 1.5144755840301514 22.211254119873047 -4.727252960205078 0.1322
Car 1 1 1 749.9695434570312 183.13438415527344 797.1759643554688 204.40870666503906 4.026357650756836 1.4890382289886475 1.7145031690597534 12.335650444030762 2.300269842147827 54.781761169433594 -5.011314868927002 0.1310
Pedestrian 1 1 1 512.6318359375 172.04344177246094 535.8671264648438 235.58644104003906 0.7698913812637329 1.6917130947113037 0.5741761922836304 -2.3896985054016113 1.6698335409164429 19.641780853271484 -4.902165412902832 0.1307
Car 1 1 1 655.62548828125 181.19769287109375 684.4645385742188 207.56698608398438 4.05706262588501 1.5211514234542847 1.6710718870162964 3.6690454483032227 2.0652010440826416 45.003456115722656 -4.6588640213012695 0.1292
Car 1 1 1 704.0982055664062 181.09510803222656 775.1828002929688 229.89207458496094 4.015391826629639 1.4935890436172485 1.5762474536895752 4.3133544921875 1.7999238967895508 24.809993743896484 -4.7514848709106445 0.1292
Car 1 1 1 834.1297607421875 175.62655639648438 858.0451049804688 193.92465209960938 3.942868232727051 1.5140013694763184 1.4951128959655762 20.361862182617188 1.761500597000122 62.40933609008789 -4.518097400665283 0.1280
Pedestrian 1 1 1 634.672607421875 176.05337524414062 648.6239624023438 202.5353240966797 0.7621262073516846 1.7363548278808594 0.6505976915359497 2.066352128982544 1.9506142139434814 47.907169342041016 -8.280017852783203 0.1280
Pedestrian 1 1 1 60.406734466552734 154.11618041992188 130.89492797851562 306.8822021484375 0.7810919880867004 1.7382276058197021 0.5615675449371338 -6.223412990570068 1.5247218608856201 8.68294906616211 -5.1533989906311035 0.1267
Cyclist 1 1 1 591.3687744140625 173.75302124023438 604.3988647460938 202.69969177246094 1.7156963348388672 1.6940300464630127 0.5525225400924683 -0.7532578706741333 1.7486158609390259 43.165775299072266 -4.592950344085693 0.1259
Car 1 1 1 0.0 0.0 1241.0 374.0 3.8482894897460938 1.5384283065795898 1.6377086639404297 3.0189974308013916 1.5262601375579834 0.9325917363166809 -7.917323589324951 0.1258
Pedestrian 1 1 1 384.6053466796875 165.04470825195312 413.79071044921875 231.22422790527344 0.7192234396934509 1.7040468454360962 0.6483739614486694 -5.588498592376709 1.5026664733886719 18.983333587646484 -4.864443778991699 0.1249
Car 1 1 1 533.8223266601562 177.46461486816406 582.0550537109375 208.17861938476562 3.9555928707122803 1.5002098083496094 1.6223350763320923 -2.717310667037964 1.7558003664016724 37.95780944824219 -4.539518356323242 0.1245
Pedestrian 1 1 1 482.07171630859375 166.81301879882812 501.35784912109375 207.43113708496094 0.6817137002944946 1.7692004442214966 0.6367109417915344 -5.256688594818115 1.5057735443115234 31.826915740966797 -7.64724588394165 0.1244
Cyclist 1 1 1 408.8944396972656 159.9053955078125 450.2855529785156 212.7100830078125 1.6445599794387817 1.7526148557662964 0.5553747415542603 -6.232432842254639 1.3225438594818115 24.81584930419922 -4.362278938293457 0.1239
Pedestrian 1 1 1 114.21621704101562 160.7064971923828 154.2860565185547 235.47251892089844 0.7407405376434326 1.7908211946487427 0.5867651104927063 -11.71267032623291 1.499559998512268 17.703702926635742 -4.911981105804443 0.1230
Car 1 1 1 823.1695556640625 175.98550415039062 906.7960205078125 219.3785400390625 3.859581232070923 1.492660403251648 1.5821619033813477 9.41443920135498 1.618443250656128 27.0778751373291 -4.771536350250244 0.1227
Pedestrian 1 1 1 0.0 149.81556701660156 47.34718704223633 333.079345703125 0.7187588810920715 1.707075595855713 0.564870297908783 -6.205397605895996 1.4921760559082031 7.140583038330078 -4.4542951583862305 0.1225
Car 1 1 1 596.8109741210938 177.18637084960938 628.8049926757812 201.9462127685547 3.837132453918457 1.5452141761779785 1.6247810125350952 0.11287523806095123 1.8436000347137451 47.7384033203125 -4.8401899337768555 0.1225
Pedestrian 1 1 1 473.5341796875 169.8734893798828 504.3162841796875 234.25421142578125 0.6451283097267151 1.7208104133605957 0.6173385977745056 -3.346893072128296 1.640845775604248 19.67636489868164 -4.454492092132568 0.1222
Pedestrian 1 1 1 599.3212890625 168.72039794921875 608.216064453125 193.4744415283203 0.796755313873291 1.8273465633392334 0.6027372479438782 -0.49531489610671997 1.521902084350586 53.68635177612305 -7.938409328460693 0.1216
Pedestrian 1 1 1 778.4375610351562 173.6176300048828 789.2130737304688 193.1685028076172 0.7920452952384949 1.8170655965805054 0.5793315172195435 16.24573516845703 1.8886842727661133 67.52473449707031 -6.724513530731201 0.1214
Pedestrian 1 1 1 852.078125 164.70236206054688 890.4738159179688 240.54257202148438 0.6104138493537903 1.6213096380233765 0.53975909948349 5.658201217651367 1.4467443227767944 15.787521362304688 -8.10408878326416 0.1209
Pedestrian 1 1 1 173.44309997558594 166.8438262939453 223.716552734375 267.0232238769531 0.5456305742263794 1.6915545463562012 0.5445253252983093 -7.203737735748291 1.5897711515426636 12.546128273010254 -4.272487163543701 0.1203
Car 1 1 1 753.5001831054688 171.6886444091797 773.1526489257812 192.59486389160156 4.035562992095947 1.8411840200424194 1.6928719282150269 13.963479995727539 1.7382513284683228 65.70034790039062 -7.629769802093506 0.1199
Car 1 1 1 418.5711975097656 176.6505126953125 476.7512512207031 212.08082580566406 3.700915813446045 1.4806808233261108 1.6233850717544556 -7.269760608673096 1.6610444784164429 32.44720458984375 -4.662750720977783 0.1197
Car 1 1 1 970.9258422851562 167.36700439453125 1091.3582763671875 215.1228485107422 3.8109288215637207 1.5043987035751343 1.603767991065979 14.226143836975098 1.3312479257583618 24.712238311767578 -4.8231987953186035 0.1184
Car 1 1 1 261.3258056640625 180.35020446777344 330.77276611328125 226.5037384033203 3.8454387187957764 1.5173588991165161 1.5715357065200806 -11.445965766906738 1.8128066062927246 26.425670623779297 -4.913993835449219 0.1183
Pedestrian 1 1 1 800.1904907226562 164.4801483154297 822.5391235351562 210.88470458984375 0.7593054175376892 1.7322165966033936 0.6071215271949768 7.575369834899902 1.41933274269104 27.327550888061523 -4.7596588134765625 0.1182
Cyclist 1 1 1 560.792236328125 174.82699584960938 575.989013671875 210.7859649658203 1.6992639303207397 1.6998409032821655 0.5796242952346802 -2.053903818130493 1.7977688312530518 35.06255340576172 -4.6749467849731445 0.1182
Pedestrian 1 1 1 531.055908203125 165.79908752441406 544.8323364257812 198.9729766845703 0.6478589773178101 1.8023055791854858 0.6703090071678162 -3.983295440673828 1.418718695640564 39.53612518310547 -7.818326473236084 0.1169
Pedestrian 1 1 1 587.7664184570312 169.14564514160156 597.0752563476562 192.88218688964844 0.7748327255249023 1.79519784450531 0.6027525663375854 -1.3661162853240967 1.5144339799880981 54.991336822509766 -7.731429576873779 0.1167
Car 1 1 1 1091.7528076171875 168.2373809814453 1241.0 260.7410888671875 3.908214807510376 1.5213347673416138 1.6111364364624023 11.2936429977417 1.4451088905334473 13.8240327835083 -4.716593265533447 0.1167
Car 1 1 1 766.269775390625 169.37640380859375 845.1426391601562 196.61001586914062 4.210318565368652 1.5662139654159546 1.6461304426193237 11.524621963500977 1.3659158945083618 42.70457458496094 -6.474687576293945 0.1167
Cyclist 1 1 1 701.21142578125 156.73690795898438 726.834228515625 201.58065795898438 1.6372205018997192 1.7299247980117798 0.5522328615188599 4.077322959899902 1.107879877090454 28.68582534790039 -4.8663010597229 0.1160
Pedestrian 1 1 1 923.3922119140625 164.14744567871094 952.5232543945312 225.077392578125 0.7981418967247009 1.6173604726791382 0.5976172685623169 8.85633373260498 1.3859487771987915 19.61573600769043 -4.450582504272461 0.1159
Cyclist 1 1 1 766.4584350585938 155.86341857910156 815.9613647460938 206.61102294921875 1.6372740268707275 1.7564140558242798 0.5875186920166016 6.3137335777282715 1.1680570840835571 25.381511688232422 -6.138751983642578 0.1154
Car 1 1 1 106.0689468383789 180.5853271484375 213.7383270263672 234.8142547607422 3.7314741611480713 1.5125911235809326 1.569236159324646 -14.035360336303711 1.7761859893798828 22.65791893005371 -4.8798956871032715 0.1149
Pedestrian 1 1 1 521.7609252929688 172.1351318359375 537.0072021484375 211.10914611816406 0.8154982924461365 1.715061068534851 0.6084386110305786 -3.6320672035217285 1.6831269264221191 32.16682815551758 -7.879565715789795 0.1144
Car 1 1 1 744.8202514648438 176.89990234375 794.6119384765625 213.306396484375 3.9076712131500244 1.5414795875549316 1.6765483617782593 7.194971084594727 1.7375339269638062 33.00729751586914 -7.78057336807251 0.1132
Car 1 1 1 458.2972106933594 178.77845764160156 516.7991333007812 209.71444702148438 3.8579273223876953 1.4799423217773438 1.6397478580474854 -6.31260871887207 1.8034253120422363 37.37050247192383 -4.488471984863281 0.1128
Pedestrian 1 1 1 671.6732177734375 172.59681701660156 680.7122802734375 191.62887573242188 0.6090737581253052 1.804837703704834 0.6229884028434753 6.294678688049316 1.7801470756530762 68.8425521850586 -5.224903583526611 0.1118
Pedestrian 1 1 1 132.00906372070312 162.89370727539062 160.04061889648438 234.49681091308594 0.7526547312736511 1.8051538467407227 0.5893827080726624 -12.043728828430176 1.5537492036819458 18.664840698242188 -5.255618572235107 0.1112
Pedestrian 1 1 1 992.57568359375 155.95370483398438 1025.7880859375 214.880859375 0.746441662311554 1.7549210786819458 0.6313186883926392 12.050642967224121 1.2513104677200317 21.886825561523438 -7.769345760345459 0.1109
Car 1 1 1 455.6104431152344 182.23162841796875 517.708984375 222.0052947998047 3.793750047683716 1.4739910364151 1.583523154258728 -5.030629634857178 1.8842657804489136 29.62797737121582 -4.6186113357543945 0.1108
Pedestrian 1 1 1 1016.333251953125 166.49154663085938 1067.098876953125 274.975341796875 0.614657998085022 1.5419979095458984 0.48775336146354675 6.282884120941162 1.4512615203857422 10.614912986755371 -4.4573445320129395 0.1108
Car 1 1 1 0.0 183.60128784179688 0.0 374.0 3.956280469894409 1.535943865776062 1.6210962533950806 -4.67291784286499 1.5977089405059814 2.15665864944458 -7.812321186065674 0.1105
Car 1 1 1 1039.3258056640625 173.21372985839844 1191.7088623046875 230.7184295654297 3.786067485809326 1.4909650087356567 1.585139274597168 14.229994773864746 1.501927375793457 20.660818099975586 -4.7603678703308105 0.1096
Pedestrian 1 1 1 570.2454833984375 166.1650848388672 582.8316040039062 196.2824249267578 0.7519436478614807 1.8113882541656494 0.6214426755905151 -2.064669609069824 1.408787727355957 43.81776428222656 -7.691370487213135 0.1088
Pedestrian 1 1 1 468.0342102050781 166.70472717285156 485.88525390625 206.84393310546875 0.6641151309013367 1.7514349222183228 0.6385436058044434 -5.90806245803833 1.4828176498413086 31.831520080566406 -7.802891254425049 0.1087
Pedestrian 1 1 1 1082.1407470703125 150.95233154296875 1149.9879150390625 278.2508239746094 0.6275967955589294 1.6963825225830078 0.5595410466194153 6.923858642578125 1.404220461845398 9.976058006286621 -4.523118495941162 0.1082
Cyclist 1 1 1 612.2263793945312 173.41213989257812 624.0970458984375 203.4864044189453 1.7329139709472656 1.7348278760910034 0.5805943608283997 0.45193853974342346 1.7681223154067993 42.541961669921875 -4.63077974319458 0.1082
Pedestrian 1 1 1 106.00338745117188 166.99044799804688 171.86572265625 289.7168884277344 0.5683162212371826 1.6467328071594238 0.5226911902427673 -6.567135810852051 1.567756175994873 9.990984916687012 -4.609682559967041 0.1077
Car 1 1 1 683.1400146484375 178.45826721191406 705.5868530273438 197.79693603515625 4.072890281677246 1.638658881187439 1.7218784093856812 7.476988792419434 2.1548497676849365 64.42015838623047 -4.662315845489502 0.1071
Pedestrian 1 1 1 831.9517822265625 167.4337158203125 855.3710327148438 229.6653594970703 0.7393785119056702 1.5721145868301392 0.5341973900794983 5.982872486114502 1.4348857402801514 18.652997970581055 -4.456252098083496 0.1070
Car 1 1 1 109.81353759765625 185.44667053222656 364.9289855957031 319.3663330078125 3.8601317405700684 1.4873600006103516 1.6070318222045898 -5.048226833343506 1.7011405229568481 10.322797775268555 -4.695168495178223 0.1066
Pedestrian 1 1 1 1000.5254516601562 156.37557983398438 1038.1751708984375 220.67176818847656 0.7395278811454773 1.7150626182556152 0.5843222737312317 11.07795524597168 1.2752107381820679 19.631181716918945 -7.906520366668701 0.1064
Pedestrian 1 1 1 988.3519897460938 155.55108642578125 1015.2725830078125 209.68182373046875 0.7583461999893188 1.777955412864685 0.5853087306022644 13.045432090759277 1.2093311548233032 24.125673294067383 -4.528275966644287 0.1064
Car 1 1 1 0.0 0.0 1241.0 374.0 3.8781259059906006 1.553393840789795 1.6186388731002808 5.246763706207275 1.492989182472229 0.6898329257965088 -7.924255847930908 0.1063
Car 1 1 1 788.9927368164062 178.9247589111328 808.6925048828125 197.09925842285156 3.974217414855957 1.5303382873535156 1.6478338241577148 16.82178497314453 2.0890989303588867 64.31370544433594 -4.448405742645264 0.1058
Pedestrian 1 1 1 6.138791561126709 156.45567321777344 54.376285552978516 232.6180877685547 0.724736213684082 1.827794075012207 0.5738561153411865 -14.28624439239502 1.4339566230773926 17.72886848449707 -4.508552551269531 0.1053
Car 1 1 1 0.0 172.58697509765625 45.09318923950195 239.47036743164062 3.620077610015869 1.5307271480560303 1.5682973861694336 -16.596609115600586 1.5243161916732788 18.32404136657715 -4.713056564331055 0.1050
Car 1 1 1 444.70745849609375 181.40077209472656 469.18524169921875 203.75811767578125 3.8888330459594727 1.5026590824127197 1.66838538646698 -11.111271858215332 2.1448700428009033 52.16347122192383 -4.9304022789001465 0.1044
Car 1 1 1 489.857421875 179.47512817382812 528.5448608398438 203.4840545654297 4.001086235046387 1.5489236116409302 1.631296157836914 -6.93775749206543 2.0247440338134766 49.794193267822266 -4.579130172729492 0.1043
Pedestrian 1 1 1 276.718505859375 169.20053100585938 316.9925231933594 244.97235107421875 0.6266436576843262 1.6161291599273682 0.5377716422080994 -6.884608268737793 1.537904977798462 15.75770378112793 -4.473233699798584 0.1036
Pedestrian 1 1 1 533.4579467773438 167.81716918945312 549.4617919921875 205.131103515625 0.6498746275901794 1.7787374258041382 0.6560491323471069 -3.3387131690979004 1.5383338928222656 34.750423431396484 -7.757339000701904 0.1035
Car 1 1 1 628.5547485351562 177.0859375 674.07275390625 193.9778289794922 4.101829528808594 1.5652823448181152 1.672372817993164 3.8759005069732666 1.9721744060516357 68.40033721923828 -6.3774309158325195 0.1035
Car 1 1 1 737.232421875 179.60775756835938 832.1964721679688 241.9871063232422 3.7549688816070557 1.4927382469177246 1.5771191120147705 4.56752347946167 1.6934244632720947 19.574825286865234 -7.880235195159912 0.1033
Car 1 1 1 664.498046875 179.91941833496094 720.9141845703125 229.24855041503906 4.041792392730713 1.5096098184585571 1.6131752729415894 2.7060904502868652 1.7714245319366455 24.718017578125 -4.674828052520752 0.1028
Pedestrian 1 1 1 438.40460205078125 168.45065307617188 464.6540222167969 227.08448791503906 0.6469146013259888 1.6759400367736816 0.6092192530632019 -4.645738124847412 1.5497784614562988 20.954071044921875 -4.68981409072876 0.1024
Pedestrian 1 1 1 310.70306396484375 164.06173706054688 345.4303283691406 227.68919372558594 0.9341301321983337 1.716596007347107 0.6609001755714417 -7.8376312255859375 1.479090929031372 19.96101951599121 -4.801975250244141 0.1022
Cyclist 1 1 1 741.430908203125 158.13674926757812 771.7579345703125 203.8384552001953 1.6428909301757812 1.7197704315185547 0.5483633279800415 5.630368709564209 1.1656556129455566 28.011844635009766 -4.9181623458862305 0.1021
Car 1 1 1 631.212158203125 183.3838348388672 665.3739624023438 201.6145782470703 3.906175136566162 1.5098382234573364 1.6717519760131836 3.3539581298828125 2.4792144298553467 64.32540893554688 -5.0520758628845215 0.1013
Pedestrian 1 1 1 86.98114776611328 159.2357940673828 129.3025665283203 237.51126098632812 0.7433072328567505 1.771564245223999 0.5831531286239624 -11.69788932800293 1.4630513191223145 16.761978149414062 -4.960235595703125 0.1004
Car 1 1 1 885.676513671875 174.0171661376953 973.1068725585938 217.74447631835938 3.7307372093200684 1.499758243560791 1.557344675064087 11.66883373260498 1.5455487966537476 26.71900749206543 -4.721163272857666 0.1000
