Car 1 1 1 297.43756103515625 182.27432250976562 453.16693115234375 283.24542236328125 3.8139138221740723 1.4862064123153687 1.606648325920105 -4.043066024780273 1.6794151067733765 12.900229454040527 -4.7306623458862305 0.8350
Car 1 1 1 617.6051635742188 177.12274169921875 673.1488647460938 227.11436462402344 3.5001227855682373 1.518107533454895 1.6442413330078125 1.060494065284729 1.669995903968811 23.96759796142578 -7.861903667449951 0.8233
Car 1 1 1 247.29754638671875 183.58511352539062 376.828369140625 256.0806884765625 3.734978437423706 1.4589293003082275 1.5867747068405151 -6.888270854949951 1.739038348197937 16.966691970825195 -4.738301753997803 0.6465
Car 1 1 1 360.14947509765625 170.8901824951172 409.33087158203125 199.8026123046875 4.213654041290283 1.9200745820999146 1.6966956853866577 -15.607051849365234 1.7893575429916382 50.10813522338867 -7.7381062507629395 0.2782
Car 1 1 1 880.4080200195312 170.45004272460938 952.5079956054688 196.85772705078125 3.7916765213012695 1.5140410661697388 1.6222018003463745 18.03904914855957 1.375914216041565 42.71531295776367 -2.833923101425171 0.2636
Pedestrian 1 1 1 34.01763153076172 166.9259033203125 71.24808502197266 232.791015625 0.6694122552871704 1.7537544965744019 0.5506455302238464 -15.2217378616333 1.59561026096344 19.64415168762207 -4.099407196044922 0.2522
Pedestrian 1 1 1 146.7796173095703 159.9794464111328 173.02761840820312 209.26605224609375 0.6553252935409546 1.8452396392822266 0.6512138247489929 -17.1275691986084 1.3629297018051147 27.395038604736328 -4.895242691040039 0.2502
Cyclist 1 1 1 938.0101928710938 162.96133422851562 966.00537109375 201.86871337890625 1.7181727886199951 1.7755810022354126 0.5143295526504517 15.958358764648438 1.323818325996399 33.79043960571289 -7.841336727142334 0.2478
Car 1 1 1 0.0 183.38040161132812 38.86088943481445 210.13552856445312 3.8012073040008545 1.5336252450942993 1.5967615842819214 -37.47331237792969 2.2202348709106445 45.030189514160156 -5.027691841125488 0.2372
Car 1 1 1 122.59933471679688 166.27760314941406 200.7073211669922 201.1009063720703 3.71504282951355 1.6268701553344727 1.6171830892562866 -22.05136489868164 1.3193354606628418 35.58641052246094 -7.879711627960205 0.2332
Car 1 1 1 707.005615234375 176.4085693359375 727.6046142578125 194.4156951904297 3.777108669281006 1.5234297513961792 1.5477193593978882 9.430549621582031 1.8467919826507568 63.755470275878906 -4.6319899559021 0.2280
Pedestrian 1 1 1 337.7787780761719 164.93630981445312 355.5611267089844 202.53265380859375 0.6700148582458496 1.8268858194351196 0.6630353927612305 -12.96277141571045 1.4418485164642334 35.4196891784668 -7.928133487701416 0.2260
Pedestrian 1 1 1 1.581773042678833 184.3757781982422 17.902578353881836 211.3049774169922 0.8403416872024536 1.7279711961746216 0.6491106152534485 -39.34150314331055 2.4903664588928223 47.25032424926758 -5.633370876312256 0.2253
Pedestrian 1 1 1 1103.992919921875 151.70013427734375 1135.867919921875 206.53004455566406 0.709967851638794 1.8262372016906738 0.640765905380249 17.21513557434082 1.12135910987854 24.438491821289062 -7.676356792449951 0.2212
Pedestrian 1 1 1 742.4478759765625 174.3416290283203 766.6629638671875 243.83778381347656 0.7386484742164612 1.634836196899414 0.5394437909126282 3.42702317237854 1.6712417602539062 17.39702796936035 -4.559471130371094 0.2076
Car 1 1 1 383.7983703613281 179.86856079101562 431.9314880371094 208.12550354003906 4.008537292480469 1.57880437374115 1.675699234008789 -12.113073348999023 2.0196096897125244 43.347015380859375 -4.6851396560668945 0.2005
Car 1 1 1 937.2134399414062 166.25021362304688 1027.723876953125 205.0597686767578 4.015086650848389 1.6883811950683594 1.6663286685943604 17.13880157470703 1.4007883071899414 33.50597381591797 -8.016732215881348 0.1946
Pedestrian 1 1 1 302.0444030761719 170.17230224609375 322.1372985839844 210.27700805664062 0.5800067782402039 1.7709221839904785 0.6394579410552979 -13.321043014526367 1.652205467224121 32.16978073120117 -7.794459819793701 0.1916
Pedestrian 1 1 1 265.4947204589844 166.3209991455078 288.76934814453125 209.52569580078125 0.6961032152175903 1.787524938583374 0.6632518172264099 -13.974003791809082 1.516932725906372 30.208271026611328 -7.877682209014893 0.1803
Car 1 1 1 604.6505737304688 179.24319458007812 628.025390625 199.37271118164062 4.169759273529053 1.5110687017440796 1.6525410413742065 0.4460503160953522 2.0398049354553223 57.62660217285156 -4.754931926727295 0.1777
Car 1 1 1 0.0 171.8848419189453 75.27803039550781 238.74436950683594 3.582803964614868 1.6118437051773071 1.6130379438400269 -16.274147033691406 1.5881792306900024 19.28651237487793 -8.003860473632812 0.1715
Pedestrian 1 1 1 121.30011749267578 167.7628173828125 141.31234741210938 202.94253540039062 0.6635502576828003 1.7863826751708984 0.6135073900222778 -24.57952117919922 1.5275585651397705 36.99667739868164 -7.943558216094971 0.1691
Car 1 1 1 674.8358154296875 180.042724609375 714.2162475585938 215.20913696289062 3.716244697570801 1.4929901361465454 1.6189275979995728 3.9178452491760254 1.8451181650161743 33.405494689941406 -7.684539318084717 0.1663
Pedestrian 1 1 1 57.858341217041016 161.55691528320312 93.11786651611328 218.09820556640625 0.7272784113883972 1.812064290046692 0.5860112905502319 -17.461027145385742 1.4497092962265015 23.517005920410156 -4.605610370635986 0.1639
Car 1 1 1 269.34576416015625 183.39793395996094 353.7151794433594 228.00839233398438 3.888298273086548 1.4960525035858154 1.5584582090377808 -11.125839233398438 1.9196058511734009 27.060707092285156 -4.7124810218811035 0.1632
Car 1 1 1 716.9411010742188 175.38037109375 763.4656982421875 215.95571899414062 3.874638795852661 1.5339277982711792 1.6199346780776978 5.22223424911499 1.6441326141357422 29.544336318969727 -7.741547107696533 0.1612
Pedestrian 1 1 1 149.63490295410156 162.80206298828125 181.48216247558594 217.7987823486328 0.7691332697868347 1.8092423677444458 0.6251270771026611 -14.910301208496094 1.47826087474823 24.144044876098633 -4.789207935333252 0.1604
Car 1 1 1 316.35662841796875 181.98753356933594 402.8846435546875 231.77761840820312 4.012050628662109 1.5229517221450806 1.586434245109558 -8.536760330200195 1.8621306419372559 24.812213897705078 -4.712584018707275 0.1602
Car 1 1 1 979.750732421875 162.315673828125 1075.45263671875 201.7471923828125 3.6388206481933594 1.4996060132980347 1.5873818397521973 16.805330276489258 1.0985264778137207 29.314069747924805 -4.787027359008789 0.1595
Car 1 1 1 1241.0 164.14059448242188 1241.0 374.0 4.023344993591309 1.5137343406677246 1.6097345352172852 5.021372318267822 1.4932650327682495 2.5519895553588867 -6.24463415145874 0.1591
Car 1 1 1 582.9362182617188 178.2425994873047 606.4202880859375 199.69647216796875 4.26605749130249 1.5394314527511597 1.662043571472168 -1.1617106199264526 1.965796947479248 54.99034118652344 -4.702974319458008 0.1588
Car 1 1 1 696.8153076171875 175.21728515625 732.770751953125 202.34017944335938 3.9932799339294434 1.6314644813537598 1.6387954950332642 6.562439441680908 1.7876276969909668 45.760623931884766 -4.728211879730225 0.1564
Car 1 1 1 0.0 0.0 1241.0 374.0 3.888294219970703 1.53815495967865 1.643352746963501 -3.42464017868042 1.623642921447754 0.952418863773346 -7.902634143829346 0.1556
Pedestrian 1 1 1 1081.4390869140625 156.1787567138672 1113.57568359375 210.62095642089844 0.7429662346839905 1.7900420427322388 0.6285427212715149 16.250858306884766 1.2414655685424805 24.135940551757812 -7.712792873382568 0.1554
Pedestrian 1 1 1 718.7134399414062 177.2713623046875 739.0234375 223.18099975585938 0.8004510998725891 1.5660122632980347 0.5841800570487976 4.081596374511719 1.7218194007873535 25.094392776489258 -7.83962869644165 0.1542
Car 1 1 1 340.60577392578125 181.2210693359375 403.37188720703125 219.95535278320312 3.8244988918304443 1.5097678899765015 1.563958764076233 -10.15329360961914 1.8903651237487793 30.90481948852539 -4.752447605133057 0.1535
Pedestrian 1 1 1 246.38758850097656 167.41700744628906 272.7471923828125 213.6148681640625 0.7193465232849121 1.7656530141830444 0.6080966591835022 -13.63373851776123 1.557554841041565 27.989910125732422 -4.511140823364258 0.1528
Car 1 1 1 0.0 184.3605194091797 8.197263717651367 211.24583435058594 3.8761308193206787 1.5148539543151855 1.6106138229370117 -39.03445816040039 2.2583680152893066 44.54592514038086 -5.059268474578857 0.1509
Car 1 1 1 663.5382080078125 181.23965454101562 694.553466796875 209.74119567871094 3.695932626724243 1.5476588010787964 1.6132252216339111 3.958383560180664 2.0593059062957764 42.168697357177734 -7.810286045074463 0.1500
Pedestrian 1 1 1 84.6742172241211 161.3456268310547 111.17420196533203 230.1166229248047 0.7129854559898376 1.8280813694000244 0.5732393264770508 -13.977435111999512 1.5218642950057983 19.635927200317383 -5.307905197143555 0.1499
Pedestrian 1 1 1 212.51837158203125 165.37747192382812 236.2218475341797 208.50706481933594 0.6260334849357605 1.7890046834945679 0.6443946361541748 -16.21231460571289 1.4785804748535156 30.261507034301758 -7.792262554168701 0.1489
Car 1 1 1 632.936767578125 179.82858276367188 677.3787231445312 213.9253387451172 3.9398679733276367 1.4897902011871338 1.6664232015609741 2.0500600337982178 1.8410704135894775 34.36044692993164 -7.907121181488037 0.1477
Pedestrian 1 1 1 1045.7451171875 155.62075805664062 1074.603271484375 208.49496459960938 0.7602711915969849 1.8078441619873047 0.6209619045257568 15.606517791748047 1.2183152437210083 25.103012084960938 -7.661021709442139 0.1464
Pedestrian 1 1 1 430.88507080078125 172.0728759765625 443.62738037109375 199.57431030273438 0.8220494389533997 1.737848162651062 0.6117390394210815 -11.045232772827148 1.688188076019287 46.00788116455078 -7.847370624542236 0.1450
Car 1 1 1 244.3054656982422 183.46310424804688 338.3627624511719 237.06640625 3.9894871711730957 1.514129400253296 1.5860241651535034 -10.184286117553711 1.8860288858413696 23.254947662353516 -4.803746700286865 0.1441
Pedestrian 1 1 1 1192.190185546875 148.77459716796875 1236.6846923828125 221.4973907470703 0.746868908405304 1.80656099319458 0.6041845083236694 15.316679954528809 1.208086609840393 18.360944747924805 -4.461766719818115 0.1409
Pedestrian 1 1 1 151.20449829101562 163.30502319335938 185.1158905029297 222.47825622558594 0.7678543925285339 1.7886888980865479 0.5961115956306458 -13.639307975769043 1.4997425079345703 22.209327697753906 -4.763596057891846 0.1398
Pedestrian 1 1 1 1173.78759765625 152.22689819335938 1212.2061767578125 216.0718994140625 0.7341570854187012 1.7858326435089111 0.5977928042411804 16.591848373413086 1.2085644006729126 20.61012077331543 -7.61345911026001 0.1390
Pedestrian 1 1 1 1080.0279541015625 157.82908630371094 1111.4327392578125 215.5546875 0.7916221022605896 1.7897225618362427 0.6181367039680481 15.316357612609863 1.3235907554626465 22.83875274658203 -7.560899257659912 0.1378
Car 1 1 1 337.98614501953125 183.11602783203125 445.1761779785156 253.50360107421875 4.026954174041748 1.49940824508667 1.640167236328125 -5.353786945343018 1.784585952758789 18.020479202270508 -4.762270927429199 0.1368
Car 1 1 1 822.4734497070312 169.94793701171875 860.3804931640625 187.51031494140625 3.9503984451293945 1.551962971687317 1.6568952798843384 21.050628662109375 1.2948577404022217 65.84766387939453 -8.022927284240723 0.1367
Car 1 1 1 376.5335693359375 181.6402130126953 437.84832763671875 220.5316619873047 3.911206007003784 1.4938931465148926 1.5881760120391846 -8.555662155151367 1.8900421857833862 30.58240509033203 -4.737061500549316 0.1364
Car 1 1 1 1140.1207275390625 175.48699951171875 1241.0 347.364501953125 4.038242340087891 1.4992703199386597 1.6105469465255737 8.451467514038086 1.537089228630066 8.401253700256348 -4.745546817779541 0.1363
Car 1 1 1 16.928768157958984 185.20811462402344 83.56478881835938 210.9617462158203 3.76049542427063 1.5010333061218262 1.586335301399231 -35.53008270263672 2.319488763809204 45.8712043762207 -4.808968544006348 0.1362
Car 1 1 1 0.0 185.62124633789062 0.0 374.0 3.917179584503174 1.5554473400115967 1.6258280277252197 -5.343469142913818 1.6270489692687988 2.0815000534057617 -7.883854389190674 0.1341
Car 1 1 1 360.8592834472656 182.33338928222656 423.30010986328125 216.197021484375 3.9701623916625977 1.4833253622055054 1.612634539604187 -10.458662033081055 1.966486930847168 34.770389556884766 -4.653648853302002 0.1340
Pedestrian 1 1 1 523.7581176757812 175.34088134765625 530.7294921875 194.30682373046875 0.8048799633979797 1.7876063585281372 0.5948202013969421 -7.878029823303223 2.0249152183532715 68.52749633789062 -7.886778354644775 0.1336
Pedestrian 1 1 1 29.61628532409668 161.71522521972656 66.29232025146484 231.3894500732422 0.7188895344734192 1.7638379335403442 0.5603066086769104 -14.606749534606934 1.4815542697906494 18.700748443603516 -5.0691728591918945 0.1327
Pedestrian 1 1 1 0.0 159.92825317382812 40.87039566040039 246.57627868652344 0.7407134175300598 1.8000576496124268 0.5747960209846497 -12.681452751159668 1.5312334299087524 15.452082633972168 -5.20963716506958 0.1316
Pedestrian 1 1 1 293.60955810546875 169.61605834960938 315.509521484375 212.03248596191406 0.7475425004959106 1.7339746952056885 0.6210207343101501 -12.689942359924316 1.6013083457946777 29.887557983398438 -7.912317752838135 0.1305
Car 1 1 1 687.998046875 176.78411865234375 710.56884765625 195.64584350585938 3.9992313385009766 1.5278456211090088 1.5941909551620483 7.532139778137207 1.8726615905761719 61.32715606689453 -4.667391300201416 0.1296
Car 1 1 1 1044.31103515625 166.39906311035156 1183.244873046875 208.55458068847656 3.914203643798828 1.4440844058990479 1.5798017978668213 17.783893585205078 1.2226632833480835 25.629283905029297 -6.346527576446533 0.1290
Car 1 1 1 10.23597240447998 183.2505645751953 70.02530670166016 207.4080810546875 3.986893892288208 1.5287154912948608 1.613432765007019 -39.115478515625 2.273531913757324 49.596527099609375 -8.05843448638916 0.1282
Car 1 1 1 1169.667724609375 174.4949951171875 1241.0 374.0 4.066453456878662 1.4803681373596191 1.6143659353256226 5.913896560668945 1.4926631450653076 4.448850631713867 -6.426374912261963 0.1274
Pedestrian 1 1 1 396.26544189453125 167.74461364746094 411.7527770996094 200.17013549804688 0.8345603942871094 1.8186269998550415 0.6330432891845703 -11.706095695495605 1.531760573387146 40.88897705078125 -7.843414783477783 0.1269
Pedestrian 1 1 1 236.81195068359375 166.9117889404297 258.16534423828125 205.87391662597656 0.6696649193763733 1.7876958847045898 0.6426117420196533 -16.84369468688965 1.514750361442566 33.45191955566406 -7.819675922393799 0.1269
Pedestrian 1 1 1 70.07079315185547 162.71791076660156 101.56694793701172 239.28948974609375 0.7413015961647034 1.796059489250183 0.5663415789604187 -12.674038887023926 1.5580077171325684 17.388870239257812 -5.273864269256592 0.1253
Pedestrian 1 1 1 195.36021423339844 164.48056030273438 222.82215881347656 218.44627380371094 0.7761158347129822 1.7959061861038208 0.6055958867073059 -13.624868392944336 1.5169495344161987 24.451473236083984 -4.908700466156006 0.1244
Pedestrian 1 1 1 105.8762435913086 163.598388671875 138.2699432373047 234.9920654296875 0.7517602443695068 1.800683617591858 0.5785013437271118 -12.677850723266602 1.5669397115707397 18.670278549194336 -5.472225189208984 0.1239
Pedestrian 1 1 1 137.45278930664062 162.2965850830078 169.13180541992188 229.60585021972656 0.7431834936141968 1.8178833723068237 0.5921387672424316 -12.684727668762207 1.53244948387146 19.959369659423828 -5.497272968292236 0.1237
Pedestrian 1 1 1 1106.34375 159.25767517089844 1126.704833984375 206.908447265625 0.44249674677848816 1.782954454421997 0.5489587783813477 19.15346336364746 1.2739193439483643 27.34971046447754 -3.882481098175049 0.1237
Pedestrian 1 1 1 1153.7904052734375 157.59877014160156 1179.19140625 210.5646514892578 0.5524383187294006 1.7691333293914795 0.5964756608009338 18.82931900024414 1.2592873573303223 24.483781814575195 -7.36883020401001 0.1226
Car 1 1 1 618.01806640625 178.54466247558594 662.6854858398438 219.6993408203125 3.829028367996216 1.507720708847046 1.6149961948394775 1.1111401319503784 1.7503116130828857 28.88042640686035 -7.856500148773193 0.1226
Car 1 1 1 0.0 0.0 1241.0 374.0 3.8090384006500244 1.5537254810333252 1.6115072965621948 -1.1794897317886353 1.6166141033172607 0.11850935220718384 -7.9115118980407715 0.1220
Car 1 1 1 392.5205993652344 181.8356170654297 443.1424255371094 211.905517578125 4.065654277801514 1.5096458196640015 1.6671867370605469 -10.481666564941406 2.026154041290283 39.47983169555664 -4.706213474273682 0.1220
Pedestrian 1 1 1 1105.340087890625 156.36253356933594 1137.8800048828125 213.6294403076172 0.758466362953186 1.75342857837677 0.5805084705352783 15.913970947265625 1.248184084892273 22.52597427368164 -7.633449077606201 0.1207
Car 1 1 1 667.3255004882812 175.567626953125 722.5626220703125 226.71966552734375 3.8266050815582275 1.5370981693267822 1.5883363485336304 2.684795379638672 1.6338374614715576 23.845836639404297 -7.79563570022583 0.1205
Pedestrian 1 1 1 517.5479736328125 174.68853759765625 525.4249267578125 193.6020965576172 0.805914580821991 1.7898403406143188 0.5990268588066101 -8.456537246704102 1.9655156135559082 68.78792572021484 -7.778091907501221 0.1204
Pedestrian 1 1 1 217.39735412597656 166.3267364501953 242.90049743652344 215.7478485107422 0.7588097453117371 1.7797411680221558 0.6173606514930725 -13.940901756286621 1.5443825721740723 26.40791130065918 -4.87376594543457 0.1203
Pedestrian 1 1 1 1022.3704833984375 163.49847412109375 1042.0543212890625 210.23548889160156 0.7705262899398804 1.7401567697525024 0.6098384261131287 15.950783729553223 1.391523003578186 27.347970962524414 -7.3689141273498535 0.1202
Car 1 1 1 369.3904724121094 182.4894256591797 457.0783996582031 238.0109405517578 4.11300802230835 1.4911009073257446 1.6257994174957275 -5.966940879821777 1.8143787384033203 22.163105010986328 -4.726334095001221 0.1202
Car 1 1 1 938.292236328125 176.7275390625 1131.6436767578125 259.5538330078125 3.9403700828552246 1.4574651718139648 1.5856631994247437 8.445539474487305 1.547693133354187 14.872875213623047 -4.738334655761719 0.1202
Cyclist 1 1 1 0.0 0.0 1241.0 374.0 1.8527380228042603 1.6579804420471191 0.5178700089454651 6.906182289123535 1.3010586500167847 -0.28157296776771545 -8.042333602905273 0.1185
Car 1 1 1 0.0 187.1371612548828 23.18843650817871 285.1651611328125 3.918403387069702 1.5133517980575562 1.606029748916626 -13.389532089233398 1.827825903892517 13.823022842407227 -4.908987045288086 0.1184
Car 1 1 1 139.89625549316406 178.52432250976562 254.89906311035156 212.92559814453125 4.094844341278076 1.4540294408798218 1.6300617456436157 -18.128652572631836 1.7107861042022705 31.760032653808594 -6.349977016448975 0.1182
Car 1 1 1 780.9635009765625 175.7178955078125 815.762939453125 196.33277893066406 3.9140267372131348 1.5353068113327026 1.6280828714370728 14.611335754394531 1.7661168575286865 56.25563430786133 -7.871566295623779 0.1173
Car 1 1 1 628.2139892578125 178.60281372070312 652.2257080078125 199.04820251464844 4.103717803955078 1.5492876768112183 1.6451053619384766 2.3650739192962646 2.0269405841827393 57.9150390625 -4.739289283752441 0.1167
Pedestrian 1 1 1 1121.6314697265625 153.5380401611328 1161.512451171875 220.512451171875 0.7402190566062927 1.816144585609436 0.5960915684700012 14.648036003112793 1.2920539379119873 19.965572357177734 -4.606121063232422 0.1166
Pedestrian 1 1 1 245.5603790283203 164.751220703125 267.529541015625 209.4380340576172 0.6446359157562256 1.8141348361968994 0.6398633718490601 -14.564906120300293 1.4848895072937012 29.65388298034668 -7.986881732940674 0.1166
Car 1 1 1 487.4441223144531 176.83815002441406 515.0647583007812 200.5831756591797 3.9146885871887207 1.7168201208114624 1.6928350925445557 -8.254859924316406 2.0303282737731934 54.8350715637207 -4.761205196380615 0.1160
Pedestrian 1 1 1 475.44561767578125 175.079345703125 489.64044189453125 199.98460388183594 0.8585318922996521 1.8227827548980713 0.5873066782951355 -9.461024284362793 1.9886894226074219 53.39381408691406 -6.952796459197998 0.1159
Car 1 1 1 1173.6007080078125 154.1840362548828 1241.0 223.34042358398438 3.6021618843078613 1.5775970220565796 1.6466922760009766 16.528715133666992 1.151397466659546 18.299379348754883 -7.903522968292236 0.1148
Car 1 1 1 670.9675903320312 178.63784790039062 701.01416015625 204.2899169921875 3.7747044563293457 1.571645736694336 1.630651831626892 4.964633941650391 1.9651670455932617 47.12104797363281 -4.52017068862915 0.1136
Car 1 1 1 55.90684509277344 185.1863555908203 120.44871520996094 210.2721405029297 3.7643659114837646 1.484836220741272 1.6286972761154175 -33.60675048828125 2.313058376312256 46.54185485839844 -4.780309677124023 0.1134
Pedestrian 1 1 1 361.2066650390625 166.36911010742188 378.79705810546875 201.6493682861328 0.7089671492576599 1.790951132774353 0.6452168226242065 -12.341202735900879 1.4614547491073608 36.996437072753906 -7.809036731719971 0.1128
Car 1 1 1 335.4742431640625 182.2845001220703 452.1440124511719 222.881103515625 3.9706780910491943 1.4826942682266235 1.633663535118103 -8.237153053283691 1.8534520864486694 27.563304901123047 -3.146599292755127 0.1105
Car 1 1 1 859.9727172851562 173.85797119140625 910.0738525390625 195.7272491455078 4.028218746185303 1.47898268699646 1.5976577997207642 19.376445770263672 1.5526894330978394 51.08896255493164 -7.982391834259033 0.1103
Car 1 1 1 671.7492065429688 176.09490966796875 712.2047729492188 198.86453247070312 3.8685920238494873 1.5811257362365723 1.6202030181884766 5.919714450836182 1.8272111415863037 52.774906158447266 -8.120360374450684 0.1100
Car 1 1 1 932.5433349609375 166.49021911621094 990.5806274414062 193.5321807861328 3.8799397945404053 1.5772701501846313 1.6864073276519775 21.3419132232666 1.2057913541793823 44.035003662109375 -7.8418803215026855 0.1097
Car 1 1 1 434.39337158203125 179.28955078125 471.69232177734375 202.87501525878906 3.786879301071167 1.5678234100341797 1.634475588798523 -11.067178726196289 2.0392329692840576 50.9530143737793 -7.801090717315674 0.1091
Car 1 1 1 740.22705078125 175.63783264160156 766.759765625 193.9286651611328 4.169547080993652 1.5107938051223755 1.6638145446777344 12.340441703796387 1.759326696395874 62.36981201171875 -7.802175998687744 0.1087
Pedestrian 1 1 1 112.42819213867188 170.72396850585938 130.12164306640625 205.2816925048828 0.6943177580833435 1.7813658714294434 0.6150221824645996 -25.518983840942383 1.671268105506897 37.62535095214844 -8.205719947814941 0.1080
Car 1 1 1 387.4342346191406 175.91806030273438 432.67376708984375 197.81427001953125 3.9381520748138428 1.562126636505127 1.661216378211975 -14.981966972351074 1.8007187843322754 54.159095764160156 -7.650735378265381 0.1078
Pedestrian 1 1 1 75.84962463378906 161.72740173339844 110.2929916381836 218.33807373046875 0.7260447144508362 1.813433289527893 0.5819784998893738 -16.873546600341797 1.4567101001739502 23.496973037719727 -4.637962818145752 0.1074
Car 1 1 1 931.9592895507812 173.46566772460938 1058.6981201171875 226.81314086914062 3.6744143962860107 1.4944454431533813 1.5333079099655151 11.653199195861816 1.5145971775054932 22.190898895263672 -4.8679423332214355 0.1073
Pedestrian 1 1 1 37.06857681274414 158.81997680664062 71.40419006347656 240.90078735351562 0.7434831261634827 1.8154306411743164 0.5524485111236572 -12.689001083374023 1.5047317743301392 16.420469284057617 -5.275157451629639 0.1072
Pedestrian 1 1 1 1163.304931640625 151.44989013671875 1204.612060546875 220.63177490234375 0.7629832625389099 1.80852472782135 0.5885785222053528 15.288005828857422 1.2486871480941772 19.297958374023438 -4.495848178863525 0.1071
Car 1 1 1 882.9359130859375 165.89321899414062 954.4318237304688 189.57460021972656 4.159278392791748 1.5441244840621948 1.637611985206604 20.559534072875977 1.0899525880813599 48.188716888427734 -6.444114685058594 0.1068
Pedestrian 1 1 1 169.3988494873047 162.5175323486328 199.57357788085938 217.63607788085938 0.7633156180381775 1.812584638595581 0.6177558898925781 -14.277721405029297 1.4723681211471558 24.144901275634766 -4.836597442626953 0.1068
Pedestrian 1 1 1 287.1122131347656 167.59872436523438 307.2561340332031 206.9114227294922 0.678585946559906 1.7671923637390137 0.6541251540184021 -14.256132125854492 1.5306562185287476 32.79753112792969 -7.928921222686768 0.1063
Pedestrian 1 1 1 164.98304748535156 168.36819458007812 186.9031982421875 207.11398315429688 0.6693190932273865 1.7958385944366455 0.6487599611282349 -20.36979103088379 1.5876245498657227 33.80095291137695 -7.929646015167236 0.1062
Pedestrian 1 1 1 93.12151336669922 163.5992431640625 134.05430603027344 233.64990234375 0.7328736186027527 1.8303025960922241 0.560134768486023 -13.330371856689453 1.5881918668746948 19.30986976623535 -4.189491271972656 0.1061
Car 1 1 1 637.9459838867188 176.7653045654297 665.4122924804688 198.80108642578125 4.0912370681762695 1.552254319190979 1.619226336479187 3.031292676925659 1.8540432453155518 53.64678955078125 -4.758969783782959 0.1056
Car 1 1 1 811.5010375976562 173.86434936523438 850.9188232421875 193.75167846679688 3.8270163536071777 1.5443028211593628 1.620336890220642 17.776540756225586 1.628338098526001 58.23031234741211 -7.976248264312744 0.1055
Car 1 1 1 0.0 169.78135681152344 116.13613891601562 221.24978637695312 3.693603992462158 1.5651707649230957 1.6266899108886719 -18.50917625427246 1.4714308977127075 23.83354377746582 -7.795253276824951 0.1054
Car 1 1 1 587.0397338867188 178.21128845214844 607.2506103515625 196.7533416748047 3.8790721893310547 1.4891493320465088 1.5000571012496948 -1.1394919157028198 1.9571645259857178 61.085784912109375 -4.784533977508545 0.1054
Car 1 1 1 392.804443359375 170.76512145996094 429.16046142578125 198.746337890625 4.071707725524902 1.8462071418762207 1.7239338159561157 -13.690853118896484 1.7080823183059692 49.713191986083984 -7.945231914520264 0.1053
Car 1 1 1 732.2398681640625 177.04275512695312 804.7113037109375 226.3542938232422 3.7815616130828857 1.5231008529663086 1.6078161001205444 5.2400360107421875 1.6760586500167847 24.503965377807617 -7.859973430633545 0.1052
Pedestrian 1 1 1 272.9026184082031 166.63381958007812 293.4767150878906 206.42124938964844 0.6573664546012878 1.7907907962799072 0.6637542247772217 -14.90481185913086 1.510526418685913 32.82511520385742 -7.918715000152588 0.1051
Pedestrian 1 1 1 57.861019134521484 162.8433074951172 86.59188079833984 233.29344177246094 0.7500530481338501 1.7792439460754395 0.5609383583068848 -13.97169303894043 1.5261205434799194 18.690397262573242 -5.303637981414795 0.1051
Pedestrian 1 1 1 1096.875732421875 155.66140747070312 1134.5941162109375 216.30641174316406 0.7832518815994263 1.8067965507507324 0.5829993486404419 15.289992332458496 1.2942779064178467 21.898242950439453 -7.888556003570557 0.1048
Cyclist 1 1 1 1014.6700439453125 159.16964721679688 1085.2462158203125 235.9734344482422 1.7155953645706177 1.6953054666519165 0.5145291686058044 10.14978313446045 1.3929481506347656 16.798362731933594 -7.914143085479736 0.1046
Pedestrian 1 1 1 1150.16943359375 139.7782745361328 1241.0 374.0 0.6796318888664246 1.5655466318130493 0.5353958606719971 3.3904147148132324 1.4025706052780151 3.902156352996826 -4.764997482299805 0.1046
Car 1 1 1 646.6865844726562 177.76304626464844 669.2020874023438 196.57003784179688 3.7639472484588623 1.507651686668396 1.5054206848144531 3.9825599193573 1.933640956878662 60.74755096435547 -4.750362873077393 0.1045
Car 1 1 1 545.802734375 178.26303100585938 574.2340087890625 202.69927978515625 3.7938828468322754 1.5763118267059326 1.6473928689956665 -3.4093563556671143 1.959808349609375 49.29207992553711 -4.70301628112793 0.1040
Car 1 1 1 533.232177734375 178.128173828125 562.0903930664062 200.168701171875 3.977795362472534 1.5676910877227783 1.640894889831543 -4.6831254959106445 1.9792661666870117 54.31934356689453 -4.66209602355957 0.1038
Car 1 1 1 737.9037475585938 176.4820098876953 766.8181762695312 196.46168518066406 4.052960395812988 1.5304381847381592 1.703740119934082 11.392006874084473 1.8325730562210083 58.08381652832031 -7.806742191314697 0.1034
Pedestrian 1 1 1 1127.4776611328125 154.23654174804688 1162.102294921875 214.60157775878906 0.7608343958854675 1.7684131860733032 0.5758301615715027 15.930299758911133 1.2227089405059814 21.57333755493164 -7.625930309295654 0.1029
Pedestrian 1 1 1 832.1724853515625 169.716552734375 871.11962890625 252.92454528808594 0.7559071779251099 1.5903903245925903 0.5075730681419373 4.682130813598633 1.530122995376587 14.170624732971191 -4.718752861022949 0.1017
Pedestrian 1 1 1 1073.52734375 163.12974548339844 1126.8009033203125 269.0107421875 0.5609869956970215 1.6040128469467163 0.5073897838592529 7.578385353088379 1.4563982486724854 11.254631996154785 -4.519567489624023 0.1015
Car 1 1 1 890.8530883789062 175.69290161132812 961.1708984375 209.3593292236328 3.88362979888916 1.4977140426635742 1.6289236545562744 14.919014930725098 1.6403151750564575 34.3735466003418 -4.717983722686768 0.1011
Car 1 1 1 1241.0 168.62930297851562 1241.0 294.0515441894531 4.067922592163086 1.5121347904205322 1.6030644178390503 11.237543106079102 1.4609003067016602 9.61536693572998 -6.3402605056762695 0.1010
Car 1 1 1 0.0 0.0 1241.0 374.0 3.81675124168396 1.5448554754257202 1.615362524986267 1.393259048461914 1.5761460065841675 0.11043289303779602 -7.879037380218506 0.1010
Car 1 1 1 0.0 186.10488891601562 0.0 374.0 4.08884334564209 1.5711179971694946 1.633691430091858 -11.133417129516602 1.7573925256729126 8.03304672241211 -4.8303022384643555 0.1009
Pedestrian 1 1 1 425.05877685546875 173.63690185546875 435.5240173339844 197.1739959716797 0.6900450587272644 1.769320011138916 0.5863953828811646 -13.657673835754395 1.8288742303848267 54.716678619384766 -8.410123825073242 0.1003
Cyclist 1 1 1 872.2288818359375 170.35801696777344 888.2753295898438 196.2297821044922 1.696605920791626 1.7117674350738525 0.47428247332572937 18.15828514099121 1.5463241338729858 48.59230041503906 -7.834283351898193 0.1001
