Car 1 1 1 769.1727905273438 175.76759338378906 1177.62744140625 374.0 3.9748451709747314 1.511694073677063 1.608644723892212 2.733994245529175 1.5463684797286987 6.63819694519043 -7.9010396003723145 0.8335
Car 1 1 1 698.1514282226562 175.0066680908203 850.2515869140625 286.1971740722656 3.5470402240753174 1.5146657228469849 1.5648282766342163 2.421672821044922 1.5546098947525024 11.693798065185547 -7.882774829864502 0.8121
Car 1 1 1 82.45894622802734 184.5899658203125 282.0686340332031 281.1189270019531 3.985306739807129 1.5030596256256104 1.6228903532028198 -7.932209014892578 1.759743571281433 13.764754295349121 -4.768245220184326 0.8053
Car 1 1 1 295.9942321777344 181.24722290039062 394.1085510253906 238.5654296875 3.8720929622650146 1.5337451696395874 1.6356414556503296 -7.934274673461914 1.8102190494537354 21.8367919921875 -4.738283157348633 0.7732
Car 1 1 1 652.124267578125 171.67845153808594 703.4298706054688 213.5860595703125 3.9826598167419434 1.6237810850143433 1.6589561700820923 2.7011868953704834 1.577932596206665 29.968734741210938 -7.879103183746338 0.7413
Car 1 1 1 583.5863647460938 176.22488403320312 618.3516845703125 208.89761352539062 3.833784818649292 1.5079433917999268 1.6251115798950195 -0.5199191570281982 1.683218002319336 35.641571044921875 -7.883621692657471 0.7239
Car 1 1 1 0.0 192.22479248046875 115.12674713134766 374.0 3.9769949913024902 1.4907280206680298 1.605608582496643 -7.655338287353516 1.7613863945007324 8.05810832977295 -4.774880886077881 0.6345
Car 1 1 1 633.3820190429688 175.01742553710938 659.4818115234375 196.42776489257812 3.767836093902588 1.557439923286438 1.6086876392364502 2.7047691345214844 1.7272001504898071 54.796287536621094 -7.903683185577393 0.6197
Car 1 1 1 693.6168823242188 175.02880859375 792.653564453125 248.1990509033203 3.554518222808838 1.525503396987915 1.5729368925094604 2.9553756713867188 1.5817170143127441 16.9498348236084 -7.883556842803955 0.5017
Car 1 1 1 598.0465087890625 173.69203186035156 628.7200317382812 202.05162048339844 4.125821590423584 1.6576735973358154 1.6626167297363281 0.1302320659160614 1.7113844156265259 44.40128707885742 -7.903836727142334 0.4670
Pedestrian 1 1 1 808.1785278320312 160.7046661376953 848.1117553710938 230.42385864257812 0.7460826635360718 1.7586603164672852 0.6688898205757141 5.596920967102051 1.4518945217132568 18.686573028564453 -3.734818935394287 0.4644
Cyclist 1 1 1 249.29830932617188 173.3441619873047 288.1849365234375 223.45834350585938 1.8145275115966797 1.705684781074524 0.5264486074447632 -12.075467109680176 1.7233147621154785 25.48494529724121 -4.718789577484131 0.3483
Car 1 1 1 461.8652038574219 177.5092010498047 493.78399658203125 202.0339813232422 3.938082218170166 1.621675968170166 1.634233832359314 -9.231345176696777 1.959822177886963 50.463096618652344 -7.886850833892822 0.3262
Pedestrian 1 1 1 0.0 165.8489227294922 35.89334487915039 239.17127990722656 0.7480779886245728 1.7463971376419067 0.5927869081497192 -14.583691596984863 1.5792499780654907 17.64595603942871 -5.115423202514648 0.3236
Pedestrian 1 1 1 1200.3427734375 140.36697387695312 1241.0 237.55320739746094 0.8305240869522095 1.8035491704940796 0.5810130834579468 11.819405555725098 1.2003661394119263 13.847972869873047 -3.6591906547546387 0.3194
Pedestrian 1 1 1 262.7647399902344 172.15028381347656 287.2709045410156 212.7852325439453 0.7091403007507324 1.6987777948379517 0.6307493448257446 -14.243464469909668 1.6690585613250732 30.595239639282227 -7.559906482696533 0.2907
Pedestrian 1 1 1 213.31167602539062 170.72557067871094 245.87742614746094 225.7499542236328 0.6870341300964355 1.710608720779419 0.6482153534889221 -12.05799388885498 1.6441394090652466 22.79345703125 -7.794562816619873 0.2889
Pedestrian 1 1 1 203.6844482421875 163.8831787109375 234.70669555664062 217.33424377441406 0.7460269331932068 1.7872141599655151 0.6307618618011475 -13.317285537719727 1.4869616031646729 24.51454734802246 -7.8020453453063965 0.2866
Pedestrian 1 1 1 197.79637145996094 164.3179168701172 220.51023864746094 207.86619567871094 0.6474007964134216 1.804264783859253 0.6488048434257507 -16.850637435913086 1.450303316116333 30.263545989990234 -8.006546974182129 0.2732
Car 1 1 1 611.7774658203125 172.4469451904297 633.0729370117188 191.78016662597656 4.131019115447998 1.7228505611419678 1.6497520208358765 1.0922654867172241 1.6862763166427612 66.40888977050781 -7.912412166595459 0.2523
Pedestrian 1 1 1 341.6090393066406 167.31639099121094 359.45745849609375 202.2584686279297 0.7380229830741882 1.7705953121185303 0.6487153172492981 -13.315547943115234 1.4896920919418335 36.931053161621094 -7.854196071624756 0.2519
Pedestrian 1 1 1 833.5850830078125 155.82484436035156 880.9463500976562 239.29983520507812 0.8502439856529236 1.7645173072814941 0.5864222645759583 5.339651584625244 1.4042506217956543 15.734821319580078 -6.887083530426025 0.2501
Pedestrian 1 1 1 294.66497802734375 174.1953582763672 311.7364501953125 218.157958984375 0.7810297608375549 1.692525029182434 0.5730235576629639 -12.06049633026123 1.7456457614898682 28.27147674560547 -5.058104991912842 0.2414
Pedestrian 1 1 1 293.72283935546875 172.03944396972656 317.3106994628906 213.31918334960938 0.6600746512413025 1.7269444465637207 0.6565056443214417 -12.946479797363281 1.6925678253173828 30.585681915283203 -7.60803747177124 0.2374
Car 1 1 1 0.0 0.0 1241.0 374.0 3.7202200889587402 1.5254257917404175 1.6062005758285522 3.0276894569396973 1.5380191802978516 0.9898225665092468 -7.9272942543029785 0.2364
Car 1 1 1 105.27266693115234 187.33094787597656 239.79371643066406 262.739013671875 3.9314985275268555 1.4721348285675049 1.5873689651489258 -10.155929565429688 1.8547416925430298 16.98764991760254 -4.947617530822754 0.2330
Pedestrian 1 1 1 950.7119750976562 157.6361083984375 1002.9676513671875 271.1871337890625 0.6681022047996521 1.7145473957061768 0.5865792036056519 5.6690263748168945 1.4844670295715332 11.287081718444824 -7.622974872589111 0.2144
Car 1 1 1 618.573974609375 175.3378448486328 643.7635498046875 195.32188415527344 4.012000560760498 1.6098277568817139 1.6209220886230469 1.7227392196655273 1.8256800174713135 60.71541976928711 -7.951747417449951 0.2084
Car 1 1 1 643.8553466796875 174.52891540527344 682.08935546875 205.1573486328125 3.7027854919433594 1.5438690185546875 1.5935511589050293 2.737229347229004 1.6372383832931519 38.46419906616211 -7.90217924118042 0.2076
Pedestrian 1 1 1 413.53240966796875 163.79774475097656 432.21795654296875 206.18984985351562 0.6917611956596375 1.8110343217849731 0.5644392371177673 -8.14291763305664 1.4238420724868774 31.22675323486328 -3.577698230743408 0.2048
Car 1 1 1 625.4993286132812 173.46534729003906 659.5987548828125 201.84014892578125 4.046396732330322 1.63460111618042 1.6716021299362183 1.9839733839035034 1.6731942892074585 43.780540466308594 -7.708378314971924 0.2017
Pedestrian 1 1 1 113.96722412109375 168.15060424804688 156.02099609375 237.63665771484375 0.7143766283988953 1.7632932662963867 0.5964990854263306 -12.345544815063477 1.6436389684677124 18.690549850463867 -4.6295247077941895 0.2010
Pedestrian 1 1 1 1066.552001953125 150.4805450439453 1101.4803466796875 211.0950927734375 0.7626501321792603 1.8047599792480469 0.6026791334152222 14.324617385864258 1.1383047103881836 21.89405059814453 -7.749324321746826 0.1855
Pedestrian 1 1 1 371.0256042480469 171.63552856445312 384.82275390625 204.53103637695312 0.7786750793457031 1.7238638401031494 0.6370826959609985 -12.34162425994873 1.65971040725708 38.2636604309082 -8.085471153259277 0.1819
Car 1 1 1 369.50732421875 175.9449462890625 417.4001159667969 203.5369873046875 3.894726514816284 1.6146634817123413 1.6742414236068726 -13.369625091552734 1.8140757083892822 44.643436431884766 -4.675713062286377 0.1803
Pedestrian 1 1 1 1182.5499267578125 128.80264282226562 1241.0 338.7228088378906 0.6618594527244568 1.7851934432983398 0.6192178726196289 5.657873630523682 1.4102740287780762 6.496811866760254 -7.75194787979126 0.1757
Car 1 1 1 0.0 0.0 1241.0 374.0 3.7554564476013184 1.536239743232727 1.602510690689087 1.4247143268585205 1.552247166633606 0.7153306603431702 -7.84789514541626 0.1744
Car 1 1 1 712.6067504882812 175.79904174804688 774.2266235351562 210.510986328125 3.935617685317993 1.5349162817001343 1.640212059020996 6.230010032653809 1.683221697807312 34.33301544189453 -8.018189430236816 0.1743
Pedestrian 1 1 1 1184.1370849609375 143.20164489746094 1232.51416015625 251.82562255859375 0.7213209271430969 1.725051760673523 0.5789097547531128 9.814842224121094 1.253844141960144 11.92087173461914 -4.070907115936279 0.1737
Pedestrian 1 1 1 25.76128387451172 169.72988891601562 67.25696563720703 238.01303100585938 0.7464110255241394 1.7246620655059814 0.5909671187400818 -14.608405113220215 1.645455002784729 18.656648635864258 -4.9506707191467285 0.1729
Pedestrian 1 1 1 339.6123962402344 169.2415008544922 355.0606384277344 200.5767364501953 0.707349956035614 1.7582288980484009 0.6237365007400513 -14.901737213134766 1.5552303791046143 40.84339904785156 -7.8670172691345215 0.1721
Pedestrian 1 1 1 386.16961669921875 168.67857360839844 401.77215576171875 200.4343719482422 0.7923197746276855 1.7925491333007812 0.6275208592414856 -12.349869728088379 1.556554913520813 41.138668060302734 -7.81076192855835 0.1717
Cyclist 1 1 1 946.4182739257812 155.30386352539062 1013.7211303710938 234.99954223632812 1.7500498294830322 1.6903458833694458 0.5070544481277466 8.214144706726074 1.3178075551986694 16.19500732421875 -7.926987171173096 0.1654
Car 1 1 1 545.3731079101562 177.77700805664062 575.01513671875 203.53384399414062 3.7911133766174316 1.5133010149002075 1.593386173248291 -3.1029229164123535 1.8330659866333008 45.01397705078125 -4.71334171295166 0.1636
Car 1 1 1 170.9104766845703 178.984130859375 262.6147155761719 219.62103271484375 3.610703229904175 1.4602346420288086 1.5502675771713257 -15.358931541442871 1.7159579992294312 28.306909561157227 -4.682245254516602 0.1629
Pedestrian 1 1 1 168.0548553466797 167.90414428710938 197.45616149902344 218.91880798339844 0.7154521942138672 1.7491577863693237 0.6023426055908203 -14.901772499084473 1.579140543937683 25.09964942932129 -4.7200517654418945 0.1591
Pedestrian 1 1 1 286.719970703125 168.36302185058594 310.9651184082031 212.0988311767578 0.7128333449363708 1.7504545450210571 0.6319719552993774 -12.66091537475586 1.5704102516174316 29.268842697143555 -7.738418102264404 0.1587
Car 1 1 1 0.0 182.24325561523438 19.07920265197754 258.90228271484375 3.5104904174804688 1.5041478872299194 1.5840134620666504 -15.65678882598877 1.7398791313171387 16.365089416503906 -4.735696315765381 0.1587
Car 1 1 1 680.7611083984375 177.25559997558594 724.9530639648438 211.80926513671875 3.8641598224639893 1.525283932685852 1.623301386833191 4.3112053871154785 1.7459272146224976 34.28119659423828 -4.706015110015869 0.1573
Pedestrian 1 1 1 1092.749755859375 151.00343322753906 1130.7484130859375 212.9471435546875 0.7679283022880554 1.8194096088409424 0.5919808149337769 14.951669692993164 1.1773152351379395 21.5858097076416 -7.884461879730225 0.1554
Car 1 1 1 207.02285766601562 174.86500549316406 280.48944091796875 208.12437438964844 3.844212293624878 1.533003330230713 1.649078369140625 -17.918701171875 1.636770486831665 35.414363861083984 -4.709770679473877 0.1535
Pedestrian 1 1 1 87.48121643066406 164.68215942382812 130.44195556640625 238.1091766357422 0.6993963718414307 1.7663304805755615 0.5668858289718628 -12.33808708190918 1.5694520473480225 17.708837509155273 -4.704869270324707 0.1532
Pedestrian 1 1 1 49.905738830566406 162.80462646484375 99.05936431884766 243.44168090820312 0.7348114848136902 1.7156803607940674 0.5810043811798096 -11.73254680633545 1.501564383506775 15.755765914916992 -4.85054874420166 0.1529
Pedestrian 1 1 1 1067.7586669921875 152.9805450439453 1106.344482421875 222.8583526611328 0.7428380846977234 1.733985424041748 0.5950127840042114 12.058852195739746 1.240534782409668 18.333377838134766 -4.48582649230957 0.1525
Pedestrian 1 1 1 786.0999145507812 161.69778442382812 808.5269165039062 220.29063415527344 0.7069992423057556 1.7432969808578491 0.611014723777771 5.640240669250488 1.4110690355300903 21.900123596191406 -7.529716968536377 0.1523
Pedestrian 1 1 1 901.5786743164062 158.7589569091797 926.7962036132812 216.18716430664062 0.6671891808509827 1.7113577127456665 0.6178932785987854 9.178262710571289 1.2910261154174805 21.90337371826172 -7.594991207122803 0.1519
Pedestrian 1 1 1 157.34591674804688 165.45082092285156 196.0497589111328 230.0929412841797 0.7489734292030334 1.7527867555618286 0.5807240009307861 -12.03457260131836 1.5517476797103882 19.971853256225586 -7.73136568069458 0.1519
Car 1 1 1 255.4679412841797 172.9976806640625 316.2998046875 202.87493896484375 3.883387327194214 1.5971254110336304 1.6529825925827026 -18.165119171142578 1.605285406112671 40.53701400756836 -4.705173492431641 0.1516
Pedestrian 1 1 1 1063.7783203125 129.4699249267578 1135.9105224609375 291.6157531738281 0.6836907267570496 1.7811849117279053 0.5995839834213257 5.634959697723389 1.3043073415756226 8.380703926086426 -7.110626697540283 0.1507
Pedestrian 1 1 1 1008.3851318359375 159.27891540527344 1063.1549072265625 264.8941345214844 0.5922195315361023 1.607904076576233 0.5046528577804565 6.591268062591553 1.4009348154067993 11.282608032226562 -7.860684871673584 0.1504
Pedestrian 1 1 1 751.610107421875 162.7848358154297 769.7478637695312 209.4341278076172 0.7257556319236755 1.740787386894226 0.6339243650436401 5.6571502685546875 1.364741563796997 27.33193588256836 -7.701953411102295 0.1497
Car 1 1 1 293.7442932128906 176.58331298828125 341.8511657714844 208.9872589111328 3.8523690700531006 1.477491021156311 1.5855071544647217 -14.318222999572754 1.6708996295928955 35.42504119873047 -4.933650493621826 0.1496
Car 1 1 1 471.0596923828125 179.04234313964844 492.4047546386719 198.60675048828125 3.86822772026062 1.6071547269821167 1.6097663640975952 -11.116141319274902 2.160733938217163 62.56402587890625 -4.832076549530029 0.1479
Pedestrian 1 1 1 361.3070068359375 172.2630615234375 375.7334289550781 200.1286163330078 0.6889769434928894 1.7751699686050415 0.6514132618904114 -15.54041862487793 1.7372239828109741 46.342533111572266 -7.747786998748779 0.1473
Car 1 1 1 0.0 0.0 1241.0 374.0 3.8811700344085693 1.5402058362960815 1.6441538333892822 -3.425511598587036 1.624240756034851 0.9266785979270935 -7.908840656280518 0.1463
Pedestrian 1 1 1 849.8587646484375 159.1911163330078 872.2855834960938 218.05128479003906 0.707554042339325 1.7499570846557617 0.6112795472145081 7.572906970977783 1.343449354171753 21.893850326538086 -7.473433017730713 0.1435
Car 1 1 1 585.332763671875 177.8658905029297 616.2156372070312 207.35325622558594 3.7740414142608643 1.5128475427627563 1.6120420694351196 -0.5295811295509338 1.800414800643921 39.55201721191406 -7.85869836807251 0.1433
Car 1 1 1 0.0 187.1524200439453 0.0 374.0 3.921954393386841 1.551645278930664 1.6246321201324463 -5.346783638000488 1.631710171699524 2.0709176063537598 -7.884048938751221 0.1424
Cyclist 1 1 1 690.80419921875 172.81593322753906 705.1685180664062 200.0952606201172 1.7957993745803833 1.7177709341049194 0.6261935234069824 5.608920574188232 1.715073823928833 46.346073150634766 -4.757330894470215 0.1419
Pedestrian 1 1 1 0.0 171.8519744873047 27.651235580444336 232.91456604003906 0.5712435245513916 1.7459124326705933 0.6048303842544556 -17.47157096862793 1.7169628143310547 20.924951553344727 -4.682215213775635 0.1412
Car 1 1 1 115.34864807128906 181.63449096679688 232.95118713378906 235.1828155517578 3.4688377380371094 1.4821054935455322 1.5254682302474976 -13.365205764770508 1.774071216583252 22.278820037841797 -4.707477569580078 0.1411
Cyclist 1 1 1 991.2282104492188 155.7293243408203 1065.6807861328125 239.22683715820312 1.7434115409851074 1.687049150466919 0.5087386965751648 8.87049388885498 1.340748906135559 15.462475776672363 -7.907012462615967 0.1410
Pedestrian 1 1 1 762.7198486328125 160.0159149169922 788.2440795898438 215.09298706054688 0.679278552532196 1.759317398071289 0.6341278553009033 5.344527721405029 1.3489327430725098 23.501697540283203 -7.319935321807861 0.1406
Cyclist 1 1 1 984.8203125 151.20997619628906 1118.3804931640625 258.021240234375 1.8140618801116943 1.716454267501831 0.6364655494689941 7.2088422775268555 1.368335247039795 11.917007446289062 -3.137528896331787 0.1395
Car 1 1 1 0.0 0.0 1241.0 374.0 3.7493503093719482 1.5255640745162964 1.6030186414718628 4.610889911651611 1.4997689723968506 1.3034842014312744 -8.000635147094727 0.1394
Pedestrian 1 1 1 822.2045288085938 160.52182006835938 861.1668701171875 234.25804138183594 0.7437229752540588 1.7642780542373657 0.6118407845497131 5.6445817947387695 1.4689075946807861 17.738107681274414 -3.846419334411621 0.1393
Car 1 1 1 0.0 181.1205291748047 100.58831024169922 241.2688446044922 3.599400758743286 1.4558873176574707 1.55354642868042 -15.936732292175293 1.7049075365066528 19.87285804748535 -4.849292278289795 0.1384
Car 1 1 1 632.1350708007812 171.0728302001953 652.87158203125 191.0323486328125 4.098302841186523 1.778645396232605 1.6408077478408813 2.9986572265625 1.619620442390442 66.42584991455078 -7.7424750328063965 0.1381
Car 1 1 1 244.59544372558594 178.10690307617188 311.2870788574219 211.21693420410156 4.029939651489258 1.5000576972961426 1.6696666479110718 -16.244150161743164 1.7726740837097168 35.41712188720703 -4.785642147064209 0.1370
Car 1 1 1 711.7599487304688 176.87945556640625 796.3716430664062 236.10821533203125 3.8956637382507324 1.5018353462219238 1.5998762845993042 3.9325673580169678 1.6268856525421143 20.51474380493164 -7.8611578941345215 0.1366
Pedestrian 1 1 1 1146.1671142578125 152.3869171142578 1192.112548828125 226.2757110595703 0.7409765124320984 1.7734003067016602 0.5926299691200256 13.666828155517578 1.2818713188171387 17.71900749206543 -4.599833965301514 0.1353
Pedestrian 1 1 1 983.3051147460938 156.8431854248047 1012.5469970703125 226.81582641601562 0.7604846358299255 1.7352529764175415 0.5771664977073669 9.807746887207031 1.3379004001617432 18.354448318481445 -7.467086315155029 0.1352
Pedestrian 1 1 1 493.36181640625 171.1173553466797 507.17437744140625 196.2646484375 0.8668333888053894 1.8552709817886353 0.5706636905670166 -8.195966720581055 1.7268478870391846 53.69735336303711 -6.811988353729248 0.1349
Pedestrian 1 1 1 115.98687744140625 161.38729858398438 153.92379760742188 229.18942260742188 0.7575493454933167 1.801206350326538 0.5678524374961853 -12.977232933044434 1.496286153793335 19.637657165527344 -3.9418959617614746 0.1346
Pedestrian 1 1 1 1119.157470703125 123.94012451171875 1206.1907958984375 308.8645324707031 0.7225027084350586 1.7925959825515747 0.5773499608039856 5.648918628692627 1.318141222000122 7.448787212371826 -6.993704795837402 0.1339
Car 1 1 1 551.3817138671875 177.1432342529297 576.4282836914062 199.52310180664062 3.866149425506592 1.5363949537277222 1.6086937189102173 -3.404308319091797 1.8590800762176514 52.31938171386719 -4.828917026519775 0.1305
Car 1 1 1 521.7923583984375 177.2521209716797 558.9718627929688 210.39236450195312 3.9099624156951904 1.507499098777771 1.640205979347229 -3.399501323699951 1.7348015308380127 35.34519958496094 -4.763355731964111 0.1299
Car 1 1 1 393.3101806640625 180.30795288085938 430.218017578125 205.4035186767578 3.949878692626953 1.5804662704467773 1.6469566822052002 -13.352237701416016 2.1038825511932373 48.66986083984375 -4.779348373413086 0.1298
Car 1 1 1 193.37210083007812 179.67703247070312 289.71551513671875 223.4501190185547 3.944971799850464 1.4803416728973389 1.589002251625061 -13.696413040161133 1.7539206743240356 26.989639282226562 -4.711531639099121 0.1274
Pedestrian 1 1 1 133.41635131835938 164.61083984375 165.7609405517578 219.36318969726562 0.7714414596557617 1.776344895362854 0.6004546880722046 -15.232844352722168 1.5086098909378052 23.811796188354492 -7.9129862785339355 0.1271
Car 1 1 1 577.3603515625 176.83856201171875 603.6776733398438 199.1725311279297 3.919919013977051 1.5367666482925415 1.633104920387268 -1.4791194200515747 1.8370667695999146 52.40315246582031 -7.952316761016846 0.1268
Car 1 1 1 506.84765625 179.4701385498047 541.1724243164062 201.71031188964844 3.8350603580474854 1.5367640256881714 1.5854647159576416 -6.310773849487305 2.041421890258789 53.060882568359375 -4.573872089385986 0.1265
Pedestrian 1 1 1 970.1239624023438 157.9618682861328 997.0930786132812 215.55728149414062 0.6778724193572998 1.7377681732177734 0.6271669864654541 11.431966781616211 1.2881428003311157 22.18712043762207 -7.551849842071533 0.1256
Pedestrian 1 1 1 479.4983215332031 173.19021606445312 494.6923828125 200.60801696777344 0.8062817454338074 1.8000826835632324 0.5972810983657837 -8.188048362731934 1.822329044342041 47.885677337646484 -7.224833965301514 0.1253
Car 1 1 1 562.4234619140625 177.5894012451172 587.8731079101562 198.8872528076172 3.9557816982269287 1.5709822177886963 1.6507244110107422 -2.775660514831543 1.9531826972961426 56.21242141723633 -4.8450026512146 0.1240
Pedestrian 1 1 1 15.678373336791992 161.0232696533203 71.78075408935547 246.98216247558594 0.7004149556159973 1.7265504598617554 0.5897680521011353 -11.709522247314453 1.4886213541030884 14.868475914001465 -4.6203227043151855 0.1235
Cyclist 1 1 1 1019.3724365234375 155.6744384765625 1096.2974853515625 238.5888671875 1.7131439447402954 1.6778680086135864 0.5081120729446411 9.504667282104492 1.3299200534820557 15.470771789550781 -7.910881519317627 0.1232
Car 1 1 1 332.23236083984375 176.68739318847656 376.9435729980469 204.7609405517578 3.9651920795440674 1.581413984298706 1.6440223455429077 -15.286510467529297 1.8218904733657837 43.263343811035156 -4.815451622009277 0.1226
Pedestrian 1 1 1 932.5567016601562 158.88148498535156 959.576171875 216.23512268066406 0.6593983173370361 1.7081656455993652 0.6222057938575745 10.135782241821289 1.2917219400405884 21.882183074951172 -7.621097087860107 0.1226
Pedestrian 1 1 1 315.0305480957031 169.82379150390625 337.0937194824219 211.20382690429688 0.6617281436920166 1.7326428890228271 0.6482737064361572 -12.066529273986816 1.6054633855819702 30.56463623046875 -7.783722400665283 0.1224
Pedestrian 1 1 1 994.1084594726562 156.6057586669922 1026.16259765625 215.41818237304688 0.7019230723381042 1.752129077911377 0.6336695551872253 12.078228950500488 1.2677644491195679 21.883392333984375 -7.729919910430908 0.1224
Pedestrian 1 1 1 798.33203125 152.70794677734375 829.0587768554688 238.4834442138672 0.805016815662384 1.8185572624206543 0.6304762959480286 4.401419639587402 1.3911336660385132 15.772188186645508 -7.57055139541626 0.1216
Pedestrian 1 1 1 467.0141906738281 172.6175994873047 482.5731506347656 200.91392517089844 0.8360621333122253 1.8212605714797974 0.5930905938148499 -8.829263687133789 1.8057445287704468 46.95142364501953 -7.3266777992248535 0.1215
Pedestrian 1 1 1 1133.8204345703125 144.18836975097656 1198.2479248046875 255.01675415039062 0.6923273801803589 1.717848777770996 0.5916717052459717 8.859305381774902 1.2732291221618652 11.591371536254883 -7.609492778778076 0.1212
Pedestrian 1 1 1 1039.6229248046875 154.54989624023438 1074.232666015625 213.58238220214844 0.7520261406898499 1.7848323583602905 0.6087736487388611 13.69271469116211 1.2311123609542847 22.199398040771484 -7.827696323394775 0.1212
Car 1 1 1 0.0 189.15574645996094 53.84804153442383 341.7476806640625 4.097274303436279 1.5060759782791138 1.630677580833435 -9.810385704040527 1.771297574043274 9.660429954528809 -4.769611835479736 0.1206
Car 1 1 1 678.9061279296875 174.66677856445312 717.4867553710938 205.66497802734375 3.9719998836517334 1.5427066087722778 1.6645450592041016 4.571120738983154 1.6433134078979492 38.15401840209961 -7.82439661026001 0.1188
Cyclist 1 1 1 265.3896789550781 174.29742431640625 298.8495788574219 219.97454833984375 1.7611351013183594 1.6956799030303955 0.5376828908920288 -12.626078605651855 1.7526335716247559 27.73093032836914 -4.745484352111816 0.1184
Car 1 1 1 620.8626708984375 176.4076385498047 658.7206420898438 209.0304718017578 3.8782248497009277 1.4934231042861938 1.6355112791061401 1.3708877563476562 1.6771223545074463 35.407840728759766 -7.869734287261963 0.1183
Pedestrian 1 1 1 1167.8775634765625 146.12774658203125 1207.2684326171875 235.22434997558594 0.7811088562011719 1.7647404670715332 0.5822091698646545 11.777502059936523 1.2350726127624512 14.776349067687988 -3.974863052368164 0.1182
Cyclist 1 1 1 1047.7850341796875 154.93365478515625 1127.32666015625 238.1033477783203 1.7290538549423218 1.6829793453216553 0.5072653889656067 10.142104148864746 1.3200525045394897 15.474445343017578 -7.8930745124816895 0.1174
Pedestrian 1 1 1 86.65274047851562 164.5425567626953 117.50892639160156 236.89620971679688 0.7317134141921997 1.7961326837539673 0.5697283744812012 -12.972527503967285 1.5895066261291504 18.37000274658203 -5.221407413482666 0.1172
Cyclist 1 1 1 760.4799194335938 163.23214721679688 792.5811157226562 209.82403564453125 1.743383765220642 1.7107582092285156 0.5472900867462158 6.2603278160095215 1.3571631908416748 27.39950180053711 -4.888308048248291 0.1167
Car 1 1 1 488.9361877441406 178.39407348632812 519.063232421875 197.69534301757812 3.8591318130493164 1.5906217098236084 1.6088205575942993 -9.187775611877441 2.086723566055298 62.6353759765625 -4.585270404815674 0.1156
Pedestrian 1 1 1 0.0 165.2245330810547 5.750636100769043 242.8958282470703 0.7199527025222778 1.7596584558486938 0.5649570226669312 -14.603198051452637 1.5865116119384766 16.786800384521484 -5.10140323638916 0.1149
Car 1 1 1 333.2619323730469 181.57723999023438 398.2821960449219 221.40380859375 3.7936153411865234 1.4591318368911743 1.5645604133605957 -9.850154876708984 1.8356841802597046 29.22856903076172 -4.775744915008545 0.1145
Pedestrian 1 1 1 226.66334533691406 165.1576690673828 246.49609375 205.2946319580078 0.6455852389335632 1.78496253490448 0.635780394077301 -16.838911056518555 1.4423929452896118 32.46501922607422 -8.043654441833496 0.1140
Pedestrian 1 1 1 264.13409423828125 168.2289581298828 286.0119323730469 212.4595184326172 0.7545298933982849 1.765769362449646 0.6370662450790405 -13.607906341552734 1.5808284282684326 29.234243392944336 -8.037593841552734 0.1138
Car 1 1 1 680.3372192382812 171.0286407470703 708.2070922851562 194.69163513183594 3.8425583839416504 1.606462001800537 1.6542997360229492 5.8802900314331055 1.4822392463684082 50.93553924560547 -7.81654691696167 0.1133
Pedestrian 1 1 1 1113.4176025390625 152.08334350585938 1153.2626953125 213.7956085205078 0.7746536135673523 1.8059101104736328 0.5736674666404724 15.586891174316406 1.197790503501892 21.568408966064453 -8.147625923156738 0.1131
Pedestrian 1 1 1 902.8489379882812 155.71778869628906 937.1873779296875 250.9186248779297 0.6420296430587769 1.6906834840774536 0.5074880719184875 5.629075527191162 1.3860595226287842 13.21862506866455 -7.332557201385498 0.1131
Pedestrian 1 1 1 943.8214721679688 156.69113159179688 976.2256469726562 226.4011993408203 0.7080692052841187 1.7330431938171387 0.596493124961853 8.841221809387207 1.3309227228164673 18.34937286376953 -7.630101680755615 0.1126
Car 1 1 1 875.6857299804688 174.227294921875 1009.83154296875 218.39120483398438 3.9766407012939453 1.49947988986969 1.595451831817627 11.573895454406738 1.5489966869354248 25.361295700073242 -6.275661468505859 0.1115
Pedestrian 1 1 1 1172.8824462890625 148.7034149169922 1225.26953125 230.2048797607422 0.728604257106781 1.8111376762390137 0.5771834254264832 13.346261978149414 1.2741599082946777 16.426013946533203 -4.814806938171387 0.1115
Cyclist 1 1 1 1019.2412109375 153.50088500976562 1101.482666015625 247.19007873535156 1.7289680242538452 1.6817325353622437 0.5084006786346436 8.521995544433594 1.3340418338775635 13.818565368652344 -7.844414234161377 0.1110
Pedestrian 1 1 1 0.0 161.9877471923828 28.756385803222656 240.94012451171875 0.717007577419281 1.784042477607727 0.5750074982643127 -13.960127830505371 1.5382039546966553 16.762287139892578 -5.309078693389893 0.1106
Pedestrian 1 1 1 973.377685546875 152.44683837890625 1021.6636962890625 276.0124816894531 0.5690752863883972 1.766524314880371 0.5106757283210754 5.656037330627441 1.4744786024093628 10.656031608581543 -7.593188762664795 0.1105
Pedestrian 1 1 1 355.92120361328125 168.34353637695312 372.6221618652344 202.21441650390625 0.7634965777397156 1.762610673904419 0.6450504660606384 -12.956871032714844 1.527590274810791 37.94453048706055 -7.900567531585693 0.1103
Car 1 1 1 522.912841796875 177.90663146972656 552.0748901367188 201.45932006835938 3.8744070529937744 1.5348212718963623 1.6180146932601929 -4.995955467224121 1.896755337715149 49.789947509765625 -4.710406303405762 0.1098
Pedestrian 1 1 1 832.3477783203125 158.80679321289062 877.7645874023438 236.6556396484375 0.8341169357299805 1.7557002305984497 0.6033600568771362 5.634577751159668 1.4385980367660522 16.747060775756836 -3.6879186630249023 0.1098
Car 1 1 1 775.058349609375 176.89076232910156 854.945068359375 219.32044982910156 4.002407073974609 1.49897301197052 1.6590849161148071 7.789466381072998 1.6665979623794556 27.949485778808594 -4.79928731918335 0.1097
Pedestrian 1 1 1 363.51763916015625 168.66236877441406 380.6107177734375 203.05474853515625 0.7288809418678284 1.760029673576355 0.6518563628196716 -12.333250999450684 1.5452234745025635 37.29426193237305 -7.86985445022583 0.1096
Pedestrian 1 1 1 1021.9149780273438 139.13441467285156 1081.5137939453125 280.4248962402344 0.6450650095939636 1.740136981010437 0.56327885389328 5.648406982421875 1.3245458602905273 9.314627647399902 -4.00779914855957 0.1095
Pedestrian 1 1 1 398.74041748046875 169.64471435546875 412.29229736328125 199.35244750976562 0.808756947517395 1.7728474140167236 0.6174022555351257 -12.352961540222168 1.581028938293457 43.47663879394531 -7.8992018699646 0.1092
Car 1 1 1 1173.1109619140625 154.40866088867188 1241.0 338.41168212890625 4.086158275604248 1.54770028591156 1.6046327352523804 8.03048038482666 1.3922514915466309 7.041479110717773 -6.3679585456848145 0.1089
Car 1 1 1 0.0 0.0 1241.0 374.0 3.787158489227295 1.5561530590057373 1.6061683893203735 -1.17641019821167 1.5998438596725464 0.1095210611820221 -7.903918743133545 0.1088
Car 1 1 1 706.0913696289062 175.59600830078125 759.7354736328125 218.86944580078125 3.8724944591522217 1.5283478498458862 1.6068975925445557 4.602113246917725 1.6408843994140625 27.71317481994629 -4.655414581298828 0.1088
Car 1 1 1 1014.7752685546875 170.67332458496094 1140.5531005859375 219.34580993652344 3.577997922897339 1.4765046834945679 1.5337257385253906 15.204085350036621 1.4100526571273804 23.757415771484375 -4.834719657897949 0.1085
Pedestrian 1 1 1 856.4826049804688 156.69773864746094 902.2280883789062 242.09510803222656 0.8450363278388977 1.7399016618728638 0.5773662328720093 5.622769832611084 1.410431146621704 15.1979398727417 -7.0157904624938965 0.1084
Pedestrian 1 1 1 1170.1524658203125 149.0242919921875 1219.5692138671875 224.73809814453125 0.7541474103927612 1.8124920129776 0.5679572224617004 14.300622940063477 1.2417391538619995 17.71750831604004 -5.016577243804932 0.1075
Pedestrian 1 1 1 351.6598815917969 170.01316833496094 370.4903564453125 205.5594940185547 0.7353705763816833 1.737892508506775 0.6522585153579712 -12.338473320007324 1.5987019538879395 35.66067886352539 -7.8023457527160645 0.1073
Pedestrian 1 1 1 904.4523315429688 157.33993530273438 935.6896362304688 230.93365478515625 0.7675473093986511 1.7560491561889648 0.6126415729522705 7.560068130493164 1.3855618238449097 17.70301628112793 -4.180365085601807 0.1071
Pedestrian 1 1 1 276.2056579589844 164.40777587890625 318.6763916015625 235.52674865722656 0.8002185821533203 1.7317289113998413 0.6475310325622559 -7.844023704528809 1.5257654190063477 18.013280868530273 -4.562291622161865 0.1068
Car 1 1 1 248.3871307373047 180.42098999023438 352.06768798828125 214.99693298339844 3.8756442070007324 1.4572972059249878 1.6253948211669922 -13.622577667236328 1.799678087234497 31.746780395507812 -3.0807690620422363 0.1066
Car 1 1 1 221.2611541748047 181.39512634277344 327.2628173828125 233.0524139404297 3.8618531227111816 1.4954380989074707 1.5890252590179443 -10.832415580749512 1.7961244583129883 23.479337692260742 -4.6910929679870605 0.1064
Car 1 1 1 512.530029296875 177.83340454101562 545.5689086914062 206.3744354248047 3.8750767707824707 1.548624038696289 1.6352986097335815 -4.681941986083984 1.8504295349121094 41.807003021240234 -4.753459453582764 0.1063
Pedestrian 1 1 1 0.0 160.00674438476562 53.453792572021484 245.08322143554688 0.7306241393089294 1.732661247253418 0.566743016242981 -12.306347846984863 1.4707151651382446 15.13097858428955 -4.390520095825195 0.1062
Cyclist 1 1 1 991.6082763671875 156.57752990722656 1056.27978515625 227.01803588867188 1.7453855276107788 1.7056031227111816 0.5200196504592896 10.446136474609375 1.311194658279419 18.36334800720215 -7.943701267242432 0.1054
Pedestrian 1 1 1 313.8710632324219 165.6790313720703 333.5196838378906 204.8067169189453 0.6452596783638 1.7962846755981445 0.6701769232749939 -13.313780784606934 1.4665945768356323 33.45936584472656 -7.890945911407471 0.1052
Car 1 1 1 611.7717895507812 176.04144287109375 639.2734375 198.50140380859375 3.8110339641571045 1.5859824419021606 1.601058006286621 1.0864206552505493 1.8306682109832764 53.48389434814453 -7.949717044830322 0.1048
Pedestrian 1 1 1 0.0 156.7356719970703 21.725309371948242 245.96029663085938 0.7202543616294861 1.8169443607330322 0.5594955086708069 -12.958195686340332 1.4884154796600342 15.146880149841309 -4.152864456176758 0.1048
Pedestrian 1 1 1 1100.5289306640625 153.4990997314453 1140.7864990234375 222.5762176513672 0.7732250690460205 1.7748839855194092 0.5903695225715637 13.364243507385254 1.277274489402771 18.97161865234375 -4.5367021560668945 0.1046
Car 1 1 1 396.9058532714844 178.3934326171875 439.6189270019531 208.35682678222656 4.056152820587158 1.5207747220993042 1.6427744626998901 -10.472044944763184 1.839844822883606 39.49870681762695 -4.81365442276001 0.1046
Pedestrian 1 1 1 1093.2569580078125 150.4138946533203 1153.7825927734375 251.79379272460938 0.660540759563446 1.7133818864822388 0.5639902949333191 8.862466812133789 1.33383047580719 12.547090530395508 -7.937591075897217 0.1044
Car 1 1 1 1209.7275390625 167.4839324951172 1241.0 374.0 4.022496700286865 1.4791723489761353 1.6124546527862549 5.928534030914307 1.4559555053710938 4.143321990966797 -6.4152913093566895 0.1044
Pedestrian 1 1 1 693.4586791992188 169.55291748046875 709.5142211914062 199.9481964111328 0.7755730152130127 1.7664412260055542 0.593119740486145 5.342966079711914 1.5742963552474976 42.418190002441406 -7.096771717071533 0.1043
Pedestrian 1 1 1 440.8489074707031 168.13992309570312 456.46844482421875 200.7554931640625 0.7389156818389893 1.7563694715499878 0.630993127822876 -8.811907768249512 1.5022133588790894 39.253421783447266 -7.757405757904053 0.1040
Pedestrian 1 1 1 1000.209716796875 152.9575653076172 1057.7335205078125 251.96739196777344 0.6389697790145874 1.6701874732971191 0.5849037766456604 7.2263946533203125 1.3342564105987549 12.554990768432617 -8.111540794372559 0.1036
Pedestrian 1 1 1 1014.3812866210938 156.4287567138672 1048.1739501953125 215.29713439941406 0.6986934542655945 1.7555433511734009 0.6290501356124878 12.716418266296387 1.2654180526733398 21.87793731689453 -7.817457675933838 0.1036
Car 1 1 1 1108.389404296875 170.60516357421875 1241.0 223.66029357910156 3.5435843467712402 1.4779614210128784 1.5684500932693481 17.148845672607422 1.4150152206420898 21.90719223022461 -4.76021671295166 0.1034
Car 1 1 1 433.74981689453125 172.79428100585938 462.4731750488281 193.33607482910156 4.159478664398193 1.8434122800827026 1.676788568496704 -14.977234840393066 1.837752342224121 66.84188842773438 -7.8398051261901855 0.1031
Car 1 1 1 643.5858154296875 174.24261474609375 664.4010620117188 194.49453735351562 3.983799934387207 1.622727870941162 1.6741350889205933 3.6306698322296143 1.7420680522918701 60.13016128540039 -7.797210216522217 0.1030
Cyclist 1 1 1 969.3447265625 155.56710815429688 1046.3680419921875 244.94235229492188 1.7343530654907227 1.6829721927642822 0.5106567144393921 7.878044605255127 1.3571531772613525 14.466540336608887 -7.907975673675537 0.1025
Pedestrian 1 1 1 0.0 160.72703552246094 45.5556755065918 251.42156982421875 0.6596238613128662 1.7344859838485718 0.5666763782501221 -11.7041597366333 1.5022640228271484 14.188706398010254 -4.4623188972473145 0.1023
Pedestrian 1 1 1 53.50715637207031 164.05850219726562 88.04830169677734 233.6791534423828 0.744835615158081 1.755768060684204 0.5910061597824097 -13.98574161529541 1.533653736114502 18.661386489868164 -5.172184944152832 0.1022
