Car 1 1 1 377.5022888183594 183.55213928222656 500.3500671386719 281.6705017089844 4.016728401184082 1.5108606815338135 1.619479775428772 -3.1073379516601562 1.7429884672164917 13.617741584777832 -4.779862880706787 0.7887
Car 1 1 1 680.7975463867188 179.5952911376953 855.9358520507812 243.46011352539062 4.118797302246094 1.5474157333374023 1.6672909259796143 3.9336912631988525 1.7291067838668823 18.57606315612793 -6.317061901092529 0.7776
Car 1 1 1 473.9820251464844 182.11317443847656 538.3892822265625 237.53558349609375 3.846632242202759 1.4931050539016724 1.6078779697418213 -3.1346025466918945 1.8010298013687134 22.056598663330078 -4.764184951782227 0.7589
Car 1 1 1 627.1827392578125 178.415771484375 720.9921264648438 214.66000366210938 4.054374694824219 1.5703904628753662 1.6983698606491089 2.7787256240844727 1.8262660503387451 32.37957000732422 -6.285821437835693 0.7432
Car 1 1 1 663.6107177734375 180.43101501464844 790.5292358398438 227.54827880859375 4.083074569702148 1.5103018283843994 1.6429733037948608 3.824019193649292 1.7757622003555298 24.368867874145508 -6.22505521774292 0.5804
Pedestrian 1 1 1 757.7952880859375 167.27688598632812 775.2626342773438 206.47821044921875 0.7195491194725037 1.724141240119934 0.6480742692947388 6.918504238128662 1.4785501956939697 32.108680725097656 -7.80822229385376 0.4481
Car 1 1 1 0.0 192.47637939453125 124.04965209960938 374.0 3.7553114891052246 1.508984088897705 1.5831048488616943 -5.690537929534912 1.712043046951294 5.529400825500488 -4.814144134521484 0.4297
Pedestrian 1 1 1 775.1415405273438 170.9973907470703 787.3707275390625 204.71160888671875 0.6957409977912903 1.7248222827911377 0.6022960543632507 8.814579963684082 1.6295381784439087 37.3179931640625 -4.497643947601318 0.4063
Car 1 1 1 389.31719970703125 183.3743438720703 460.163330078125 235.23831176757812 3.748469114303589 1.4925082921981812 1.5467582941055298 -5.976861000061035 1.8621926307678223 23.458480834960938 -4.771832466125488 0.3454
Pedestrian 1 1 1 784.2638549804688 173.3494110107422 807.2315673828125 212.35888671875 0.7752097249031067 1.7161424160003662 0.622601330280304 8.247658729553223 1.7382702827453613 32.20916748046875 -3.621138095855713 0.3350
Car 1 1 1 617.04248046875 178.30023193359375 640.6798095703125 199.20513916015625 3.7291629314422607 1.5104976892471313 1.5827569961547852 1.379277229309082 1.939673662185669 55.00917053222656 -7.886662006378174 0.3160
Car 1 1 1 428.0247497558594 183.04824829101562 486.74267578125 224.98843383789062 3.861398220062256 1.4954302310943604 1.5698192119598389 -6.018054962158203 1.926858901977539 28.614530563354492 -4.728052616119385 0.3072
Pedestrian 1 1 1 816.5386352539062 160.2950439453125 845.6324462890625 224.8007049560547 0.7945929169654846 1.8042008876800537 0.6312817931175232 6.2539191246032715 1.4526314735412598 20.599754333496094 -7.783294200897217 0.2943
Car 1 1 1 546.0806274414062 176.88116455078125 571.8023071289062 202.79025268554688 4.024219512939453 1.6422438621520996 1.6329107284545898 -3.4224727153778076 1.9236308336257935 48.42036056518555 -4.760217666625977 0.2872
Car 1 1 1 810.0780029296875 179.88088989257812 1093.2235107421875 278.1196594238281 3.787879705429077 1.4406657218933105 1.5836416482925415 5.267192363739014 1.5610357522964478 11.546385765075684 -6.311058044433594 0.2589
Car 1 1 1 448.97161865234375 180.78285217285156 496.4701232910156 216.57994079589844 3.66847825050354 1.5140395164489746 1.5605775117874146 -6.295205593109131 1.898762822151184 33.187408447265625 -4.733468055725098 0.2587
Pedestrian 1 1 1 975.0878295898438 160.77865600585938 1005.844970703125 225.3094024658203 0.7801902294158936 1.6878993511199951 0.5926111340522766 10.133886337280273 1.3717504739761353 19.332555770874023 -7.55746603012085 0.2388
Pedestrian 1 1 1 460.02825927734375 173.07293701171875 468.507080078125 197.82290649414062 0.8316091895103455 1.7942225933074951 0.5369452238082886 -10.694131851196289 1.8100850582122803 52.79031753540039 -8.140918731689453 0.2261
Pedestrian 1 1 1 863.3541870117188 156.98916625976562 888.6278076171875 209.6791534423828 0.7614785432815552 1.8013839721679688 0.6386297941207886 9.188591957092285 1.258691668510437 25.071609497070312 -4.637990951538086 0.2259
Car 1 1 1 779.72900390625 179.99143981933594 900.3456420898438 263.595947265625 3.5790905952453613 1.5021902322769165 1.594643473625183 4.612953186035156 1.6696175336837769 15.117141723632812 -7.787238597869873 0.2239
Car 1 1 1 0.0 154.9696502685547 410.5672607421875 374.0 4.122282028198242 1.6657248735427856 1.7138614654541016 -3.094320058822632 1.567291259765625 6.047489643096924 -4.745424270629883 0.2216
Car 1 1 1 1007.4852905273438 168.36599731445312 1241.0 374.0 3.945302963256836 1.510404109954834 1.610608696937561 3.7278730869293213 1.5001766681671143 2.5361084938049316 -6.352527618408203 0.2192
Car 1 1 1 616.4119262695312 179.50299072265625 646.3432006835938 203.26504516601562 3.656682014465332 1.5407108068466187 1.5837405920028687 1.4061874151229858 2.0163724422454834 49.7492790222168 -7.959134578704834 0.2188
Pedestrian 1 1 1 1079.8043212890625 138.6122589111328 1146.844482421875 270.3859558105469 0.6032988429069519 1.7619892358779907 0.5916156768798828 6.913183689117432 1.3038318157196045 10.015165328979492 -4.453871250152588 0.2114
Pedestrian 1 1 1 399.0293884277344 165.24038696289062 416.6104736328125 200.440673828125 0.7063380479812622 1.7854222059249878 0.619127631187439 -10.404365539550781 1.3989461660385132 37.0023307800293 -7.666743755340576 0.2073
Pedestrian 1 1 1 915.3988037109375 157.3045654296875 941.6221923828125 216.51356506347656 0.712029218673706 1.7355538606643677 0.6412149667739868 9.471616744995117 1.2794640064239502 21.585424423217773 -7.550927639007568 0.2071
Pedestrian 1 1 1 328.0987854003906 162.91029357910156 354.1677551269531 211.7255401611328 0.7864834666252136 1.8001776933670044 0.6264263391494751 -10.113384246826172 1.4331804513931274 27.035194396972656 -7.738246440887451 0.2050
Pedestrian 1 1 1 676.5816040039062 167.05592346191406 687.9024658203125 195.83163452148438 0.8708114624023438 1.8416749238967896 0.570264995098114 4.642543792724609 1.470291256904602 46.678810119628906 -7.557906627655029 0.2037
Pedestrian 1 1 1 683.8274536132812 162.51658630371094 702.6220092773438 206.65426635742188 0.841474711894989 1.782459020614624 0.6248398423194885 3.3778843879699707 1.364691972732544 29.632423400878906 -4.415085792541504 0.1945
Cyclist 1 1 1 802.5571899414062 168.74732971191406 834.9816284179688 210.0867919921875 1.7613543272018433 1.7707871198654175 0.596497118473053 9.149724960327148 1.5945768356323242 31.832054138183594 -8.076519012451172 0.1892
Pedestrian 1 1 1 373.4030456542969 163.5148468017578 391.128662109375 203.56658935546875 0.682823121547699 1.8004218339920044 0.6151385307312012 -10.387303352355957 1.3803046941757202 32.790771484375 -7.9024739265441895 0.1861
Car 1 1 1 565.3148803710938 178.509765625 596.9097290039062 202.0342559814453 3.9610371589660645 1.5837185382843018 1.6524404287338257 -2.1390955448150635 2.0051074028015137 51.69240188598633 -4.911618232727051 0.1859
Car 1 1 1 722.5814208984375 167.04327392578125 788.17529296875 190.52830505371094 3.9810760021209717 1.5204167366027832 1.6292192935943604 9.514030456542969 1.1439313888549805 47.56031036376953 -6.3000569343566895 0.1831
Car 1 1 1 0.0 0.0 1241.0 374.0 3.7734732627868652 1.5442895889282227 1.6194113492965698 -2.8126444816589355 1.6101781129837036 0.7070204615592957 -7.901247501373291 0.1827
Cyclist 1 1 1 705.4815673828125 150.33074951171875 763.594970703125 212.18670654296875 1.6690921783447266 1.8061473369598389 0.5669082999229431 3.6736361980438232 1.1481853723526 21.552942276000977 -6.028477668762207 0.1810
Car 1 1 1 606.64111328125 177.37709045410156 633.1228637695312 197.52708435058594 3.8277747631073 1.5932836532592773 1.6221811771392822 0.7630701661109924 1.9814808368682861 59.96482849121094 -4.85504674911499 0.1761
Pedestrian 1 1 1 1022.4556884765625 90.88538360595703 1241.0 374.0 0.6775488257408142 1.7130942344665527 0.565741777420044 2.453800916671753 1.3549416065216064 3.5269734859466553 -4.861053466796875 0.1722
Car 1 1 1 525.6802368164062 179.6533966064453 561.7003784179688 211.7928924560547 3.9080231189727783 1.5240651369094849 1.6113073825836182 -3.393343210220337 1.8913700580596924 37.03105545043945 -4.743890762329102 0.1712
Pedestrian 1 1 1 405.646484375 165.77345275878906 420.9613037109375 199.9598388671875 0.7390232086181641 1.78287672996521 0.6047218441963196 -10.3939208984375 1.4133143424987793 37.99932861328125 -7.852567195892334 0.1706
Pedestrian 1 1 1 694.99951171875 176.1522216796875 723.3085327148438 261.08819580078125 0.7809585928916931 1.5408817529678345 0.5113149881362915 1.803443431854248 1.6044081449508667 13.54275131225586 -4.582993030548096 0.1687
Cyclist 1 1 1 248.2401123046875 155.95631408691406 297.3750915527344 216.04624938964844 1.612806797027588 1.7272069454193115 0.5460639595985413 -10.105748176574707 1.2412052154541016 21.575401306152344 -4.577815532684326 0.1681
Pedestrian 1 1 1 1201.9976806640625 140.73269653320312 1241.0 247.6009521484375 0.704921543598175 1.7485322952270508 0.6019899845123291 10.448088645935059 1.22267746925354 12.26468276977539 -4.1418681144714355 0.1677
Pedestrian 1 1 1 941.8468017578125 158.24777221679688 968.6475830078125 218.09451293945312 0.6945988535881042 1.7284719944000244 0.6269933581352234 10.118727684020996 1.3063201904296875 21.26667022705078 -7.538253307342529 0.1671
Car 1 1 1 780.117919921875 169.329833984375 837.193359375 200.1230926513672 3.8405776023864746 1.5427699089050293 1.6144590377807617 10.390979766845703 1.3659064769744873 38.14439010620117 -4.818039894104004 0.1663
Pedestrian 1 1 1 215.0355682373047 158.7974090576172 253.9724884033203 224.85324096679688 0.7937809228897095 1.7870023250579834 0.6294446587562561 -10.41724967956543 1.406430721282959 19.940505981445312 -7.773823261260986 0.1656
Pedestrian 1 1 1 891.385009765625 159.74705505371094 936.0529174804688 245.84983825683594 0.6632595062255859 1.7558680772781372 0.5528107285499573 6.312160015106201 1.4882824420928955 15.134153366088867 -8.315817832946777 0.1634
Pedestrian 1 1 1 717.96630859375 174.11746215820312 745.581787109375 253.02496337890625 0.7762491106987 1.570365309715271 0.5315922498703003 2.4521427154541016 1.596753478050232 14.807242393493652 -4.509164810180664 0.1619
Car 1 1 1 845.8223266601562 173.66395568847656 933.6925048828125 216.42408752441406 4.120114803314209 1.530745029449463 1.6348193883895874 10.692033767700195 1.564243197441101 28.009077072143555 -4.764212131500244 0.1610
Pedestrian 1 1 1 1095.2725830078125 149.1189727783203 1150.1480712890625 250.92010498046875 0.7405035495758057 1.7111496925354004 0.5303152203559875 8.860528945922852 1.3118935823440552 12.547858238220215 -6.833950519561768 0.1599
Car 1 1 1 691.7718505859375 173.220703125 726.4310913085938 198.9662322998047 3.8580667972564697 1.563014268875122 1.668264627456665 6.208450794219971 1.5869650840759277 45.78886413574219 -7.853694438934326 0.1599
Cyclist 1 1 1 1056.3685302734375 152.33380126953125 1140.12841796875 237.89646911621094 1.7457853555679321 1.6932328939437866 0.516992449760437 10.157187461853027 1.2868508100509644 15.162374496459961 -7.8987345695495605 0.1589
Car 1 1 1 719.1531372070312 175.74160766601562 758.2854614257812 203.2384796142578 3.941026210784912 1.46096932888031 1.625878930091858 7.178628921508789 1.6317493915557861 40.75229263305664 -7.821125507354736 0.1574
Car 1 1 1 619.0302124023438 180.257568359375 659.47265625 211.55377197265625 3.82816219329834 1.5075238943099976 1.6384323835372925 1.4364653825759888 1.914023995399475 37.668792724609375 -4.798109531402588 0.1569
Car 1 1 1 0.0 185.5108642578125 254.6280059814453 304.7361755371094 4.138355255126953 1.5047025680541992 1.6396703720092773 -7.624056816101074 1.7445989847183228 11.619745254516602 -4.707368850708008 0.1564
Pedestrian 1 1 1 464.28472900390625 172.18040466308594 472.8352355957031 196.35357666015625 0.8247036337852478 1.8150237798690796 0.5468207001686096 -10.74374771118164 1.7641468048095703 54.65153884887695 -5.01744270324707 0.1540
Pedestrian 1 1 1 706.1845092773438 173.5177459716797 739.539306640625 267.826904296875 0.738674521446228 1.5109838247299194 0.4807097017765045 1.8054141998291016 1.522029995918274 11.949755668640137 -4.647444725036621 0.1519
Car 1 1 1 657.70947265625 169.30938720703125 680.801513671875 189.7413787841797 4.1886515617370605 1.858373999595642 1.7119314670562744 5.581357002258301 1.5356767177581787 67.84656524658203 -7.660792827606201 0.1515
Pedestrian 1 1 1 419.0909423828125 167.1215057373047 434.4234313964844 199.24810791015625 0.7864972949028015 1.7990634441375732 0.6285662651062012 -10.399657249450684 1.4777486324310303 40.81865310668945 -7.787996768951416 0.1499
Pedestrian 1 1 1 791.3505859375 166.64736938476562 818.8391723632812 219.8215789794922 0.6958023905754089 1.6001626253128052 0.5947600603103638 5.947710990905762 1.4130876064300537 22.170188903808594 -7.197935581207275 0.1498
Pedestrian 1 1 1 792.1336669921875 164.75518798828125 811.96728515625 201.46417236328125 0.8596348166465759 1.8078782558441162 0.6026875972747803 9.556604385375977 1.4087209701538086 36.05084991455078 -7.056582450866699 0.1483
Pedestrian 1 1 1 1081.9473876953125 148.8954620361328 1241.0 374.0 0.7157475352287292 1.5871459245681763 0.5513180494308472 3.402254581451416 1.448862910270691 4.523711681365967 -4.6739654541015625 0.1483
Car 1 1 1 617.0695190429688 182.91302490234375 650.5283203125 209.61289978027344 3.82209849357605 1.5425457954406738 1.682861328125 1.4115715026855469 2.198997974395752 45.13951873779297 -4.78873348236084 0.1477
Car 1 1 1 723.9511108398438 172.64878845214844 791.9013061523438 198.2578887939453 3.846342086791992 1.5462929010391235 1.625270128250122 9.025492668151855 1.5336025953292847 44.38167190551758 -3.140479803085327 0.1449
Cyclist 1 1 1 536.9548950195312 175.57290649414062 559.6093139648438 217.90126037597656 1.7797276973724365 1.7936238050460815 0.6325237154960632 -2.7338831424713135 1.9159321784973145 31.615299224853516 -7.729048252105713 0.1427
Car 1 1 1 38.586181640625 185.37208557128906 329.65509033203125 334.39910888671875 4.013339519500732 1.5010722875595093 1.6014435291290283 -5.334407806396484 1.703094482421875 9.634966850280762 -4.738369464874268 0.1424
Car 1 1 1 517.5014038085938 179.5526885986328 548.744873046875 206.5126495361328 3.9516489505767822 1.5357892513275146 1.630935549736023 -4.690855026245117 1.963548183441162 44.10323715209961 -4.749035358428955 0.1412
Pedestrian 1 1 1 351.2184143066406 164.28944396972656 372.6762390136719 208.8271942138672 0.7049862742424011 1.7864428758621216 0.6223858594894409 -10.111391067504883 1.4426120519638062 29.298362731933594 -7.83958101272583 0.1412
Car 1 1 1 667.67578125 169.1815643310547 732.7005615234375 193.15187072753906 4.194066047668457 1.629733681678772 1.650537371635437 6.257214546203613 1.3797448873519897 50.40097427368164 -6.54717493057251 0.1404
Car 1 1 1 216.70870971679688 183.20655822753906 360.04949951171875 256.7537841796875 4.085994243621826 1.5056610107421875 1.6082422733306885 -7.6045379638671875 1.7844040393829346 17.398386001586914 -4.703652381896973 0.1391
Pedestrian 1 1 1 0.0 149.41810607910156 58.40139389038086 264.559326171875 0.729716420173645 1.774310827255249 0.572420597076416 -9.474274635314941 1.4128668308258057 11.570145606994629 -4.278739929199219 0.1377
Pedestrian 1 1 1 844.077392578125 169.77037048339844 981.259033203125 374.0 0.7093657851219177 1.5683366060256958 0.5347837209701538 1.813559651374817 1.5502183437347412 4.541120529174805 -4.779420852661133 0.1371
Pedestrian 1 1 1 556.112548828125 177.96194458007812 570.6630859375 206.1157989501953 0.7351590991020203 1.769483208656311 0.6370871663093567 -3.0074591636657715 2.098310947418213 46.00822830200195 -8.462881088256836 0.1319
Car 1 1 1 673.0401000976562 175.21055603027344 728.960693359375 203.95042419433594 3.9783453941345215 1.502112627029419 1.6348408460617065 4.967576026916504 1.6400971412658691 40.201480865478516 -8.13986587524414 0.1311
Pedestrian 1 1 1 969.172119140625 157.99496459960938 998.67724609375 219.9658966064453 0.6888034343719482 1.707895040512085 0.5974096059799194 10.458600044250488 1.2980858087539673 20.29341697692871 -7.601424694061279 0.1305
Car 1 1 1 587.8936157226562 178.130126953125 615.670654296875 204.02781677246094 3.9512510299682617 1.5945438146591187 1.6581834554672241 -0.533826470375061 1.9543025493621826 47.24024200439453 -4.682229518890381 0.1295
Pedestrian 1 1 1 769.3726196289062 178.44430541992188 797.5908813476562 255.11181640625 0.7103382349014282 1.4906442165374756 0.511784017086029 3.4208719730377197 1.6056101322174072 14.48188304901123 -4.531644821166992 0.1267
Pedestrian 1 1 1 947.4566650390625 174.86570739746094 1043.056640625 352.7415466308594 0.7369024753570557 1.4966304302215576 0.5111544132232666 3.3708369731903076 1.5154610872268677 6.470691204071045 -4.617993354797363 0.1262
Car 1 1 1 333.3204650878906 180.98202514648438 410.54766845703125 225.06207275390625 3.828920841217041 1.4948378801345825 1.5724172592163086 -8.889141082763672 1.8216866254806519 27.11104393005371 -4.691564559936523 0.1255
Pedestrian 1 1 1 411.56976318359375 166.466064453125 427.6482238769531 199.7610626220703 0.7671615481376648 1.7912001609802246 0.6072692275047302 -10.386815071105957 1.4472423791885376 39.233421325683594 -7.737625598907471 0.1254
Pedestrian 1 1 1 231.2048797607422 149.5867462158203 307.8981628417969 311.5444030761719 0.6868407726287842 1.805437445640564 0.5609397292137146 -3.9986071586608887 1.5457637310028076 8.39176082611084 -4.694600582122803 0.1251
Pedestrian 1 1 1 731.4463500976562 161.81202697753906 745.2337646484375 200.68470764160156 0.7997803092002869 1.7935853004455566 0.6096777319908142 5.96399450302124 1.2838088274002075 33.746055603027344 -4.503964424133301 0.1248
Car 1 1 1 582.8424682617188 177.11740112304688 612.2236328125 196.6431884765625 3.940230131149292 1.542826533317566 1.6155925989151 -1.0979163646697998 1.9097110033035278 60.036888122558594 -4.951303958892822 0.1239
Car 1 1 1 488.15948486328125 179.5684051513672 517.5467529296875 207.35379028320312 3.7318813800811768 1.5251436233520508 1.571333646774292 -6.3054022789001465 1.9382362365722656 42.48336410522461 -4.82129430770874 0.1238
Car 1 1 1 0.0 191.49517822265625 58.3375358581543 374.0 4.009047031402588 1.5194456577301025 1.6307626962661743 -7.592577934265137 1.7450000047683716 6.699698448181152 -4.662957191467285 0.1231
Pedestrian 1 1 1 1124.2762451171875 151.61404418945312 1167.4937744140625 257.0998840332031 0.6774640083312988 1.630612850189209 0.5326953530311584 8.551630020141602 1.3019829988479614 11.584502220153809 -4.036962985992432 0.1226
Car 1 1 1 211.40660095214844 183.07826232910156 386.9970397949219 280.918701171875 3.9946045875549316 1.5103602409362793 1.6236103773117065 -5.65269136428833 1.7307184934616089 13.564962387084961 -4.724663734436035 0.1226
Car 1 1 1 442.218017578125 180.7021484375 488.21490478515625 210.04029846191406 4.066296100616455 1.4765506982803345 1.6079145669937134 -7.893033981323242 1.9278435707092285 39.465328216552734 -4.686946868896484 0.1221
Car 1 1 1 811.3533325195312 176.26023864746094 879.5304565429688 212.94459533691406 3.9258079528808594 1.5127276182174683 1.625867247581482 10.345690727233887 1.6734429597854614 32.11551284790039 -4.749907970428467 0.1206
Cyclist 1 1 1 661.4271850585938 168.10292053222656 679.4414672851562 202.2742919921875 1.7363592386245728 1.7436429262161255 0.6112352013587952 3.10939359664917 1.5009123086929321 37.71441650390625 -4.824585437774658 0.1205
Car 1 1 1 272.60791015625 180.97799682617188 374.8310546875 235.30030822753906 4.058957576751709 1.5046312808990479 1.6112486124038696 -8.88154411315918 1.7819700241088867 22.625974655151367 -4.716388702392578 0.1204
Pedestrian 1 1 1 894.4429931640625 160.9965362548828 916.8598022460938 218.50079345703125 0.7074359059333801 1.7055779695510864 0.6185563802719116 8.90380859375 1.3535853624343872 21.846586227416992 -7.457219123840332 0.1201
Car 1 1 1 584.3336791992188 178.6478271484375 618.661376953125 209.39248657226562 3.9899353981018066 1.5080368518829346 1.6746158599853516 -0.5353332757949829 1.8307123184204102 38.18977737426758 -4.75947380065918 0.1197
Car 1 1 1 343.67999267578125 173.21998596191406 402.9893798828125 206.13812255859375 3.868931770324707 1.5009689331054688 1.6574920415878296 -11.405205726623535 1.519355058670044 34.891357421875 -4.7291388511657715 0.1191
Car 1 1 1 648.3474731445312 179.6812286376953 680.5511474609375 206.38650512695312 4.079972267150879 1.5545505285263062 1.700648546218872 3.32209849357605 2.0001513957977295 45.08509826660156 -4.712696552276611 0.1179
Pedestrian 1 1 1 1004.1939697265625 157.4822540283203 1038.71923828125 224.82533264160156 0.7904275059700012 1.7298274040222168 0.5980949997901917 10.767587661743164 1.334676742553711 18.990053176879883 -7.608389377593994 0.1178
Car 1 1 1 0.0 0.0 1241.0 374.0 3.839913845062256 1.5399707555770874 1.6049156188964844 1.7094573974609375 1.599692463874817 -0.2333606332540512 -7.8863139152526855 0.1158
Car 1 1 1 484.0765686035156 180.34059143066406 539.5780029296875 220.12307739257812 3.9908339977264404 1.4990355968475342 1.6219509840011597 -4.046835899353027 1.8307688236236572 29.97539710998535 -4.673975944519043 0.1154
Car 1 1 1 644.2252807617188 177.5649871826172 674.6942749023438 201.63047790527344 3.8894715309143066 1.5600008964538574 1.6501034498214722 3.3229434490203857 1.8960095643997192 49.52861785888672 -7.90020227432251 0.1153
Cyclist 1 1 1 901.9564208984375 157.63265991210938 960.4794921875 237.93310546875 1.6991572380065918 1.6569840908050537 0.5086262226104736 6.9203596115112305 1.3425946235656738 15.740175247192383 -7.861178874969482 0.1144
Cyclist 1 1 1 562.4217529296875 174.0315704345703 575.7380981445312 209.18194580078125 1.764822244644165 1.7247384786605835 0.5954918265342712 -2.0932693481445312 1.78520929813385 36.34978485107422 -4.726008892059326 0.1144
Pedestrian 1 1 1 711.2820434570312 167.2767333984375 740.2332763671875 230.90403747558594 0.7240254282951355 1.6988458633422852 0.609837532043457 3.096928358078003 1.549633264541626 19.65734100341797 -4.818697452545166 0.1142
Car 1 1 1 342.0581359863281 182.28341674804688 450.481689453125 251.5866241455078 3.9723727703094482 1.5120940208435059 1.6122238636016846 -5.316181659698486 1.7767716646194458 18.280921936035156 -4.723623275756836 0.1138
Car 1 1 1 381.0120849609375 173.3453826904297 440.5228576660156 207.8501739501953 3.8633861541748047 1.5083562135696411 1.6635512113571167 -9.222944259643555 1.5322179794311523 33.53779602050781 -4.7011308670043945 0.1137
Car 1 1 1 0.0 182.2734375 0.0 361.69219970703125 3.9121036529541016 1.5494352579116821 1.6244146823883057 -11.127367973327637 1.6860549449920654 8.465810775756836 -4.804339408874512 0.1131
Car 1 1 1 307.2562561035156 173.0894317626953 378.3321838378906 210.28146362304688 3.7920594215393066 1.4956532716751099 1.614030122756958 -11.409870147705078 1.50607168674469 30.944379806518555 -4.70226526260376 0.1128
Cyclist 1 1 1 660.3377075195312 172.4165496826172 671.5487060546875 194.97650146484375 1.6697465181350708 1.743959665298462 0.47646138072013855 4.357903957366943 1.7098420858383179 56.64076232910156 -8.027752876281738 0.1128
Pedestrian 1 1 1 1004.8397827148438 157.1796112060547 1033.8565673828125 229.07862854003906 0.7374505400657654 1.6867976188659668 0.5636873245239258 9.817709922790527 1.3187663555145264 17.39056968688965 -4.134117126464844 0.1125
Car 1 1 1 712.215087890625 176.02053833007812 770.4200439453125 215.2556610107422 3.9778358936309814 1.4837998151779175 1.5940157175064087 5.265979290008545 1.6222566366195679 29.614072799682617 -4.731082439422607 0.1116
Cyclist 1 1 1 439.4296875 171.47479248046875 471.978759765625 230.21755981445312 1.7584683895111084 1.6818580627441406 0.5522306561470032 -4.636552333831787 1.642069935798645 21.54475212097168 -4.684924125671387 0.1111
Car 1 1 1 0.0 185.2166290283203 0.0 374.0 3.8720858097076416 1.5381224155426025 1.5990270376205444 -9.227494239807129 1.7095435857772827 8.037420272827148 -4.779045581817627 0.1107
Pedestrian 1 1 1 938.7958984375 164.0558624267578 1076.9512939453125 374.0 0.6912635564804077 1.5162898302078247 0.5051088929176331 2.406857490539551 1.4650425910949707 4.534352779388428 -4.669491291046143 0.1105
Pedestrian 1 1 1 1103.1131591796875 150.18162536621094 1163.10498046875 245.91416931152344 0.7308451533317566 1.691641926765442 0.5192720890045166 9.501947402954102 1.2907097339630127 13.192972183227539 -5.177249431610107 0.1097
Car 1 1 1 0.0 0.0 1241.0 374.0 3.8074870109558105 1.5359690189361572 1.6234560012817383 -4.734038829803467 1.628390908241272 0.7275933623313904 -7.847060680389404 0.1096
Car 1 1 1 727.993408203125 167.65081787109375 795.8486938476562 190.38104248046875 4.255056381225586 1.5247663259506226 1.6273113489151 10.342825889587402 1.175431489944458 49.41082763671875 -6.37695837020874 0.1095
Cyclist 1 1 1 1011.7276000976562 156.03077697753906 1087.517822265625 237.91600036621094 1.7400437593460083 1.691758632659912 0.5150750875473022 9.523844718933105 1.3438888788223267 15.790904998779297 -7.913745403289795 0.1086
Car 1 1 1 1074.89501953125 169.56080627441406 1241.0 232.62359619140625 3.8020691871643066 1.495457410812378 1.5686558485031128 14.226676940917969 1.4170634746551514 19.018667221069336 -4.721725940704346 0.1085
Cyclist 1 1 1 774.6239624023438 166.6344757080078 791.6296997070312 199.32762145996094 1.7442954778671265 1.71139395236969 0.5374619960784912 9.224787712097168 1.3855198621749878 38.64989471435547 -7.825653553009033 0.1065
Cyclist 1 1 1 1085.0211181640625 151.52218627929688 1170.18603515625 237.49176025390625 1.7176015377044678 1.7035059928894043 0.5192813873291016 10.774374008178711 1.2805113792419434 15.163217544555664 -7.882227420806885 0.1059
Car 1 1 1 526.4588623046875 178.2042236328125 548.07177734375 196.2057342529297 3.9589920043945312 1.4631597995758057 1.5967278480529785 -6.298314094543457 1.9378011226654053 61.968040466308594 -8.017913818359375 0.1051
Car 1 1 1 533.5054931640625 182.82525634765625 590.9585571289062 237.4573211669922 3.8782079219818115 1.5036084651947021 1.6381616592407227 -1.4912316799163818 1.8421499729156494 22.54850196838379 -4.752861976623535 0.1047
Cyclist 1 1 1 662.8340454101562 173.56898498535156 676.3529052734375 197.1936798095703 1.7742915153503418 1.717705249786377 0.5797995328903198 4.376468181610107 1.771273136138916 53.44015884399414 -4.877518653869629 0.1044
Pedestrian 1 1 1 425.3673400878906 172.55226135253906 438.8695983886719 202.69313049316406 0.7554952502250671 1.7445800304412842 0.6251173615455627 -10.424560546875 1.7268153429031372 42.1519660949707 -7.889872074127197 0.1038
