Car 1 1 1 844.8562622070312 167.13401794433594 1170.29736328125 281.2787170410156 3.8098108768463135 1.518713116645813 1.6118764877319336 5.607770919799805 1.3412772417068481 10.250052452087402 -6.3025383949279785 0.8089
Cyclist 1 1 1 657.4580078125 156.28524780273438 701.005126953125 247.84750366210938 1.745521068572998 1.7670772075653076 0.5764219164848328 1.454479694366455 1.3001132011413574 14.538656234741211 -7.934802532196045 0.7480
Pedestrian 1 1 1 283.5918273925781 160.7683563232422 340.4193115234375 261.0476379394531 0.8532575964927673 1.7482187747955322 0.6349814534187317 -5.325475215911865 1.4046005010604858 12.774320602416992 -4.6417412757873535 0.6821
Cyclist 1 1 1 559.9114379882812 167.44737243652344 572.121826171875 200.59898376464844 1.7613589763641357 1.7384865283966064 0.5942544341087341 -2.1009116172790527 1.0541422367095947 37.96425247192383 -4.731662750244141 0.6488
Pedestrian 1 1 1 699.6016845703125 159.88055419921875 722.0194091796875 217.34768676757812 0.812139630317688 1.7950975894927979 0.5879802107810974 3.324209451675415 1.1512911319732666 22.493194580078125 -7.857578754425049 0.6282
Car 1 1 1 713.0336303710938 169.99879455566406 826.0107421875 209.41407775878906 4.205796718597412 1.5609228610992432 1.6771522760391235 6.639714241027832 1.1452813148498535 28.913503646850586 -6.318811416625977 0.5910
Pedestrian 1 1 1 474.7403259277344 165.758056640625 493.9692077636719 199.53077697753906 0.8450431227684021 1.7555134296417236 0.554550051689148 -6.371212482452393 0.9893689155578613 37.255985260009766 -4.042793273925781 0.4426
Pedestrian 1 1 1 262.1101379394531 161.2603302001953 290.2559509277344 209.18124389648438 0.8460370302200317 1.8216235637664795 0.645679235458374 -12.731736183166504 1.0905005931854248 27.33063316345215 -4.611151218414307 0.4242
Pedestrian 1 1 1 178.8377227783203 178.74900817871094 198.79769897460938 212.30511474609375 0.767423152923584 1.8061411380767822 0.6878302693367004 -22.711000442504883 1.7120275497436523 38.560028076171875 -5.6578850746154785 0.3728
Pedestrian 1 1 1 283.6800231933594 168.50477600097656 305.0230712890625 208.91360473632812 0.6913166642189026 1.7951654195785522 0.6683515310287476 -13.974832534790039 1.262471318244934 31.766164779663086 -4.742157459259033 0.3613
Car 1 1 1 1009.3715209960938 165.28797912597656 1090.2734375 189.26095581054688 4.152170658111572 1.4858815670013428 1.5850253105163574 28.065715789794922 0.5430966019630432 44.68687438964844 -3.175736427307129 0.3610
Pedestrian 1 1 1 857.4293212890625 162.9641876220703 881.1365966796875 211.2246856689453 0.7266539931297302 1.6366727352142334 0.5787914991378784 9.105202674865723 1.0422396659851074 24.442829132080078 -4.0541558265686035 0.3554
Pedestrian 1 1 1 1038.496337890625 152.7436981201172 1060.5389404296875 193.11325073242188 0.8543071746826172 1.7901222705841064 0.6272878646850586 19.99295425415039 0.5595093369483948 31.850217819213867 -7.573609828948975 0.3396
Cyclist 1 1 1 1021.6659545898438 150.46530151367188 1102.990234375 238.94729614257812 1.7483590841293335 1.6213654279708862 0.5063496232032776 8.853256225585938 1.0713697671890259 13.838210105895996 -4.679341793060303 0.2917
Pedestrian 1 1 1 1159.875732421875 153.28538513183594 1209.7926025390625 235.8698272705078 0.7485264539718628 1.6712861061096191 0.5859002470970154 12.042459487915039 1.120890736579895 14.759499549865723 -4.371094226837158 0.2909
Pedestrian 1 1 1 146.63282775878906 180.9925537109375 164.70529174804688 210.77401733398438 0.6946143507957458 1.7394906282424927 0.6227177381515503 -26.553586959838867 1.7690013647079468 41.77004623413086 -7.319662570953369 0.2743
Pedestrian 1 1 1 838.3253784179688 161.0045623779297 859.6118774414062 208.04078674316406 0.6958948969841003 1.6807541847229004 0.6037605404853821 8.84508228302002 0.9843724966049194 25.718475341796875 -4.176003932952881 0.2719
Pedestrian 1 1 1 1138.7666015625 149.94940185546875 1193.0421142578125 258.9237060546875 0.6788058280944824 1.662691354751587 0.5531708002090454 8.849833488464355 1.1969488859176636 11.218451499938965 -6.987518787384033 0.2712
Pedestrian 1 1 1 634.380859375 169.8300018310547 641.1815185546875 190.0131378173828 0.8525282144546509 1.7954046726226807 0.5615552067756653 2.9565651416778564 0.8461485505104065 63.34917449951172 -4.608474254608154 0.2634
Pedestrian 1 1 1 498.95623779296875 178.7718505859375 525.38720703125 222.57310485839844 0.8457116484642029 1.7012131214141846 0.6112173199653625 -3.698972463607788 1.634324312210083 27.95883560180664 -6.922165393829346 0.2530
Pedestrian 1 1 1 882.2169799804688 171.5446014404297 905.3873901367188 208.00767517089844 0.7965975999832153 1.7318600416183472 0.6716027855873108 13.906185150146484 1.3066866397857666 34.100772857666016 -5.316840648651123 0.2519
Pedestrian 1 1 1 212.21060180664062 161.31777954101562 238.8907012939453 208.985595703125 0.7424477934837341 1.8135770559310913 0.6329327821731567 -14.658614158630371 1.0840041637420654 27.272737503051758 -7.857174396514893 0.2510
Pedestrian 1 1 1 493.4490966796875 168.61526489257812 506.8184814453125 197.7707977294922 0.8825680017471313 1.7549368143081665 0.6236175298690796 -6.385927677154541 1.0396581888198853 43.0234260559082 -7.774866580963135 0.2493
Pedestrian 1 1 1 1094.373291015625 148.21511840820312 1148.648193359375 246.08273315429688 0.6402761340141296 1.6877362728118896 0.5496028661727905 9.109236717224121 1.1313550472259521 12.554864883422852 -7.685286998748779 0.2417
Car 1 1 1 525.26220703125 171.1031494140625 556.6572265625 200.41897583007812 3.7453293800354004 1.5091122388839722 1.6132177114486694 -3.4994254112243652 1.0255320072174072 38.338890075683594 -7.9503254890441895 0.2394
Pedestrian 1 1 1 679.2684936523438 157.8798370361328 693.2998046875 196.21749877929688 0.6574899554252625 1.861306071281433 0.6774877309799194 3.970416784286499 0.7632566094398499 34.69481658935547 -4.59101676940918 0.2349
Cyclist 1 1 1 518.0025634765625 177.007080078125 535.2909545898438 218.5669708251953 1.766404151916504 1.7690836191177368 0.6205947995185852 -3.4477598667144775 1.6206068992614746 30.989967346191406 -7.886874675750732 0.2324
Pedestrian 1 1 1 1185.004638671875 154.78945922851562 1213.1915283203125 214.35980224609375 0.4931807219982147 1.729503870010376 0.5321915149688721 17.51188087463379 0.9833471775054932 20.887718200683594 -6.905999660491943 0.2307
Car 1 1 1 182.8422088623047 178.03248596191406 217.00128173828125 195.52490234375 3.9815165996551514 1.4917900562286377 1.6100162267684937 -35.69700622558594 1.2812811136245728 62.42612075805664 -8.10189437866211 0.2212
Pedestrian 1 1 1 831.3125 163.1251983642578 852.0034790039062 206.7366943359375 0.7186683416366577 1.6574610471725464 0.5894514918327332 9.121817588806152 0.9973664283752441 27.334117889404297 -4.1211066246032715 0.2069
Car 1 1 1 978.6343383789062 158.00857543945312 1028.1661376953125 182.1122589111328 4.294310092926025 1.9523026943206787 1.7201822996139526 33.41864013671875 0.13053983449935913 59.41981506347656 -7.859156131744385 0.1999
Pedestrian 1 1 1 295.1639404296875 172.65550231933594 313.5416259765625 208.11233520507812 0.6360424757003784 1.7067488431930542 0.5970693230628967 -14.632730484008789 1.32931649684906 34.37445068359375 -7.777369976043701 0.1974
Pedestrian 1 1 1 477.6661376953125 169.7071075439453 497.4609680175781 222.85379028320312 0.784055233001709 1.6329121589660645 0.5576276183128357 -3.707441806793213 1.3015902042388916 22.139984130859375 -4.805056095123291 0.1970
Car 1 1 1 113.99466705322266 181.74916076660156 160.23976135253906 206.75051879882812 4.046454429626465 1.5830811262130737 1.6476072072982788 -31.145898818969727 1.6703002452850342 47.1693229675293 -5.052636623382568 0.1955
Car 1 1 1 179.40196228027344 168.71128845214844 251.39617919921875 206.77833557128906 3.6918153762817383 1.5598822832107544 1.6181201934814453 -16.965566635131836 1.077030897140503 30.925003051757812 -4.874080181121826 0.1952
Pedestrian 1 1 1 6.260342121124268 160.74412536621094 34.63664627075195 206.1603240966797 0.6697528958320618 1.8104150295257568 0.6173757910728455 -23.625080108642578 1.0231167078018188 28.551401138305664 -7.962954998016357 0.1946
Car 1 1 1 162.72216796875 181.0658416748047 211.14065551757812 203.34645080566406 4.059760093688965 1.6098157167434692 1.663364291191101 -31.44355010986328 1.6541430950164795 53.30845260620117 -4.83529806137085 0.1934
Car 1 1 1 798.4605712890625 162.20974731445312 846.048095703125 186.73936462402344 4.068284511566162 1.7846986055374146 1.7198892831802368 16.41474151611328 0.45396411418914795 53.60551071166992 -8.050219535827637 0.1932
Pedestrian 1 1 1 156.15304565429688 175.9921112060547 178.03916931152344 211.39698791503906 0.7944970726966858 1.7596805095672607 0.622546374797821 -22.093494415283203 1.5357906818389893 35.6451416015625 -7.1247029304504395 0.1929
Pedestrian 1 1 1 186.08755493164062 167.752197265625 207.63607788085938 205.3508758544922 0.6578409075737 1.775679588317871 0.6277772784233093 -19.496315002441406 1.1738131046295166 33.74674606323242 -7.767466068267822 0.1922
Pedestrian 1 1 1 553.284912109375 169.83349609375 565.58544921875 193.03749084472656 0.7560073733329773 1.766528844833374 0.5910424590110779 -3.4929141998291016 0.9544700384140015 54.30768966674805 -7.196701526641846 0.1903
Pedestrian 1 1 1 117.30418395996094 182.99832153320312 135.68675231933594 214.5885772705078 0.7250885963439941 1.767344355583191 0.649523138999939 -27.163551330566406 1.9109348058700562 40.11996078491211 -7.129764080047607 0.1861
Car 1 1 1 204.9694061279297 180.34585571289062 249.98812866210938 201.33221435546875 3.963301181793213 1.530760407447815 1.6490968465805054 -28.56473159790039 1.5195239782333374 53.630069732666016 -4.817788600921631 0.1856
Car 1 1 1 890.2788696289062 163.39117431640625 936.6763305664062 186.29965209960938 3.809736490249634 1.7302566766738892 1.74508798122406 24.10364532470703 0.4380328953266144 55.36833572387695 -4.788290977478027 0.1826
Pedestrian 1 1 1 841.7879638671875 164.36036682128906 853.6611938476562 195.4239959716797 0.7552300095558167 1.8026894330978394 0.6459025740623474 14.228748321533203 0.8661766052246094 41.49064254760742 -7.539238452911377 0.1815
Pedestrian 1 1 1 245.4397430419922 171.0730743408203 262.0433349609375 207.88833618164062 0.5859469771385193 1.75374436378479 0.5775494575500488 -16.91838836669922 1.3048535585403442 34.02183151245117 -8.036768913269043 0.1805
Pedestrian 1 1 1 979.2139282226562 149.68296813964844 1010.0491333007812 206.01939392089844 0.7788172364234924 1.8099702596664429 0.6194475889205933 12.702656745910645 0.8201603889465332 23.130325317382812 -7.76890230178833 0.1764
Car 1 1 1 1176.6324462890625 148.1002197265625 1223.0 214.1258087158203 3.586937665939331 1.5955520868301392 1.696136713027954 17.731374740600586 0.8129188418388367 18.97765350341797 -7.989055156707764 0.1761
Cyclist 1 1 1 315.58282470703125 156.80715942382812 350.4093322753906 204.98284912109375 1.6025302410125732 1.7410926818847656 0.5532528162002563 -10.15909194946289 0.8850716352462769 26.377779006958008 -4.613476276397705 0.1761
Pedestrian 1 1 1 648.8757934570312 161.97605895996094 662.7522583007812 193.0812225341797 0.6181575655937195 1.8206974267959595 0.6902638077735901 2.9945285320281982 0.7365255951881409 41.78676223754883 -7.539801120758057 0.1747
Pedestrian 1 1 1 853.8389282226562 158.7080078125 867.5916748046875 192.44224548339844 0.6219322085380554 1.7755993604660034 0.6129512190818787 13.574045181274414 0.628719687461853 37.585933685302734 -4.491994380950928 0.1736
Cyclist 1 1 1 1039.4088134765625 146.5540771484375 1125.9541015625 235.02798461914062 1.6953812837600708 1.6527642011642456 0.4919426143169403 9.408246040344238 1.0189919471740723 14.069766998291016 -7.917080402374268 0.1731
Cyclist 1 1 1 419.4580383300781 174.97271728515625 441.3963623046875 214.1842498779297 1.7402451038360596 1.7166517972946167 0.5863736867904663 -7.868449687957764 1.474870204925537 31.82887840270996 -4.728717803955078 0.1721
Pedestrian 1 1 1 1129.3096923828125 154.49913024902344 1158.6060791015625 214.81399536132812 0.557834804058075 1.7483060359954834 0.5542963147163391 15.879902839660645 0.9949334859848022 20.8834228515625 -3.778003215789795 0.1707
Pedestrian 1 1 1 106.64534759521484 172.72988891601562 124.82521057128906 208.9850616455078 0.6443033814430237 1.7551569938659668 0.6180161833763123 -23.989452362060547 1.3791648149490356 34.64707946777344 -8.259782791137695 0.1683
Pedestrian 1 1 1 1018.9259033203125 151.61700439453125 1050.46923828125 213.1515350341797 0.6566299796104431 1.7867103815078735 0.6024569869041443 12.660242080688477 0.948363184928894 20.907556533813477 -7.670626163482666 0.1670
Car 1 1 1 629.4791259765625 172.02078247070312 656.7030639648438 193.82293701171875 4.071179389953613 1.6192628145217896 1.6489202976226807 2.9091317653656006 0.989503026008606 54.59324645996094 -4.770628929138184 0.1656
Car 1 1 1 434.7906799316406 180.3903350830078 525.1942138671875 213.90882873535156 4.015998363494873 1.5268361568450928 1.5932799577713013 -5.97408390045166 1.522027850151062 33.654014587402344 -3.4975528717041016 0.1642
Car 1 1 1 811.4761352539062 168.632080078125 846.55029296875 186.74221801757812 3.882168769836426 1.4880372285842896 1.6241391897201538 18.99613380432129 0.5128440856933594 60.06470489501953 -7.8903326988220215 0.1638
Car 1 1 1 1170.9927978515625 163.6234893798828 1223.0 195.73928833007812 3.74760365486145 1.5247375965118408 1.6352773904800415 30.555835723876953 0.7236788868904114 35.538021087646484 -4.5716376304626465 0.1633
Pedestrian 1 1 1 256.482421875 167.66470336914062 277.10009765625 204.5835418701172 0.6824530363082886 1.7902759313583374 0.652518093585968 -16.593914031982422 1.1680316925048828 34.65892791748047 -7.7524495124816895 0.1630
Car 1 1 1 121.07449340820312 178.54029846191406 183.0829620361328 210.4901123046875 3.695296287536621 1.5678788423538208 1.5691170692443848 -23.423473358154297 1.4718741178512573 36.67479705810547 -4.94175386428833 0.1629
Car 1 1 1 300.70635986328125 179.69680786132812 331.82073974609375 200.01260375976562 3.8783981800079346 1.4816573858261108 1.6449995040893555 -21.856494903564453 1.4230855703353882 53.64579391479492 -4.954423427581787 0.1626
Pedestrian 1 1 1 213.90296936035156 169.92788696289062 233.43626403808594 207.54769897460938 0.5906074643135071 1.7775938510894775 0.6036338806152344 -18.20122528076172 1.2782214879989624 33.71653366088867 -7.813188076019287 0.1608
Car 1 1 1 915.6453857421875 171.25254821777344 1110.332763671875 262.51123046875 3.9594945907592773 1.4855003356933594 1.5945630073547363 7.480589866638184 1.3353520631790161 13.527071952819824 -4.661430835723877 0.1597
Pedestrian 1 1 1 1037.9984130859375 159.61643981933594 1067.2733154296875 212.24472045898438 0.6504902839660645 1.768629789352417 0.5589745044708252 15.240108489990234 1.0670818090438843 24.130002975463867 -6.608823299407959 0.1594
Pedestrian 1 1 1 865.3949584960938 146.32762145996094 901.0542602539062 233.3010711669922 0.8733197450637817 1.796657919883728 0.6344233751296997 5.918214797973633 1.091092586517334 15.138510704040527 -7.388205051422119 0.1593
Pedestrian 1 1 1 796.2029418945312 159.26002502441406 810.9471435546875 196.3470001220703 0.8195004463195801 1.7962590456008911 0.5867120623588562 9.739399909973145 0.7676969766616821 34.73850631713867 -7.436429500579834 0.1585
Car 1 1 1 0.0 0.0 1223.0 369.0 3.7986011505126953 1.5289649963378906 1.6319668292999268 3.0052101612091064 1.543756127357483 0.9036389589309692 -7.860783100128174 0.1585
Car 1 1 1 1066.2493896484375 161.12962341308594 1120.31884765625 183.0517120361328 3.9080021381378174 1.5566895008087158 1.6398506164550781 36.00412368774414 0.18121664226055145 52.243125915527344 -7.7384562492370605 0.1584
Car 1 1 1 915.10546875 159.96800231933594 960.8114624023438 184.53683471679688 4.178375720977783 1.923685908317566 1.6872265338897705 27.00290870666504 0.31604689359664917 57.46299362182617 -7.870179653167725 0.1583
Pedestrian 1 1 1 388.6981506347656 164.38250732421875 414.69403076171875 219.19813537597656 0.7406063675880432 1.6648972034454346 0.5877701640129089 -6.311435222625732 1.1756536960601807 21.84707260131836 -4.706275939941406 0.1564
Pedestrian 1 1 1 1078.66259765625 154.18409729003906 1121.822509765625 232.48495483398438 0.6842146515846252 1.6645102500915527 0.5601504445075989 10.750210762023926 1.1054381132125854 15.429040908813477 -4.473449230194092 0.1562
Pedestrian 1 1 1 645.8648681640625 169.4106903076172 657.3802490234375 189.734375 0.8332247138023376 1.7982244491577148 0.5956767201423645 4.173166751861572 0.816954493522644 63.03152084350586 -3.6948671340942383 0.1555
Pedestrian 1 1 1 253.81512451171875 177.183349609375 269.9664306640625 207.95945739746094 0.8243471384048462 1.7229198217391968 0.6713536977767944 -19.47991371154785 1.5373642444610596 40.113643646240234 -8.50927734375 0.1553
Pedestrian 1 1 1 428.4675598144531 169.2616729736328 447.77593994140625 209.94570922851562 0.7778398394584656 1.7327816486358643 0.5966563820838928 -7.225458145141602 1.2543344497680664 30.52835464477539 -7.763488292694092 0.1549
Pedestrian 1 1 1 200.63311767578125 168.80487060546875 220.58863830566406 206.47329711914062 0.5767096877098083 1.7783464193344116 0.6076642274856567 -18.817670822143555 1.2263891696929932 33.70451736450195 -7.727565288543701 0.1548
Pedestrian 1 1 1 809.9931030273438 161.47865295410156 821.6296997070312 191.222412109375 0.8405424356460571 1.7632862329483032 0.6064801216125488 12.625611305236816 0.6357485055923462 42.39103698730469 -7.638772487640381 0.1543
Pedestrian 1 1 1 695.14111328125 163.12391662597656 704.8746948242188 188.9012451171875 0.6512079834938049 1.8252136707305908 0.639829158782959 6.7815937995910645 0.5948867201805115 50.44965362548828 -4.500241279602051 0.1537
Pedestrian 1 1 1 855.819580078125 159.4582061767578 878.5467529296875 207.7821807861328 0.7164345979690552 1.703615665435791 0.60630863904953 9.386466026306152 0.9620628356933594 25.39349365234375 -4.105627059936523 0.1535
Car 1 1 1 707.3828125 165.96556091308594 737.5908203125 184.08773803710938 4.055141448974609 1.6836191415786743 1.6845588684082031 11.25216293334961 0.33318912982940674 67.81775665283203 -8.002947807312012 0.1534
Pedestrian 1 1 1 880.5952758789062 168.14588928222656 896.889404296875 196.5392608642578 0.7750251293182373 1.7625224590301514 0.6364672780036926 17.8010311126709 0.9957180023193359 44.3762321472168 -3.776674270629883 0.1524
Car 1 1 1 690.1980590820312 173.43238830566406 734.2177734375 199.4656524658203 3.779949426651001 1.5117853879928589 1.5796880722045898 6.4642767906188965 1.1014646291732788 43.04884719848633 -4.8680291175842285 0.1508
Car 1 1 1 0.0 0.0 1223.0 369.0 3.8955280780792236 1.5341577529907227 1.6443150043487549 -3.4454500675201416 1.6281265020370483 0.9270728826522827 -7.8928656578063965 0.1501
Car 1 1 1 942.468017578125 167.30104064941406 1078.8009033203125 223.91864013671875 3.848271608352661 1.4972014427185059 1.6248050928115845 11.634195327758789 1.1484805345535278 20.661052703857422 -4.764395713806152 0.1483
Cyclist 1 1 1 317.9701232910156 178.84573364257812 337.8224792480469 214.48374938964844 1.7410627603530884 1.7174948453903198 0.5790990591049194 -13.716462135314941 1.6379406452178955 34.98183059692383 -8.025468826293945 0.1471
Pedestrian 1 1 1 214.17958068847656 166.5311737060547 248.89488220214844 224.08383178710938 0.8537787795066833 1.814526081085205 0.5770666599273682 -12.074990272521973 1.374395728111267 22.79910659790039 -7.082394599914551 0.1467
Pedestrian 1 1 1 340.1328125 162.50411987304688 373.03814697265625 222.60650634765625 0.8450455665588379 1.7128801345825195 0.6543189287185669 -7.257758140563965 1.2003087997436523 20.576982498168945 -4.700078010559082 0.1464
Car 1 1 1 1006.0451049804688 157.29100036621094 1054.470458984375 181.02027893066406 4.197453498840332 1.920465111732483 1.7114070653915405 35.64418029785156 0.04206207022070885 59.364627838134766 -7.800414562225342 0.1462
Car 1 1 1 1111.9141845703125 157.6708526611328 1181.6802978515625 185.60321044921875 3.7433550357818604 1.6199376583099365 1.6667622327804565 32.812522888183594 0.2960657775402069 42.957916259765625 -7.74282693862915 0.1458
Car 1 1 1 998.2529296875 156.7178192138672 1105.4449462890625 189.5601348876953 4.194716453552246 1.498736023902893 1.6255295276641846 21.004783630371094 0.41363972425460815 33.334938049316406 -6.40885591506958 0.1442
Cyclist 1 1 1 496.1468200683594 153.28363037109375 522.0416870117188 204.73143005371094 1.678253412246704 1.7661892175674438 0.5607669353485107 -3.426270008087158 0.8321201801300049 25.132844924926758 -4.626742839813232 0.1441
Car 1 1 1 971.4021606445312 162.27618408203125 1034.98876953125 189.92466735839844 3.8733630180358887 1.5845940113067627 1.6381348371505737 23.81635856628418 0.5402573347091675 42.46085739135742 -4.710371017456055 0.1437
Pedestrian 1 1 1 830.5870971679688 160.1876220703125 848.66455078125 206.556884765625 0.6674619317054749 1.7229161262512207 0.6181454062461853 8.817203521728516 0.9684234857559204 26.677017211914062 -7.576711177825928 0.1433
Pedestrian 1 1 1 1075.29052734375 154.60496520996094 1105.0426025390625 215.13204956054688 0.6102612018585205 1.7543845176696777 0.5709459185600281 14.275891304016113 1.0041109323501587 20.871091842651367 -4.405114650726318 0.1432
Cyclist 1 1 1 911.8562622070312 154.2358856201172 970.7340087890625 225.94190979003906 1.7125627994537354 1.672561764717102 0.49844077229499817 8.183990478515625 1.0602788925170898 17.36780548095703 -7.94680643081665 0.1432
Car 1 1 1 384.16448974609375 177.95143127441406 418.2921142578125 199.96878051757812 4.0000104904174805 1.5371358394622803 1.6317716836929321 -14.768119812011719 1.3592358827590942 51.42233657836914 -4.794046401977539 0.1424
Car 1 1 1 328.2418518066406 180.2866973876953 359.2931213378906 199.96466064453125 3.957547903060913 1.4705179929733276 1.6432987451553345 -20.24418067932129 1.4545735120773315 54.93540573120117 -4.9020843505859375 0.1405
Pedestrian 1 1 1 117.95343780517578 161.59779357910156 152.6899871826172 226.12664794921875 0.7867516875267029 1.8316413164138794 0.6036075353622437 -13.68509578704834 1.2954061031341553 20.544675827026367 -2.5146803855895996 0.1396
Cyclist 1 1 1 937.3816528320312 154.1322021484375 998.9321899414062 226.37876892089844 1.7136931419372559 1.6831923723220825 0.50065678358078 8.832466125488281 1.0692130327224731 17.3488826751709 -7.945441722869873 0.1388
Car 1 1 1 533.9517211914062 174.67965698242188 571.45166015625 208.1286163330078 3.944401979446411 1.494020700454712 1.6611216068267822 -2.5581400394439697 1.234244465827942 33.62773513793945 -4.814966201782227 0.1387
Car 1 1 1 353.7023620605469 180.29689025878906 381.34149169921875 199.84519958496094 3.932875156402588 1.452417254447937 1.6746447086334229 -18.304317474365234 1.4373242855072021 54.63912582397461 -4.944145679473877 0.1385
Pedestrian 1 1 1 979.5986938476562 152.81417846679688 998.928466796875 196.3712921142578 0.6214746832847595 1.7756258249282837 0.6248593330383301 15.875484466552734 0.6472194790840149 29.25855255126953 -7.220909595489502 0.1383
Cyclist 1 1 1 813.2106323242188 163.9588623046875 839.54296875 205.7351837158203 1.7446261644363403 1.6802191734313965 0.5069582462310791 9.13576602935791 1.0151666402816772 29.315048217773438 -7.877058506011963 0.1377
Pedestrian 1 1 1 733.707763671875 161.5325469970703 744.7435302734375 190.68846130371094 0.7793940901756287 1.8111809492111206 0.6263517737388611 8.420205116271973 0.6329906582832336 44.37944793701172 -7.5937113761901855 0.1374
Car 1 1 1 1170.9891357421875 150.9469757080078 1223.0 197.69264221191406 3.799647092819214 1.657839298248291 1.7301857471466064 24.127304077148438 0.609993040561676 27.054431915283203 -7.957217693328857 0.1371
Car 1 1 1 166.83380126953125 173.81838989257812 265.3013916015625 204.6812744140625 3.946629762649536 1.47504460811615 1.631128191947937 -19.150915145874023 1.1558796167373657 34.922828674316406 -6.449218273162842 0.1364
Car 1 1 1 290.9380187988281 179.36839294433594 323.29791259765625 198.3806610107422 4.027493953704834 1.505815863609314 1.6392701864242554 -24.430797576904297 1.4161548614501953 58.130001068115234 -4.897218227386475 0.1362
Pedestrian 1 1 1 330.5429992675781 166.23997497558594 361.2744140625 222.00698852539062 0.8665168881416321 1.663218379020691 0.6246979236602783 -7.9142842292785645 1.2382127046585083 21.523303985595703 -7.862701892852783 0.1360
Pedestrian 1 1 1 1104.4124755859375 146.24290466308594 1161.3992919921875 252.046630859375 0.5927338004112244 1.727050542831421 0.5352519750595093 8.849315643310547 1.1682474613189697 11.92607593536377 -8.317977905273438 0.1353
Car 1 1 1 542.6320190429688 173.55990600585938 570.1945190429688 194.37863159179688 3.967334747314453 1.6100327968597412 1.6337865591049194 -3.851747751235962 1.0732927322387695 56.72425079345703 -4.63026762008667 0.1349
Cyclist 1 1 1 294.6123046875 156.955078125 338.16778564453125 209.37930297851562 1.5733439922332764 1.7229993343353271 0.5555625557899475 -9.836441040039062 0.9494322538375854 24.068445205688477 -4.471473693847656 0.1348
Car 1 1 1 1100.7586669921875 162.26759338378906 1153.3326416015625 183.8211669921875 3.852386713027954 1.5329625606536865 1.6051743030548096 38.56373596191406 0.2362310290336609 52.328365325927734 -7.66975736618042 0.1345
Pedestrian 1 1 1 55.6788215637207 161.998291015625 93.68303680419922 228.75686645507812 0.7447034120559692 1.8378398418426514 0.6000378131866455 -14.966944694519043 1.328800916671753 19.906007766723633 -2.6449508666992188 0.1331
Car 1 1 1 479.7626037597656 175.55120849609375 519.5615844726562 198.1555938720703 3.842109441757202 1.5981340408325195 1.6664154529571533 -7.702157974243164 1.2482753992080688 52.04036331176758 -4.504054069519043 0.1325
Car 1 1 1 0.0 0.0 1223.0 369.0 3.806156635284424 1.5421380996704102 1.6099392175674438 1.3839932680130005 1.5613834857940674 0.627784013748169 -7.8573527336120605 0.1324
Car 1 1 1 276.97979736328125 179.0452423095703 312.36297607421875 199.66139221191406 3.946718692779541 1.5202066898345947 1.664364218711853 -23.744979858398438 1.412936806678772 54.23287582397461 -4.904655456542969 0.1316
Car 1 1 1 313.0962219238281 179.99681091308594 343.40081787109375 198.40975952148438 3.974743366241455 1.4679124355316162 1.64044189453125 -22.83115577697754 1.4277598857879639 58.47347640991211 -4.90177583694458 0.1310
Cyclist 1 1 1 1110.849853515625 160.42730712890625 1164.0982666015625 202.470703125 1.7374250888824463 1.7913627624511719 0.6539313793182373 22.984432220458984 0.9363229274749756 30.575733184814453 -6.136826515197754 0.1307
Car 1 1 1 652.9037475585938 174.46246337890625 676.3355102539062 192.694580078125 3.8817410469055176 1.5237818956375122 1.6153768301010132 5.130537509918213 1.019120454788208 61.04977798461914 -7.874251842498779 0.1299
Cyclist 1 1 1 224.54112243652344 178.84300231933594 264.6925048828125 213.7622833251953 1.7141144275665283 1.769877314567566 0.6645943522453308 -18.50018882751465 1.6860456466674805 36.28681182861328 -3.2834811210632324 0.1296
Car 1 1 1 997.269775390625 161.09181213378906 1042.77099609375 185.2510223388672 3.9976487159729004 1.784258246421814 1.7346935272216797 31.833314895629883 0.3508843779563904 54.33903884887695 -4.534994602203369 0.1290
Car 1 1 1 167.77145385742188 180.626220703125 237.31126403808594 211.102294921875 3.985487937927246 1.5463155508041382 1.5676054954528809 -21.493701934814453 1.5535584688186646 37.90776443481445 -4.744917392730713 0.1290
Car 1 1 1 765.7298583984375 166.88340759277344 794.482177734375 189.669677734375 3.9197349548339844 1.6545623540878296 1.691079020500183 13.186848640441895 0.6658398509025574 53.39633560180664 -4.577286720275879 0.1289
Pedestrian 1 1 1 850.2925415039062 167.27622985839844 865.77490234375 196.0848388671875 0.7094941139221191 1.7881059646606445 0.6532769799232483 15.869867324829102 0.9674056768417358 44.365089416503906 -7.006471633911133 0.1285
Car 1 1 1 0.0 188.85643005371094 0.0 369.0 3.910123586654663 1.519327163696289 1.6066856384277344 -5.683470249176025 1.5900696516036987 3.864389419555664 -4.936175346374512 0.1265
Pedestrian 1 1 1 0.0 159.809326171875 36.41400146484375 239.5089569091797 0.7482027411460876 1.8322235345840454 0.5860065221786499 -14.00027084350586 1.3569003343582153 16.685611724853516 -2.668994903564453 0.1259
Car 1 1 1 158.135009765625 180.72508239746094 212.25840759277344 209.3002471923828 3.936488151550293 1.5547308921813965 1.627113699913025 -24.042705535888672 1.5684185028076172 40.60940170288086 -4.960358619689941 0.1256
Pedestrian 1 1 1 310.10626220703125 169.5738067626953 325.63861083984375 200.75796508789062 0.626296877861023 1.7533520460128784 0.6737876534461975 -16.29465675354004 1.139135718345642 40.10384750366211 -7.9681477546691895 0.1255
Pedestrian 1 1 1 4.417611598968506 165.31504821777344 30.046579360961914 204.214599609375 0.7434471249580383 1.7966660261154175 0.5986723899841309 -27.486148834228516 1.0954968929290771 33.046470642089844 -7.916788578033447 0.1253
Pedestrian 1 1 1 863.8925170898438 166.28109741210938 873.5391845703125 190.6500244140625 0.7115628123283386 1.7479113340377808 0.5577429533004761 19.084884643554688 0.7280460596084595 51.16059875488281 -4.210824012756348 0.1252
Pedestrian 1 1 1 1192.62353515625 144.00601196289062 1223.0 235.11302185058594 0.742949903011322 1.7274832725524902 0.6132069230079651 12.011322021484375 1.035882830619812 13.860406875610352 -4.362801551818848 0.1250
Pedestrian 1 1 1 228.15879821777344 169.49514770507812 245.64659118652344 206.828125 0.5771989822387695 1.7626852989196777 0.5824365019798279 -17.567068099975586 1.2432647943496704 33.71079635620117 -7.997575283050537 0.1248
Pedestrian 1 1 1 57.658504486083984 168.5776824951172 83.70006561279297 216.58506774902344 0.5367204546928406 1.7868825197219849 0.5930575728416443 -20.140409469604492 1.3433645963668823 26.618623733520508 -7.972507953643799 0.1239
Pedestrian 1 1 1 1117.932861328125 146.7323455810547 1163.8800048828125 228.99252319335938 0.6700941920280457 1.7109980583190918 0.5621622204780579 11.386571884155273 1.0089874267578125 15.099235534667969 -4.469963550567627 0.1235
Car 1 1 1 1223.0 156.08262634277344 1223.0 369.0 4.11582612991333 1.494253396987915 1.6077686548233032 5.828762054443359 1.4396426677703857 2.527517080307007 -6.219886779785156 0.1232
Car 1 1 1 680.486083984375 169.73411560058594 714.0673828125 191.05665588378906 4.087122917175293 1.5849549770355225 1.6259602308273315 7.096658229827881 0.784699022769928 54.68037033081055 -4.828020095825195 0.1231
Pedestrian 1 1 1 161.45164489746094 169.84803771972656 184.46817016601562 213.59829711914062 0.6820207834243774 1.7770413160324097 0.6468328237533569 -17.861656188964844 1.3446013927459717 29.187620162963867 -5.542273044586182 0.1230
Car 1 1 1 164.3617401123047 0.0 1223.0 369.0 3.825504779815674 1.5492475032806396 1.6508487462997437 -0.8854345679283142 1.5925942659378052 0.8092962503433228 -7.873213291168213 0.1229
Pedestrian 1 1 1 12.056780815124512 160.79519653320312 57.51079177856445 237.3951416015625 0.7457725405693054 1.8317885398864746 0.5888074636459351 -14.011996269226074 1.3609044551849365 17.326908111572266 -2.7311534881591797 0.1223
Car 1 1 1 874.1154174804688 164.09115600585938 907.8067016601562 186.6016845703125 3.8677098751068115 1.683776617050171 1.6949913501739502 22.17951202392578 0.4563975930213928 54.944393157958984 -4.525912284851074 0.1220
Pedestrian 1 1 1 1197.0596923828125 147.84910583496094 1223.0 234.46726989746094 0.7569555044174194 1.7184091806411743 0.6141180396080017 12.634828567504883 1.0710088014602661 14.484457969665527 -7.5250468254089355 0.1217
Pedestrian 1 1 1 323.3280029296875 170.447998046875 338.53814697265625 200.209716796875 0.6305739283561707 1.714547038078308 0.6775352954864502 -15.930074691772461 1.1355671882629395 41.07735824584961 -7.945314884185791 0.1212
Car 1 1 1 720.71484375 169.72723388671875 752.374755859375 191.111572265625 3.8322596549987793 1.5647869110107422 1.6410688161849976 9.946428298950195 0.7765012979507446 53.6641845703125 -4.724902153015137 0.1211
Pedestrian 1 1 1 871.08984375 167.7170867919922 890.4822387695312 208.009765625 0.5576632022857666 1.7394555807113647 0.5831681489944458 12.012900352478027 1.18781316280365 30.86916160583496 -3.3619790077209473 0.1211
Pedestrian 1 1 1 521.6935424804688 172.69178771972656 533.54443359375 196.4324951171875 0.7425053119659424 1.7449380159378052 0.6340615749359131 -5.730820178985596 1.1710388660430908 52.41498565673828 -7.561061382293701 0.1210
Car 1 1 1 1199.682373046875 160.3516082763672 1223.0 335.097412109375 3.9731054306030273 1.4814127683639526 1.597245454788208 8.378656387329102 1.3110367059707642 6.983053207397461 -6.381112098693848 0.1209
Pedestrian 1 1 1 56.74904251098633 168.42840576171875 89.69287109375 223.69046020507812 0.6727033853530884 1.8245576620101929 0.5741980671882629 -17.880144119262695 1.4262665510177612 23.73641586303711 -4.486332893371582 0.1205
Pedestrian 1 1 1 34.30617141723633 168.50489807128906 71.61797332763672 230.71133422851562 0.747357189655304 1.827290654182434 0.5974560976028442 -16.580039978027344 1.4752334356307983 21.192283630371094 -2.731340169906616 0.1192
Car 1 1 1 360.7327880859375 180.48959350585938 390.1794738769531 198.4230194091797 3.846620559692383 1.432701587677002 1.6619161367416382 -18.939876556396484 1.4318314790725708 58.50345993041992 -4.846677303314209 0.1186
Cyclist 1 1 1 477.6642150878906 154.39212036132812 506.90277099609375 205.29791259765625 1.6677767038345337 1.7460514307022095 0.5542072653770447 -4.019941329956055 0.8508217930793762 25.11684799194336 -4.566693305969238 0.1185
Cyclist 1 1 1 943.994140625 152.96275329589844 1002.8920288085938 221.92855834960938 1.7707664966583252 1.6979256868362427 0.5110411047935486 9.462530136108398 1.0202897787094116 18.306720733642578 -7.9148945808410645 0.1176
Cyclist 1 1 1 810.43017578125 169.88897705078125 850.5509033203125 206.46746826171875 1.7441703081130981 1.7722033262252808 0.7034820318222046 11.048568725585938 1.2582749128341675 34.725616455078125 -6.42264461517334 0.1175
Car 1 1 1 246.37110900878906 179.2425994873047 345.8394775390625 233.6851348876953 3.7881579399108887 1.497359037399292 1.564608097076416 -9.2438325881958 1.463083028793335 21.386690139770508 -4.776595115661621 0.1173
Car 1 1 1 1223.0 161.79966735839844 1223.0 369.0 4.107577800750732 1.4786854982376099 1.577520728111267 7.17640495300293 1.3713369369506836 5.080816268920898 -6.390904426574707 0.1171
Cyclist 1 1 1 972.9302368164062 153.9193572998047 1036.3150634765625 223.5094757080078 1.7309839725494385 1.683804988861084 0.5051398873329163 10.090643882751465 1.040987491607666 17.99293327331543 -7.946614742279053 0.1167
Car 1 1 1 351.76171875 179.05181884765625 383.1773986816406 200.63633728027344 3.9801483154296875 1.4854581356048584 1.6274547576904297 -17.007104873657227 1.3858267068862915 50.76760482788086 -4.902795791625977 0.1162
Car 1 1 1 755.8720703125 169.32830810546875 895.0804443359375 218.35745239257812 4.027791500091553 1.5301451683044434 1.64470636844635 7.124045372009277 1.1817715167999268 23.13507080078125 -6.409149169921875 0.1162
Car 1 1 1 1117.876220703125 150.3577423095703 1223.0 213.5656280517578 3.440789222717285 1.5377827882766724 1.6031827926635742 15.827430725097656 0.8047805428504944 18.96388816833496 -4.767742156982422 0.1161
Pedestrian 1 1 1 153.04995727539062 181.3485107421875 171.482421875 211.86941528320312 0.698186457157135 1.7680442333221436 0.6305637359619141 -25.95875358581543 1.8184243440628052 41.4421272277832 -7.347191333770752 0.1160
Pedestrian 1 1 1 1099.3511962890625 158.67010498046875 1128.1744384765625 207.73486328125 0.6762325167655945 1.7548068761825562 0.6099641919136047 18.46876335144043 0.9743099212646484 25.71363639831543 -6.7586283683776855 0.1159
Pedestrian 1 1 1 323.4071350097656 178.18203735351562 342.1318054199219 210.58445739746094 0.8507775664329529 1.7590779066085815 0.6316564083099365 -14.984479904174805 1.6333684921264648 38.88022994995117 -6.85405969619751 0.1158
Car 1 1 1 661.59375 170.8394775390625 693.402587890625 197.43316650390625 3.9560141563415527 1.563579797744751 1.6424102783203125 4.509708404541016 0.9956884384155273 43.66576385498047 -4.528757095336914 0.1153
Pedestrian 1 1 1 19.277912139892578 168.25808715820312 42.990318298339844 221.4839324951172 0.44552335143089294 1.811387062072754 0.5499914884567261 -19.818206787109375 1.3950331211090088 24.383567810058594 -8.310586929321289 0.1152
Car 1 1 1 416.3011169433594 178.78817749023438 483.4465026855469 231.9960174560547 3.9123570919036865 1.4912415742874146 1.5769398212432861 -4.731851577758789 1.443568229675293 21.839508056640625 -4.809178829193115 0.1149
Pedestrian 1 1 1 1065.08642578125 158.6150665283203 1074.006591796875 183.24893188476562 0.8554579019546509 1.8425674438476562 0.5356190204620361 35.08418655395508 0.20560923218727112 53.3899040222168 -7.239913463592529 0.1145
Pedestrian 1 1 1 806.6047973632812 162.22930908203125 822.5128173828125 202.10736083984375 0.6562212109565735 1.7183184623718262 0.6077212691307068 9.13112735748291 0.9312501549720764 30.884052276611328 -7.471737384796143 0.1143
Car 1 1 1 974.4869384765625 163.3738250732422 1090.2835693359375 212.5105743408203 3.774784564971924 1.4801322221755981 1.57949960231781 13.83499813079834 0.9645348787307739 23.20335578918457 -4.689329624176025 0.1141
Car 1 1 1 813.6981201171875 173.07244873046875 879.885986328125 195.93368530273438 4.1196489334106445 1.5411051511764526 1.5562258958816528 16.6256160736084 1.0404478311538696 48.772483825683594 -6.116360664367676 0.1140
Pedestrian 1 1 1 88.65772247314453 177.1390380859375 107.36605834960938 214.5050811767578 0.6697521805763245 1.7412043809890747 0.6299631595611572 -23.957618713378906 1.5847687721252441 33.38987350463867 -8.333168029785156 0.1139
Pedestrian 1 1 1 720.166015625 163.78378295898438 729.8228149414062 188.5777130126953 0.8019509315490723 1.801284909248352 0.6012344360351562 8.787564277648926 0.5868567228317261 51.781009674072266 -7.810403347015381 0.1134
Car 1 1 1 525.3320922851562 172.7039031982422 555.0709838867188 201.19775390625 4.08768367767334 1.6152526140213013 1.68181312084198 -3.8405818939208984 1.1734230518341064 42.181209564208984 -4.786027431488037 0.1131
Pedestrian 1 1 1 935.0372924804688 154.51556396484375 959.1156616210938 214.8566436767578 0.6451475024223328 1.7489137649536133 0.6080896258354187 10.071075439453125 0.9960830211639404 20.908483505249023 -7.454040050506592 0.1131
Pedestrian 1 1 1 944.249267578125 155.58377075195312 971.6492309570312 219.2840576171875 0.6609361171722412 1.7324671745300293 0.5780400037765503 9.752151489257812 1.0551252365112305 19.630199432373047 -7.5576910972595215 0.1131
Car 1 1 1 1035.930908203125 158.3863525390625 1198.0657958984375 220.58657836914062 3.4097018241882324 1.5119338035583496 1.5608073472976685 13.53867244720459 0.9747334718704224 18.997343063354492 -4.879110813140869 0.1129
Car 1 1 1 136.70974731445312 179.98963928222656 179.49000549316406 202.28622436523438 3.864871025085449 1.618696928024292 1.6593124866485596 -33.69198226928711 1.5816547870635986 53.41173553466797 -4.973243236541748 0.1128
Pedestrian 1 1 1 121.95288848876953 164.4602813720703 148.305419921875 222.7468719482422 0.7865562438964844 1.8116568326950073 0.5949190258979797 -14.968549728393555 1.3133955001831055 22.46808624267578 -5.436601638793945 0.1128
Car 1 1 1 532.7344360351562 173.45095825195312 562.28173828125 196.78985595703125 3.951223611831665 1.6330273151397705 1.6674946546554565 -4.143584728240967 1.139830470085144 51.48311233520508 -4.667904853820801 0.1126
Pedestrian 1 1 1 13.148603439331055 161.66397094726562 53.64130783081055 231.9791717529297 0.7637372016906738 1.8719182014465332 0.5965011119842529 -15.608380317687988 1.370781421661377 19.2611026763916 -2.674933433532715 0.1125
Pedestrian 1 1 1 65.20391082763672 175.2963104248047 86.5799789428711 218.93540954589844 0.6699700951576233 1.8140296936035156 0.6685655117034912 -22.374345779418945 1.5979312658309937 29.86372947692871 -8.581055641174316 0.1124
Pedestrian 1 1 1 0.0 159.5657196044922 27.977558135986328 236.35748291015625 0.7573742270469666 1.8679587841033936 0.5838565230369568 -14.9642972946167 1.3590604066848755 17.64117431640625 -2.6177268028259277 0.1123
Pedestrian 1 1 1 961.9923095703125 156.09719848632812 978.7860107421875 192.4390869140625 0.6499745845794678 1.7802319526672363 0.6007519960403442 18.0747127532959 0.5850090980529785 35.021690368652344 -7.6171183586120605 0.1123
Pedestrian 1 1 1 323.0807800292969 169.59957885742188 344.4571838378906 213.66624450683594 0.8476800918579102 1.7678277492523193 0.6212469935417175 -11.11223316192627 1.3307573795318604 28.890228271484375 -8.475462913513184 0.1121
Pedestrian 1 1 1 0.0 159.67080688476562 14.711451530456543 245.43939208984375 0.7571024894714355 1.8536443710327148 0.5793207287788391 -13.677680015563965 1.403826355934143 15.733149528503418 -2.545107126235962 0.1117
Pedestrian 1 1 1 819.855224609375 165.94908142089844 834.9298095703125 194.6300506591797 0.7774173617362976 1.7792736291885376 0.6503289937973022 13.949723243713379 0.8766607642173767 44.36977005004883 -7.147362232208252 0.1116
Car 1 1 1 0.0 187.072509765625 39.98450469970703 224.78244018554688 3.9589974880218506 1.4831784963607788 1.671060562133789 -25.99281120300293 1.7631762027740479 29.123836517333984 -6.354848861694336 0.1115
Car 1 1 1 563.135986328125 174.57847595214844 583.4097900390625 192.0231475830078 4.048450946807861 1.565234899520874 1.6233896017074585 -2.889129161834717 1.0338189601898193 65.48030090332031 -4.6927490234375 0.1114
Pedestrian 1 1 1 1192.3349609375 146.97396850585938 1223.0 227.4429931640625 0.7664568424224854 1.7794711589813232 0.5791122913360596 13.94705867767334 1.038427710533142 16.101022720336914 -5.110556602478027 0.1110
Cyclist 1 1 1 0.0 0.0 1223.0 369.0 1.8651647567749023 1.6531566381454468 0.5156489014625549 6.885709762573242 1.3091657161712646 -0.3125039339065552 -8.040203094482422 0.1108
Pedestrian 1 1 1 864.5075073242188 169.73928833007812 887.1941528320312 207.39959716796875 0.7754864692687988 1.7907426357269287 0.6750940084457397 13.038718223571777 1.27924644947052 34.09588623046875 -3.6076602935791016 0.1108
Pedestrian 1 1 1 333.64508056640625 172.64285278320312 357.94598388671875 217.6029815673828 0.6482668519020081 1.5099893808364868 0.531528890132904 -8.866271018981934 1.2463726997375488 24.107135772705078 -4.559454917907715 0.1106
Car 1 1 1 40.64237976074219 182.3941192626953 88.99004364013672 205.82325744628906 4.018303871154785 1.5219742059707642 1.625718116760254 -36.94106674194336 1.6575809717178345 48.447017669677734 -5.09528923034668 0.1104
Pedestrian 1 1 1 91.1395034790039 163.1608123779297 126.42132568359375 229.0049591064453 0.7633941769599915 1.8098996877670288 0.6083338260650635 -14.010260581970215 1.333593487739563 19.90791130065918 -2.4944896697998047 0.1094
