Car 1 1 1 473.28436279296875 181.42274475097656 531.16259765625 233.87905883789062 4.17808198928833 1.4447427988052368 1.5955661535263062 -3.357539653778076 1.740033507347107 22.73375129699707 -4.809735298156738 0.7445
Car 1 1 1 505.760009765625 178.0097198486328 531.4268798828125 201.18113708496094 3.6709020137786865 1.513551950454712 1.5776039361953735 -6.314659118652344 1.8830331563949585 49.861083984375 -7.929211139678955 0.3929
Pedestrian 1 1 1 472.16644287109375 162.56915283203125 491.56219482421875 209.31936645507812 0.5405645966529846 1.767282247543335 0.54632169008255 -4.957560062408447 1.378187894821167 27.657394409179688 -3.79815673828125 0.3883
Pedestrian 1 1 1 70.2477798461914 142.39373779296875 206.31532287597656 362.8874816894531 0.8009665608406067 1.736628770828247 0.6287821531295776 -3.9996283054351807 1.4964210987091064 6.0866289138793945 -4.722795009613037 0.3880
Pedestrian 1 1 1 703.7219848632812 163.07357788085938 737.1917114257812 228.46131896972656 0.9404416084289551 1.7931889295578003 0.5654900670051575 3.053070545196533 1.5246716737747192 20.322742462158203 -8.174365997314453 0.3382
Pedestrian 1 1 1 619.8333129882812 170.635498046875 634.4535522460938 198.2416534423828 0.7663514614105225 1.8140676021575928 0.600161075592041 1.103903889656067 1.6679843664169312 47.87061309814453 -3.694413185119629 0.3195
Pedestrian 1 1 1 638.9666137695312 161.51316833496094 653.5509033203125 198.4270782470703 0.6666011214256287 1.8595434427261353 0.674596905708313 1.8087902069091797 1.2879475355148315 36.72949981689453 -7.6969780921936035 0.2836
Pedestrian 1 1 1 461.86480712890625 159.66372680664062 484.4267272949219 210.48782348632812 0.6905872821807861 1.791050672531128 0.6316019296646118 -4.934416770935059 1.3259230852127075 25.797277450561523 -7.771442890167236 0.2811
Car 1 1 1 585.3275146484375 179.43215942382812 603.7266845703125 196.9494171142578 3.749302625656128 1.5751283168792725 1.6645625829696655 -1.5068638324737549 2.2141566276550293 68.2190170288086 -7.894810199737549 0.2807
Pedestrian 1 1 1 478.16217041015625 162.60987854003906 496.14013671875 207.84149169921875 0.4993070662021637 1.7896456718444824 0.5564771294593811 -4.969457626342773 1.384023904800415 28.922054290771484 -3.8324809074401855 0.2556
Pedestrian 1 1 1 611.9803466796875 172.0398712158203 624.3568725585938 196.8926544189453 0.72878497838974 1.7685796022415161 0.6489044427871704 0.5542351007461548 1.7103434801101685 51.80906677246094 -8.259419441223145 0.2535
Pedestrian 1 1 1 909.3527221679688 137.09323120117188 978.7550048828125 271.01531982421875 0.817332923412323 1.837522029876709 0.6245970129966736 4.6998610496521 1.3465545177459717 10.315235137939453 -4.691370487213135 0.2371
Pedestrian 1 1 1 616.39013671875 176.9857177734375 632.9359741210938 207.37826538085938 0.8078190088272095 1.751057505607605 0.597697377204895 0.8173513412475586 1.9942007064819336 42.09868240356445 -6.617125034332275 0.2162
Pedestrian 1 1 1 489.5818786621094 165.9715118408203 503.814208984375 198.23614501953125 0.7281500697135925 1.8504983186721802 0.6528099179267883 -6.593581199645996 1.4554613828659058 41.77705383300781 -7.756399631500244 0.1978
Pedestrian 1 1 1 404.5992431640625 166.74925231933594 451.630126953125 260.3068542480469 0.7789757251739502 1.6544837951660156 0.5596312880516052 -3.3692715167999268 1.5462267398834229 13.194063186645508 -4.52743673324585 0.1918
Car 1 1 1 527.91748046875 180.0983428955078 551.3352661132812 202.008544921875 4.023585319519043 1.5619709491729736 1.6348659992218018 -5.345745086669922 2.1331257820129395 54.85833740234375 -4.774644374847412 0.1906
Car 1 1 1 1085.828857421875 166.3368377685547 1241.0 374.0 3.93784236907959 1.5329904556274414 1.6341428756713867 5.577032566070557 1.5031028985977173 5.2695512771606445 -4.74404764175415 0.1869
Pedestrian 1 1 1 227.6716766357422 140.43133544921875 317.22882080078125 342.6772155761719 0.7766726613044739 1.695103406906128 0.5556358695030212 -3.063359498977661 1.4230562448501587 6.481273174285889 -8.04378604888916 0.1840
Pedestrian 1 1 1 447.4396667480469 159.5850067138672 480.5647888183594 225.34373474121094 0.7688145041465759 1.745503544807434 0.5924797058105469 -4.0105180740356445 1.3929907083511353 19.604761123657227 -4.42723274230957 0.1780
Car 1 1 1 599.5922241210938 181.66973876953125 641.7669067382812 213.322998046875 3.9485044479370117 1.483613133430481 1.6851837635040283 0.45367714762687683 1.9606974124908447 37.0178108215332 -4.821752548217773 0.1748
Pedestrian 1 1 1 450.6929016113281 164.67918395996094 481.36785888671875 220.78173828125 0.7365837097167969 1.7366957664489746 0.6070160269737244 -4.596978187561035 1.483338475227356 22.81113624572754 -7.25239896774292 0.1730
Cyclist 1 1 1 374.2771911621094 161.3314208984375 423.2930908203125 258.6929016113281 1.7754849195480347 1.7025175094604492 0.524394154548645 -3.98148250579834 1.5007272958755493 13.522099494934082 -4.787367820739746 0.1699
Car 1 1 1 0.0 0.0 1241.0 374.0 3.827615976333618 1.5305930376052856 1.6189939975738525 3.9784622192382812 1.5517867803573608 1.3390679359436035 -7.948427677154541 0.1596
Car 1 1 1 528.866455078125 176.7041015625 550.2142333984375 196.56021118164062 4.092238426208496 1.5890522003173828 1.653508186340332 -5.98175573348999 1.9240829944610596 60.70768356323242 -4.842152118682861 0.1548
Cyclist 1 1 1 678.3413696289062 157.76361083984375 706.5784912109375 204.27975463867188 1.6141334772109985 1.7297024726867676 0.5515554547309875 3.1040189266204834 1.1682665348052979 27.679792404174805 -4.951437950134277 0.1537
Car 1 1 1 0.0 190.5884246826172 112.32269287109375 374.0 3.794367551803589 1.512718915939331 1.624254584312439 -4.393555641174316 1.6481361389160156 3.5262529850006104 -4.859053134918213 0.1525
Pedestrian 1 1 1 464.4075927734375 166.0489959716797 485.0348205566406 217.93472290039062 0.7358870506286621 1.730271577835083 0.6156445145606995 -4.626400947570801 1.5030399560928345 24.453847885131836 -7.937007427215576 0.1403
Car 1 1 1 417.03887939453125 178.4534912109375 478.0240478515625 217.72396850585938 3.6010520458221436 1.481851577758789 1.6208187341690063 -6.625418186187744 1.7250783443450928 29.56275177001953 -4.69083309173584 0.1399
Car 1 1 1 220.62782287597656 182.768310546875 385.22845458984375 287.10614013671875 3.993006944656372 1.520572304725647 1.6292833089828491 -5.342033386230469 1.7270814180374146 12.979984283447266 -4.817632675170898 0.1378
Pedestrian 1 1 1 1182.52099609375 148.91114807128906 1241.0 250.19081115722656 0.6047042012214661 1.6705248355865479 0.5569528341293335 10.156046867370605 1.2753071784973145 12.225682258605957 -4.628944396972656 0.1357
Car 1 1 1 0.0 0.0 1241.0 374.0 3.775864362716675 1.5426198244094849 1.6461668014526367 1.7224775552749634 1.5650010108947754 0.9063209891319275 -7.880692005157471 0.1350
Car 1 1 1 698.7224731445312 178.14437866210938 762.1396484375 223.36334228515625 4.12187385559082 1.4982465505599976 1.6370235681533813 4.278247356414795 1.707000732421875 26.450700759887695 -4.711681365966797 0.1337
Car 1 1 1 0.0 182.6864471435547 188.53231811523438 332.7388610839844 4.046697616577148 1.5756062269210815 1.6395107507705688 -7.60488224029541 1.7404546737670898 9.987462043762207 -4.87985372543335 0.1298
Pedestrian 1 1 1 499.0438232421875 170.7384033203125 512.0719604492188 198.0780792236328 0.7842315435409546 1.7868211269378662 0.5967366099357605 -6.92191219329834 1.6482534408569336 47.61051940917969 -7.605557918548584 0.1294
Pedestrian 1 1 1 502.6033020019531 173.5065460205078 514.35400390625 197.54127502441406 0.6491863131523132 1.753183126449585 0.6100979447364807 -7.501467227935791 1.8013055324554443 53.099857330322266 -8.530497550964355 0.1281
Pedestrian 1 1 1 968.38720703125 160.44076538085938 1004.9281005859375 226.79945373535156 0.8115002512931824 1.645585060119629 0.5904998779296875 9.510591506958008 1.3374574184417725 18.338029861450195 -7.7049431800842285 0.1263
Pedestrian 1 1 1 965.0968017578125 137.79141235351562 1025.42626953125 272.52862548828125 0.796527624130249 1.788678765296936 0.5903958678245544 5.287394046783447 1.3229118585586548 10.043875694274902 -4.427143096923828 0.1220
Car 1 1 1 353.41351318359375 177.699951171875 432.2098388671875 223.36582946777344 3.5993316173553467 1.4695557355880737 1.5822519063949585 -7.606244087219238 1.6523581743240356 25.435251235961914 -4.675235271453857 0.1214
Pedestrian 1 1 1 477.40557861328125 161.1127166748047 497.8308410644531 209.1200714111328 0.5262095332145691 1.7776235342025757 0.555741012096405 -4.641864776611328 1.3425661325454712 27.098974227905273 -3.9686293601989746 0.1214
Pedestrian 1 1 1 483.1775207519531 162.78884887695312 501.516357421875 209.20590209960938 0.5012732148170471 1.7967098951339722 0.5667559504508972 -4.661448001861572 1.4068084955215454 28.306676864624023 -3.796907901763916 0.1213
Car 1 1 1 0.0 0.0 1241.0 374.0 3.838336706161499 1.5409804582595825 1.6200612783432007 -2.4537808895111084 1.6167309284210205 0.7184150815010071 -7.898009777069092 0.1207
Car 1 1 1 1170.9384765625 174.74317932128906 1241.0 374.0 4.123374938964844 1.5262830257415771 1.6448930501937866 7.804995059967041 1.5501036643981934 7.105886936187744 -4.653461456298828 0.1204
Car 1 1 1 500.3591003417969 178.91555786132812 540.6098022460938 205.88519287109375 4.016035556793213 1.5062750577926636 1.6504192352294922 -5.351877689361572 1.8869534730911255 43.28759002685547 -4.640419960021973 0.1195
Pedestrian 1 1 1 378.155517578125 159.59413146972656 418.81561279296875 263.2525634765625 0.7638733983039856 1.7074241638183594 0.56346195936203 -3.649467945098877 1.4887123107910156 12.303160667419434 -4.855686664581299 0.1194
Pedestrian 1 1 1 773.7158203125 160.93524169921875 811.9832763671875 239.70733642578125 0.7467483282089233 1.7070103883743286 0.5967234969139099 4.034451484680176 1.4484281539916992 16.11320686340332 -4.089662551879883 0.1168
Pedestrian 1 1 1 1002.39697265625 165.14779663085938 1040.825439453125 246.85687255859375 0.549469530582428 1.6039319038391113 0.5242888331413269 8.201334953308105 1.4523611068725586 14.485085487365723 -4.51183557510376 0.1146
Car 1 1 1 1075.453125 167.939453125 1241.0 231.1461181640625 3.7634150981903076 1.498816728591919 1.597260594367981 14.240875244140625 1.3819785118103027 19.002765655517578 -4.726741313934326 0.1143
Car 1 1 1 369.2324523925781 179.34129333496094 461.9377136230469 239.9808349609375 3.906625270843506 1.4982995986938477 1.624176263809204 -5.371459484100342 1.6975152492523193 20.22018814086914 -4.734241962432861 0.1137
Car 1 1 1 570.7684326171875 176.8685760498047 641.5747680664062 204.08238220214844 3.923903226852417 1.497422218322754 1.6084051132202148 -0.23905926942825317 1.728672742843628 40.7823371887207 -3.126315116882324 0.1135
Car 1 1 1 428.2433776855469 175.53367614746094 505.18695068359375 201.30027770996094 4.2009172439575195 1.4922232627868652 1.6617746353149414 -8.546886444091797 1.655533790588379 43.02712631225586 -3.0462875366210938 0.1106
Car 1 1 1 564.0328979492188 179.11163330078125 586.0935668945312 196.79312133789062 4.024188041687012 1.5873775482177734 1.6538690328598022 -3.360358715057373 2.1985890865325928 68.39311981201172 -4.870964050292969 0.1105
Car 1 1 1 753.1456909179688 176.2819366455078 822.515380859375 220.26524353027344 3.9734489917755127 1.5072911977767944 1.6340194940567017 6.519920349121094 1.6448538303375244 27.027759552001953 -4.707563400268555 0.1105
Car 1 1 1 570.326171875 182.98927307128906 606.53759765625 215.91452026367188 3.947680950164795 1.498731017112732 1.6897722482681274 -1.1676528453826904 2.0340404510498047 36.109310150146484 -4.772688865661621 0.1099
Car 1 1 1 1005.5762329101562 173.90338134765625 1187.5755615234375 241.95413208007812 3.871971607208252 1.4731593132019043 1.5637723207473755 11.64782428741455 1.5015145540237427 17.69230079650879 -4.82302713394165 0.1095
Car 1 1 1 562.3545532226562 178.8359832763672 583.691650390625 199.68511962890625 3.8908884525299072 1.6169319152832031 1.6310080289840698 -3.0831522941589355 2.1233327388763428 59.112972259521484 -7.934276103973389 0.1091
Pedestrian 1 1 1 1076.3759765625 155.02200317382812 1118.8072509765625 237.41246032714844 0.5902513861656189 1.686049222946167 0.5825086832046509 10.160440444946289 1.3208328485488892 15.129570960998535 -4.433366775512695 0.1079
Pedestrian 1 1 1 447.15283203125 165.94784545898438 474.8838806152344 224.6279296875 0.7102348804473877 1.6440138816833496 0.5594030618667603 -4.299320697784424 1.4502274990081787 20.61048126220703 -4.550873279571533 0.1072
Pedestrian 1 1 1 462.80096435546875 165.06094360351562 483.5220947265625 209.4575958251953 0.6411684155464172 1.7779755592346191 0.6450185179710388 -5.59047794342041 1.465583086013794 29.264530181884766 -7.6907429695129395 0.1071
Pedestrian 1 1 1 493.330078125 161.5894012451172 511.3296813964844 211.39247131347656 0.7025145888328552 1.7966525554656982 0.6295614838600159 -3.9829235076904297 1.389980673789978 26.414743423461914 -7.9694085121154785 0.1066
Car 1 1 1 161.98654174804688 0.0 912.58203125 374.0 3.8019418716430664 1.550451397895813 1.6133387088775635 0.10309234261512756 1.5943838357925415 0.12112173438072205 -7.908793926239014 0.1060
Pedestrian 1 1 1 1056.80517578125 157.62608337402344 1099.0599365234375 233.86756896972656 0.5925455689430237 1.6297119855880737 0.5594830513000488 10.146997451782227 1.3039053678512573 15.741777420043945 -7.771020412445068 0.1058
Pedestrian 1 1 1 937.0863037109375 159.22889709472656 964.6422119140625 220.03770446777344 0.6897442936897278 1.6718435287475586 0.5942052006721497 9.508970260620117 1.2969428300857544 20.250598907470703 -7.576605319976807 0.1054
Pedestrian 1 1 1 1143.876953125 156.89073181152344 1195.50927734375 247.32601928710938 0.5916683077812195 1.610445261001587 0.5282494425773621 10.161141395568848 1.325875997543335 13.184656143188477 -4.544915199279785 0.1053
Cyclist 1 1 1 604.8983154296875 178.7422637939453 612.9832763671875 197.7001953125 1.7631932497024536 1.7217607498168945 0.5786023736000061 -0.12435110658407211 2.275616407394409 66.99915313720703 -7.954249858856201 0.1031
Pedestrian 1 1 1 986.5708618164062 161.7574920654297 1024.7314453125 241.15887451171875 0.5755609273910522 1.6256657838821411 0.5431395769119263 8.21990966796875 1.398175835609436 15.102890014648438 -4.539954662322998 0.1029
Pedestrian 1 1 1 34.170066833496094 144.67868041992188 155.90943908691406 345.6502685546875 0.6870774030685425 1.672260046005249 0.5526121258735657 -4.61600399017334 1.437516689300537 6.414914131164551 -4.404691219329834 0.1019
Pedestrian 1 1 1 433.2844543457031 167.67381286621094 460.461669921875 241.01211547851562 0.704962432384491 1.5971862077713013 0.5536370873451233 -3.686506986618042 1.4840704202651978 16.107337951660156 -4.878732681274414 0.1019
Pedestrian 1 1 1 743.7341918945312 160.460205078125 777.6748046875 232.26512145996094 0.7501897215843201 1.7460460662841797 0.5999606251716614 3.7168357372283936 1.4443721771240234 18.023193359375 -4.137661933898926 0.1012
Car 1 1 1 558.9443969726562 177.1949005126953 601.5665893554688 218.9966583251953 3.6520140171051025 1.5153446197509766 1.5677238702774048 -1.1824771165847778 1.6968929767608643 28.38286018371582 -4.73553991317749 0.1007
