Pedestrian 1 1 1 689.8320922851562 143.34454345703125 773.5577392578125 297.16864013671875 0.9536776542663574 1.7710206508636475 0.6259624361991882 1.483748197555542 1.3436516523361206 8.69351577758789 -8.18772029876709 0.6926
Car 1 1 1 492.1204528808594 167.234619140625 569.0066528320312 223.94549560546875 3.9009621143341064 1.5333207845687866 1.6337919235229492 -2.158069372177124 1.1749680042266846 21.119932174682617 -4.642038345336914 0.3051
Cyclist 1 1 1 955.5756225585938 152.96920776367188 1030.8343505859375 258.9046325683594 1.6586096286773682 1.6098495721817017 0.5483931303024292 6.276924133300781 1.1918654441833496 11.606274604797363 -4.558125019073486 0.3027
Pedestrian 1 1 1 397.57879638671875 156.63824462890625 437.29840087890625 242.88705444335938 0.905250072479248 1.780281901359558 0.6885422468185425 -4.031896114349365 1.2880979776382446 15.080370903015137 -4.816662311553955 0.2758
Cyclist 1 1 1 837.0885620117188 142.65968322753906 884.7007446289062 253.46641540527344 1.7646522521972656 1.7766813039779663 0.4601912796497345 4.352302551269531 1.1703301668167114 12.244966506958008 -7.6894211769104 0.2637
Car 1 1 1 557.3034057617188 168.77481079101562 651.1026611328125 203.0671844482422 3.9897024631500244 1.4844627380371094 1.6394675970077515 -0.028653161600232124 0.977100133895874 31.760339736938477 -2.967275619506836 0.2446
Pedestrian 1 1 1 692.4030151367188 151.27291870117188 724.5712890625 239.0304718017578 0.796039342880249 1.7422163486480713 0.5899883508682251 2.060122013092041 1.1623400449752808 14.453961372375488 -4.644224166870117 0.2418
Pedestrian 1 1 1 460.70404052734375 159.870361328125 492.9392395019531 244.4309539794922 0.8788057565689087 1.7464488744735718 0.629928708076477 -2.7677040100097656 1.3207324743270874 15.0778226852417 -4.836349964141846 0.2266
Pedestrian 1 1 1 664.4607543945312 159.90597534179688 675.8643188476562 191.65740966796875 0.7275470495223999 1.7726465463638306 0.6009206771850586 3.6565420627593994 0.6230250000953674 39.848758697509766 -7.815647602081299 0.2211
Pedestrian 1 1 1 631.5347290039062 157.59756469726562 675.5776977539062 257.66119384765625 0.9279932379722595 1.7488629817962646 0.5977481007575989 0.822788655757904 1.3489586114883423 12.864851951599121 -8.021767616271973 0.2190
Car 1 1 1 783.4135131835938 160.1654815673828 819.4046630859375 189.4778289794922 4.247902870178223 1.8865242004394531 1.692865014076233 13.194852828979492 0.57787024974823 47.7119140625 -7.7396016120910645 0.2143
Pedestrian 1 1 1 487.2344055175781 156.70762634277344 534.536376953125 252.93624877929688 0.8402177691459656 1.7227168083190918 0.6231316328048706 -1.784499168395996 1.2971479892730713 13.134739875793457 -7.638978481292725 0.2122
Pedestrian 1 1 1 839.3067626953125 162.15878295898438 865.7613525390625 230.3452911376953 0.6368023753166199 1.6981054544448853 0.5779343247413635 6.248740196228027 1.241662859916687 17.987079620361328 -4.468098163604736 0.2093
Pedestrian 1 1 1 836.7913818359375 167.6526641845703 873.6558837890625 246.48045349121094 0.7452257871627808 1.5298391580581665 0.5202188491821289 4.93858003616333 1.2808665037155151 14.114789009094238 -4.629660129547119 0.2028
Pedestrian 1 1 1 58.09389877319336 174.7035675048828 100.35128021240234 238.1079864501953 0.834866464138031 1.791290283203125 0.6623548865318298 -15.28458023071289 1.6278325319290161 20.508224487304688 -4.057143688201904 0.1974
Pedestrian 1 1 1 78.18037414550781 159.78419494628906 118.83578491210938 240.3159637451172 0.7484232783317566 1.8128776550292969 0.5449371933937073 -11.762792587280273 1.3468769788742065 16.360300064086914 -3.793856620788574 0.1955
Pedestrian 1 1 1 740.954833984375 153.3831787109375 771.0458984375 242.41151428222656 0.8000901341438293 1.7580459117889404 0.5834792852401733 3.0302631855010986 1.2229270935058594 14.414139747619629 -4.50269079208374 0.1904
Car 1 1 1 1145.3436279296875 171.67282104492188 1223.0 369.0 3.9769740104675293 1.4592663049697876 1.573608636856079 7.127902507781982 1.394637942314148 6.023725509643555 -6.295797824859619 0.1902
Pedestrian 1 1 1 1159.7860107421875 152.2936248779297 1201.876708984375 222.66851806640625 0.7253246307373047 1.7885565757751465 0.545589029788971 14.895502090454102 1.0720206499099731 18.34515380859375 -3.4720616340637207 0.1890
Pedestrian 1 1 1 1211.6546630859375 142.2356414794922 1223.0 211.00924682617188 0.6339952945709229 1.7457252740859985 0.5554700493812561 16.17644691467285 0.7747570276260376 18.348583221435547 -7.4466071128845215 0.1886
Pedestrian 1 1 1 897.1182861328125 146.24526977539062 945.6060180664062 253.95404052734375 0.6341249346733093 1.7439481019973755 0.597389280796051 5.269397735595703 1.1897001266479492 11.882694244384766 -7.165320873260498 0.1841
Pedestrian 1 1 1 1018.0886840820312 145.05596923828125 1083.0909423828125 254.22630310058594 0.6788228154182434 1.7281310558319092 0.593769371509552 7.2464704513549805 1.1674474477767944 11.595765113830566 -8.109382629394531 0.1787
Pedestrian 1 1 1 528.76171875 155.5 564.0031127929688 255.91249084472656 0.8798438310623169 1.75706946849823 0.6108258962631226 -1.1228773593902588 1.3199795484542847 12.843795776367188 -7.966695308685303 0.1771
Pedestrian 1 1 1 959.9215087890625 158.80810546875 1069.1717529296875 363.0189208984375 0.7215693593025208 1.4585875272750854 0.4654492139816284 3.058619737625122 1.3040932416915894 5.430778503417969 -4.620395183563232 0.1732
Pedestrian 1 1 1 548.208984375 155.03904724121094 573.9034423828125 226.3513641357422 0.7687695622444153 1.7428852319717407 0.5850752592086792 -1.1329898834228516 1.1209423542022705 17.668861389160156 -4.698341369628906 0.1727
Car 1 1 1 564.1865844726562 168.15524291992188 634.2743530273438 225.2512664794922 4.019554138183594 1.5662251710891724 1.6519749164581299 -0.3056902289390564 1.2278980016708374 21.49489974975586 -4.8417277336120605 0.1724
Car 1 1 1 0.0 0.0 1223.0 369.0 3.888033628463745 1.536611557006836 1.644830346107483 -3.4359290599823 1.6257126331329346 0.9118599891662598 -7.900126934051514 0.1713
Pedestrian 1 1 1 323.2515869140625 160.8258056640625 370.2947998046875 243.50926208496094 0.8652074933052063 1.7439128160476685 0.616971492767334 -5.652849197387695 1.3293051719665527 15.389863967895508 -4.548340797424316 0.1695
Pedestrian 1 1 1 16.03961753845215 164.81268310546875 75.34586334228516 253.36619567871094 0.7963990569114685 1.752396583557129 0.6035098433494568 -11.426785469055176 1.4423160552978516 14.409168243408203 -4.778563976287842 0.1691
Pedestrian 1 1 1 766.2642822265625 153.21441650390625 803.25439453125 254.4298095703125 0.7090514898300171 1.694495677947998 0.599350094795227 3.054434061050415 1.2380725145339966 12.248318672180176 -4.4929094314575195 0.1666
Pedestrian 1 1 1 216.9922637939453 158.58303833007812 266.0594177246094 249.53501892089844 0.6414837837219238 1.7606747150421143 0.5879874229431152 -7.2835869789123535 1.3367605209350586 14.091357231140137 -4.350244998931885 0.1663
Pedestrian 1 1 1 1097.6302490234375 146.65113830566406 1160.2349853515625 253.4922332763672 0.649924099445343 1.6987677812576294 0.5493384003639221 8.51234245300293 1.1609562635421753 11.574339866638184 -7.826845645904541 0.1634
Pedestrian 1 1 1 669.3698120117188 163.9353485107422 690.435302734375 207.4781494140625 0.6626250743865967 1.7317793369293213 0.6242181658744812 3.000375270843506 1.073197364807129 28.565759658813477 -7.309481143951416 0.1633
Pedestrian 1 1 1 92.22750854492188 159.83973693847656 132.5318603515625 254.7846221923828 0.7462618947029114 1.7055385112762451 0.5580158829689026 -9.20606803894043 1.3347786664962769 13.163901329040527 -8.381353378295898 0.1619
Pedestrian 1 1 1 316.1368713378906 175.6567840576172 345.7201843261719 231.60614013671875 0.6348323225975037 1.4451854228973389 0.49033135175704956 -7.246185779571533 1.3204017877578735 18.6047420501709 -4.606793403625488 0.1596
Pedestrian 1 1 1 10.39879035949707 154.71066284179688 57.810245513916016 239.50201416015625 0.7524632811546326 1.8350136280059814 0.5488356351852417 -12.731120109558105 1.2772387266159058 15.730347633361816 -4.9415283203125 0.1585
Car 1 1 1 308.2106628417969 182.29824829101562 417.0412902832031 248.77438354492188 3.992272138595581 1.4844390153884888 1.6229389905929565 -6.034761428833008 1.5355720520019531 17.942533493041992 -4.775984764099121 0.1581
Pedestrian 1 1 1 0.0 161.3514862060547 35.748470306396484 238.21359252929688 0.7086381316184998 1.7704423666000366 0.5672168731689453 -14.009093284606934 1.3297115564346313 16.696868896484375 -4.94776725769043 0.1527
Car 1 1 1 645.6953735351562 161.706787109375 723.4755859375 188.92898559570312 4.22894287109375 1.5357922315597534 1.6320791244506836 4.63879919052124 0.47565263509750366 41.34988021850586 -6.615007400512695 0.1526
Pedestrian 1 1 1 627.6712036132812 161.76318359375 662.8013305664062 248.89447021484375 0.8238836526870728 1.7245217561721802 0.6031597852706909 0.785370945930481 1.3540363311767578 14.458769798278809 -4.507457256317139 0.1511
Pedestrian 1 1 1 1181.9881591796875 142.02127075195312 1223.0 247.02169799804688 0.7235897183418274 1.6991515159606934 0.5661471486091614 10.10640811920166 1.0768576860427856 11.89411449432373 -4.222832202911377 0.1466
Pedestrian 1 1 1 507.33502197265625 157.44052124023438 537.3091430664062 242.7674560546875 0.8131212592124939 1.7320823669433594 0.6057956218719482 -1.7699482440948486 1.2643439769744873 14.788692474365234 -7.958890438079834 0.1451
Pedestrian 1 1 1 773.4473266601562 161.0266571044922 802.6197509765625 227.83554077148438 0.6809914708137512 1.6685172319412231 0.561644971370697 4.611526012420654 1.1825040578842163 18.00072479248047 -4.71968412399292 0.1443
Car 1 1 1 1190.678466796875 144.4933319091797 1223.0 215.20494079589844 3.735375165939331 1.6059134006500244 1.6397613286972046 17.386898040771484 0.7885136604309082 18.016511917114258 -7.9851813316345215 0.1433
Pedestrian 1 1 1 128.237060546875 167.47378540039062 176.14382934570312 255.60604858398438 0.5688990950584412 1.6719430685043335 0.5505914688110352 -8.862566947937012 1.4251880645751953 13.774703979492188 -4.3637285232543945 0.1426
Pedestrian 1 1 1 88.91576385498047 157.52598571777344 141.88003540039062 247.27574157714844 0.7052322626113892 1.734261155128479 0.5717716813087463 -9.814447402954102 1.2906882762908936 14.11394214630127 -4.136674404144287 0.1419
Car 1 1 1 283.03033447265625 179.4003448486328 422.64776611328125 226.0861358642578 4.175447940826416 1.5236297845840454 1.646112322807312 -8.506296157836914 1.4880143404006958 24.018508911132812 -3.199923515319824 0.1412
Pedestrian 1 1 1 675.298095703125 161.35789489746094 699.0496826171875 226.3649139404297 0.8124244809150696 1.641465187072754 0.5678879022598267 2.076087713241577 1.1584374904632568 18.277061462402344 -4.647955417633057 0.1407
Car 1 1 1 0.0 0.0 1223.0 369.0 3.838275194168091 1.5168567895889282 1.621429443359375 2.9955270290374756 1.5404165983200073 0.9519082307815552 -7.873420238494873 0.1394
Pedestrian 1 1 1 226.37281799316406 166.1488800048828 249.17454528808594 218.457763671875 0.7253885269165039 1.8649048805236816 0.637710452079773 -13.374969482421875 1.353514313697815 25.688140869140625 -8.476564407348633 0.1366
Car 1 1 1 577.5863037109375 172.3979949951172 606.3591918945312 195.46575927734375 3.920844078063965 1.6422638893127441 1.6092643737792969 -0.9989542365074158 1.0654757022857666 52.39797592163086 -8.00874137878418 0.1351
Pedestrian 1 1 1 736.3507690429688 160.19448852539062 765.512939453125 231.37062072753906 0.8041245341300964 1.7630033493041992 0.5826080441474915 3.6784636974334717 1.2603694200515747 17.996959686279297 -4.313502311706543 0.1350
Pedestrian 1 1 1 801.6578979492188 148.45852661132812 840.9829711914062 253.25975036621094 0.7040550708770752 1.7485899925231934 0.6319828033447266 3.684230089187622 1.2143620252609253 12.223931312561035 -4.426083564758301 0.1323
Pedestrian 1 1 1 1051.537841796875 156.0604248046875 1100.120361328125 243.1479949951172 0.7682328224182129 1.648524284362793 0.5690780878067017 9.145630836486816 1.1862587928771973 13.827166557312012 -4.459588527679443 0.1323
Car 1 1 1 633.3955078125 173.34722900390625 685.426025390625 215.95321655273438 3.9805338382720947 1.5048794746398926 1.6328929662704468 1.9730637073516846 1.2524923086166382 26.972332000732422 -4.72291898727417 0.1286
Car 1 1 1 194.06105041503906 180.7620849609375 312.9402160644531 237.37059020996094 3.8302817344665527 1.513012170791626 1.5616068840026855 -10.238531112670898 1.5217273235321045 20.84126853942871 -4.698093891143799 0.1284
Pedestrian 1 1 1 86.630126953125 156.119873046875 120.27696228027344 234.079833984375 0.7572070956230164 1.8226704597473145 0.5443205833435059 -12.083640098571777 1.2530077695846558 16.990068435668945 -5.165691375732422 0.1270
Pedestrian 1 1 1 260.5897521972656 166.57012939453125 306.4910583496094 253.7946014404297 0.6802928447723389 1.6523727178573608 0.551972508430481 -6.290794372558594 1.3888499736785889 13.75611400604248 -4.629485607147217 0.1264
Pedestrian 1 1 1 612.06298828125 157.01373291015625 636.954833984375 227.56179809570312 0.7895826697349548 1.752549409866333 0.6044381856918335 0.4612785279750824 1.169429898262024 17.978086471557617 -4.6472554206848145 0.1259
Car 1 1 1 884.3546752929688 167.65390014648438 1032.9239501953125 216.921142578125 4.093730449676514 1.5062428712844849 1.6415866613388062 11.299735069274902 1.1137868165969849 22.761966705322266 -6.447951316833496 0.1254
Pedestrian 1 1 1 1058.91748046875 148.00257873535156 1118.0880126953125 254.0860137939453 0.6523580551147461 1.6855169534683228 0.5381201505661011 7.850790023803711 1.1695622205734253 11.57404613494873 -4.6591877937316895 0.1251
Pedestrian 1 1 1 1144.773681640625 148.5950164794922 1190.2393798828125 220.556640625 0.7067281007766724 1.7960668802261353 0.5703507661819458 14.306053161621094 1.000084400177002 18.046010971069336 -4.8936967849731445 0.1246
Pedestrian 1 1 1 0.0 166.38148498535156 21.152463912963867 235.83949279785156 0.8079728484153748 1.809693455696106 0.5875906348228455 -16.272232055664062 1.4421589374542236 18.921178817749023 -4.1086859703063965 0.1243
Car 1 1 1 0.0 178.36514282226562 4.522812843322754 227.77792358398438 3.9609715938568115 1.5175728797912598 1.646303415298462 -22.750551223754883 1.4522926807403564 23.73268699645996 -7.806016445159912 0.1233
Pedestrian 1 1 1 95.43872833251953 159.5427703857422 138.22561645507812 240.62704467773438 0.7395738959312439 1.7912051677703857 0.5676379799842834 -11.107934951782227 1.328588604927063 16.043487548828125 -4.940053939819336 0.1209
Pedestrian 1 1 1 1071.69921875 153.4925994873047 1121.7523193359375 228.66348266601562 0.8216575980186462 1.7956256866455078 0.5914636850357056 12.038786888122559 1.150823712348938 17.38422966003418 -5.12338924407959 0.1206
Car 1 1 1 1219.7166748046875 167.0568389892578 1223.0 369.0 4.113654136657715 1.4901148080825806 1.6169204711914062 6.5186285972595215 1.4228318929672241 4.41513729095459 -6.30465030670166 0.1203
Car 1 1 1 0.0 193.0838623046875 0.0 369.0 3.9152302742004395 1.541542887687683 1.6162058115005493 -5.353911876678467 1.6145671606063843 2.084156036376953 -7.90116548538208 0.1195
Pedestrian 1 1 1 1082.20361328125 147.5352783203125 1134.189453125 237.81353759765625 0.7545064687728882 1.708526372909546 0.5807980298995972 9.76797103881836 1.085028886795044 13.813175201416016 -4.489129066467285 0.1192
Pedestrian 1 1 1 0.0 161.8342742919922 36.57994842529297 252.7512969970703 0.7843775153160095 1.7651331424713135 0.5910957455635071 -12.0109224319458 1.4031026363372803 14.135543823242188 -4.769216060638428 0.1181
Car 1 1 1 123.34085083007812 186.77496337890625 224.84942626953125 232.54197692871094 3.698812246322632 1.4846794605255127 1.6653671264648438 -15.362883567810059 1.727212905883789 25.382183074951172 -4.806829929351807 0.1180
Car 1 1 1 0.0 180.3532257080078 33.14950942993164 252.99984741210938 3.660454750061035 1.4763342142105103 1.5662578344345093 -15.334115028381348 1.473705768585205 16.266023635864258 -4.80906867980957 0.1174
Car 1 1 1 746.2882690429688 163.82870483398438 795.2626342773438 190.68760681152344 4.012254238128662 1.7065232992172241 1.6506853103637695 10.965982437133789 0.6473543047904968 47.0528678894043 -8.052173614501953 0.1169
Car 1 1 1 0.0 0.0 1223.0 369.0 3.8395633697509766 1.5402451753616333 1.6174677610397339 1.3839998245239258 1.5646281242370605 0.6320230960845947 -7.861785411834717 0.1167
Pedestrian 1 1 1 1112.5760498046875 150.58872985839844 1223.0 360.46246337890625 0.7058165669441223 1.5067100524902344 0.4764242470264435 4.329859256744385 1.2924143075942993 5.44187593460083 -4.655508041381836 0.1164
Car 1 1 1 0.0 0.0 1223.0 369.0 3.8266758918762207 1.548200249671936 1.6511749029159546 -1.5333259105682373 1.6072190999984741 0.8363312482833862 -7.899044513702393 0.1155
Pedestrian 1 1 1 1185.7301025390625 143.77899169921875 1223.0 213.0028533935547 0.6245458722114563 1.7632434368133545 0.5472063422203064 15.57099723815918 0.8282206654548645 18.353649139404297 -4.837454795837402 0.1146
Pedestrian 1 1 1 102.60681915283203 158.4418487548828 150.6224365234375 242.373779296875 0.7181147933006287 1.786098599433899 0.5656072497367859 -10.457820892333984 1.3170419931411743 15.40869140625 -4.724487781524658 0.1139
Pedestrian 1 1 1 326.0883483886719 171.5040283203125 354.738525390625 229.0581512451172 0.5974395871162415 1.5400303602218628 0.5130770802497864 -7.23679256439209 1.2996283769607544 19.246971130371094 -4.5901384353637695 0.1134
Pedestrian 1 1 1 599.4664916992188 165.6389923095703 617.1306762695312 205.07749938964844 0.6701664328575134 1.8058993816375732 0.5994776487350464 0.1332237273454666 1.1255958080291748 32.804561614990234 -7.431011199951172 0.1128
Car 1 1 1 392.3502197265625 181.13905334472656 479.6051025390625 243.43263244628906 3.91495680809021 1.4873197078704834 1.5801506042480469 -4.439004898071289 1.5065115690231323 18.915843963623047 -4.761451721191406 0.1121
Cyclist 1 1 1 0.0 0.0 1223.0 369.0 1.8452274799346924 1.6454689502716064 0.5115667581558228 6.888381481170654 1.300173044204712 -0.30655163526535034 -8.029180526733398 0.1119
Car 1 1 1 108.0797348022461 178.1097412109375 229.70559692382812 233.74122619628906 3.5819480419158936 1.5041077136993408 1.5272270441055298 -12.797334671020508 1.439792513847351 20.941679000854492 -4.759851455688477 0.1118
Car 1 1 1 220.2061309814453 181.08462524414062 317.6973876953125 228.71075439453125 3.9162497520446777 1.507436752319336 1.6145843267440796 -11.498275756835938 1.5295023918151855 24.410778045654297 -4.745112895965576 0.1113
Pedestrian 1 1 1 587.214111328125 153.39987182617188 612.0567016601562 224.6757354736328 0.7779492139816284 1.7723606824874878 0.6075000762939453 -0.17106930911540985 1.0988075733184814 17.978132247924805 -4.687231063842773 0.1093
Car 1 1 1 614.2402954101562 173.78773498535156 686.2548828125 226.76853942871094 4.007872104644775 1.534999966621399 1.614862084388733 1.3118821382522583 1.3408242464065552 22.5664005279541 -4.823703289031982 0.1091
Pedestrian 1 1 1 241.1154022216797 164.88526916503906 260.5896301269531 214.12734985351562 0.6041222810745239 1.8284894227981567 0.6014581918716431 -13.37048053741455 1.2489160299301147 26.64455795288086 -8.22146224975586 0.1090
Pedestrian 1 1 1 200.94903564453125 164.82862854003906 222.87338256835938 217.43765258789062 0.6926407217979431 1.877453327178955 0.6375824809074402 -14.319945335388184 1.3184430599212646 25.69794273376465 -8.449729919433594 0.1087
Car 1 1 1 235.85787963867188 184.2437286376953 408.1011047363281 295.44293212890625 3.8298556804656982 1.4852216243743896 1.66162109375 -4.439113616943359 1.5574246644973755 11.572914123535156 -4.823383808135986 0.1077
Pedestrian 1 1 1 1129.39306640625 146.4522705078125 1172.4400634765625 239.64041137695312 0.6890680193901062 1.6794322729110718 0.5497118830680847 10.114312171936035 1.0661952495574951 13.17849063873291 -4.1845197677612305 0.1070
Pedestrian 1 1 1 699.289306640625 161.53671264648438 726.5578002929688 228.9102783203125 0.7557207942008972 1.677325963973999 0.5746881365776062 2.6960701942443848 1.2055416107177734 17.981555938720703 -4.716090679168701 0.1068
Pedestrian 1 1 1 969.2640380859375 156.99964904785156 1015.7515258789062 243.69085693359375 0.606777012348175 1.6553348302841187 0.5427864193916321 7.528779029846191 1.2069672346115112 13.83816909790039 -7.989783763885498 0.1067
Pedestrian 1 1 1 294.9554443359375 171.3895721435547 328.81085205078125 229.90777587890625 0.7534527778625488 1.534278392791748 0.5527245998382568 -7.882504463195801 1.295729160308838 18.937496185302734 -7.766254901885986 0.1066
Pedestrian 1 1 1 666.9503173828125 159.45335388183594 697.7156982421875 249.86338806152344 0.7700137495994568 1.671054720878601 0.5665651559829712 1.427682638168335 1.2824145555496216 13.482830047607422 -4.599836826324463 0.1065
Car 1 1 1 682.538818359375 172.6966552734375 759.4222412109375 215.87184143066406 4.030905246734619 1.4874563217163086 1.614963412284851 4.212847709655762 1.218879222869873 26.481233596801758 -4.880651473999023 0.1063
Pedestrian 1 1 1 19.165477752685547 168.10719299316406 62.29550552368164 234.12319946289062 0.818928062915802 1.811220407485962 0.6004610061645508 -15.920666694641113 1.4715173244476318 19.906396865844727 -4.08513069152832 0.1060
Car 1 1 1 1010.3053588867188 163.77972412109375 1162.365478515625 224.64544677734375 3.5544075965881348 1.5010055303573608 1.5252494812011719 12.89559555053711 1.0889936685562134 19.270816802978516 -4.795395851135254 0.1059
Cyclist 1 1 1 991.3504028320312 153.83786010742188 1075.866455078125 244.3670654296875 1.740599274635315 1.702489972114563 0.54336017370224 8.501147270202637 1.201446771621704 14.183913230895996 -4.782355308532715 0.1052
Car 1 1 1 74.40132141113281 183.1801300048828 180.5712890625 225.4757843017578 3.9437320232391357 1.5217641592025757 1.6534252166748047 -18.588741302490234 1.6346204280853271 27.705272674560547 -4.763950347900391 0.1047
Pedestrian 1 1 1 224.83497619628906 165.7503662109375 243.23011779785156 214.77902221679688 0.6104051470756531 1.8192708492279053 0.5971505641937256 -14.002666473388672 1.2722100019454956 26.64119529724121 -8.307997703552246 0.1046
Car 1 1 1 735.644775390625 171.4740447998047 873.7026977539062 220.31060791015625 4.019221305847168 1.5201884508132935 1.6440995931625366 6.439077854156494 1.2395106554031372 23.10692596435547 -6.424999713897705 0.1042
Car 1 1 1 815.4406127929688 172.19615173339844 1014.0087280273438 239.10630798339844 4.026551246643066 1.4793897867202759 1.5965850353240967 7.1737589836120605 1.2961335182189941 16.65549659729004 -6.397416114807129 0.1037
Car 1 1 1 341.33587646484375 176.7208251953125 402.48077392578125 212.07269287109375 3.761110544204712 1.512674331665039 1.5844095945358276 -10.538105964660645 1.3511725664138794 32.14405822753906 -4.724560737609863 0.1019
Car 1 1 1 1215.2294921875 163.95179748535156 1223.0 307.7298583984375 3.999723196029663 1.4926844835281372 1.5909327268600464 9.700456619262695 1.321303367614746 8.266789436340332 -6.34952974319458 0.1018
Car 1 1 1 1130.6641845703125 163.44371032714844 1223.0 261.34991455078125 3.7928731441497803 1.505832314491272 1.642861008644104 11.632060050964355 1.2438874244689941 12.818175315856934 -7.79224157333374 0.1018
Pedestrian 1 1 1 249.31912231445312 164.74356079101562 268.6927490234375 212.31588745117188 0.5942468643188477 1.8105862140655518 0.5999779105186462 -13.377087593078613 1.211138367652893 27.287235260009766 -8.178054809570312 0.1017
Pedestrian 1 1 1 189.93075561523438 164.52532958984375 235.79725646972656 256.1230773925781 0.5792768001556396 1.7113381624221802 0.5142265558242798 -7.553952217102051 1.413245677947998 13.548622131347656 -4.492834568023682 0.1015
Car 1 1 1 0.0 186.59300231933594 0.0 369.0 4.089418888092041 1.564793586730957 1.6338293552398682 -11.15951919555664 1.652378797531128 7.99330997467041 -4.826798915863037 0.1014
Pedestrian 1 1 1 1105.1732177734375 152.9196319580078 1169.6580810546875 259.3912353515625 0.6036423444747925 1.594396710395813 0.5207650065422058 8.179823875427246 1.181774377822876 10.94381046295166 -4.956753253936768 0.1013
Car 1 1 1 814.2700805664062 169.78933715820312 977.0546264648438 224.3531951904297 4.063755989074707 1.5233913660049438 1.6284666061401367 8.324211120605469 1.2246599197387695 20.566211700439453 -6.288882732391357 0.1007
Pedestrian 1 1 1 798.8232421875 162.32949829101562 821.522705078125 226.80142211914062 0.6013814806938171 1.6360937356948853 0.5554364323616028 5.271378517150879 1.175304651260376 18.30936622619629 -4.427120685577393 0.1003
Pedestrian 1 1 1 63.02043151855469 166.68402099609375 106.05523681640625 232.60479736328125 0.8131465315818787 1.8097214698791504 0.6010035276412964 -14.692612648010254 1.4307388067245483 19.91478729248047 -4.150315761566162 0.1000
