Car 1 1 1 567.8676147460938 175.76046752929688 626.9849243164062 232.90101623535156 4.134190082550049 1.5619442462921143 1.6382992267608643 -0.5113353133201599 1.6589518785476685 22.047391891479492 -7.909643650054932 0.8284
Car 1 1 1 94.66365814208984 179.48451232910156 179.27133178710938 215.99374389648438 3.645451545715332 1.5356346368789673 1.5756433010101318 -21.485946655273438 1.8544645309448242 32.8749885559082 -7.8942437171936035 0.8069
Car 1 1 1 0.0 177.12933349609375 73.37760162353516 227.6874542236328 3.769139289855957 1.6454458236694336 1.6393979787826538 -21.326234817504883 1.809133768081665 25.7428035736084 -7.917759418487549 0.6394
Car 1 1 1 116.14257049560547 175.80531311035156 187.93692016601562 204.9609832763672 3.4933741092681885 1.6267858743667603 1.7605196237564087 -26.909954071044922 1.8077116012573242 42.46873474121094 -7.737096309661865 0.5433
Cyclist 1 1 1 760.9368896484375 172.67005920410156 775.55615234375 200.76846313476562 1.6813476085662842 1.6691367626190186 0.4445124566555023 9.542901039123535 1.6579104661941528 43.71167755126953 -7.899599552154541 0.4665
Cyclist 1 1 1 61.40464401245117 172.11639404296875 102.55618286132812 213.9406280517578 1.7175018787384033 1.7410097122192383 0.4823908805847168 -22.63018226623535 1.710005283355713 30.898223876953125 -7.836183071136475 0.3724
Pedestrian 1 1 1 878.9713134765625 170.99591064453125 905.1825561523438 214.865966796875 0.8216807246208191 1.7531064748764038 0.5853965282440186 11.39804458618164 1.678554892539978 29.273086547851562 -6.721761226654053 0.3559
Pedestrian 1 1 1 227.2294921875 167.1357879638672 244.48724365234375 210.10137939453125 0.732988178730011 1.7915318012237549 0.5951710939407349 -15.888692855834961 1.5528000593185425 30.554092407226562 -8.407597541809082 0.3520
Pedestrian 1 1 1 769.1119995117188 169.44349670410156 785.2725219726562 196.4644317626953 0.9081787467002869 1.7808822393417358 0.521233320236206 11.07703971862793 1.5558041334152222 47.950801849365234 -3.4783363342285156 0.3308
Cyclist 1 1 1 534.4552001953125 160.62281799316406 556.2412109375 199.60781860351562 1.6162830591201782 1.7507834434509277 0.5910937786102295 -3.010111093521118 1.201191782951355 33.25175094604492 -4.531680583953857 0.3241
Pedestrian 1 1 1 1199.479736328125 170.5308074951172 1223.08740234375 202.2125244140625 0.8024138808250427 1.7899056673049927 0.692430853843689 34.28746032714844 1.6583532094955444 41.19400405883789 -6.516631603240967 0.2950
Pedestrian 1 1 1 1201.6959228515625 171.23019409179688 1228.7164306640625 211.29977416992188 0.8120917677879333 1.756464958190918 0.6756582260131836 26.89811897277832 1.6849846839904785 32.121341705322266 -3.648463249206543 0.2939
Car 1 1 1 227.6175079345703 174.97576904296875 275.04156494140625 198.41258239746094 3.8370718955993652 1.7050714492797852 1.708591341972351 -27.188215255737305 1.8714638948440552 54.763877868652344 -4.717125415802002 0.2395
Pedestrian 1 1 1 1159.70947265625 109.84300231933594 1241.0 313.31915283203125 0.681165874004364 1.7917999029159546 0.6134225130081177 5.617595672607422 1.236628532409668 6.72703218460083 -4.598582744598389 0.2254
Pedestrian 1 1 1 363.1082458496094 175.87359619140625 376.8311767578125 201.34022521972656 0.6846527457237244 1.7609082460403442 0.6101776361465454 -16.815534591674805 1.9736766815185547 50.45635223388672 -7.213815212249756 0.2222
Car 1 1 1 634.7769775390625 177.57305908203125 661.711181640625 203.82186889648438 3.760629415512085 1.5449193716049194 1.5990771055221558 2.3896219730377197 1.8522318601608276 45.09844207763672 -7.778515338897705 0.2039
Cyclist 1 1 1 1198.5426025390625 164.7661895751953 1241.0 213.01290893554688 1.733941674232483 1.7627578973770142 0.6478360295295715 22.94997215270996 1.466958999633789 26.76688003540039 -6.1883721351623535 0.2006
Car 1 1 1 1190.01806640625 152.93252563476562 1241.0 205.0927734375 3.6826207637786865 1.6135995388031006 1.6366214752197266 21.641525268554688 0.9970202445983887 24.20396614074707 -7.79984712600708 0.1948
Car 1 1 1 636.7066040039062 176.79562377929688 654.3727416992188 193.4930877685547 3.826472282409668 1.5160049200057983 1.62543523311615 3.3435890674591064 1.899908185005188 68.38085174560547 -4.664475440979004 0.1948
Car 1 1 1 223.97987365722656 172.32212829589844 264.8605651855469 194.83660888671875 4.433802604675293 1.9839659929275513 1.7281335592269897 -33.32185745239258 1.9367973804473877 65.8502197265625 -7.919346332550049 0.1945
Car 1 1 1 686.4102783203125 178.34197998046875 727.5946655273438 202.2886962890625 3.759011745452881 1.536208987236023 1.5827836990356445 6.536597728729248 1.9254837036132812 49.213417053222656 -4.930827617645264 0.1801
Pedestrian 1 1 1 1173.771728515625 147.89712524414062 1218.737548828125 222.20233154296875 0.7233801484107971 1.781479001045227 0.5688586235046387 14.317652702331543 1.1828341484069824 17.700164794921875 -4.557741165161133 0.1798
Pedestrian 1 1 1 220.55393981933594 162.4466552734375 253.4453887939453 221.0948944091797 0.7905101776123047 1.8009051084518433 0.6151984930038452 -11.699080467224121 1.4810277223587036 22.55455780029297 -7.843756198883057 0.1783
Car 1 1 1 180.8319549560547 175.3419647216797 220.07492065429688 198.3726348876953 3.897545337677002 1.6663320064544678 1.632775902748108 -31.046977996826172 1.86202073097229 54.748016357421875 -8.10667610168457 0.1721
Car 1 1 1 579.3853759765625 177.6535186767578 606.296142578125 203.68231201171875 3.8786747455596924 1.5260778665542603 1.5972074270248413 -1.1404213905334473 1.8382571935653687 45.0041618347168 -4.756488800048828 0.1660
Car 1 1 1 0.0 0.0 1241.0 374.0 3.8794240951538086 1.5387234687805176 1.644531488418579 -3.427260160446167 1.6233423948287964 0.9298862814903259 -7.902114391326904 0.1649
Pedestrian 1 1 1 83.73991394042969 173.17723083496094 102.18903350830078 209.8979949951172 0.6313368082046509 1.7617504596710205 0.6161683201789856 -25.167680740356445 1.7773561477661133 35.065521240234375 -5.533143520355225 0.1641
Car 1 1 1 568.9390258789062 178.13648986816406 607.4354858398438 211.6448974609375 3.8489084243774414 1.5067288875579834 1.6501559019088745 -1.149895191192627 1.7776767015457153 35.06074142456055 -7.941404819488525 0.1622
Pedestrian 1 1 1 883.3190307617188 163.041259765625 903.4497680664062 208.6194610595703 0.7316768169403076 1.7198299169540405 0.6239003539085388 10.810342788696289 1.3492599725723267 27.65522575378418 -4.474679946899414 0.1616
Car 1 1 1 70.17876434326172 174.61134338378906 168.08615112304688 203.65545654296875 4.165153503417969 1.5241098403930664 1.6797481775283813 -26.426889419555664 1.6206541061401367 38.867156982421875 -3.1146950721740723 0.1544
Cyclist 1 1 1 984.7808227539062 151.6248779296875 1062.5963134765625 241.3090362548828 1.74518620967865 1.6928030252456665 0.511011004447937 8.213828086853027 1.2918001413345337 14.500344276428223 -7.889888286590576 0.1538
Car 1 1 1 623.072021484375 177.5414581298828 645.2429809570312 195.75967407226562 4.011649131774902 1.5026500225067139 1.5604914426803589 2.042365312576294 1.9224239587783813 62.6142578125 -7.912010669708252 0.1528
Car 1 1 1 544.2033081054688 178.13673400878906 566.9185180664062 200.47845458984375 3.938225030899048 1.5696146488189697 1.5872890949249268 -4.045388221740723 1.9767751693725586 53.646583557128906 -4.762360572814941 0.1485
Car 1 1 1 226.48483276367188 184.62863159179688 278.2687072753906 215.56903076171875 3.6937201023101807 1.4835329055786133 1.5872470140457153 -18.836809158325195 2.136658191680908 38.069244384765625 -4.923043251037598 0.1485
Car 1 1 1 0.0 0.0 1241.0 374.0 3.8876166343688965 1.529090404510498 1.6226783990859985 3.0196802616119385 1.540299892425537 1.3063580989837646 -7.904472827911377 0.1470
Pedestrian 1 1 1 1120.535888671875 151.10150146484375 1163.136474609375 236.10830688476562 0.7525719404220581 1.7320696115493774 0.5617789030075073 11.121668815612793 1.288548469543457 15.159309387207031 -3.843996524810791 0.1468
Car 1 1 1 253.06515502929688 175.94874572753906 299.7324523925781 198.0357208251953 3.7762291431427 1.6049128770828247 1.696610450744629 -25.344858169555664 1.8482509851455688 54.88555145263672 -7.816534519195557 0.1431
Car 1 1 1 996.5636596679688 172.34173583984375 1123.1173095703125 223.837158203125 3.7470550537109375 1.517743706703186 1.5517699718475342 14.248632431030273 1.5023455619812012 23.187274932861328 -4.779176235198975 0.1429
Car 1 1 1 321.5877685546875 176.61441040039062 363.95379638671875 203.11654663085938 4.206632614135742 1.6715130805969238 1.6818430423736572 -17.860008239746094 1.9343435764312744 48.30796813964844 -4.819243431091309 0.1416
Cyclist 1 1 1 1015.7781372070312 152.38099670410156 1097.4788818359375 242.19459533691406 1.7490084171295166 1.691197156906128 0.5125712156295776 8.853466987609863 1.3053889274597168 14.46837329864502 -7.8838276863098145 0.1399
Pedestrian 1 1 1 744.3658447265625 172.78671264648438 754.6495971679688 192.40234375 0.7146922945976257 1.771353006362915 0.6150282621383667 12.662303924560547 1.7649749517440796 65.61116790771484 -8.292403221130371 0.1383
Car 1 1 1 604.4537353515625 177.09857177734375 627.6974487304688 195.46420288085938 3.9934659004211426 1.4867607355117798 1.580491542816162 0.46172618865966797 1.859931230545044 61.425235748291016 -7.946892261505127 0.1383
Car 1 1 1 715.6319580078125 176.55213928222656 745.5450439453125 196.32943725585938 3.684673547744751 1.645344614982605 1.6404060125350952 10.412276268005371 1.976032018661499 62.66133499145508 -7.957211017608643 0.1345
Car 1 1 1 1192.0018310546875 170.41026306152344 1241.0 198.00894165039062 3.8063480854034424 1.5342005491256714 1.581285834312439 35.760986328125 1.3980536460876465 42.167137145996094 -4.378988742828369 0.1332
Pedestrian 1 1 1 863.2689819335938 159.5792694091797 881.3333740234375 201.67042541503906 0.6660463213920593 1.8168952465057373 0.6253814697265625 11.412039756774902 1.2435816526412964 31.52328109741211 -7.697869777679443 0.1331
Pedestrian 1 1 1 1223.143310546875 150.5002899169922 1241.0 234.06900024414062 0.7674505114555359 1.7795016765594482 0.6010057926177979 14.003236770629883 1.3032046556472778 15.788711547851562 -4.862615585327148 0.1317
Car 1 1 1 319.1869201660156 176.18043518066406 360.7626953125 197.55039978027344 3.8675622940063477 1.6189470291137695 1.6285980939865112 -21.405162811279297 1.8918274641036987 57.26832580566406 -4.640468597412109 0.1313
Cyclist 1 1 1 55.272220611572266 175.70469665527344 110.4495849609375 220.4507293701172 1.7506601810455322 1.8090713024139404 0.6259621381759644 -21.67617416381836 1.9274485111236572 29.630922317504883 -3.2518720626831055 0.1312
Pedestrian 1 1 1 1168.9139404296875 153.09829711914062 1229.4364013671875 252.44613647460938 0.7938239574432373 1.7159380912780762 0.5618864893913269 10.469164848327637 1.3744170665740967 12.891401290893555 -3.6061043739318848 0.1311
Pedestrian 1 1 1 60.80315017700195 159.9948272705078 100.41255950927734 240.23330688476562 0.7418195605278015 1.8122315406799316 0.5677072405815125 -12.341424942016602 1.5215001106262207 16.749649047851562 -2.4673030376434326 0.1302
Car 1 1 1 281.9827880859375 173.08102416992188 318.2451477050781 194.10498046875 4.208371162414551 1.86838960647583 1.7265331745147705 -28.449951171875 1.889630675315857 66.31806945800781 -4.768057823181152 0.1301
Cyclist 1 1 1 547.7515258789062 164.89305114746094 569.2841796875 203.8705291748047 1.6463347673416138 1.7508820295333862 0.5880520939826965 -2.404825210571289 1.3929731845855713 33.27543640136719 -4.523687362670898 0.1297
Cyclist 1 1 1 932.0220947265625 157.01792907714844 991.203125 232.7393798828125 1.7498902082443237 1.695390224456787 0.512877345085144 8.213973045349121 1.3405234813690186 17.035140991210938 -7.874547481536865 0.1289
Car 1 1 1 449.9825134277344 176.48243713378906 493.916259765625 208.03782653808594 4.190537452697754 1.6371546983718872 1.6917921304702759 -7.631705284118652 1.8487306833267212 40.02607727050781 -4.726250648498535 0.1280
Car 1 1 1 574.7567138671875 178.8225860595703 624.40869140625 222.7110137939453 3.792536735534668 1.5320417881011963 1.640141487121582 -0.5075066089630127 1.7769056558609009 27.678808212280273 -7.938660144805908 0.1280
Car 1 1 1 508.4963684082031 177.86935424804688 538.7617797851562 200.2923126220703 4.001160144805908 1.5362399816513062 1.6383333206176758 -6.255624771118164 1.9138737916946411 52.35423278808594 -7.832520008087158 0.1275
Car 1 1 1 472.7916564941406 177.27896118164062 497.8415222167969 200.26853942871094 4.082153797149658 1.5942938327789307 1.6195402145385742 -9.148066520690918 1.9319360256195068 52.98040771484375 -4.8351287841796875 0.1271
Car 1 1 1 0.0 187.78993225097656 0.0 374.0 3.9155547618865967 1.5424599647521973 1.6183210611343384 -5.337225914001465 1.6268978118896484 2.1103460788726807 -7.88674783706665 0.1269
Car 1 1 1 668.2271118164062 178.15060424804688 701.6380615234375 208.48118591308594 3.5452027320861816 1.4995332956314087 1.5900205373764038 3.9659836292266846 1.7933909893035889 38.19935607910156 -7.701619625091553 0.1269
Car 1 1 1 0.0 176.046142578125 85.7464599609375 237.57443237304688 3.596994638442993 1.5333237648010254 1.5979431867599487 -16.628952026367188 1.6296584606170654 20.007240295410156 -7.9031596183776855 0.1267
Pedestrian 1 1 1 46.35833740234375 161.50267028808594 88.58721160888672 236.48974609375 0.7335488796234131 1.8315701484680176 0.5766136050224304 -13.61656379699707 1.554012417793274 18.045108795166016 -2.6802144050598145 0.1256
Pedestrian 1 1 1 813.4725341796875 168.67787170410156 829.1982421875 197.24884033203125 0.9137703776359558 1.7993791103363037 0.5930909514427185 13.432710647583008 1.5360690355300903 45.97401428222656 -7.062927722930908 0.1249
Pedestrian 1 1 1 25.03374481201172 163.04637145996094 63.91695022583008 245.19854736328125 0.7329765558242798 1.7820097208023071 0.5661107897758484 -12.677550315856934 1.5689671039581299 16.10696029663086 -2.4074368476867676 0.1236
Car 1 1 1 1117.4007568359375 170.4982147216797 1241.0 218.20982360839844 3.7022507190704346 1.4733959436416626 1.595321536064148 19.08515739440918 1.400346279144287 24.159244537353516 -4.746476173400879 0.1229
Car 1 1 1 429.93670654296875 178.9961395263672 463.9558410644531 196.17599487304688 4.022563457489014 1.4916819334030151 1.6409142017364502 -14.957587242126465 2.073697566986084 66.28610229492188 -7.685078144073486 0.1225
Car 1 1 1 619.8554077148438 177.78640747070312 671.910400390625 198.30177307128906 3.701368808746338 1.5158430337905884 1.5891770124435425 2.686192035675049 1.8985366821289062 54.93274688720703 -6.451703071594238 0.1217
Pedestrian 1 1 1 95.66069030761719 162.71409606933594 129.64276123046875 239.20791625976562 0.7440654635429382 1.7936865091323853 0.572497546672821 -12.03775691986084 1.5556182861328125 17.386568069458008 -5.4610795974731445 0.1216
Car 1 1 1 0.0 0.0 1205.174072265625 374.0 3.8194756507873535 1.5366170406341553 1.6361554861068726 1.425095796585083 1.5492438077926636 0.8762754797935486 -7.8561272621154785 0.1214
Pedestrian 1 1 1 4.694028854370117 158.94317626953125 42.242713928222656 247.6761474609375 0.7349576354026794 1.803929090499878 0.5574991106987 -12.351743698120117 1.5208240747451782 15.127298355102539 -5.469629287719727 0.1211
Pedestrian 1 1 1 938.6758422851562 160.13095092773438 965.4149780273438 214.93516540527344 0.7179468274116516 1.7496061325073242 0.5852518081665039 11.091497421264648 1.3431270122528076 23.49611473083496 -7.080208778381348 0.1207
Car 1 1 1 201.4266357421875 172.59043884277344 253.99110412597656 196.70933532714844 4.029405117034912 1.7686768770217896 1.677761435508728 -29.085250854492188 1.7490485906600952 54.97614288330078 -7.789382457733154 0.1205
Car 1 1 1 139.27735900878906 176.09629821777344 220.35165405273438 201.3340606689453 4.161754608154297 1.5409666299819946 1.664314866065979 -26.988304138183594 1.7484647035598755 45.27395248413086 -3.074765205383301 0.1203
Car 1 1 1 491.2041320800781 176.26271057128906 538.4385375976562 211.54649353027344 3.922858238220215 1.505476951599121 1.6234632730484009 -4.348775863647461 1.6710106134414673 33.13467025756836 -4.704126834869385 0.1199
Car 1 1 1 600.6721801757812 177.40896606445312 636.3933715820312 203.4453582763672 3.865084409713745 1.5529507398605347 1.5826364755630493 0.4635365605354309 1.8545914888381958 45.78984069824219 -8.026586532592773 0.1198
Car 1 1 1 1241.0 163.83639526367188 1241.0 374.0 4.06313943862915 1.4938688278198242 1.588977336883545 6.269021511077881 1.457956314086914 3.8124537467956543 -6.367591381072998 0.1189
Car 1 1 1 685.782470703125 175.1475372314453 704.728515625 192.8175811767578 3.904254198074341 1.5682306289672852 1.6156224012374878 7.818440914154053 1.7859569787979126 66.57524871826172 -7.766784191131592 0.1185
Car 1 1 1 4.166989803314209 174.06991577148438 101.24464416503906 211.527587890625 3.8811557292938232 1.658955454826355 1.6476824283599854 -26.203136444091797 1.7193256616592407 34.0427131652832 -4.735962867736816 0.1182
Car 1 1 1 349.6775207519531 177.94100952148438 382.4983215332031 195.63064575195312 3.8330397605895996 1.595150351524353 1.570268154144287 -23.021642684936523 2.0893218517303467 68.166259765625 -4.638177871704102 0.1180
Car 1 1 1 355.57977294921875 177.77928161621094 391.22125244140625 199.99729919433594 3.9380125999450684 1.5293806791305542 1.6200608015060425 -17.228195190429688 1.9020123481750488 52.600860595703125 -7.941958904266357 0.1179
Pedestrian 1 1 1 1179.284423828125 160.93101501464844 1206.6585693359375 212.05958557128906 0.5440191030502319 1.7739537954330444 0.5645036101341248 20.47536277770996 1.359974980354309 25.403316497802734 -3.5634994506835938 0.1179
Car 1 1 1 392.68145751953125 180.47216796875 442.68212890625 212.91250610351562 3.9593350887298584 1.5263808965682983 1.6335852146148682 -9.805566787719727 1.9368882179260254 36.9007682800293 -4.74859619140625 0.1178
Car 1 1 1 957.5245361328125 174.20094299316406 1097.0361328125 228.89559936523438 4.01295804977417 1.516421914100647 1.6096397638320923 12.607797622680664 1.5614713430404663 22.200353622436523 -4.839807033538818 0.1173
Car 1 1 1 375.5627136230469 179.16720581054688 411.3672180175781 198.20838928222656 3.948997974395752 1.512704610824585 1.5420844554901123 -18.194997787475586 2.061321496963501 60.70293426513672 -7.768599033355713 0.1173
Car 1 1 1 334.4896240234375 179.7075653076172 369.5906982421875 199.18138122558594 4.059474945068359 1.5707604885101318 1.638418197631836 -22.030017852783203 2.175898790359497 61.69092559814453 -4.7369160652160645 0.1172
Car 1 1 1 810.8605346679688 173.9342498779297 883.6464233398438 214.0847930908203 3.792588472366333 1.512253999710083 1.598056674003601 9.46255111694336 1.5585441589355469 29.19945526123047 -4.742830276489258 0.1171
Cyclist 1 1 1 154.45790100097656 174.97174072265625 179.210693359375 207.8137664794922 1.711049199104309 1.7275240421295166 0.4791375696659088 -23.943819046020508 1.8441121578216553 38.946048736572266 -7.981698513031006 0.1171
Car 1 1 1 581.0390014648438 177.48240661621094 603.0364379882812 196.7451171875 3.9712531566619873 1.5060395002365112 1.6349356174468994 -1.4740362167358398 1.8994569778442383 59.376434326171875 -7.833838939666748 0.1171
Pedestrian 1 1 1 936.8428955078125 161.8184814453125 959.308349609375 207.8573760986328 0.757443368434906 1.7563762664794922 0.6297160387039185 13.049400329589844 1.3350727558135986 27.96135711669922 -7.649271488189697 0.1168
Car 1 1 1 506.0540466308594 174.2212677001953 528.037353515625 191.53041076660156 3.83085298538208 1.5868544578552246 1.587834119796753 -8.87373161315918 1.7203019857406616 68.52763366699219 -8.111461639404297 0.1165
Car 1 1 1 143.0840301513672 174.85125732421875 212.60963439941406 204.17962646484375 3.690559148788452 1.6119682788848877 1.694069504737854 -24.98440170288086 1.7325845956802368 41.798587799072266 -7.805400371551514 0.1160
Pedestrian 1 1 1 11.474845886230469 162.4972686767578 50.3790397644043 239.84278869628906 0.7350082397460938 1.8517308235168457 0.5653738379478455 -14.270169258117676 1.6034801006317139 17.71756362915039 -2.524510383605957 0.1154
Pedestrian 1 1 1 0.0 163.3966064453125 19.796913146972656 245.0784454345703 0.7578174471855164 1.8465863466262817 0.5868797302246094 -14.269847869873047 1.632482647895813 16.767641067504883 -2.5439000129699707 0.1151
Car 1 1 1 508.916259765625 178.3401641845703 528.1444702148438 196.2179718017578 3.8607916831970215 1.4725486040115356 1.5969760417938232 -7.941727161407471 1.9640016555786133 62.66893005371094 -7.9638991355896 0.1151
Car 1 1 1 525.7769165039062 176.8795623779297 553.0198974609375 201.8568878173828 4.048918724060059 1.5605876445770264 1.622750163078308 -4.672370910644531 1.838559865951538 47.81241989135742 -7.9075446128845215 0.1149
Car 1 1 1 574.844970703125 179.56590270996094 605.2022094726562 208.7095947265625 3.8987855911254883 1.531660556793213 1.6335996389389038 -1.1493580341339111 1.9290647506713867 40.78955078125 -4.7308030128479 0.1148
Pedestrian 1 1 1 980.6435546875 158.06748962402344 1017.4318237304688 229.6055145263672 0.7810879945755005 1.7126655578613281 0.5944135189056396 9.48958969116211 1.3583674430847168 17.716228485107422 -7.652344226837158 0.1146
Car 1 1 1 727.9989013671875 175.50320434570312 820.8541259765625 243.8052215576172 3.859259605407715 1.5053144693374634 1.580032229423523 3.9278316497802734 1.5783518552780151 18.014108657836914 -7.813497066497803 0.1142
Cyclist 1 1 1 0.0 0.0 1241.0 374.0 1.8552137613296509 1.6412230730056763 0.5081562399864197 6.900782108306885 1.3011860847473145 -0.28895941376686096 -8.059883117675781 0.1139
Pedestrian 1 1 1 1226.4700927734375 169.8035888671875 1241.0 211.81602478027344 0.7478801608085632 1.807716965675354 0.6804310083389282 27.47932243347168 1.6761633157730103 31.551105499267578 -5.392108917236328 0.1138
Car 1 1 1 0.0 0.0 1241.0 374.0 3.800734281539917 1.5518437623977661 1.612656593322754 -1.17552649974823 1.6118437051773071 0.10214024782180786 -7.901188373565674 0.1133
Pedestrian 1 1 1 87.89960479736328 162.20606994628906 122.32867431640625 236.617919921875 0.7508025169372559 1.8108028173446655 0.5879963636398315 -12.670445442199707 1.5513869524002075 18.032278060913086 -5.4904069900512695 0.1129
Pedestrian 1 1 1 65.8204116821289 162.4204559326172 106.08365631103516 234.3540802001953 0.7338626980781555 1.8200246095657349 0.5791312456130981 -13.617904663085938 1.5557408332824707 18.683246612548828 -2.6562299728393555 0.1125
Pedestrian 1 1 1 959.8517456054688 158.78050231933594 983.1980590820312 216.24862670898438 0.6987112164497375 1.7330915927886963 0.5947848558425903 11.083038330078125 1.3083709478378296 22.2119197845459 -7.318709850311279 0.1121
Pedestrian 1 1 1 1219.2044677734375 145.74789428710938 1241.0 221.89120483398438 0.7061456441879272 1.821629285812378 0.5508992075920105 15.26406478881836 1.1728514432907104 17.70940589904785 -4.016292572021484 0.1119
Pedestrian 1 1 1 738.2487182617188 167.223388671875 750.8621826171875 196.31874084472656 0.7699570059776306 1.8341636657714844 0.6430509686470032 8.539628982543945 1.4789111614227295 45.964725494384766 -7.4583916664123535 0.1110
Pedestrian 1 1 1 266.790283203125 172.4291229248047 306.09759521484375 254.5799560546875 0.5329977869987488 1.6142746210098267 0.5126380324363708 -6.540807247161865 1.6056259870529175 14.480857849121094 -4.55893087387085 0.1098
Car 1 1 1 772.8430786132812 167.75340270996094 800.3677368164062 187.95387268066406 3.9435274600982666 1.7655168771743774 1.6635526418685913 15.86527156829834 1.3194248676300049 65.0668716430664 -7.8124470710754395 0.1088
Pedestrian 1 1 1 48.354827880859375 158.85353088378906 85.2486572265625 245.83412170410156 0.7474875450134277 1.8087575435638428 0.568392276763916 -11.702983856201172 1.517318606376648 15.472238540649414 -5.445802211761475 0.1081
Pedestrian 1 1 1 392.9301452636719 175.54920959472656 400.5731201171875 194.84727478027344 0.5299044251441956 1.8309834003448486 0.5571825504302979 -20.356353759765625 2.0887601375579834 68.81322479248047 -4.6682448387146 0.1079
Car 1 1 1 552.1221313476562 178.42971801757812 575.3136596679688 197.37648010253906 3.8077287673950195 1.5473898649215698 1.624094843864441 -4.037015914916992 2.042670249938965 62.12154006958008 -8.016480445861816 0.1078
Car 1 1 1 641.0634765625 176.6692352294922 667.1409301757812 195.39349365234375 3.9627573490142822 1.5161244869232178 1.610329031944275 3.6883342266082764 1.8508358001708984 61.30815887451172 -7.949717998504639 0.1076
Pedestrian 1 1 1 60.99939727783203 164.68003845214844 97.73853302001953 234.31106567382812 0.7378537654876709 1.8222746849060059 0.573333203792572 -14.26181697845459 1.6080588102340698 19.325578689575195 -2.5572824478149414 0.1073
Car 1 1 1 239.24266052246094 181.8486328125 285.8997497558594 209.345947265625 3.9786243438720703 1.561425805091858 1.643839716911316 -21.376480102539062 2.1417126655578613 44.463523864746094 -4.906559944152832 0.1071
Pedestrian 1 1 1 702.7988891601562 173.49317932128906 728.0909423828125 218.04823303222656 0.7897647619247437 1.6984548568725586 0.5801065564155579 4.044577598571777 1.7233586311340332 27.98509407043457 -6.90930700302124 0.1067
Pedestrian 1 1 1 53.32949447631836 161.32290649414062 94.34527587890625 239.12838745117188 0.7490738034248352 1.8280138969421387 0.5775650143623352 -12.98105525970459 1.5567950010299683 17.400983810424805 -2.5492238998413086 0.1062
Pedestrian 1 1 1 1116.015625 153.86033630371094 1160.8497314453125 225.63632202148438 0.7456691265106201 1.7845348119735718 0.564453125 13.369725227355957 1.3120038509368896 18.339496612548828 -4.81681489944458 0.1062
Car 1 1 1 807.6741943359375 173.3975372314453 853.3036499023438 199.4580078125 3.9818150997161865 1.6566969156265259 1.6532671451568604 14.567802429199219 1.694069266319275 47.981571197509766 -7.901499271392822 0.1058
Car 1 1 1 234.47848510742188 175.05397033691406 275.88525390625 194.74624633789062 4.052660942077637 1.6775707006454468 1.661868929862976 -31.41361427307129 1.8784518241882324 63.95188903808594 -4.706905364990234 0.1057
Pedestrian 1 1 1 211.01950073242188 172.2194366455078 227.13909912109375 201.23992919921875 0.7905518412590027 1.7814794778823853 0.6196033954620361 -24.256839752197266 1.7422256469726562 44.7161865234375 -7.949961185455322 0.1055
Pedestrian 1 1 1 917.0465698242188 162.01707458496094 943.8244018554688 212.32781982421875 0.711994469165802 1.7193199396133423 0.5880469083786011 11.104048728942871 1.3486790657043457 25.109304428100586 -6.952517032623291 0.1054
Car 1 1 1 1199.4501953125 166.7191162109375 1241.0 224.45703125 3.514766216278076 1.5036393404006958 1.5878492593765259 19.073488235473633 1.3435717821121216 20.595706939697266 -4.777135372161865 0.1053
Pedestrian 1 1 1 980.0955810546875 157.24949645996094 1006.6878051757812 216.0464630126953 0.6910692453384399 1.7194550037384033 0.5949692726135254 11.406488418579102 1.2628178596496582 21.555862426757812 -7.198418140411377 0.1050
Car 1 1 1 848.453125 175.6792449951172 965.7463989257812 227.12294006347656 4.165227890014648 1.4420610666275024 1.6668332815170288 9.098544120788574 1.538698673248291 22.60936737060547 -7.941467761993408 0.1050
Pedestrian 1 1 1 29.223581314086914 165.7093505859375 66.0130386352539 237.42124938964844 0.7270788550376892 1.8118820190429688 0.571342408657074 -14.606045722961426 1.6310644149780273 18.675071716308594 -2.514737129211426 0.1049
Car 1 1 1 122.14574432373047 180.2493438720703 214.40765380859375 224.217529296875 3.8011221885681152 1.5246491432189941 1.6656414270401 -16.87228775024414 1.8287273645401 27.695354461669922 -4.858912467956543 0.1048
Car 1 1 1 0.0 184.89181518554688 0.0 374.0 4.059825420379639 1.5665569305419922 1.6305912733078003 -11.130572319030762 1.7352848052978516 8.038121223449707 -4.799704074859619 0.1048
Car 1 1 1 1231.2967529296875 163.04983520507812 1241.0 324.6126403808594 3.9964470863342285 1.4955936670303345 1.5822066068649292 9.110432624816895 1.4045361280441284 7.6392717361450195 -6.369264602661133 0.1044
Cyclist 1 1 1 90.44656372070312 175.5270538330078 122.30224609375 213.2828369140625 1.7142021656036377 1.7372568845748901 0.5295572280883789 -23.901445388793945 1.8669856786727905 34.212188720703125 -8.000322341918945 0.1042
Pedestrian 1 1 1 934.8588256835938 161.25782775878906 962.7249145507812 212.6803741455078 0.7157754898071289 1.7170923948287964 0.6058719754219055 11.427452087402344 1.3295749425888062 24.45273208618164 -7.858598232269287 0.1041
Car 1 1 1 333.5019226074219 179.3069610595703 369.394287109375 201.5396728515625 3.9012014865875244 1.5504270792007446 1.5772274732589722 -19.150190353393555 2.0465986728668213 53.49966049194336 -4.802255630493164 0.1040
Car 1 1 1 518.8309936523438 177.67701721191406 549.05126953125 198.5414276123047 4.064095973968506 1.5448006391525269 1.6352195739746094 -5.940321922302246 1.9360096454620361 56.48015213012695 -4.6324076652526855 0.1039
Car 1 1 1 851.884521484375 171.55259704589844 926.4598388671875 206.93649291992188 4.072750568389893 1.5181057453155518 1.6446436643600464 12.637784957885742 1.4619700908660889 33.03691482543945 -4.76974630355835 0.1038
Pedestrian 1 1 1 92.41214752197266 162.76376342773438 138.44705200195312 247.61643981933594 0.7070932388305664 1.7332725524902344 0.5421313047409058 -10.410215377807617 1.5268608331680298 15.128575325012207 -4.861230850219727 0.1037
Pedestrian 1 1 1 118.23465728759766 161.2161102294922 152.05027770996094 233.6002197265625 0.7620923519134521 1.825204610824585 0.5883201956748962 -12.3401460647583 1.5314490795135498 18.67133331298828 -2.3574700355529785 0.1037
Car 1 1 1 594.2804565429688 176.48837280273438 622.917236328125 197.3229217529297 4.089249134063721 1.5232220888137817 1.6412452459335327 -0.17403846979141235 1.8139691352844238 55.64057540893555 -7.998581409454346 0.1037
Car 1 1 1 777.2724609375 176.12367248535156 823.4466552734375 203.5260467529297 3.768624782562256 1.5088833570480347 1.5866988897323608 11.01018238067627 1.7079986333847046 42.09629821777344 -4.745870113372803 0.1036
Car 1 1 1 1045.1473388671875 175.63092041015625 1094.8807373046875 199.06271362304688 3.9264473915100098 1.4834288358688354 1.6215581893920898 30.67325782775879 1.6770029067993164 48.276123046875 -4.47395133972168 0.1034
Car 1 1 1 944.069091796875 172.9668426513672 1047.8477783203125 216.2926483154297 3.8519344329833984 1.5008163452148438 1.5872224569320679 14.257413864135742 1.5050474405288696 26.988630294799805 -4.793696880340576 0.1033
Car 1 1 1 151.3750457763672 181.3839874267578 223.7335205078125 214.288330078125 3.934725522994995 1.5310935974121094 1.5546461343765259 -21.382532119750977 1.9875333309173584 36.625492095947266 -4.770740985870361 0.1032
Pedestrian 1 1 1 399.6084899902344 175.66453552246094 407.12384033203125 194.98248291015625 0.5417947173118591 1.8327077627182007 0.5603448748588562 -19.72279930114746 2.1014716625213623 68.8039321899414 -4.708527565002441 0.1030
Car 1 1 1 2.9065425395965576 176.53729248046875 110.01105499267578 216.60545349121094 3.87480092048645 1.5925211906433105 1.6386804580688477 -23.662534713745117 1.7602506875991821 30.975360870361328 -7.858160495758057 0.1029
Car 1 1 1 1206.700439453125 161.3594970703125 1241.0 374.0 4.095954895019531 1.4796133041381836 1.5734810829162598 7.221735954284668 1.4050045013427734 5.708170413970947 -6.41216516494751 0.1027
Pedestrian 1 1 1 1156.4779052734375 151.38829040527344 1202.9364013671875 226.86439514160156 0.7405341863632202 1.778401494026184 0.6046329736709595 13.689737319946289 1.2723169326782227 17.42049789428711 -4.528475284576416 0.1024
Pedestrian 1 1 1 1195.929443359375 148.9840545654297 1241.0 233.56396484375 0.7576431632041931 1.797725796699524 0.5944685339927673 13.38055419921875 1.2900758981704712 15.778495788574219 -4.9717607498168945 0.1024
Car 1 1 1 340.3021240234375 181.0506591796875 404.4453430175781 221.9639129638672 4.03013801574707 1.4831290245056152 1.6089998483657837 -9.526754379272461 1.8367680311203003 29.073678970336914 -4.808414459228516 0.1019
Car 1 1 1 369.6220703125 177.74095153808594 397.6943664550781 194.86834716796875 3.8442821502685547 1.5500472784042358 1.5475767850875854 -21.4238224029541 2.02583909034729 68.35071563720703 -4.739441871643066 0.1018
Pedestrian 1 1 1 126.94497680664062 161.6598358154297 160.8335418701172 236.1149139404297 0.7575986981391907 1.8113713264465332 0.5918278098106384 -11.702237129211426 1.5387356281280518 18.032974243164062 -5.455754280090332 0.1017
Car 1 1 1 0.0 179.5734405517578 25.381729125976562 256.63067626953125 3.526444435119629 1.5159859657287598 1.5857703685760498 -15.327330589294434 1.6858458518981934 16.397010803222656 -4.888482570648193 0.1017
Car 1 1 1 0.0 186.21937561035156 0.0 374.0 4.062089920043945 1.5472508668899536 1.630432367324829 -9.187307357788086 1.72922945022583 7.6970906257629395 -4.890439033508301 0.1017
Car 1 1 1 742.0411376953125 176.27281188964844 775.37939453125 201.43890380859375 3.7789337635040283 1.5751389265060425 1.6076992750167847 9.735906600952148 1.8095951080322266 47.615203857421875 -7.800175189971924 0.1016
Pedestrian 1 1 1 1090.1190185546875 154.11782836914062 1129.68017578125 218.6099090576172 0.7766398787498474 1.774323582649231 0.6116393804550171 13.980243682861328 1.2585489749908447 20.266918182373047 -7.7582221031188965 0.1014
Car 1 1 1 602.647216796875 177.7187042236328 636.9422607421875 210.15579223632812 3.77431321144104 1.521477222442627 1.6253957748413086 0.4083097279071808 1.7787775993347168 36.310333251953125 -7.866523265838623 0.1013
Car 1 1 1 204.1011199951172 174.6236114501953 234.98452758789062 195.12742614746094 4.17390775680542 1.774097204208374 1.6734825372695923 -35.18099594116211 1.9388542175292969 65.05921173095703 -8.154747009277344 0.1012
Cyclist 1 1 1 968.7532348632812 156.7286834716797 1037.2752685546875 235.1814422607422 1.750451683998108 1.686959981918335 0.5123241543769836 8.84276294708252 1.3399193286895752 16.404949188232422 -7.917978763580322 0.1011
Car 1 1 1 0.0 177.9979248046875 5.946003437042236 228.34230041503906 3.9058070182800293 1.6020230054855347 1.6759521961212158 -23.67129898071289 1.7969224452972412 25.375333786010742 -7.921926021575928 0.1009
Pedestrian 1 1 1 0.0 161.11529541015625 7.015583038330078 254.00694274902344 0.7511332035064697 1.8085259199142456 0.585515022277832 -12.651551246643066 1.5796829462051392 14.510847091674805 -2.4680657386779785 0.1009
Car 1 1 1 1099.568603515625 172.32188415527344 1237.8367919921875 223.23410034179688 3.70448899269104 1.4821393489837646 1.589434266090393 17.48883056640625 1.466348648071289 22.880252838134766 -4.6826019287109375 0.1006
