Car 1 1 1 403.2191162109375 182.5958709716797 557.0389404296875 302.8007507324219 3.8283004760742188 1.4846469163894653 1.6152600049972534 -1.861222267150879 1.6610444784164429 11.15595531463623 -4.690677642822266 0.8067
Car 1 1 1 308.43524169921875 183.03822326660156 448.1033630371094 281.35040283203125 3.5398707389831543 1.4899381399154663 1.5556843280792236 -4.0914177894592285 1.7002394199371338 13.114972114562988 -4.761244297027588 0.7584
Cyclist 1 1 1 741.8004150390625 163.13018798828125 775.2969970703125 220.1537628173828 1.8049486875534058 1.768301010131836 0.5746925473213196 4.728219032287598 1.466465711593628 23.29775619506836 -7.9355082511901855 0.7297
Car 1 1 1 509.1965026855469 179.7104034423828 549.4114379882812 211.3367156982422 3.9398648738861084 1.4603838920593262 1.5968767404556274 -4.027843475341797 1.8223414421081543 36.148128509521484 -4.717798709869385 0.5941
Pedestrian 1 1 1 50.37510299682617 157.89938354492188 111.97462463378906 282.61517333984375 0.7129063010215759 1.7619717121124268 0.6383434534072876 -7.873528957366943 1.5503945350646973 10.66506576538086 -3.80832576751709 0.3924
Car 1 1 1 541.9338989257812 177.75746154785156 569.0250854492188 204.0992431640625 3.989670753479004 1.5306299924850464 1.6007674932479858 -3.423502206802368 1.8483338356018066 44.742008209228516 -4.791736125946045 0.3213
Car 1 1 1 621.4425048828125 177.88072204589844 656.576416015625 205.14163208007812 3.9404096603393555 1.5831423997879028 1.59188973903656 1.7169909477233887 1.9085450172424316 44.7044677734375 -4.824914455413818 0.3151
Car 1 1 1 621.814697265625 181.21168518066406 697.0391235351562 209.6571044921875 3.797311305999756 1.4730042219161987 1.5935494899749756 2.619232416152954 1.938988208770752 39.13786315917969 -6.459493160247803 0.3057
Pedestrian 1 1 1 469.9591064453125 163.28463745117188 493.1473693847656 216.9571533203125 0.6311768889427185 1.7722033262252808 0.6518682241439819 -4.341201305389404 1.4559341669082642 24.147682189941406 -4.688294887542725 0.2789
Pedestrian 1 1 1 922.8941650390625 158.08230590820312 956.3238525390625 224.28224182128906 0.8012418150901794 1.762497067451477 0.5932810306549072 8.90960693359375 1.3689178228378296 19.635164260864258 -7.7663254737854 0.2507
Car 1 1 1 588.7706298828125 178.80325317382812 611.6943969726562 198.61856079101562 3.816697359085083 1.5141898393630981 1.612319827079773 -0.844765305519104 2.0106215476989746 58.280330657958984 -4.788865566253662 0.2507
Car 1 1 1 632.6315307617188 175.66627502441406 655.3662719726562 193.71029663085938 4.045915603637695 1.5425801277160645 1.6382255554199219 3.04449725151062 1.8018101453781128 64.466064453125 -7.707586765289307 0.2372
Pedestrian 1 1 1 101.8729019165039 167.0449676513672 157.4925079345703 271.1156005859375 0.6907294392585754 1.7041064500808716 0.5836489200592041 -8.173392295837402 1.6086862087249756 12.219400405883789 -4.951078414916992 0.2274
Pedestrian 1 1 1 1059.5992431640625 152.10372924804688 1112.802001953125 252.37051391601562 0.7151351571083069 1.6876097917556763 0.554021954536438 8.215593338012695 1.3380579948425293 12.553690910339355 -4.4926557540893555 0.2271
Car 1 1 1 509.5289611816406 178.3955078125 542.5479736328125 206.25253295898438 4.091610431671143 1.5433605909347534 1.6335948705673218 -4.977675437927246 1.8882803916931152 42.875179290771484 -4.749227523803711 0.2210
Car 1 1 1 652.01953125 178.88034057617188 702.3373413085938 198.37501525878906 3.9336962699890137 1.5089460611343384 1.6047672033309937 5.319000244140625 1.9967718124389648 57.452816009521484 -6.185187816619873 0.2171
Cyclist 1 1 1 457.5599365234375 162.44082641601562 484.955322265625 212.4862060546875 1.6610556840896606 1.7114280462265015 0.5713768601417542 -4.938093662261963 1.3550232648849487 25.51900291442871 -4.660585880279541 0.2161
Car 1 1 1 711.1771850585938 177.24453735351562 750.4172973632812 206.81973266601562 3.647448778152466 1.5226048231124878 1.5444880723953247 6.527651309967041 1.77385675907135 39.51423645019531 -4.709906101226807 0.2157
Pedestrian 1 1 1 328.77716064453125 166.54925537109375 357.953857421875 222.59683227539062 0.7077336311340332 1.744706392288208 0.6175528168678284 -8.483738899230957 1.54814612865448 22.844806671142578 -7.749866008758545 0.2130
Pedestrian 1 1 1 0.0 147.8928985595703 63.9648551940918 290.64910888671875 0.7375509142875671 1.8119419813156128 0.64175945520401 -7.823400497436523 1.4948216676712036 9.638988494873047 -6.956675052642822 0.2115
Pedestrian 1 1 1 317.4820251464844 172.70010375976562 349.82891845703125 228.9808807373047 0.8009865880012512 1.6224554777145386 0.5648031234741211 -8.176231384277344 1.6177186965942383 21.24030113220215 -7.696142673492432 0.2099
Pedestrian 1 1 1 1092.9842529296875 142.0823516845703 1164.0523681640625 281.56976318359375 0.6675147414207458 1.7184725999832153 0.5838838219642639 6.643723964691162 1.3390686511993408 9.325140953063965 -6.95039176940918 0.2072
Pedestrian 1 1 1 212.16812133789062 165.21527099609375 252.13392639160156 247.5170135498047 0.7027785778045654 1.712092638015747 0.5590633153915405 -8.137863159179688 1.552887201309204 15.437283515930176 -3.7288851737976074 0.2000
Pedestrian 1 1 1 816.4439086914062 166.19488525390625 833.4995727539062 208.45562744140625 0.4614480435848236 1.7895711660385132 0.560897171497345 9.166386604309082 1.5072849988937378 30.911943435668945 -4.00303840637207 0.1992
Pedestrian 1 1 1 879.8139038085938 151.20082092285156 913.2008666992188 229.80726623535156 0.8111650347709656 1.7684507369995117 0.6197583675384521 6.599045753479004 1.2810078859329224 16.73794937133789 -7.345480442047119 0.1973
Car 1 1 1 600.625 178.4384765625 624.8609008789062 201.32415771484375 3.9603991508483887 1.604101300239563 1.6554546356201172 0.14135482907295227 2.033850908279419 53.558589935302734 -4.74450159072876 0.1939
Pedestrian 1 1 1 895.9264526367188 155.76536560058594 918.7935791015625 213.44691467285156 0.6968237161636353 1.7656792402267456 0.6376467943191528 9.227675437927246 1.2422822713851929 22.52507972717285 -7.494932651519775 0.1913
Pedestrian 1 1 1 394.27276611328125 168.7505340576172 411.4551696777344 214.1569061279297 0.7704182267189026 1.7544879913330078 0.617721676826477 -8.184593200683594 1.59563148021698 28.342817306518555 -8.174062728881836 0.1866
Pedestrian 1 1 1 881.0885009765625 158.90988159179688 905.3909301757812 216.6343994140625 0.686724066734314 1.7200467586517334 0.616915762424469 8.546088218688965 1.3042467832565308 21.912675857543945 -7.586616039276123 0.1834
Cyclist 1 1 1 728.1932373046875 174.43771362304688 749.4041748046875 211.34886169433594 1.6823982000350952 1.6814758777618408 0.5640336275100708 5.9809064865112305 1.7572665214538574 33.80509948730469 -4.79556131362915 0.1813
Pedestrian 1 1 1 172.50868225097656 165.93368530273438 218.88079833984375 253.8414764404297 0.6763032078742981 1.6865530014038086 0.5480819940567017 -8.19408130645752 1.5534837245941162 14.197134971618652 -4.77283239364624 0.1787
Pedestrian 1 1 1 252.75323486328125 167.7559356689453 292.438720703125 237.04257202148438 0.8688079714775085 1.685286521911621 0.6242381930351257 -8.457703590393066 1.5609841346740723 18.004032135009766 -7.919077396392822 0.1783
Pedestrian 1 1 1 818.2067260742188 162.4014892578125 838.3103637695312 208.76292419433594 0.7025786638259888 1.730251431465149 0.6414384245872498 8.215080261230469 1.3398540019989014 27.326810836791992 -7.692210674285889 0.1781
Cyclist 1 1 1 956.260986328125 154.0883331298828 1023.5223388671875 236.08082580566406 1.7032971382141113 1.6921926736831665 0.5051527619361877 8.20281982421875 1.3045997619628906 15.75389289855957 -7.900704860687256 0.1731
Pedestrian 1 1 1 885.7552490234375 163.99017333984375 905.828369140625 212.0015106201172 0.4970693290233612 1.7945204973220825 0.5422309041023254 10.781739234924316 1.4629169702529907 27.336687088012695 -3.872905731201172 0.1728
Pedestrian 1 1 1 930.4462280273438 156.29327392578125 966.9833984375 245.6297149658203 0.6492218375205994 1.703478455543518 0.5485669374465942 6.606554985046387 1.3873964548110962 14.181500434875488 -4.104069709777832 0.1712
Pedestrian 1 1 1 416.19873046875 164.6341552734375 434.53662109375 205.9541015625 0.7181010246276855 1.8038604259490967 0.6349872350692749 -8.191473960876465 1.4447150230407715 31.863201141357422 -7.86909818649292 0.1699
Pedestrian 1 1 1 924.7085571289062 159.34213256835938 956.838623046875 229.4745635986328 0.7338947653770447 1.7113553285598755 0.60279780626297 8.207144737243652 1.3813420534133911 18.035165786743164 -4.470937252044678 0.1695
Pedestrian 1 1 1 138.2756805419922 160.682861328125 174.26902770996094 224.24618530273438 0.7427948117256165 1.7804630994796753 0.5924992561340332 -12.9961576461792 1.4392391443252563 20.60379409790039 -4.788703918457031 0.1674
Pedestrian 1 1 1 835.901123046875 160.75282287597656 863.4994506835938 223.50794982910156 0.6944388747215271 1.6969422101974487 0.6049312949180603 6.584379196166992 1.3694182634353638 19.961570739746094 -7.344014644622803 0.1664
Pedestrian 1 1 1 1085.6123046875 144.37794494628906 1141.299560546875 273.8639831542969 0.6561852097511292 1.7141458988189697 0.5576410293579102 6.9113359451293945 1.336877703666687 9.982208251953125 -3.9837050437927246 0.1643
Car 1 1 1 0.0 0.0 1241.0 374.0 3.8447060585021973 1.540494441986084 1.6399275064468384 -3.429872512817383 1.6176717281341553 0.9323229193687439 -7.892606258392334 0.1640
Car 1 1 1 412.6693420410156 174.56748962402344 483.1567077636719 236.5128173828125 3.773860454559326 1.544838547706604 1.636224389076233 -4.653049945831299 1.5972462892532349 20.151092529296875 -5.009581565856934 0.1617
Cyclist 1 1 1 415.6129455566406 174.78570556640625 438.24090576171875 209.3531036376953 1.67600417137146 1.665305256843567 0.587174654006958 -9.089033126831055 1.7629119157791138 35.713470458984375 -4.639458179473877 0.1598
Pedestrian 1 1 1 343.7606506347656 167.77317810058594 367.3081359863281 215.81703186035156 0.7301300764083862 1.6899042129516602 0.5983231663703918 -9.122634887695312 1.5108908414840698 25.752838134765625 -4.740477085113525 0.1591
Car 1 1 1 580.963134765625 177.71360778808594 607.8223876953125 196.67437744140625 3.964383602142334 1.607837438583374 1.6139730215072632 -1.4479900598526 2.0553882122039795 64.38187408447266 -4.940910816192627 0.1591
Pedestrian 1 1 1 888.7921142578125 160.21209716796875 918.9962158203125 226.94334411621094 0.7260808348655701 1.6890016794204712 0.5860728621482849 7.546015739440918 1.3687288761138916 18.671846389770508 -7.675234317779541 0.1590
Pedestrian 1 1 1 1043.7894287109375 150.1258087158203 1090.276123046875 260.7528381347656 0.6283506751060486 1.7173041105270386 0.5289762616157532 7.274692535400391 1.3641860485076904 11.591736793518066 -4.32314920425415 0.1563
Car 1 1 1 543.3165283203125 179.2320556640625 567.2777099609375 199.19032287597656 3.912574291229248 1.5124578475952148 1.5797581672668457 -4.38429069519043 2.041365146636963 57.901947021484375 -4.6994733810424805 0.1562
Pedestrian 1 1 1 1005.6630859375 157.308349609375 1050.1571044921875 250.18711853027344 0.6592629551887512 1.6479239463806152 0.5583807826042175 7.576379776000977 1.3718016147613525 13.195262908935547 -4.43656063079834 0.1548
Car 1 1 1 684.3200073242188 176.68258666992188 702.85693359375 194.90269470214844 3.829932689666748 1.505831003189087 1.5165263414382935 7.1844305992126465 1.8473620414733887 62.44301223754883 -4.61661958694458 0.1545
Pedestrian 1 1 1 953.0955810546875 158.51397705078125 993.2205810546875 225.0190887451172 0.8063797354698181 1.712782621383667 0.5856348276138306 9.51535415649414 1.3431679010391235 19.025503158569336 -8.006133079528809 0.1538
Pedestrian 1 1 1 340.5740966796875 163.65744018554688 368.2189025878906 218.5865478515625 0.6942763328552246 1.7825261354446411 0.638049840927124 -8.46588134765625 1.4837851524353027 23.78131866455078 -7.791402339935303 0.1528
Pedestrian 1 1 1 744.98681640625 164.0616912841797 758.6295776367188 201.1180419921875 0.6280725598335266 1.800052523612976 0.6081374287605286 6.912789821624756 1.3726567029953003 35.3961296081543 -7.7397541999816895 0.1524
Pedestrian 1 1 1 48.95310974121094 173.33319091796875 114.5484619140625 275.08697509765625 0.6865999102592468 1.6257920265197754 0.5442090034484863 -8.783791542053223 1.6336904764175415 11.938531875610352 -4.425968170166016 0.1524
Cyclist 1 1 1 914.6366577148438 159.5703887939453 977.1840209960938 239.72006225585938 1.7232227325439453 1.6566790342330933 0.5218334197998047 7.258206844329834 1.3818093538284302 15.782978057861328 -4.741862773895264 0.1475
Pedestrian 1 1 1 962.6012573242188 156.32565307617188 1002.37939453125 254.62635803222656 0.6381441950798035 1.6989655494689941 0.5388182997703552 6.6013593673706055 1.413000226020813 12.887200355529785 -7.221441745758057 0.1472
Car 1 1 1 504.631103515625 180.5497283935547 530.2302856445312 200.8794708251953 4.012348175048828 1.4943197965621948 1.654545783996582 -7.255181789398193 2.1196305751800537 56.617801666259766 -4.753520965576172 0.1471
Cyclist 1 1 1 781.0763549804688 162.82424926757812 810.4220581054688 214.467041015625 1.740062952041626 1.711524248123169 0.5090797543525696 6.317403316497803 1.3788223266601562 24.79051971435547 -7.885464191436768 0.1469
Pedestrian 1 1 1 644.1862182617188 175.2392578125 667.410888671875 239.89651489257812 0.8143696188926697 1.656130075454712 0.5312486886978149 1.1585874557495117 1.7199760675430298 18.959138870239258 -4.549570560455322 0.1466
Car 1 1 1 460.5577697753906 179.9167938232422 513.149169921875 219.8426513671875 3.874166965484619 1.4931234121322632 1.5820752382278442 -5.0297651290893555 1.8019814491271973 29.629375457763672 -4.734786033630371 0.1465
Cyclist 1 1 1 468.1531066894531 175.01100158691406 483.67462158203125 205.2002410888672 1.7751047611236572 1.718912959098816 0.6536174416542053 -7.852822303771973 1.8472039699554443 42.1132698059082 -4.7580246925354 0.1463
Pedestrian 1 1 1 1112.1295166015625 145.59490966796875 1161.660888671875 239.5930633544922 0.7175244688987732 1.707187533378601 0.5698162913322449 9.817317008972168 1.2118099927902222 13.538167953491211 -4.369584560394287 0.1458
Pedestrian 1 1 1 370.79425048828125 166.23583984375 392.956298828125 211.3063201904297 0.7633178234100342 1.7651640176773071 0.6256434321403503 -9.096341133117676 1.505666971206665 28.647769927978516 -7.829843044281006 0.1457
Pedestrian 1 1 1 827.2230224609375 161.27098083496094 847.4013061523438 215.44683837890625 0.6814053654670715 1.7106914520263672 0.6101119518280029 7.261989593505859 1.344638705253601 23.201478958129883 -7.542815685272217 0.1451
Car 1 1 1 460.27789306640625 181.46885681152344 489.7994689941406 202.6324462890625 4.054844379425049 1.4843595027923584 1.6727946996688843 -10.154680252075195 2.1578142642974854 54.3609733581543 -4.766138553619385 0.1449
Car 1 1 1 0.0 187.56005859375 0.0 374.0 3.880498170852661 1.5504558086395264 1.6178960800170898 -5.341317653656006 1.6329255104064941 2.107642650604248 -7.870523929595947 0.1443
Pedestrian 1 1 1 93.028076171875 165.85987854003906 145.2239532470703 263.1325378417969 0.5889285802841187 1.6871259212493896 0.5482317805290222 -8.829524993896484 1.5655176639556885 12.905319213867188 -4.2029571533203125 0.1439
Car 1 1 1 695.6111450195312 176.2486114501953 718.0582275390625 193.2843780517578 3.9071733951568604 1.5497552156448364 1.6163580417633057 9.125591278076172 1.8803482055664062 68.37578582763672 -4.708074569702148 0.1428
Pedestrian 1 1 1 780.3770751953125 163.32708740234375 800.052734375 209.06146240234375 0.7243820428848267 1.7465276718139648 0.6140385866165161 6.954204082489014 1.3824090957641602 28.012582778930664 -7.416615009307861 0.1407
Car 1 1 1 625.2908935546875 177.87930297851562 647.499267578125 197.6299591064453 3.8997209072113037 1.5046601295471191 1.5141748189926147 2.0633935928344727 1.9216853380203247 57.94651412963867 -4.7449750900268555 0.1404
Pedestrian 1 1 1 762.8466796875 167.9900665283203 778.2962036132812 206.66224670410156 0.7343122959136963 1.735434651374817 0.608291506767273 7.265521049499512 1.5168627500534058 32.82538986206055 -4.3816914558410645 0.1403
Pedestrian 1 1 1 1126.5933837890625 146.92568969726562 1160.3599853515625 226.51243591308594 0.7288784384727478 1.7604891061782837 0.5678555965423584 12.07783317565918 1.186645269393921 16.420583724975586 -4.145738124847412 0.1403
Pedestrian 1 1 1 913.4847412109375 161.33067321777344 930.864501953125 212.68572998046875 0.5497334599494934 1.80556321144104 0.5599456429481506 11.089031219482422 1.4001209735870361 25.733989715576172 -4.287360191345215 0.1398
Pedestrian 1 1 1 204.8118438720703 165.3933563232422 253.1288604736328 250.72744750976562 0.685085117816925 1.7030038833618164 0.5715004801750183 -7.88613224029541 1.5538129806518555 14.841764450073242 -4.150686264038086 0.1367
Car 1 1 1 507.79144287109375 178.3089599609375 561.4544067382812 229.93197631835938 3.8694820404052734 1.5458928346633911 1.6345800161361694 -2.4868292808532715 1.7421562671661377 24.013290405273438 -7.922921657562256 0.1348
Car 1 1 1 647.4319458007812 177.0001678466797 673.8158569335938 202.57838439941406 4.009286880493164 1.5765935182571411 1.6432081460952759 3.3145554065704346 1.8595099449157715 47.2161979675293 -7.763539791107178 0.1344
Car 1 1 1 427.0374755859375 176.27243041992188 482.8423156738281 210.37344360351562 3.9170727729797363 1.4951057434082031 1.600122094154358 -7.281691074371338 1.665527582168579 34.03514862060547 -4.657382488250732 0.1333
Car 1 1 1 663.2388305664062 177.0269012451172 684.4031982421875 194.86541748046875 3.885528802871704 1.489180088043213 1.530897617340088 5.595978736877441 1.8664259910583496 63.23664093017578 -4.540611267089844 0.1311
Car 1 1 1 0.0 0.0 1241.0 374.0 3.865718364715576 1.5456790924072266 1.6239885091781616 2.669851779937744 1.5351325273513794 0.639316976070404 -7.90519380569458 0.1293
Pedestrian 1 1 1 971.090087890625 159.26222229003906 993.35400390625 214.2543182373047 0.6082553267478943 1.7604910135269165 0.5994069576263428 12.06693172454834 1.3250705003738403 23.495834350585938 -7.453752040863037 0.1284
Pedestrian 1 1 1 90.8244400024414 161.35231018066406 133.9440155029297 236.70950317382812 0.7263335585594177 1.7686563730239868 0.5373901128768921 -12.038557052612305 1.4984080791473389 17.386371612548828 -4.054693698883057 0.1279
Car 1 1 1 465.5361633300781 183.18252563476562 553.8302612304688 265.4125061035156 3.8966145515441895 1.4661370515823364 1.6324456930160522 -2.130753517150879 1.7152514457702637 15.398655891418457 -4.820688724517822 0.1279
Pedestrian 1 1 1 152.56907653808594 168.95729064941406 200.79197692871094 257.7679138183594 0.5855523347854614 1.6221848726272583 0.5136259198188782 -8.184228897094727 1.5507087707519531 13.547782897949219 -4.322453022003174 0.1274
Pedestrian 1 1 1 848.3527221679688 159.75637817382812 874.2814331054688 220.25238037109375 0.6817048192024231 1.7175805568695068 0.6047671437263489 7.243464469909668 1.3454176187515259 20.930084228515625 -7.350442409515381 0.1272
Car 1 1 1 645.482177734375 179.37698364257812 681.5860595703125 212.21461486816406 3.9291210174560547 1.5102380514144897 1.6277188062667847 2.6805520057678223 1.8543015718460083 36.044593811035156 -4.593830585479736 0.1272
Pedestrian 1 1 1 965.6439819335938 156.199462890625 1000.0225219726562 250.37464904785156 0.6476810574531555 1.711013913154602 0.5565492510795593 6.923425197601318 1.4081273078918457 13.522156715393066 -4.259459972381592 0.1271
Pedestrian 1 1 1 61.703102111816406 168.67250061035156 120.00407409667969 280.38482666015625 0.7087684869766235 1.6718729734420776 0.584650456905365 -8.148588180541992 1.6089931726455688 11.248106002807617 -3.8164429664611816 0.1268
Car 1 1 1 546.7230834960938 178.33216857910156 577.071533203125 207.18609619140625 3.9053828716278076 1.5243321657180786 1.6348956823349 -2.793396472930908 1.8498103618621826 40.895721435546875 -4.794302940368652 0.1262
Pedestrian 1 1 1 870.3412475585938 162.5226287841797 899.8244018554688 228.8139190673828 0.6665568947792053 1.6533138751983643 0.5495234727859497 6.939894199371338 1.3953479528427124 18.35623550415039 -4.604251384735107 0.1258
Car 1 1 1 598.44775390625 177.00050354003906 626.3018798828125 204.22882080078125 3.9293856620788574 1.5562604665756226 1.6158488988876343 0.1311124712228775 1.8191399574279785 43.8192024230957 -4.697016716003418 0.1256
Pedestrian 1 1 1 613.9200439453125 172.55804443359375 625.1298217773438 192.11570739746094 0.8747779726982117 1.7833689451217651 0.5526332259178162 0.8521097898483276 1.756081461906433 66.23077392578125 -6.726359844207764 0.1255
Pedestrian 1 1 1 946.412841796875 155.326171875 986.1646728515625 222.0031280517578 0.8584880232810974 1.8001086711883545 0.5789012908935547 9.795811653137207 1.3266016244888306 19.959304809570312 -8.061222076416016 0.1254
Pedestrian 1 1 1 1135.068603515625 150.1063690185547 1179.9794921875 235.2054901123047 0.7387189269065857 1.732010841369629 0.564951479434967 11.42941665649414 1.2687313556671143 15.131978988647461 -3.7774786949157715 0.1253
Pedestrian 1 1 1 1109.316162109375 145.56509399414062 1172.6505126953125 259.5189514160156 0.6284271478652954 1.7293627262115479 0.5278564095497131 8.221687316894531 1.3149265050888062 11.266195297241211 -4.7050299644470215 0.1249
Car 1 1 1 48.536346435546875 177.15960693359375 187.60983276367188 234.39263916015625 3.6443045139312744 1.5155706405639648 1.5474364757537842 -14.345379829406738 1.6529003381729126 21.22389793395996 -4.688384532928467 0.1246
Pedestrian 1 1 1 971.7243041992188 155.65235900878906 1012.5464477539062 226.7847900390625 0.7877957820892334 1.740258812904358 0.6094645857810974 9.497201919555664 1.3191196918487549 18.0501766204834 -7.841345310211182 0.1243
Car 1 1 1 561.7137451171875 177.1062774658203 579.4910888671875 194.7834930419922 3.8053624629974365 1.5879132747650146 1.618900179862976 -3.730377435684204 1.9980778694152832 67.7004165649414 -4.773451805114746 0.1238
Car 1 1 1 702.81787109375 177.93463134765625 801.1798095703125 247.7348175048828 3.7250304222106934 1.4969520568847656 1.5977531671524048 3.2916605472564697 1.6339937448501587 17.626331329345703 -7.8745856285095215 0.1228
Pedestrian 1 1 1 85.38565826416016 159.88320922851562 131.1248321533203 238.42462158203125 0.7319384813308716 1.7726820707321167 0.5560610890388489 -11.691822052001953 1.479630947113037 16.744691848754883 -4.075671672821045 0.1224
Cyclist 1 1 1 1074.2073974609375 149.2268829345703 1171.5545654296875 252.3002166748047 1.727414608001709 1.6700316667556763 0.5083650350570679 8.81579303741455 1.2869164943695068 12.561680793762207 -7.823436260223389 0.1223
Pedestrian 1 1 1 144.2895050048828 160.43980407714844 175.07337951660156 231.4425811767578 0.7464278936386108 1.7923264503479004 0.5701534152030945 -11.69276237487793 1.478654384613037 18.669340133666992 -5.118986129760742 0.1222
Pedestrian 1 1 1 242.41847229003906 167.1670684814453 278.7789611816406 240.39451599121094 0.7142018675804138 1.6636509895324707 0.5419814586639404 -8.163986206054688 1.5341498851776123 16.77168846130371 -4.798593044281006 0.1221
Pedestrian 1 1 1 843.42138671875 160.52969360351562 864.22705078125 212.7890625 0.7247951626777649 1.740749478340149 0.6303471326828003 8.214882850646973 1.329929232597351 24.468189239501953 -7.581182956695557 0.1221
Pedestrian 1 1 1 306.87255859375 166.57232666015625 337.0339050292969 223.7266387939453 0.7631973624229431 1.7031394243240356 0.5956616997718811 -8.78031063079834 1.5156522989273071 21.891353607177734 -7.824278354644775 0.1220
Pedestrian 1 1 1 177.97528076171875 171.84970092773438 218.13070678710938 241.88084411621094 0.6022366881370544 1.6179262399673462 0.562046468257904 -9.773249626159668 1.5944241285324097 17.03770637512207 -4.427025318145752 0.1218
Cyclist 1 1 1 452.500732421875 175.65499877929688 469.07421875 206.60975646972656 1.7506028413772583 1.7069329023361206 0.640461802482605 -8.471680641174316 1.8685975074768066 40.83521270751953 -4.751131057739258 0.1210
Pedestrian 1 1 1 197.1780548095703 168.3011474609375 238.30984497070312 242.49874877929688 0.6038578152656555 1.6819242238998413 0.5812520384788513 -9.141683578491211 1.57841956615448 16.730735778808594 -4.409931182861328 0.1210
Pedestrian 1 1 1 764.8936767578125 165.4150390625 783.675537109375 208.93894958496094 0.7646114826202393 1.7383509874343872 0.5954887270927429 6.6276960372924805 1.4409383535385132 29.290706634521484 -4.275493621826172 0.1199
Pedestrian 1 1 1 863.8923950195312 159.99465942382812 889.3062744140625 224.11981201171875 0.6907752156257629 1.7062445878982544 0.5890571475028992 7.208775520324707 1.3637827634811401 19.637161254882812 -7.409674167633057 0.1197
Car 1 1 1 643.9492797851562 177.10275268554688 767.3502807617188 221.99871826171875 4.112168788909912 1.5280547142028809 1.6461288928985596 3.3015074729919434 1.6847126483917236 25.697168350219727 -6.349741458892822 0.1196
Car 1 1 1 507.7471923828125 178.30751037597656 554.2045288085938 215.522216796875 3.9450039863586426 1.4910602569580078 1.6003462076187134 -3.425114631652832 1.7434653043746948 31.461227416992188 -4.713534355163574 0.1171
Car 1 1 1 972.7389526367188 172.90264892578125 1118.833251953125 228.47369384765625 3.899725914001465 1.4846868515014648 1.620519995689392 12.640654563903809 1.4859615564346313 21.317684173583984 -4.8395185470581055 0.1170
Pedestrian 1 1 1 1039.1614990234375 149.36404418945312 1088.308837890625 267.02178955078125 0.613944947719574 1.6628193855285645 0.556196928024292 6.618953704833984 1.3305433988571167 10.610153198242188 -4.056128025054932 0.1167
Car 1 1 1 524.4102783203125 178.5077667236328 550.8193359375 201.0223846435547 3.9045724868774414 1.5373620986938477 1.6400279998779297 -5.316350936889648 1.9635522365570068 52.366729736328125 -4.881270408630371 0.1164
Pedestrian 1 1 1 917.1903686523438 158.8304443359375 941.2448120117188 216.58560180664062 0.6834389567375183 1.743927240371704 0.6169030070304871 9.770050048828125 1.3201833963394165 22.209333419799805 -7.5287299156188965 0.1163
Pedestrian 1 1 1 1148.3427734375 140.8861846923828 1221.676025390625 290.3528747558594 0.7024062871932983 1.7233930826187134 0.5515314340591431 6.919394016265869 1.3544951677322388 8.753815650939941 -6.95355749130249 0.1160
Pedestrian 1 1 1 856.935791015625 160.50845336914062 880.0070190429688 217.19642639160156 0.6840004920959473 1.7109990119934082 0.6218962669372559 7.912811279296875 1.3380765914916992 22.216367721557617 -7.438815593719482 0.1157
Car 1 1 1 624.408203125 177.63253784179688 649.7086791992188 201.74713134765625 4.037053108215332 1.541919469833374 1.6405471563339233 1.768742561340332 1.8794440031051636 48.97618865966797 -7.8346734046936035 0.1147
Pedestrian 1 1 1 313.6756286621094 165.0493621826172 341.88775634765625 220.17642211914062 0.6594178676605225 1.7426352500915527 0.6222752928733826 -9.100027084350586 1.4956209659576416 23.158348083496094 -7.7875590324401855 0.1147
Pedestrian 1 1 1 926.2471313476562 158.86903381347656 956.8837890625 215.59010314941406 0.7097083926200867 1.7651925086975098 0.6030827164649963 10.440128326416016 1.3296723365783691 22.83911895751953 -7.958770275115967 0.1144
Pedestrian 1 1 1 804.8934326171875 160.32333374023438 825.3353271484375 212.88583374023438 0.7229055166244507 1.749742865562439 0.6240613460540771 6.910497188568115 1.332311987876892 24.46358871459961 -7.516052722930908 0.1133
Car 1 1 1 449.3945007324219 180.53286743164062 480.4492492675781 204.7583770751953 3.9472591876983643 1.5318621397018433 1.6045058965682983 -9.829320907592773 2.0740275382995605 48.942298889160156 -4.790258884429932 0.1132
Car 1 1 1 697.5587158203125 175.0677947998047 743.6405029296875 200.9635009765625 3.8963849544525146 1.5508077144622803 1.6060014963150024 6.905578136444092 1.696886658668518 45.63718032836914 -8.062943458557129 0.1125
Pedestrian 1 1 1 93.54014587402344 162.77308654785156 140.08306884765625 242.89990234375 0.6489040851593018 1.7439225912094116 0.5631651878356934 -11.050004005432129 1.5242161750793457 16.100055694580078 -4.394986629486084 0.1124
Cyclist 1 1 1 0.0 0.0 1241.0 374.0 1.862069010734558 1.6449021100997925 0.5081462264060974 6.900485038757324 1.3013464212417603 -0.2924663722515106 -8.067394256591797 0.1119
Pedestrian 1 1 1 1053.903076171875 162.9622039794922 1117.9918212890625 298.35546875 0.5675138831138611 1.5684244632720947 0.5051988363265991 5.668996810913086 1.453535795211792 8.703646659851074 -4.415755748748779 0.1118
Car 1 1 1 745.2881469726562 173.6945037841797 833.7261962890625 204.46836853027344 4.059211730957031 1.5010268688201904 1.6456316709518433 9.043274879455566 1.5448659658432007 36.57850646972656 -3.3993732929229736 0.1117
Car 1 1 1 700.5525512695312 176.82655334472656 723.5582885742188 194.97816467285156 3.8787639141082764 1.4996694326400757 1.477927327156067 8.772583961486816 1.8537098169326782 62.412147521972656 -4.701803684234619 0.1112
Pedestrian 1 1 1 821.5222778320312 162.03298950195312 843.9967041015625 219.83546447753906 0.6953352093696594 1.6936091184616089 0.6052117943763733 6.614358901977539 1.3762542009353638 21.57203483581543 -7.499892711639404 0.1111
Car 1 1 1 0.0 183.130615234375 26.28761863708496 326.7727966308594 3.937356948852539 1.655658483505249 1.6346358060836792 -10.175444602966309 1.7990880012512207 9.263313293457031 -3.136070728302002 0.1108
Car 1 1 1 475.59674072265625 179.06289672851562 512.46533203125 207.90383911132812 4.134283065795898 1.5269023180007935 1.6408681869506836 -6.607000827789307 1.8993550539016724 41.212059020996094 -4.762547016143799 0.1108
Pedestrian 1 1 1 846.2239379882812 161.14877319335938 868.1419067382812 215.73350524902344 0.6955907940864563 1.7214629650115967 0.6158031225204468 7.883200168609619 1.3520101308822632 23.16994857788086 -7.597650051116943 0.1107
Pedestrian 1 1 1 666.5239868164062 165.59104919433594 686.9126586914062 212.39794921875 0.649398148059845 1.7044867277145386 0.6097851991653442 2.4243032932281494 1.4397045373916626 26.68301773071289 -7.512726306915283 0.1107
Pedestrian 1 1 1 151.64308166503906 162.35633850097656 179.40928649902344 228.9764404296875 0.7386640906333923 1.7990894317626953 0.5957760810852051 -12.347412109375 1.5152978897094727 19.959280014038086 -5.34584379196167 0.1102
Cyclist 1 1 1 767.6357421875 162.9346923828125 797.80810546875 217.31517028808594 1.8250523805618286 1.7276921272277832 0.5339146852493286 5.640213489532471 1.412251353263855 23.839956283569336 -7.868775844573975 0.1101
Pedestrian 1 1 1 0.0 155.0833740234375 17.70662498474121 243.28372192382812 0.7341174483299255 1.7978285551071167 0.5756070613861084 -12.989843368530273 1.4353018999099731 15.15605640411377 -5.100039958953857 0.1098
Cyclist 1 1 1 486.0394287109375 158.4361114501953 515.2737426757812 212.20172119140625 1.6617746353149414 1.73948073387146 0.5649524331092834 -3.698647975921631 1.2727183103561401 24.200376510620117 -4.604676723480225 0.1089
Pedestrian 1 1 1 872.9260864257812 168.51632690429688 892.8674926757812 213.96363830566406 0.5357057452201843 1.7867577075958252 0.573711097240448 10.78742504119873 1.6159223318099976 28.64925193786621 -7.904694080352783 0.1083
Pedestrian 1 1 1 904.6119384765625 159.18783569335938 937.2280883789062 229.67782592773438 0.6790804266929626 1.6953074932098389 0.5652881264686584 7.577637195587158 1.3663318157196045 17.723655700683594 -7.7360615730285645 0.1080
Car 1 1 1 0.0 180.82293701171875 0.0 274.36151123046875 3.7080280780792236 1.5067481994628906 1.5965937376022339 -14.026985168457031 1.681581735610962 13.906213760375977 -4.859552383422852 0.1076
Car 1 1 1 594.6734619140625 177.33236694335938 632.9155883789062 212.5289306640625 3.9286344051361084 1.4932509660720825 1.6498533487319946 0.09709592908620834 1.7105743885040283 33.088497161865234 -4.7244486808776855 0.1073
Car 1 1 1 688.7332763671875 175.90304565429688 718.6646728515625 199.27879333496094 3.838461399078369 1.574424386024475 1.6041754484176636 6.554803848266602 1.7978458404541016 51.02077102661133 -7.857151508331299 0.1062
Pedestrian 1 1 1 958.539794921875 161.97891235351562 976.48193359375 213.00570678710938 0.5147280693054199 1.7950125932693481 0.5553737282752991 12.708829879760742 1.4121506214141846 25.74067497253418 -4.216154098510742 0.1062
Car 1 1 1 0.0 182.4620819091797 0.0 359.24981689453125 4.084914207458496 1.6074838638305664 1.654419183731079 -9.502501487731934 1.7215266227722168 7.625992298126221 -3.207942485809326 0.1061
Pedestrian 1 1 1 122.34126281738281 161.9713134765625 168.49365234375 242.4439697265625 0.6544358134269714 1.749987006187439 0.5730939507484436 -10.412385940551758 1.5130283832550049 16.100013732910156 -4.338983535766602 0.1060
Pedestrian 1 1 1 812.6344604492188 162.9519805908203 835.5144653320312 223.40647888183594 0.7020424604415894 1.662665605545044 0.5868027806282043 5.968407154083252 1.3900326490402222 20.27168846130371 -7.522408962249756 0.1060
Pedestrian 1 1 1 775.51806640625 164.38052368164062 795.8612060546875 207.35171508789062 0.7834791541099548 1.7512774467468262 0.5992158651351929 7.2382965087890625 1.4056438207626343 29.897363662719727 -4.146392345428467 0.1060
Pedestrian 1 1 1 1007.692626953125 156.3645477294922 1051.4832763671875 254.83331298828125 0.6376141905784607 1.6606851816177368 0.5575482249259949 7.239991188049316 1.382288932800293 12.564496994018555 -4.358277797698975 0.1059
Cyclist 1 1 1 475.811279296875 161.04454040527344 501.8345947265625 210.68687438964844 1.6252171993255615 1.7158468961715698 0.5537374019622803 -4.3598952293396 1.30736243724823 25.769128799438477 -4.643377780914307 0.1059
Car 1 1 1 601.4497680664062 176.6874542236328 630.1123657226562 195.51976013183594 4.0469136238098145 1.587017297744751 1.640227198600769 0.45277929306030273 1.9373342990875244 63.83808135986328 -8.07990550994873 0.1056
Pedestrian 1 1 1 867.535888671875 168.3080291748047 887.5934448242188 212.56527709960938 0.5631923675537109 1.775553822517395 0.5637654066085815 10.804288864135742 1.592874526977539 29.264259338378906 -7.988826274871826 0.1055
Car 1 1 1 640.560546875 176.74807739257812 752.513671875 217.3768768310547 4.143712520599365 1.5305726528167725 1.6399503946304321 3.2875454425811768 1.687674880027771 28.26022720336914 -6.324532985687256 0.1048
Pedestrian 1 1 1 785.8905639648438 163.34426879882812 801.0773315429688 202.2306671142578 0.5364202857017517 1.8047261238098145 0.6166508793830872 8.546653747558594 1.3630774021148682 33.784786224365234 -7.752501964569092 0.1048
Pedestrian 1 1 1 833.8502807617188 163.35943603515625 855.179443359375 211.33595275878906 0.6694261431694031 1.7305755615234375 0.650885820388794 8.532402992248535 1.3877944946289062 26.410974502563477 -7.686959743499756 0.1045
Pedestrian 1 1 1 75.15852355957031 166.6400146484375 122.56356048583984 255.24281311035156 0.566669762134552 1.6980229616165161 0.518970787525177 -10.095610618591309 1.578635334968567 14.183834075927734 -4.356634616851807 0.1042
Pedestrian 1 1 1 125.10427856445312 163.9351043701172 151.9009246826172 231.91998291015625 0.7465779185295105 1.7762025594711304 0.591031014919281 -12.669533729553223 1.5428837537765503 19.32470703125 -5.277401924133301 0.1039
Cyclist 1 1 1 975.5352783203125 157.5846405029297 1045.0455322265625 237.63560485839844 1.7024842500686646 1.694536805152893 0.5052000880241394 8.862736701965332 1.371011734008789 16.141712188720703 -7.930385112762451 0.1039
Car 1 1 1 409.0766296386719 180.65975952148438 473.2419738769531 220.60879516601562 3.8556463718414307 1.5063894987106323 1.574259638786316 -6.967422962188721 1.851337194442749 29.945138931274414 -4.657139778137207 0.1037
Cyclist 1 1 1 340.0831604003906 163.5491943359375 394.55841064453125 215.58346557617188 1.6677300930023193 1.735000729560852 0.5779387354850769 -8.254951477050781 1.424446702003479 24.446889877319336 -3.2636561393737793 0.1031
Cyclist 1 1 1 354.3325500488281 162.36488342285156 390.0419921875 212.305908203125 1.6062679290771484 1.7246147394180298 0.5461956262588501 -8.5153169631958 1.3620935678482056 25.751649856567383 -4.563410758972168 0.1031
Pedestrian 1 1 1 910.2001342773438 159.4769744873047 933.5499267578125 211.7836456298828 0.6696577668190002 1.7936517000198364 0.5966418981552124 10.804401397705078 1.334639310836792 25.11893653869629 -7.69993257522583 0.1031
Car 1 1 1 234.0832977294922 181.00885009765625 331.7384948730469 228.6038818359375 3.8173828125 1.505231499671936 1.6077880859375 -11.441754341125488 1.814073085784912 25.417522430419922 -4.678042411804199 0.1030
Car 1 1 1 0.0 0.0 1241.0 374.0 3.8095855712890625 1.5456610918045044 1.6186751127243042 -1.1774585247039795 1.6071937084197998 0.05724227428436279 -7.875153064727783 0.1026
Pedestrian 1 1 1 409.7015075683594 169.75917053222656 426.813232421875 207.12057495117188 0.6247248649597168 1.7480515241622925 0.6177687644958496 -9.096603393554688 1.6029517650604248 34.08852767944336 -7.796884059906006 0.1025
Car 1 1 1 510.5628662109375 178.80245971679688 537.3336181640625 203.76995849609375 4.017714023590088 1.5401220321655273 1.6420179605484009 -5.668083190917969 1.949112892150879 47.57151412963867 -4.802773952484131 0.1024
Pedestrian 1 1 1 145.20431518554688 168.81820678710938 190.70025634765625 254.63880920410156 0.6202271580696106 1.651633620262146 0.5070616602897644 -8.745841026306152 1.5736640691757202 14.20374584197998 -4.682231426239014 0.1022
Pedestrian 1 1 1 6.271538257598877 157.37246704101562 64.65067291259766 251.53904724121094 0.6846398711204529 1.753525733947754 0.5539191365242004 -11.070048332214355 1.4649361371994019 13.847135543823242 -4.399200439453125 0.1022
Pedestrian 1 1 1 1008.159423828125 151.78977966308594 1067.3116455078125 261.7005615234375 0.6180474162101746 1.6671098470687866 0.5508003234863281 6.606371879577637 1.3473111391067505 11.258416175842285 -4.731550693511963 0.1021
Pedestrian 1 1 1 877.7952270507812 159.12774658203125 907.9158935546875 221.85250854492188 0.6955686807632446 1.7325592041015625 0.5981784462928772 7.897628307342529 1.3531181812286377 20.2923641204834 -7.803867816925049 0.1020
Car 1 1 1 597.1719970703125 178.0277099609375 630.7699584960938 209.6269073486328 3.8846001625061035 1.5061670541763306 1.6323188543319702 0.11926187574863434 1.7851130962371826 36.98834228515625 -4.729470252990723 0.1011
