Car 1 1 1 185.92481994628906 188.5092010498047 292.01947021484375 244.94589233398438 3.7208995819091797 1.5176972150802612 1.5887178182601929 -11.413578033447266 2.0443291664123535 22.37488555908203 -4.7817702293396 0.7629
Car 1 1 1 315.85906982421875 184.61712646484375 382.273193359375 222.33724975585938 3.946805477142334 1.4898332357406616 1.615764856338501 -11.431368827819824 2.039700746536255 31.746429443359375 -4.747097969055176 0.7597
Car 1 1 1 394.5821533203125 181.7516326904297 451.5268859863281 220.48550415039062 3.9499576091766357 1.509706735610962 1.6916898488998413 -8.017350196838379 1.9177900552749634 31.08649253845215 -4.784273624420166 0.7545
Cyclist 1 1 1 305.0134582519531 173.662109375 344.6444091796875 234.0435791015625 1.8534066677093506 1.7707933187484741 0.5912880301475525 -8.768892288208008 1.7963348627090454 22.129465103149414 -4.776902198791504 0.7200
Car 1 1 1 510.36029052734375 175.7537078857422 543.9387817382812 204.1660614013672 3.8883743286132812 1.6394243240356445 1.6429344415664673 -5.040449142456055 1.8237394094467163 43.98512268066406 -4.723189353942871 0.6997
Pedestrian 1 1 1 1063.61376953125 147.12127685546875 1169.618896484375 313.9249267578125 0.7564600706100464 1.6967473030090332 0.6456371545791626 5.353858470916748 1.4346908330917358 7.749846458435059 -4.606334209442139 0.4816
Car 1 1 1 287.52691650390625 182.54222106933594 350.6622619628906 201.96713256835938 4.2956929206848145 1.4554622173309326 1.5890836715698242 -22.6275577545166 2.2235047817230225 56.168800354003906 -6.407220363616943 0.4628
Pedestrian 1 1 1 1037.7623291015625 144.71649169921875 1086.3426513671875 279.1551513671875 0.7224733233451843 1.7199708223342896 0.5191152691841125 6.010830879211426 1.359687328338623 9.675904273986816 -4.106081485748291 0.4486
Car 1 1 1 973.8787231445312 169.54135131835938 1190.0648193359375 236.04006958007812 4.048110008239746 1.4910566806793213 1.5635645389556885 11.096936225891113 1.4164793491363525 17.30055046081543 -6.108322620391846 0.4208
Cyclist 1 1 1 550.6123046875 175.05430603027344 557.6248779296875 197.6088409423828 1.718441128730774 1.708449125289917 0.4659945070743561 -4.3370280265808105 1.8806167840957642 55.6902961730957 -7.8875346183776855 0.3691
Car 1 1 1 1024.0260009765625 160.5218048095703 1241.0 266.7583923339844 4.0381035804748535 1.5744768381118774 1.6349931955337524 9.764546394348145 1.3914079666137695 12.87088680267334 -5.126154899597168 0.3465
Pedestrian 1 1 1 692.4607543945312 166.70175170898438 709.1963500976562 199.72669982910156 0.8677923083305359 1.8041751384735107 0.5761103630065918 4.991919040679932 1.4677735567092896 39.93858337402344 -4.091894149780273 0.3297
Pedestrian 1 1 1 782.4766235351562 169.11636352539062 795.6500244140625 199.49217224121094 0.48579320311546326 1.7711806297302246 0.575100839138031 10.497432708740234 1.5529428720474243 42.44831085205078 -6.953328609466553 0.3235
Pedestrian 1 1 1 974.8350219726562 158.9973602294922 1000.3857421875 219.0420684814453 0.837583065032959 1.729745626449585 0.6102476119995117 11.10275650024414 1.3302686214447021 21.30245018005371 -7.300278186798096 0.3123
Car 1 1 1 424.2410583496094 175.32171630859375 443.00750732421875 192.29139709472656 3.9056568145751953 1.5318042039871216 1.6660584211349487 -16.58932113647461 1.7706539630889893 67.83258819580078 -8.088078498840332 0.2900
Car 1 1 1 979.8800659179688 169.34402465820312 1010.7840576171875 188.6995391845703 4.0021843910217285 1.6140674352645874 1.6803804636001587 33.2177848815918 1.3210686445236206 62.332454681396484 -7.5387749671936035 0.2862
Car 1 1 1 559.4613647460938 177.531982421875 587.3414916992188 202.38111877441406 3.853870153427124 1.5784708261489868 1.6087026596069336 -2.456042766571045 1.9052491188049316 48.50697326660156 -4.693090915679932 0.2764
Car 1 1 1 441.8172607421875 177.87713623046875 472.5294494628906 199.42254638671875 3.9674644470214844 1.669628620147705 1.661015510559082 -12.443552017211914 2.092668294906616 58.82483673095703 -4.711021423339844 0.2762
Pedestrian 1 1 1 4.651511192321777 174.4649658203125 44.354637145996094 239.78065490722656 0.802676796913147 1.7932296991348267 0.5997077822685242 -16.507617950439453 1.839228630065918 20.284475326538086 -2.6561384201049805 0.2744
Pedestrian 1 1 1 682.0599975585938 167.55877685546875 697.0086059570312 203.19387817382812 0.8392748832702637 1.818077802658081 0.5978164672851562 4.064007759094238 1.5476194620132446 37.2624397277832 -7.96465539932251 0.2699
Car 1 1 1 531.1613159179688 176.7137908935547 554.989013671875 200.9348907470703 4.024763584136963 1.5968222618103027 1.5882238149642944 -4.680900573730469 1.8766876459121704 50.301334381103516 -4.7968268394470215 0.2692
Pedestrian 1 1 1 909.7820434570312 166.20623779296875 937.12353515625 236.80276489257812 0.6846296191215515 1.6003645658493042 0.5722540020942688 7.232644557952881 1.4493656158447266 16.783206939697266 -4.313697338104248 0.2490
Car 1 1 1 135.21243286132812 187.6551513671875 234.12168884277344 229.68856811523438 3.907752513885498 1.4623584747314453 1.6358730792999268 -16.680706024169922 2.085942268371582 28.449630737304688 -4.724893569946289 0.2450
Pedestrian 1 1 1 470.37725830078125 174.7860565185547 480.467041015625 198.5179901123047 0.8903674483299255 1.8220603466033936 0.5478959083557129 -10.459091186523438 1.972809076309204 55.941856384277344 -7.7627692222595215 0.2436
Pedestrian 1 1 1 349.33721923828125 167.08209228515625 364.546142578125 197.4778594970703 0.7808825373649597 1.8526620864868164 0.621809720993042 -15.60033130645752 1.5005567073822021 44.39179229736328 -7.77731466293335 0.2344
Pedestrian 1 1 1 567.8792114257812 172.16073608398438 581.1052856445312 196.74765014648438 0.8131771087646484 1.7908034324645996 0.6609179377555847 -2.639099597930908 1.7400075197219849 53.06416702270508 -7.398304462432861 0.2200
Pedestrian 1 1 1 128.47718811035156 167.0194549560547 153.91371154785156 225.7662353515625 0.7938684821128845 1.8209500312805176 0.609825074672699 -14.906960487365723 1.6397992372512817 22.865726470947266 -8.516242027282715 0.2188
Car 1 1 1 925.4847412109375 171.8267059326172 951.2512817382812 188.01576232910156 3.8857924938201904 1.4967352151870728 1.6078194379806519 31.249866485595703 1.401456594467163 68.79277801513672 -7.594542980194092 0.2125
Pedestrian 1 1 1 739.5950317382812 165.76480102539062 754.4539184570312 199.6957550048828 0.6050321459770203 1.7802647352218628 0.5866677761077881 7.2300705909729 1.408014178276062 38.27115249633789 -7.271058559417725 0.2112
Car 1 1 1 374.3638610839844 180.3799285888672 402.7799377441406 201.0177764892578 3.845428228378296 1.5380176305770874 1.6034001111984253 -17.561180114746094 2.1560847759246826 57.26523208618164 -4.860619068145752 0.2100
Car 1 1 1 785.0266723632812 167.5432586669922 866.227783203125 196.19216918945312 4.340982437133789 1.6637977361679077 1.6788759231567383 12.803642272949219 1.3550738096237183 43.058937072753906 -6.433644771575928 0.2047
Car 1 1 1 677.0740966796875 175.9320831298828 726.6178588867188 201.2114715576172 3.8154916763305664 1.5595190525054932 1.6258659362792969 5.908786296844482 1.7689327001571655 47.088253021240234 -8.207947731018066 0.2005
Car 1 1 1 96.93266296386719 191.33847045898438 184.1527557373047 219.6708221435547 4.018186092376709 1.4915693998336792 1.7535114288330078 -26.540321350097656 2.567105531692505 40.781883239746094 -2.966578722000122 0.1997
Car 1 1 1 377.4368591308594 183.27931213378906 403.8500671386719 205.82749938964844 3.9028513431549072 1.5486007928848267 1.6414270401000977 -16.278518676757812 2.3525567054748535 53.574405670166016 -4.945855140686035 0.1970
Car 1 1 1 428.0996398925781 181.43490600585938 470.3387451171875 210.2263641357422 3.8844311237335205 1.5209649801254272 1.5569202899932861 -9.164976119995117 2.033979892730713 41.21906661987305 -4.714404582977295 0.1943
Pedestrian 1 1 1 49.34287643432617 163.90078735351562 77.35531616210938 232.6581573486328 0.77248615026474 1.8231127262115479 0.5971565842628479 -14.916946411132812 1.5854169130325317 19.619882583618164 -5.373582363128662 0.1943
Car 1 1 1 341.9985656738281 184.1205596923828 390.5766296386719 212.21096801757812 4.055811405181885 1.5104120969772339 1.6483213901519775 -14.326027870178223 2.2061121463775635 42.51206970214844 -4.755490779876709 0.1935
Pedestrian 1 1 1 1024.462158203125 141.0102996826172 1073.629638671875 260.7757263183594 0.6454293131828308 1.7518818378448486 0.5586068034172058 6.628849983215332 1.2857847213745117 10.980923652648926 -4.03267240524292 0.1916
Pedestrian 1 1 1 1161.126220703125 123.45913696289062 1241.0 333.48681640625 0.783454179763794 1.7378257513046265 0.6092448234558105 5.347491264343262 1.3288193941116333 6.4574174880981445 -3.860565662384033 0.1832
Pedestrian 1 1 1 1075.677001953125 148.817626953125 1125.1541748046875 271.9037780761719 0.5719982981681824 1.6927974224090576 0.49424612522125244 6.946469306945801 1.3619264364242554 10.300674438476562 -7.086362361907959 0.1789
Car 1 1 1 408.98004150390625 182.2501983642578 449.2874450683594 206.10284423828125 4.0350213050842285 1.518667459487915 1.6608446836471558 -12.405951499938965 2.190671443939209 49.5865478515625 -4.684405326843262 0.1778
Pedestrian 1 1 1 765.6920776367188 170.93333435058594 775.1357421875 196.56304931640625 0.4131898581981659 1.759955644607544 0.4846816956996918 11.048274993896484 1.627766489982605 49.839839935302734 -5.173459529876709 0.1741
Car 1 1 1 1047.383056640625 160.88417053222656 1115.6142578125 186.92527770996094 3.885518789291382 1.6272670030593872 1.6566232442855835 30.65903663635254 0.8789913058280945 47.10280990600586 -7.952888011932373 0.1741
Pedestrian 1 1 1 72.36450958251953 167.9086456298828 103.87140655517578 222.08432006835938 0.7315674424171448 1.7783154249191284 0.6201397776603699 -17.477935791015625 1.6156842708587646 24.11174964904785 -4.944421768188477 0.1737
Pedestrian 1 1 1 142.26263427734375 168.22616577148438 165.7113037109375 221.26153564453125 0.8200096487998962 1.8069415092468262 0.6222655177116394 -15.895750999450684 1.6489685773849487 25.090356826782227 -8.332388877868652 0.1694
Pedestrian 1 1 1 59.49629211425781 168.0546417236328 89.3274154663086 227.7719268798828 0.754991352558136 1.799960732460022 0.5932509303092957 -16.528636932373047 1.6550016403198242 22.214693069458008 -5.14040470123291 0.1693
Pedestrian 1 1 1 6.782293319702148 170.53195190429688 41.80215835571289 232.1634063720703 0.7453355193138123 1.8330090045928955 0.599871039390564 -17.829238891601562 1.7636480331420898 21.906030654907227 -2.6158828735351562 0.1690
Car 1 1 1 0.0 0.0 1241.0 374.0 3.894571542739868 1.5403028726577759 1.6504621505737305 -3.424274444580078 1.6248927116394043 0.9428992867469788 -7.903934001922607 0.1677
Pedestrian 1 1 1 565.2010498046875 168.57176208496094 576.966796875 198.66986083984375 0.8355110287666321 1.8312277793884277 0.595217764377594 -2.431053876876831 1.5703877210617065 44.37156677246094 -4.9281182289123535 0.1669
Car 1 1 1 437.8309020996094 180.0516815185547 476.7939453125 206.14474487304688 3.750771999359131 1.522825002670288 1.5300815105438232 -9.519499778747559 1.990940809249878 45.057369232177734 -4.67946195602417 0.1644
Car 1 1 1 0.0 0.0 1241.0 374.0 3.8030147552490234 1.5267858505249023 1.6287888288497925 3.023366689682007 1.5521379709243774 0.9696059823036194 -7.873244762420654 0.1642
Pedestrian 1 1 1 18.847816467285156 162.21551513671875 51.92580032348633 236.10565185546875 0.7622050642967224 1.8650554418563843 0.5969465970993042 -14.927305221557617 1.596230387687683 18.694255828857422 -5.283764362335205 0.1630
Car 1 1 1 432.0823669433594 175.65444946289062 466.21197509765625 194.888427734375 3.942124366760254 1.6469225883483887 1.6394071578979492 -14.350467681884766 1.9048714637756348 64.46238708496094 -7.695424556732178 0.1622
Pedestrian 1 1 1 952.6311645507812 124.91260528564453 1091.185791015625 367.4863586425781 0.7383584380149841 1.7095448970794678 0.5550664663314819 3.070019483566284 1.3713767528533936 5.524312973022461 -5.042840957641602 0.1613
Pedestrian 1 1 1 32.5159797668457 167.5214080810547 70.47089385986328 232.1837615966797 0.7896602153778076 1.8328267335891724 0.5835355520248413 -16.216171264648438 1.681376576423645 20.888822555541992 -2.679689884185791 0.1583
Pedestrian 1 1 1 882.570556640625 166.08995056152344 924.4042358398438 243.6381072998047 0.6413317918777466 1.5513596534729004 0.51291424036026 5.963685989379883 1.4157441854476929 14.809762954711914 -4.969391345977783 0.1561
Car 1 1 1 803.641357421875 168.76431274414062 830.8826293945312 191.3974609375 3.746971607208252 1.612222671508789 1.6280475854873657 15.270023345947266 1.3206019401550293 53.39336013793945 -7.657834529876709 0.1553
Car 1 1 1 529.2241821289062 177.27549743652344 550.455810546875 198.36070251464844 3.981684446334839 1.588360071182251 1.6197595596313477 -5.607509136199951 1.9517183303833008 57.28206253051758 -4.814523220062256 0.1542
Car 1 1 1 1156.7855224609375 156.34767150878906 1241.0 193.90785217285156 4.242260932922363 1.5378249883651733 1.643537163734436 25.751333236694336 0.8617069721221924 30.4814510345459 -6.339362621307373 0.1537
Pedestrian 1 1 1 157.33087158203125 169.0624542236328 184.93692016601562 219.34933471679688 0.7449024319648743 1.7881865501403809 0.6177163124084473 -15.897839546203613 1.6530605554580688 26.074647903442383 -4.87270975112915 0.1518
Car 1 1 1 464.549072265625 179.636962890625 501.6715393066406 202.47189331054688 4.045235633850098 1.4911268949508667 1.57599675655365 -8.850797653198242 1.984525442123413 50.43535232543945 -4.627894401550293 0.1515
Pedestrian 1 1 1 70.59903717041016 165.00242614746094 101.17121887207031 222.15614318847656 0.7271623015403748 1.8003062009811401 0.5798444151878357 -16.859939575195312 1.5526869297027588 23.15711784362793 -4.9900922775268555 0.1512
Car 1 1 1 706.5882568359375 167.27151489257812 739.4727783203125 190.82073974609375 4.216676712036133 1.9082781076431274 1.6875733137130737 9.43110179901123 1.455608606338501 60.6560173034668 -7.962395191192627 0.1508
Pedestrian 1 1 1 62.30987548828125 167.37611389160156 93.10359954833984 218.85447692871094 0.6690858006477356 1.7861112356185913 0.6220359206199646 -18.778682708740234 1.5957484245300293 25.40239906311035 -7.96771764755249 0.1502
Cyclist 1 1 1 894.5791015625 156.18809509277344 938.8427124023438 229.19415283203125 1.7546197175979614 1.7320122718811035 0.5201103091239929 7.579939365386963 1.3363267183303833 18.017059326171875 -7.752552509307861 0.1499
Car 1 1 1 415.6101379394531 181.4209747314453 453.4657287597656 207.39085388183594 3.8043713569641113 1.5310988426208496 1.5201747417449951 -11.100422859191895 2.0962555408477783 45.71271896362305 -4.725330829620361 0.1498
Pedestrian 1 1 1 978.7385864257812 167.8958282470703 1009.5283203125 217.21620178222656 0.8074505925178528 1.77272367477417 0.6146295070648193 13.987954139709473 1.5942119359970093 26.36647605895996 -6.652109622955322 0.1483
Pedestrian 1 1 1 1162.573974609375 151.9821319580078 1191.1331787109375 199.3147430419922 0.736315906047821 1.785801649093628 0.6019718647003174 21.667081832885742 0.9980316162109375 27.647991180419922 -7.63264799118042 0.1466
Pedestrian 1 1 1 0.0 162.9073944091797 19.333871841430664 238.30882263183594 0.7596184611320496 1.835281491279602 0.5954828262329102 -15.24055004119873 1.5928797721862793 18.044355392456055 -5.328315734863281 0.1462
Car 1 1 1 501.298828125 178.4672393798828 531.8829956054688 200.9672393798828 3.90472412109375 1.4995211362838745 1.574934959411621 -6.597613334655762 1.911618709564209 51.04031753540039 -4.689160346984863 0.1423
Pedestrian 1 1 1 351.690185546875 173.65626525878906 364.32916259765625 201.9214324951172 0.7606303095817566 1.758280873298645 0.6249902248382568 -15.862946510314941 1.8088582754135132 45.33315658569336 -8.011382102966309 0.1421
Pedestrian 1 1 1 0.0 161.03953552246094 32.49820327758789 242.218017578125 0.7444543242454529 1.8340480327606201 0.5777661800384521 -13.951773643493652 1.5668264627456665 16.749839782714844 -2.5437076091766357 0.1403
Car 1 1 1 464.55682373046875 179.80690002441406 500.8266296386719 205.92807006835938 3.8705129623413086 1.5186114311218262 1.568925380706787 -7.911214828491211 1.969801902770996 44.916473388671875 -4.710062503814697 0.1398
Car 1 1 1 1186.738525390625 163.1768341064453 1241.0 287.1794128417969 4.047190189361572 1.5111345052719116 1.5984386205673218 10.284257888793945 1.392905592918396 9.60084342956543 -6.278862953186035 0.1390
Pedestrian 1 1 1 1142.568115234375 155.2992706298828 1165.7032470703125 192.67063903808594 0.7185353636741638 1.7620552778244019 0.591447114944458 25.8992862701416 0.9340516328811646 34.40587615966797 -7.759915828704834 0.1383
Pedestrian 1 1 1 1104.951171875 159.1676483154297 1122.973388671875 190.96847534179688 0.7327098846435547 1.7974222898483276 0.5976297855377197 28.733469009399414 1.0235530138015747 41.19899368286133 -7.661384105682373 0.1378
Pedestrian 1 1 1 1100.1724853515625 149.5325469970703 1130.62890625 207.172119140625 0.690041184425354 1.7929847240447998 0.5735980272293091 15.945708274841309 1.067228078842163 22.84589195251465 -4.48327112197876 0.1378
Car 1 1 1 767.0097045898438 175.85536193847656 800.3663330078125 198.15127563476562 3.8634462356567383 1.556178331375122 1.6330769062042236 12.646175384521484 1.7838534116744995 52.84724807739258 -4.677571773529053 0.1375
Car 1 1 1 1241.0 165.61044311523438 1241.0 374.0 4.102685928344727 1.4942078590393066 1.6088680028915405 5.855288028717041 1.4776413440704346 2.556126594543457 -6.218278884887695 0.1369
Pedestrian 1 1 1 137.1011505126953 166.18858337402344 160.58544921875 222.57608032226562 0.7848209142684937 1.820983648300171 0.6206125617027283 -15.248719215393066 1.605430006980896 23.796619415283203 -5.2389445304870605 0.1366
Pedestrian 1 1 1 95.83039093017578 167.96820068359375 123.26548767089844 225.91212463378906 0.7800268530845642 1.7950193881988525 0.5971471667289734 -15.89142894744873 1.6433643102645874 22.84026336669922 -5.478423118591309 0.1361
Pedestrian 1 1 1 39.085235595703125 164.9824981689453 76.54110717773438 233.4220428466797 0.7922491431236267 1.8815659284591675 0.5862938165664673 -15.577895164489746 1.6648595333099365 20.292062759399414 -2.6006293296813965 0.1355
Car 1 1 1 967.974609375 174.86854553222656 1064.891357421875 205.33702087402344 3.9570791721343994 1.4902844429016113 1.585849404335022 20.3345947265625 1.593685269355774 36.27433395385742 -3.1035971641540527 0.1343
Pedestrian 1 1 1 31.19675064086914 159.21951293945312 74.3425521850586 241.29354858398438 0.743806004524231 1.8551905155181885 0.5792727470397949 -12.990246772766113 1.5466983318328857 16.754928588867188 -2.566112995147705 0.1343
Car 1 1 1 235.69692993164062 184.27308654785156 312.322509765625 223.06591796875 3.9285948276519775 1.4888417720794678 1.6435126066207886 -14.317919731140137 2.0091028213500977 30.88374900817871 -4.770822048187256 0.1328
Car 1 1 1 793.1049194335938 175.1414337158203 832.5900268554688 199.50674438476562 4.008772373199463 1.566068172454834 1.609800934791565 13.624702453613281 1.7267996072769165 48.77543640136719 -4.692824840545654 0.1314
Car 1 1 1 943.6712036132812 175.190185546875 1017.6749267578125 212.9547576904297 3.873464584350586 1.478830099105835 1.5745147466659546 15.536211967468262 1.583929181098938 30.528919219970703 -4.580000400543213 0.1309
Car 1 1 1 964.965087890625 174.6452178955078 1095.5731201171875 226.70355224609375 3.8138906955718994 1.5190411806106567 1.6241257190704346 13.29836368560791 1.5812729597091675 23.190378189086914 -4.8469648361206055 0.1305
Pedestrian 1 1 1 299.7997741699219 179.05902099609375 326.5172424316406 229.00762939453125 0.7553633451461792 1.5483542680740356 0.52898770570755 -9.438692092895508 1.7477679252624512 22.842435836791992 -4.700125694274902 0.1303
Pedestrian 1 1 1 0.0 164.3213653564453 24.624605178833008 234.5664520263672 0.7822226881980896 1.834735631942749 0.5969629883766174 -16.208688735961914 1.6115714311599731 19.323732376098633 -2.4630794525146484 0.1295
Car 1 1 1 0.0 0.0 1233.14794921875 374.0 3.825917959213257 1.5416182279586792 1.6124051809310913 1.4014101028442383 1.5712882280349731 0.6685368418693542 -7.868856906890869 0.1287
Car 1 1 1 647.45751953125 176.65335083007812 675.3444213867188 202.155517578125 3.820373296737671 1.5667051076889038 1.61284339427948 3.3434431552886963 1.8239543437957764 46.91654586791992 -4.588823318481445 0.1286
Pedestrian 1 1 1 935.0518188476562 166.15342712402344 963.0541381835938 224.15476989746094 0.6909822225570679 1.5480395555496216 0.5541704893112183 9.178399085998535 1.3689035177230835 19.655717849731445 -4.49013614654541 0.1285
Car 1 1 1 0.0 182.59925842285156 80.51376342773438 233.47024536132812 3.3190150260925293 1.4843946695327759 1.6020405292510986 -19.169872283935547 1.8236753940582275 23.42698860168457 -4.788384914398193 0.1277
Car 1 1 1 575.703857421875 179.03424072265625 600.1818237304688 198.1334228515625 3.816939115524292 1.5040446519851685 1.5998529195785522 -1.8306608200073242 2.035128116607666 60.06743240356445 -7.766271114349365 0.1269
Car 1 1 1 0.0 187.31271362304688 0.0 374.0 3.913526773452759 1.5450392961502075 1.6218740940093994 -5.34081506729126 1.6268069744110107 2.1073250770568848 -7.89465856552124 0.1260
Car 1 1 1 1102.0023193359375 162.31842041015625 1160.545166015625 187.6387481689453 3.9452950954437256 1.6702795028686523 1.6864756345748901 35.775672912597656 0.9749895334243774 49.68112564086914 -7.689320087432861 0.1258
Pedestrian 1 1 1 178.76495361328125 175.77279663085938 190.14816284179688 199.72354125976562 0.704725444316864 1.7974774837493896 0.5865934491157532 -32.27011489868164 2.0200417041778564 54.6729850769043 -8.135580062866211 0.1258
Car 1 1 1 1089.7200927734375 169.94590759277344 1241.0 258.9694519042969 3.822545051574707 1.5016517639160156 1.6679548025131226 11.673443794250488 1.4522979259490967 14.189538955688477 -8.011860847473145 0.1258
Pedestrian 1 1 1 32.242977142333984 165.4073944091797 64.86195373535156 228.27590942382812 0.7082860469818115 1.8432217836380005 0.5864518880844116 -16.853647232055664 1.6245975494384766 21.597444534301758 -2.534111738204956 0.1248
Pedestrian 1 1 1 62.8359489440918 161.0633544921875 102.5272445678711 237.86900329589844 0.755695104598999 1.8363087177276611 0.5817985534667969 -12.99245548248291 1.5541120767593384 17.708040237426758 -2.5153908729553223 0.1244
Pedestrian 1 1 1 21.481098175048828 160.78292846679688 60.370361328125 237.7776336669922 0.7550522089004517 1.875291109085083 0.6021014451980591 -14.281974792480469 1.5809868574142456 18.043622970581055 -2.477381706237793 0.1236
Car 1 1 1 158.70068359375 189.11366271972656 222.2996826171875 219.40530395507812 3.9074480533599854 1.5089033842086792 1.7052202224731445 -23.316394805908203 2.4606070518493652 40.19486999511719 -7.989830493927002 0.1233
Car 1 1 1 585.203369140625 177.9388427734375 610.8179931640625 201.79212951660156 3.9525811672210693 1.5902390480041504 1.6415128707885742 -0.8430095314979553 1.9630866050720215 50.952171325683594 -4.685735702514648 0.1228
Car 1 1 1 386.6273498535156 183.7930908203125 438.70849609375 212.50048828125 3.9130256175994873 1.5252742767333984 1.6207458972930908 -11.431364059448242 2.1911253929138184 41.91072463989258 -4.611270904541016 0.1222
Pedestrian 1 1 1 67.00732421875 164.57965087890625 99.52202606201172 228.87466430664062 0.777504026889801 1.8517478704452515 0.6007181406021118 -15.569808006286621 1.6131401062011719 21.26010513305664 -2.450357437133789 0.1221
Car 1 1 1 321.7479248046875 185.9969482421875 379.6866760253906 219.888671875 4.098794937133789 1.4962302446365356 1.6621677875518799 -12.746540069580078 2.182654857635498 35.594200134277344 -4.788228511810303 0.1208
Pedestrian 1 1 1 150.817626953125 167.1708526611328 182.335693359375 225.39059448242188 0.7799243330955505 1.8319698572158813 0.607896089553833 -14.291975021362305 1.652841329574585 23.178457260131836 -2.519771099090576 0.1206
Car 1 1 1 873.5186157226562 166.7344512939453 917.5326538085938 187.23948669433594 4.24148416519165 1.8192917108535767 1.6888788938522339 26.14400863647461 1.2760401964187622 66.26828002929688 -8.064650535583496 0.1204
Car 1 1 1 308.09942626953125 172.2210235595703 358.2333068847656 200.4727325439453 3.8981800079345703 1.6492489576339722 1.6522411108016968 -16.883005142211914 1.611998200416565 44.0902099609375 -7.87880277633667 0.1203
Cyclist 1 1 1 864.8358154296875 157.7650146484375 917.7950439453125 230.0256805419922 1.7322496175765991 1.7150182723999023 0.5100597739219666 6.940088748931885 1.3565996885299683 18.010658264160156 -7.945715427398682 0.1203
Car 1 1 1 900.93310546875 171.0079345703125 927.4622192382812 191.14205932617188 3.932741403579712 1.5919891595840454 1.7078373432159424 24.887771606445312 1.4457215070724487 59.187068939208984 -4.389752388000488 0.1202
Car 1 1 1 383.2107849121094 184.7796630859375 443.1785888671875 216.82850646972656 3.9844982624053955 1.4985212087631226 1.6568243503570557 -10.147417068481445 2.1497011184692383 37.3469352722168 -4.605061054229736 0.1202
Pedestrian 1 1 1 0.0 159.9343719482422 0.0 242.34242248535156 0.7606111168861389 1.8628987073898315 0.5930986404418945 -14.913217544555664 1.5705403089523315 16.764957427978516 -2.5769119262695312 0.1201
Car 1 1 1 669.9872436523438 171.59652709960938 712.4022216796875 193.69827270507812 3.881499767303467 1.6509813070297241 1.6640220880508423 6.230273723602295 1.556748867034912 56.00843048095703 -8.222500801086426 0.1198
Car 1 1 1 897.8037719726562 179.2742462158203 1019.6542358398438 219.70358276367188 3.907022714614868 1.4749057292938232 1.634889841079712 13.241254806518555 1.7288988828659058 27.605167388916016 -6.364549160003662 0.1196
Car 1 1 1 367.32470703125 186.10833740234375 407.0975036621094 211.98193359375 3.9472429752349854 1.5174721479415894 1.7243040800094604 -14.327563285827637 2.40864634513855 46.476043701171875 -4.818633079528809 0.1194
Car 1 1 1 747.5428466796875 169.94960021972656 769.9478759765625 190.02317810058594 3.9648823738098145 1.6106257438659668 1.619180679321289 12.306113243103027 1.3772881031036377 59.97547149658203 -4.560680866241455 0.1193
Car 1 1 1 687.1085205078125 169.30714416503906 722.7747802734375 191.71115112304688 4.188582897186279 1.7910816669464111 1.6867942810058594 7.809472560882568 1.507228136062622 59.90046310424805 -8.047390937805176 0.1193
Car 1 1 1 419.985595703125 179.66360473632812 451.0002136230469 199.46340942382812 3.8661601543426514 1.5326135158538818 1.5739458799362183 -14.28477954864502 2.1086478233337402 59.12687301635742 -4.702347755432129 0.1189
Car 1 1 1 0.0 0.0 1241.0 374.0 3.829610586166382 1.5518075227737427 1.6520280838012695 -1.5102559328079224 1.608203649520874 0.8870753645896912 -7.899343967437744 0.1188
Pedestrian 1 1 1 38.008846282958984 167.83326721191406 71.24785614013672 225.11183166503906 0.7066755294799805 1.8291974067687988 0.5823814868927002 -18.1309871673584 1.6685596704483032 23.497650146484375 -4.129640102386475 0.1173
Car 1 1 1 856.8448486328125 173.1260528564453 895.8121948242188 199.67295837402344 3.6769964694976807 1.5504955053329468 1.6141217947006226 16.202537536621094 1.5675723552703857 44.13414001464844 -4.535030364990234 0.1169
Car 1 1 1 233.23353576660156 179.062255859375 284.9627380371094 202.93084716796875 3.9240288734436035 1.6407945156097412 1.6396726369857788 -25.577056884765625 2.1110548973083496 52.67035675048828 -4.635254383087158 0.1166
Pedestrian 1 1 1 26.074562072753906 159.85525512695312 67.81021881103516 237.98751831054688 0.7356088161468506 1.8363351821899414 0.5761074423789978 -13.626288414001465 1.530527114868164 17.39737319946289 -2.5833826065063477 0.1150
Pedestrian 1 1 1 56.79985809326172 160.65489196777344 89.40116882324219 243.71463012695312 0.728293776512146 1.800233006477356 0.5693832635879517 -12.035574913024902 1.5355302095413208 16.100797653198242 -5.371673583984375 0.1148
Car 1 1 1 304.2112121582031 175.9528045654297 336.1412658691406 195.9774627685547 3.909241199493408 1.5839736461639404 1.65976083278656 -23.991609573364258 1.8492752313613892 59.77876663208008 -8.020492553710938 0.1139
Pedestrian 1 1 1 0.0 161.17295837402344 35.00349044799805 246.3567657470703 0.7472049593925476 1.845762848854065 0.5884864926338196 -13.32602310180664 1.592358112335205 16.10471534729004 -2.384882926940918 0.1137
Pedestrian 1 1 1 0.0 164.53128051757812 44.09419250488281 236.97882080078125 0.7859728932380676 1.8596937656402588 0.5972687602043152 -15.563190460205078 1.6457537412643433 18.97928237915039 -4.445921897888184 0.1137
Pedestrian 1 1 1 48.13126754760742 165.2854766845703 72.21353149414062 224.6227569580078 0.7219118475914001 1.841269850730896 0.5828219056129456 -17.46476936340332 1.6061145067214966 22.853628158569336 -5.3969407081604 0.1134
Car 1 1 1 500.2003479003906 178.3405303955078 529.7653198242188 200.28890991210938 3.9512031078338623 1.579720377922058 1.6246076822280884 -7.222196102142334 2.012299060821533 54.9298210144043 -4.6831889152526855 0.1132
Pedestrian 1 1 1 112.6675033569336 166.38796997070312 147.90725708007812 232.7769012451172 0.7716467976570129 1.7940393686294556 0.5926163196563721 -13.325474739074707 1.6190067529678345 19.967798233032227 -2.4902007579803467 0.1132
Pedestrian 1 1 1 90.66765594482422 161.8030548095703 130.01866149902344 233.974609375 0.7622497081756592 1.8225699663162231 0.5955589413642883 -12.984951972961426 1.5431971549987793 18.67938804626465 -2.560075283050537 0.1132
Car 1 1 1 614.1190185546875 172.35537719726562 640.7237548828125 193.47377014160156 4.160744667053223 1.7142969369888306 1.6492258310317993 1.4051671028137207 1.6735200881958008 60.73629379272461 -7.975697994232178 0.1121
Pedestrian 1 1 1 52.490169525146484 162.3868865966797 85.5688705444336 234.7877655029297 0.7732545733451843 1.8576313257217407 0.5964141488075256 -14.295320510864258 1.5887705087661743 18.99744415283203 -5.493220329284668 0.1117
Pedestrian 1 1 1 73.84812927246094 164.5358123779297 108.71045684814453 231.03274536132812 0.7714915871620178 1.8256193399429321 0.5798640847206116 -14.621752738952637 1.5969502925872803 20.269861221313477 -2.5179357528686523 0.1117
Pedestrian 1 1 1 96.12251281738281 162.97276306152344 129.69430541992188 239.19602966308594 0.7329415082931519 1.7881379127502441 0.5730389356613159 -12.034341812133789 1.5560319423675537 17.390602111816406 -5.450308799743652 0.1111
Car 1 1 1 547.6152954101562 177.63499450683594 577.3206176757812 207.143798828125 3.7925236225128174 1.5827387571334839 1.6177427768707275 -2.7442679405212402 1.868764877319336 41.270633697509766 -4.772064208984375 0.1111
Car 1 1 1 742.0235595703125 177.36607360839844 773.6220703125 199.7403564453125 3.932492256164551 1.549851417541504 1.625562310218811 10.738859176635742 1.8920443058013916 52.7765007019043 -4.6787614822387695 0.1107
Car 1 1 1 1218.0263671875 164.867431640625 1241.0 362.5326843261719 3.8887710571289062 1.4571341276168823 1.606793999671936 7.797476291656494 1.3979594707489014 6.360385894775391 -6.409204006195068 0.1102
Car 1 1 1 852.9747314453125 167.34059143066406 883.22216796875 188.70181274414062 3.9892332553863525 1.6855907440185547 1.6613308191299438 21.049354553222656 1.2502323389053345 59.041778564453125 -4.543187618255615 0.1097
Car 1 1 1 400.3167724609375 179.9132080078125 426.8067932128906 199.97860717773438 3.8713135719299316 1.533215880393982 1.5969980955123901 -15.939359664916992 2.1259326934814453 58.5866584777832 -4.850292682647705 0.1096
Car 1 1 1 447.42633056640625 181.21795654296875 490.2113342285156 211.60069274902344 3.9904863834381104 1.5078909397125244 1.6163854598999023 -7.596389293670654 1.9822242259979248 38.93191909790039 -4.735671520233154 0.1093
Car 1 1 1 663.7371826171875 172.3970184326172 692.1843872070312 193.36550903320312 4.133349895477295 1.6815098524093628 1.6899172067642212 5.584896564483643 1.644561767578125 59.984283447265625 -7.926701068878174 0.1091
Car 1 1 1 413.67425537109375 177.93763732910156 438.4422607421875 196.8519287109375 3.9528095722198486 1.5884371995925903 1.6552728414535522 -16.245025634765625 2.051995277404785 63.77141571044922 -4.840097427368164 0.1088
Car 1 1 1 346.2120361328125 182.40533447265625 381.4087219238281 203.56080627441406 3.817669630050659 1.535141944885254 1.6820436716079712 -19.120752334594727 2.3034560680389404 56.098201751708984 -4.7857441902160645 0.1087
Car 1 1 1 779.1497802734375 167.6093292236328 857.8613891601562 198.09803771972656 4.223501205444336 1.6802436113357544 1.6540212631225586 11.779958724975586 1.390907883644104 41.08740234375 -6.033478260040283 0.1085
Car 1 1 1 712.9486694335938 175.36859130859375 758.9020385742188 202.6077423095703 3.99129581451416 1.5520871877670288 1.6262778043746948 7.5104594230651855 1.710923194885254 43.5802116394043 -4.8392462730407715 0.1083
Pedestrian 1 1 1 0.0 165.73587036132812 18.474082946777344 231.4756622314453 0.7857529520988464 1.8357642889022827 0.603239893913269 -17.466814041137695 1.6366925239562988 20.62162971496582 -2.5274388790130615 0.1081
Car 1 1 1 180.38211059570312 182.6676483154297 268.03228759765625 229.4153289794922 3.809028148651123 1.4845526218414307 1.5735777616500854 -13.694840431213379 1.8617281913757324 25.753427505493164 -4.861030101776123 0.1079
Car 1 1 1 1235.1484375 162.56808471679688 1241.0 313.8565368652344 4.00142240524292 1.4839848279953003 1.6148191690444946 9.656744003295898 1.3827905654907227 8.026025772094727 -6.2115797996521 0.1075
Car 1 1 1 909.2775268554688 176.9960174560547 1010.7279663085938 210.38247680664062 3.917585611343384 1.4897651672363281 1.5565141439437866 16.06191062927246 1.6860089302062988 33.32976150512695 -3.0743558406829834 0.1075
