Car 1 1 1 379.2359619140625 182.31195068359375 469.8985595703125 215.79737854003906 3.745965003967285 1.4571319818496704 1.580828070640564 -8.409000396728516 1.8978896141052246 32.77068328857422 -3.1883890628814697 0.7522
Cyclist 1 1 1 22.360393524169922 180.88119506835938 101.89838409423828 259.8681945800781 1.7854403257369995 1.7063567638397217 0.5394324064254761 -12.662641525268555 1.9015954732894897 16.6735782623291 -4.752045631408691 0.7146
Car 1 1 1 413.15399169921875 180.29510498046875 488.6674499511719 210.5631866455078 3.67972731590271 1.5518131256103516 1.5929957628250122 -8.430700302124023 1.9548969268798828 38.26298904418945 -3.17181396484375 0.6995
Pedestrian 1 1 1 806.8805541992188 161.25306701660156 826.4061279296875 200.75375366210938 0.876025378704071 1.8110467195510864 0.6525685787200928 9.552546501159668 1.278861403465271 33.520896911621094 -4.716928482055664 0.4490
Cyclist 1 1 1 270.3746337890625 160.69155883789062 311.9150390625 212.52748107910156 1.6470205783843994 1.7299286127090454 0.5611636638641357 -11.040912628173828 1.3237297534942627 24.929550170898438 -4.601255416870117 0.4146
Pedestrian 1 1 1 366.7964172363281 175.04957580566406 383.4382629394531 206.07533264160156 0.7765949368476868 1.7349668741226196 0.5976932048797607 -13.33028793334961 1.8602869510650635 40.84665298461914 -4.52869987487793 0.4064
Car 1 1 1 439.3963317871094 178.6087646484375 508.169189453125 203.09556579589844 4.154461860656738 1.547659158706665 1.6835275888442993 -8.839115142822266 1.927889347076416 46.85811233520508 -3.1470813751220703 0.3716
Car 1 1 1 1178.169677734375 157.9922637939453 1241.0 195.08470153808594 4.182474136352539 1.5212650299072266 1.634316086769104 26.716896057128906 0.9114434719085693 30.477689743041992 -6.250341892242432 0.3517
Car 1 1 1 1100.1119384765625 157.6416473388672 1199.6226806640625 193.7215576171875 3.754798173904419 1.6161569356918335 1.6585476398468018 25.48571014404297 0.9344372749328613 34.28017044067383 -7.968316555023193 0.3220
Car 1 1 1 427.60308837890625 179.6627960205078 495.17462158203125 208.2243194580078 3.6699295043945312 1.5652737617492676 1.61068856716156 -8.450752258300781 1.9625742435455322 41.088008880615234 -3.277364730834961 0.3208
Pedestrian 1 1 1 802.967041015625 162.1222686767578 815.6539916992188 195.39334106445312 0.6624063849449158 1.897957682609558 0.6807196140289307 11.440200805664062 1.2854630947113037 41.561378479003906 -4.478583812713623 0.3182
Pedestrian 1 1 1 331.2156066894531 183.27694702148438 365.1617431640625 245.05467224121094 0.5913814306259155 1.4216561317443848 0.4881850481033325 -6.2484941482543945 1.6734800338745117 17.090208053588867 -4.3478474617004395 0.3129
Cyclist 1 1 1 443.7855529785156 158.6737518310547 474.9808654785156 202.9141845703125 1.6442945003509521 1.7754234075546265 0.5599765777587891 -6.254074573516846 1.2060527801513672 29.823715209960938 -4.432274341583252 0.3042
Car 1 1 1 457.5360107421875 180.02005004882812 515.4097290039062 203.0730743408203 3.8393940925598145 1.5355942249298096 1.6418840885162354 -8.503381729125977 2.0393009185791016 49.723506927490234 -3.2501754760742188 0.2876
Pedestrian 1 1 1 1071.9622802734375 156.783935546875 1110.9290771484375 228.38819885253906 0.7961129546165466 1.715694785118103 0.5592424869537354 11.77476978302002 1.33034348487854 17.742006301879883 -4.470823764801025 0.2853
Pedestrian 1 1 1 685.1283569335938 172.87437438964844 696.864013671875 192.9947509765625 0.8928889632225037 1.800450086593628 0.5537674427032471 7.274405002593994 1.8019977807998657 65.00707244873047 -3.579684257507324 0.2772
Car 1 1 1 231.0863800048828 183.33676147460938 322.98846435546875 216.08755493164062 3.6795928478240967 1.5132701396942139 1.5927356481552124 -15.981545448303223 2.028087615966797 34.65418243408203 -3.14455509185791 0.2547
Car 1 1 1 164.90853881835938 181.17758178710938 249.27398681640625 219.8763885498047 3.6402151584625244 1.4615596532821655 1.551436424255371 -16.625045776367188 1.8272937536239624 29.886821746826172 -4.743281364440918 0.2480
Pedestrian 1 1 1 279.985107421875 181.95018005371094 310.7158203125 238.35447692871094 0.5874907374382019 1.4259569644927979 0.4941868782043457 -8.18789291381836 1.665157675743103 18.672121047973633 -4.57002592086792 0.2480
Car 1 1 1 323.3016052246094 181.03695678710938 366.1660461425781 209.40499877929688 3.792532444000244 1.5480018854141235 1.6165062189102173 -15.606810569763184 2.0524368286132812 42.51375961303711 -4.854336738586426 0.2476
Car 1 1 1 427.6915588378906 180.65077209472656 498.89617919921875 206.3435516357422 3.976080894470215 1.5143158435821533 1.6487327814102173 -8.93932056427002 1.9989111423492432 43.97351837158203 -3.103144645690918 0.2285
Car 1 1 1 1071.7196044921875 155.6417999267578 1175.0113525390625 195.27978515625 3.8203680515289307 1.623759150505066 1.6381052732467651 22.24591827392578 0.9183658957481384 31.513893127441406 -7.914605617523193 0.2268
Car 1 1 1 305.15765380859375 173.28414916992188 355.8668518066406 199.9060516357422 3.8754754066467285 1.6559540033340454 1.68586003780365 -18.137718200683594 1.6847927570343018 46.911556243896484 -4.676937103271484 0.2211
Car 1 1 1 1116.67529296875 169.55809020996094 1241.0 235.6935272216797 3.6373026371002197 1.4994018077850342 1.549707293510437 14.581493377685547 1.4243780374526978 18.28657341003418 -4.532134532928467 0.2102
Pedestrian 1 1 1 890.6246337890625 149.20449829101562 928.3873901367188 242.68194580078125 0.8050830960273743 1.8197818994522095 0.6595693826675415 5.9677042961120605 1.3590830564498901 14.535985946655273 -7.514556407928467 0.2093
Pedestrian 1 1 1 349.94036865234375 166.7305145263672 371.0035400390625 206.11444091796875 0.772486686706543 1.7694491147994995 0.6539899110794067 -11.389203071594238 1.4940319061279297 32.82658004760742 -7.7805914878845215 0.1938
Car 1 1 1 828.7273559570312 165.92872619628906 889.2509765625 193.2489013671875 3.7491886615753174 1.5395563840866089 1.6439476013183594 14.62022876739502 1.149000883102417 42.671695709228516 -8.080530166625977 0.1930
Car 1 1 1 515.713134765625 179.75132751464844 540.0864868164062 198.91668701171875 3.655568838119507 1.5465505123138428 1.572959542274475 -6.980678081512451 2.1508536338806152 61.40118408203125 -4.687058925628662 0.1910
Pedestrian 1 1 1 0.0 162.6561279296875 24.94750213623047 238.45547485351562 0.7547431588172913 1.8129507303237915 0.5866628289222717 -14.904603958129883 1.5687406063079834 17.724130630493164 -5.1542649269104 0.1882
Pedestrian 1 1 1 1178.57080078125 157.8948516845703 1202.83935546875 200.10594177246094 0.7177805304527283 1.7461504936218262 0.6016246676445007 24.327207565307617 1.1270339488983154 30.29054832458496 -7.489027500152588 0.1860
Car 1 1 1 378.69781494140625 173.9471893310547 414.3615417480469 196.48184204101562 3.8445959091186523 1.7225677967071533 1.6880712509155273 -16.922082901000977 1.811944603919983 57.26578140258789 -7.8517889976501465 0.1855
Car 1 1 1 930.5001220703125 169.08221435546875 1034.5098876953125 213.06834411621094 3.89400053024292 1.470099687576294 1.609251618385315 13.289740562438965 1.343739628791809 26.09784698486328 -4.759448528289795 0.1818
Pedestrian 1 1 1 752.8607788085938 162.76734924316406 771.1838989257812 206.4642333984375 0.8413209915161133 1.7875924110412598 0.6363532543182373 6.262829780578613 1.3746583461761475 29.959924697875977 -4.639927864074707 0.1797
Pedestrian 1 1 1 328.356201171875 176.4165496826172 361.43438720703125 242.02825927734375 0.5527893304824829 1.5738849639892578 0.5316434502601624 -6.548575401306152 1.6626701354980469 17.694358825683594 -4.377699851989746 0.1783
Cyclist 1 1 1 801.8383178710938 171.54818725585938 824.3870239257812 207.35397338867188 1.7260931730270386 1.6929594278335571 0.5407744646072388 9.795376777648926 1.6309186220169067 34.98927307128906 -4.7547526359558105 0.1759
Pedestrian 1 1 1 27.750934600830078 161.93722534179688 61.30134963989258 233.67251586914062 0.7592599987983704 1.8384026288986206 0.5848298668861389 -14.914032936096191 1.5583322048187256 18.964208602905273 -2.38897967338562 0.1743
Car 1 1 1 492.308837890625 177.55999755859375 519.0673217773438 199.48483276367188 3.919055223464966 1.5792856216430664 1.6367610692977905 -7.917574405670166 1.9495646953582764 54.82415008544922 -4.75734806060791 0.1720
Pedestrian 1 1 1 487.28265380859375 180.24893188476562 502.8305969238281 208.21475219726562 0.751704216003418 1.643028736114502 0.5414138436317444 -6.900234699249268 2.0891916751861572 43.099239349365234 -4.063766956329346 0.1719
Car 1 1 1 0.0 0.0 1241.0 374.0 3.8017351627349854 1.5283877849578857 1.628178596496582 3.0211455821990967 1.55360746383667 0.9502186179161072 -7.866275310516357 0.1679
Pedestrian 1 1 1 858.9266967773438 160.72193908691406 874.7396240234375 200.42236328125 0.6078965663909912 1.8035025596618652 0.6221880316734314 11.752345085144043 1.2520698308944702 33.145721435546875 -7.619704723358154 0.1643
Car 1 1 1 291.4980163574219 182.25390625 357.968505859375 220.04983520507812 3.9491946697235107 1.4918278455734253 1.604339838027954 -12.41062068939209 1.9285809993743896 31.518630981445312 -4.7880449295043945 0.1596
Car 1 1 1 278.0001220703125 183.47128295898438 333.9764709472656 212.7786865234375 3.9011740684509277 1.516445279121399 1.6138643026351929 -17.12489128112793 2.1446189880371094 40.73716354370117 -4.741401672363281 0.1591
Pedestrian 1 1 1 50.854774475097656 170.23239135742188 83.2535171508789 223.44488525390625 0.616405725479126 1.7756682634353638 0.62412029504776 -18.426212310791016 1.6878870725631714 24.431947708129883 -7.6912970542907715 0.1584
Car 1 1 1 215.67587280273438 171.24136352539062 280.7965087890625 201.98175048828125 4.06329345703125 1.8391239643096924 1.687503457069397 -22.65428352355957 1.7423439025878906 45.2873420715332 -7.731600284576416 0.1561
Cyclist 1 1 1 309.3531799316406 180.04049682617188 333.1820068359375 211.8011016845703 1.7839710712432861 1.68839693069458 0.5559225678443909 -15.894994735717773 2.092094659805298 39.66300582885742 -4.6857428550720215 0.1552
Pedestrian 1 1 1 256.82879638671875 181.29434204101562 289.2545166015625 239.11407470703125 0.5991669297218323 1.4593974351882935 0.4882074296474457 -8.764263153076172 1.681624412536621 18.669189453125 -4.441964626312256 0.1544
Pedestrian 1 1 1 157.82363891601562 165.71456909179688 199.98944091796875 240.0360107421875 0.6463651657104492 1.6935408115386963 0.572801411151886 -10.073403358459473 1.5305569171905518 16.78790283203125 -4.626991271972656 0.1523
Pedestrian 1 1 1 380.3157958984375 178.1802520751953 402.9671325683594 221.7041015625 0.6205195784568787 1.4672398567199707 0.5219129323959351 -7.535848617553711 1.652291178703308 24.75935935974121 -4.542792797088623 0.1520
Pedestrian 1 1 1 381.9716796875 175.22311401367188 391.4006652832031 200.65188598632812 0.822073757648468 1.7485544681549072 0.6009945869445801 -15.558858871459961 1.9145770072937012 50.179622650146484 -8.122137069702148 0.1517
Car 1 1 1 760.14404296875 178.31748962402344 820.438720703125 216.8890838623047 3.690483331680298 1.5018469095230103 1.5678952932357788 7.495635986328125 1.7464007139205933 30.478649139404297 -4.729061126708984 0.1516
Cyclist 1 1 1 1190.55517578125 157.71893310546875 1241.0 205.19081115722656 1.721045970916748 1.8064651489257812 0.6584885716438293 23.650869369506836 1.2302249670028687 27.983646392822266 -6.040081024169922 0.1500
Pedestrian 1 1 1 306.62091064453125 181.78311157226562 340.5221862792969 244.34814453125 0.5896890759468079 1.443611741065979 0.5087552666664124 -6.827406883239746 1.6588928699493408 17.082767486572266 -4.521465301513672 0.1485
Pedestrian 1 1 1 274.3392333984375 173.74435424804688 286.5670471191406 201.2584686279297 0.5576565861701965 1.7633533477783203 0.5677240490913391 -21.347457885742188 1.8211286067962646 46.66611099243164 -8.616988182067871 0.1460
Car 1 1 1 0.0 0.0 1241.0 374.0 3.921604871749878 1.5416347980499268 1.6540695428848267 -3.423854351043701 1.6318745613098145 0.9977934956550598 -7.898719310760498 0.1458
Car 1 1 1 602.5564575195312 178.2975616455078 628.8209838867188 196.61915588378906 4.184790134429932 1.5345044136047363 1.6046828031539917 0.44593119621276855 2.033151865005493 63.93653869628906 -4.883711814880371 0.1443
Pedestrian 1 1 1 348.1751403808594 174.29473876953125 363.402587890625 201.94171142578125 0.7379645705223083 1.7434428930282593 0.6103149652481079 -16.229795455932617 1.8358112573623657 45.97745132446289 -7.6106696128845215 0.1439
Pedestrian 1 1 1 411.3907470703125 174.8859405517578 423.9113464355469 196.0249786376953 0.9090291857719421 1.793211817741394 0.5426695942878723 -16.493131637573242 1.968233346939087 61.77812194824219 -3.7323169708251953 0.1432
Pedestrian 1 1 1 49.932064056396484 167.23361206054688 84.67485046386719 241.3444061279297 0.7613859176635742 1.8053568601608276 0.572479784488678 -13.62556266784668 1.6681429147720337 18.046091079711914 -2.3877243995666504 0.1420
Pedestrian 1 1 1 154.15989685058594 166.7718048095703 184.69729614257812 221.3179168701172 0.7604698538780212 1.7714691162109375 0.5825132727622986 -14.593552589416504 1.5736404657363892 23.83632469177246 -4.796175479888916 0.1417
Car 1 1 1 0.0 188.13766479492188 0.0 374.0 3.9164557456970215 1.5486972332000732 1.6308015584945679 -5.33832311630249 1.6349836587905884 2.1169281005859375 -7.869679927825928 0.1415
Pedestrian 1 1 1 0.0 164.13671875 44.380252838134766 242.257568359375 0.7648789882659912 1.8334482908248901 0.5852032899856567 -14.290288925170898 1.6285591125488281 17.411418914794922 -4.190855503082275 0.1397
Pedestrian 1 1 1 362.7608337402344 179.3052215576172 385.63446044921875 222.6905517578125 0.6504594087600708 1.4622584581375122 0.5277453064918518 -8.138533592224121 1.6865947246551514 24.773740768432617 -7.750537395477295 0.1387
Pedestrian 1 1 1 765.0758666992188 171.0275115966797 795.8189697265625 226.0435028076172 0.7856990098953247 1.7068073749542236 0.568880021572113 5.347874641418457 1.6498427391052246 22.843372344970703 -6.895129680633545 0.1378
Pedestrian 1 1 1 1050.900634765625 157.98008728027344 1069.4525146484375 198.39166259765625 0.6334115266799927 1.81379234790802 0.6406948566436768 20.420825958251953 1.1459068059921265 32.80647659301758 -7.422152996063232 0.1375
Pedestrian 1 1 1 940.4149169921875 163.22348022460938 960.6840209960938 202.63587951660156 0.5640242695808411 1.7577815055847168 0.6140825748443604 15.297547340393066 1.327962875366211 32.50808334350586 -8.015474319458008 0.1370
Pedestrian 1 1 1 244.47592163085938 180.87477111816406 266.2330322265625 218.13478088378906 0.7292920351028442 1.6944767236709595 0.6082612872123718 -16.502609252929688 2.0717623233795166 33.492454528808594 -3.9907398223876953 0.1366
Car 1 1 1 1174.165771484375 156.17855834960938 1241.0 207.23666381835938 3.939270257949829 1.5927931070327759 1.6642569303512573 21.625099182128906 1.072291374206543 24.544586181640625 -7.94284200668335 0.1365
Car 1 1 1 1168.3734130859375 168.249267578125 1241.0 233.255126953125 3.590768814086914 1.481512427330017 1.5576764345169067 16.160654067993164 1.3762686252593994 18.305776596069336 -4.616654872894287 0.1354
Car 1 1 1 0.0 0.0 1241.0 374.0 3.815418243408203 1.5409643650054932 1.6110810041427612 1.4033459424972534 1.5638055801391602 0.6704890727996826 -7.8577189445495605 0.1352
Car 1 1 1 878.4439086914062 171.6923370361328 960.7938232421875 198.57730102539062 4.076630115509033 1.53335702419281 1.6688127517700195 17.938087463378906 1.4668024778366089 41.99761962890625 -6.2886061668396 0.1344
Pedestrian 1 1 1 1096.5916748046875 160.3520050048828 1111.602783203125 190.67608642578125 0.7327007055282593 1.7514374256134033 0.5855057835578918 28.805307388305664 1.0290563106536865 42.12489318847656 -7.458929538726807 0.1333
Pedestrian 1 1 1 322.7388000488281 170.37066650390625 337.7201232910156 200.0635986328125 0.7829497456550598 1.7691004276275635 0.6264491677284241 -16.857873916625977 1.620843768119812 43.395938873291016 -7.904575824737549 0.1331
Pedestrian 1 1 1 1152.1414794921875 159.8130340576172 1176.7847900390625 208.1240692138672 0.544091522693634 1.7624949216842651 0.593416154384613 20.45346450805664 1.2864315509796143 26.684358596801758 -7.483352184295654 0.1329
Car 1 1 1 719.8953857421875 176.0146026611328 757.3141479492188 201.278076171875 3.9760282039642334 1.5856789350509644 1.6180368661880493 8.438432693481445 1.803663969039917 47.812931060791016 -7.895336627960205 0.1328
Pedestrian 1 1 1 741.8219604492188 172.5679931640625 751.2796630859375 194.951904296875 0.48964235186576843 1.764967441558838 0.5542845726013184 10.809520721435547 1.7421153783798218 57.26287078857422 -3.877880096435547 0.1323
Car 1 1 1 529.4688110351562 178.91366577148438 547.61083984375 197.12374877929688 3.980001926422119 1.5933679342269897 1.6159307956695557 -6.603275299072266 2.1693227291107178 66.55943298339844 -4.805872440338135 0.1320
Pedestrian 1 1 1 957.1758422851562 166.95681762695312 978.7808837890625 207.33355712890625 0.5567651987075806 1.742895245552063 0.6351073980331421 15.579830169677734 1.4880387783050537 31.49482536315918 -4.965544700622559 0.1315
Car 1 1 1 996.6425170898438 178.83120727539062 1114.761474609375 214.12420654296875 4.115903854370117 1.4644931554794312 1.6260498762130737 19.11106300354004 1.7291187047958374 31.108173370361328 -3.1705679893493652 0.1314
Car 1 1 1 776.8992919921875 169.26109313964844 819.5107421875 195.2557373046875 3.650631904602051 1.5569126605987549 1.5826858282089233 11.668510437011719 1.3414204120635986 45.07034683227539 -7.893068790435791 0.1312
Car 1 1 1 498.6084899902344 177.84158325195312 528.1019897460938 196.8192138671875 4.044412612915039 1.5932981967926025 1.6437273025512695 -8.527816772460938 2.048454523086548 63.786460876464844 -4.5974345207214355 0.1307
Pedestrian 1 1 1 869.939453125 162.33062744140625 897.166259765625 217.33457946777344 0.6613290905952454 1.686025619506836 0.5862163305282593 8.504926681518555 1.3631548881530762 22.55878257751465 -7.0954461097717285 0.1306
Pedestrian 1 1 1 0.0 161.77052307128906 24.532730102539062 236.29457092285156 0.7655705809593201 1.8472198247909546 0.5822561979293823 -15.552082061767578 1.5721949338912964 18.351076126098633 -4.3085036277771 0.1302
Pedestrian 1 1 1 920.5347290039062 136.594970703125 1039.5318603515625 348.70294189453125 0.7261346578598022 1.6665483713150024 0.5404259562492371 3.045978546142578 1.3813585042953491 6.09620475769043 -5.014537811279297 0.1299
Pedestrian 1 1 1 676.0648193359375 172.9238739013672 688.6438598632812 195.0407257080078 0.8754763603210449 1.820896029472351 0.5584537982940674 5.975151538848877 1.8264343738555908 59.84700012207031 -3.58309268951416 0.1295
Pedestrian 1 1 1 95.98627471923828 164.19776916503906 128.05445861816406 229.658447265625 0.780486524105072 1.8264753818511963 0.5946290493011475 -14.278335571289062 1.5846502780914307 20.61505126953125 -2.4002857208251953 0.1290
Pedestrian 1 1 1 61.63190460205078 163.15626525878906 95.51709747314453 232.96510314941406 0.7512103319168091 1.8236502408981323 0.5923404097557068 -14.281123161315918 1.570011854171753 19.32064437866211 -2.4068589210510254 0.1284
Pedestrian 1 1 1 1036.030517578125 156.28472900390625 1075.1134033203125 230.1389923095703 0.736433207988739 1.7023965120315552 0.6012900471687317 10.475285530090332 1.3201624155044556 17.06599998474121 -4.447864532470703 0.1283
Pedestrian 1 1 1 77.61140441894531 165.41720581054688 116.66142272949219 230.74066162109375 0.7879327535629272 1.8488577604293823 0.5830100178718567 -14.909711837768555 1.6380733251571655 20.911724090576172 -4.052096843719482 0.1265
Car 1 1 1 365.0891418457031 179.46743774414062 409.2716979980469 206.9358367919922 3.9787437915802 1.5363281965255737 1.6613225936889648 -13.36865520477295 1.952303409576416 43.37722396850586 -4.77742862701416 0.1263
Pedestrian 1 1 1 172.40298461914062 162.18048095703125 205.5184326171875 229.30471801757812 0.7572294473648071 1.8126962184906006 0.6002682447433472 -11.699982643127441 1.524156928062439 19.96311378479004 -2.388235569000244 0.1252
Car 1 1 1 525.3986206054688 177.36480712890625 553.8853149414062 202.65367126464844 3.948845624923706 1.5834928750991821 1.6431540250778198 -4.66382360458374 1.8951401710510254 47.89634704589844 -7.8892340660095215 0.1247
Pedestrian 1 1 1 936.8475952148438 160.76614379882812 964.208984375 219.76939392089844 0.672698438167572 1.678541898727417 0.5935024619102478 9.81778335571289 1.3343632221221924 20.92327308654785 -7.616319179534912 0.1241
Car 1 1 1 875.1093139648438 174.32669067382812 956.8841552734375 216.20298767089844 3.8553152084350586 1.5018877983093262 1.6061152219772339 11.702406883239746 1.5626280307769775 27.96050453186035 -4.6891560554504395 0.1228
Car 1 1 1 1234.0089111328125 162.53909301757812 1241.0 326.8826599121094 3.964782953262329 1.5100640058517456 1.5806870460510254 9.09614086151123 1.4149858951568604 7.650224208831787 -6.402347564697266 0.1228
Pedestrian 1 1 1 334.11334228515625 178.14520263671875 369.5519714355469 245.4649658203125 0.5983514785766602 1.4966647624969482 0.5226664543151855 -5.930190086364746 1.6195106506347656 16.444477081298828 -4.495699882507324 0.1222
Car 1 1 1 464.04132080078125 178.4342803955078 492.31341552734375 200.8295135498047 4.086225986480713 1.5684269666671753 1.6542713642120361 -9.795198440551758 1.999513864517212 53.678871154785156 -4.788567066192627 0.1214
Pedestrian 1 1 1 354.07305908203125 175.10243225097656 384.9387512207031 239.25848388671875 0.5446958541870117 1.5444490909576416 0.5354992747306824 -5.944112300872803 1.6002354621887207 17.69479751586914 -4.586960792541504 0.1210
Car 1 1 1 1104.0238037109375 165.83465576171875 1228.0640869140625 212.9249267578125 3.8923180103302 1.5034819841384888 1.6185168027877808 19.09085464477539 1.2790709733963013 25.059173583984375 -4.60420036315918 0.1205
Pedestrian 1 1 1 972.0435180664062 159.71395874023438 1008.9071655273438 222.35533142089844 0.7698141932487488 1.698319673538208 0.5777598023414612 10.471474647521973 1.341770052909851 19.970373153686523 -7.939573764801025 0.1203
Pedestrian 1 1 1 142.92477416992188 165.3376007080078 177.80970764160156 223.12696838378906 0.7500936985015869 1.7939133644104004 0.5649778246879578 -14.285089492797852 1.5602872371673584 22.855207443237305 -4.298051834106445 0.1190
Car 1 1 1 230.9724884033203 172.869140625 314.5418395996094 199.39598083496094 4.185574531555176 1.5371623039245605 1.6501044034957886 -19.947919845581055 1.5377767086029053 42.69655227661133 -3.1131341457366943 0.1185
Car 1 1 1 176.16043090820312 173.6798095703125 244.86355590820312 204.44998168945312 3.8229992389678955 1.6158605813980103 1.6728225946426392 -22.042911529541016 1.6634280681610107 39.908721923828125 -4.7079315185546875 0.1181
Pedestrian 1 1 1 932.235595703125 160.21421813964844 956.8294677734375 211.7059783935547 0.7190141081809998 1.732966423034668 0.6030030250549316 11.430700302124023 1.3072718381881714 24.752702713012695 -7.163631916046143 0.1181
Car 1 1 1 576.885986328125 177.69619750976562 607.8087158203125 205.43994140625 3.963463544845581 1.600961685180664 1.6618181467056274 -1.1620075702667236 1.9123244285583496 44.395835876464844 -4.797698020935059 0.1179
Pedestrian 1 1 1 699.8757934570312 165.76834106445312 712.0755004882812 195.9063262939453 0.8155323266983032 1.8612854480743408 0.6274809241294861 5.959352016448975 1.4233835935592651 45.04368209838867 -7.553320407867432 0.1178
Pedestrian 1 1 1 963.365966796875 159.1681671142578 993.7857666015625 219.11688232421875 0.7090135812759399 1.7312532663345337 0.6239434480667114 10.794118881225586 1.335721492767334 21.24405860900879 -7.664824962615967 0.1178
Car 1 1 1 730.248779296875 180.90802001953125 806.060302734375 207.0626220703125 4.023540019989014 1.4705660343170166 1.652356505393982 9.146130561828613 1.9501705169677734 42.06659698486328 -3.1921095848083496 0.1177
Car 1 1 1 1241.0 164.46827697753906 1241.0 374.0 4.114559173583984 1.491419792175293 1.6053507328033447 5.854219913482666 1.472336769104004 2.5523977279663086 -6.217374324798584 0.1176
Pedestrian 1 1 1 1105.5916748046875 151.39666748046875 1150.042724609375 235.74624633789062 0.7625857591629028 1.7137739658355713 0.5910946726799011 10.786396980285645 1.2775144577026367 15.123662948608398 -4.331695556640625 0.1165
Pedestrian 1 1 1 442.10076904296875 169.80816650390625 456.8441162109375 196.76939392089844 0.8374077677726746 1.834336519241333 0.5607797503471375 -11.063581466674805 1.6268088817596436 49.594417572021484 -7.283584117889404 0.1165
Car 1 1 1 755.93017578125 168.5878448486328 783.802978515625 189.14158630371094 4.1718668937683105 1.77854585647583 1.684819221496582 14.237678527832031 1.4090886116027832 64.54663848876953 -4.681562423706055 0.1164
Pedestrian 1 1 1 843.3583374023438 166.93069458007812 859.1722412109375 205.94491577148438 0.707539439201355 1.7341935634613037 0.6011180877685547 10.814390182495117 1.4706004858016968 32.48196792602539 -7.6405558586120605 0.1163
Car 1 1 1 552.2695922851562 179.0264434814453 574.19970703125 197.63954162597656 3.949490785598755 1.5300421714782715 1.6330387592315674 -4.051450252532959 2.082200527191162 62.60234451293945 -4.708195209503174 0.1162
Car 1 1 1 481.2538757324219 173.08493041992188 501.3888244628906 191.5894012451172 3.9724104404449463 1.685105562210083 1.634116530418396 -11.146678924560547 1.7071685791015625 67.81771087646484 -7.956869602203369 0.1159
Pedestrian 1 1 1 104.72196960449219 163.294189453125 139.78416442871094 231.578125 0.7666218280792236 1.8144782781600952 0.5892767310142517 -13.32841682434082 1.5601497888565063 19.642553329467773 -2.4674816131591797 0.1158
Pedestrian 1 1 1 145.2912139892578 165.35250854492188 173.77491760253906 227.927490234375 0.7788945436477661 1.80013108253479 0.6013237237930298 -13.316768646240234 1.5840312242507935 21.248249053955078 -5.4211602210998535 0.1155
Pedestrian 1 1 1 135.34617614746094 167.5033721923828 165.7083740234375 221.98526000976562 0.7660761475563049 1.7687735557556152 0.5777847766876221 -15.221806526184082 1.5947637557983398 23.842763900756836 -4.844644069671631 0.1154
Pedestrian 1 1 1 729.6956176757812 170.88937377929688 738.0367431640625 190.3888702392578 0.6957702040672302 1.8394991159439087 0.5726936459541321 11.730809211730957 1.6538640260696411 68.46187591552734 -4.899252414703369 0.1153
Pedestrian 1 1 1 307.47003173828125 175.72157287597656 340.5541076660156 241.61402893066406 0.5626240968704224 1.6115623712539673 0.5286179184913635 -7.194537162780762 1.6843379735946655 18.03257179260254 -4.363515853881836 0.1148
Pedestrian 1 1 1 112.978271484375 166.08131408691406 140.3907012939453 226.54612731933594 0.7710632085800171 1.8197276592254639 0.58716881275177 -14.918976783752441 1.615599513053894 22.19748306274414 -5.459681987762451 0.1144
Car 1 1 1 951.4898071289062 164.04200744628906 1043.1405029296875 193.9091796875 4.318672180175781 1.649929404258728 1.6691526174545288 21.811626434326172 1.162834882736206 40.78993225097656 -6.328055381774902 0.1143
Cyclist 1 1 1 430.1635437011719 160.10818481445312 461.85223388671875 204.05653381347656 1.6423434019088745 1.7666903734207153 0.5672459006309509 -6.817688465118408 1.2540184259414673 29.872468948364258 -4.440152645111084 0.1142
Car 1 1 1 171.37974548339844 0.0 1241.0 374.0 3.8317770957946777 1.5492513179779053 1.6534435749053955 -0.8692458868026733 1.5918089151382446 0.8660698533058167 -7.876960277557373 0.1139
Pedestrian 1 1 1 822.216064453125 164.32449340820312 835.414794921875 194.9845428466797 0.7141120433807373 1.8136873245239258 0.628964364528656 13.022064208984375 1.308826208114624 43.06983184814453 -7.751223087310791 0.1139
Car 1 1 1 864.9806518554688 175.02328491210938 978.446044921875 233.81211853027344 4.066864013671875 1.4530961513519287 1.6739473342895508 8.461260795593262 1.5194662809371948 20.082183837890625 -7.774749279022217 0.1139
Pedestrian 1 1 1 643.5538940429688 172.3343048095703 654.310302734375 193.08172607421875 0.6959502696990967 1.7998359203338623 0.6432684659957886 3.3795642852783203 1.7544515132904053 63.067138671875 -7.112020969390869 0.1139
Pedestrian 1 1 1 216.79351806640625 170.3822021484375 238.3964080810547 209.08450317382812 0.6735288500785828 1.7774187326431274 0.6408708095550537 -17.779878616333008 1.6636004447937012 33.47846603393555 -7.838893413543701 0.1131
Cyclist 1 1 1 302.0839538574219 164.19273376464844 344.1717529296875 214.86428833007812 1.5658583641052246 1.724730372428894 0.5565168857574463 -10.120195388793945 1.429623007774353 25.387210845947266 -4.455817699432373 0.1124
Pedestrian 1 1 1 61.642295837402344 165.93048095703125 98.11015319824219 228.6400146484375 0.7912958860397339 1.8358750343322754 0.5898423790931702 -15.89326000213623 1.6328833103179932 21.567930221557617 -2.661597728729248 0.1123
Pedestrian 1 1 1 270.5031433105469 178.78456115722656 301.15142822265625 240.2855224609375 0.5528141856193542 1.510593056678772 0.48466256260871887 -8.171188354492188 1.6614385843276978 18.085060119628906 -4.589866638183594 0.1118
Pedestrian 1 1 1 266.3330993652344 169.30325317382812 285.659423828125 204.03843688964844 0.7193215489387512 1.7609554529190063 0.6476198434829712 -17.137649536132812 1.5806443691253662 36.94655227661133 -7.830847263336182 0.1118
Pedestrian 1 1 1 817.5564575195312 166.419189453125 830.41845703125 198.53929138183594 0.6664581298828125 1.8436251878738403 0.6510034203529358 12.357521057128906 1.4739806652069092 41.80315017700195 -4.523542881011963 0.1117
Pedestrian 1 1 1 280.2010498046875 175.5054473876953 309.9435119628906 233.51817321777344 0.5823677778244019 1.5227693319320679 0.5028000473976135 -8.463766098022461 1.59452223777771 19.288278579711914 -4.590859889984131 0.1112
Car 1 1 1 555.9417114257812 178.8329620361328 580.1159057617188 198.84861755371094 3.952366352081299 1.5334559679031372 1.627166748046875 -3.394883632659912 2.034214496612549 58.47003173828125 -4.685174942016602 0.1110
Car 1 1 1 876.9640502929688 176.17921447753906 1067.3671875 261.1997985839844 4.056020736694336 1.4909279346466064 1.6060190200805664 7.175224781036377 1.5690021514892578 14.911596298217773 -4.806987285614014 0.1109
Car 1 1 1 832.8099975585938 170.05364990234375 870.1258544921875 189.37811279296875 4.114424228668213 1.7042458057403564 1.635581612586975 21.938039779663086 1.4569793939590454 65.77019500732422 -7.968088626861572 0.1108
Cyclist 1 1 1 0.0 0.0 1241.0 374.0 1.8610031604766846 1.6517053842544556 0.5132070779800415 6.901862144470215 1.308982253074646 -0.2866579294204712 -8.038637161254883 0.1105
Car 1 1 1 696.3270874023438 173.15472412109375 715.5076904296875 191.99937438964844 4.092270851135254 1.674269676208496 1.6801344156265259 8.764053344726562 1.702491044998169 66.30347442626953 -7.737623691558838 0.1105
Pedestrian 1 1 1 1067.8890380859375 157.74612426757812 1087.2216796875 197.62449645996094 0.6208070516586304 1.7761541604995728 0.6190890669822693 21.037250518798828 1.102960228919983 32.53854751586914 -7.4813971519470215 0.1103
Car 1 1 1 349.5138244628906 182.0825958251953 402.0670166015625 214.73411560058594 3.9861485958099365 1.4972991943359375 1.6329220533370972 -11.747554779052734 1.987490177154541 36.29798889160156 -4.791028022766113 0.1091
Pedestrian 1 1 1 854.3103637695312 152.8910369873047 893.5672607421875 242.8023681640625 0.7660361528396606 1.7875162363052368 0.6479361653327942 5.379048824310303 1.390335202217102 14.836798667907715 -7.3484883308410645 0.1091
Pedestrian 1 1 1 118.87077331542969 164.7902374267578 148.0421600341797 227.2894287109375 0.7714747786521912 1.825230598449707 0.5858354568481445 -14.284406661987305 1.5894360542297363 21.551870346069336 -5.495412826538086 0.1085
Car 1 1 1 134.79769897460938 179.74221801757812 232.75071716308594 224.6770782470703 3.6013689041137695 1.4720109701156616 1.5809309482574463 -15.30810260772705 1.738000512123108 26.048133850097656 -4.773518085479736 0.1081
Pedestrian 1 1 1 1137.515380859375 150.64248657226562 1178.6748046875 236.09751892089844 0.7464196085929871 1.7353795766830444 0.5878821015357971 11.420523643493652 1.284019112586975 15.121806144714355 -4.203002452850342 0.1079
Pedestrian 1 1 1 0.0 167.29537963867188 2.778961181640625 247.31280517578125 0.7620522379875183 1.8070862293243408 0.5894606113433838 -14.600683212280273 1.6812525987625122 16.771696090698242 -2.373103380203247 0.1072
Car 1 1 1 385.3302001953125 181.1912841796875 452.1719970703125 221.00439453125 3.832705020904541 1.4957265853881836 1.5499978065490723 -7.8797101974487305 1.8634370565414429 29.88857650756836 -4.650965690612793 0.1066
Pedestrian 1 1 1 55.47507095336914 162.970458984375 89.27570343017578 230.58419799804688 0.7556198835372925 1.825893759727478 0.5900169610977173 -14.917946815490723 1.5586910247802734 19.953571319580078 -2.4458014965057373 0.1065
Pedestrian 1 1 1 191.08786010742188 164.66934204101562 215.5091552734375 226.94900512695312 0.7844278216362 1.7920243740081787 0.5901893377304077 -12.03018856048584 1.5562206506729126 21.25047492980957 -8.414237022399902 0.1064
Car 1 1 1 580.9004516601562 177.27487182617188 601.3987426757812 194.52845764160156 4.057503700256348 1.5110840797424316 1.5883467197418213 -1.7830082178115845 1.9302592277526855 66.36565399169922 -4.812099933624268 0.1063
Pedestrian 1 1 1 1161.93115234375 157.4523468017578 1188.356201171875 197.77247619628906 0.7249132990837097 1.7608941793441772 0.6055840253829956 24.921375274658203 1.0879604816436768 31.88109588623047 -7.830416202545166 0.1061
Pedestrian 1 1 1 965.0128173828125 166.59478759765625 985.3410034179688 207.7534637451172 0.5526191592216492 1.744566798210144 0.6291539072990417 15.590353012084961 1.4789618253707886 30.898649215698242 -4.580460071563721 0.1060
Pedestrian 1 1 1 137.82826232910156 164.0961456298828 170.07186889648438 231.05630493164062 0.7506956458091736 1.8075059652328491 0.610588014125824 -12.666241645812988 1.570798635482788 19.95882797241211 -5.486396312713623 0.1060
Car 1 1 1 473.012451171875 178.43569946289062 505.2171630859375 196.6613311767578 3.833650827407837 1.4995001554489136 1.6087197065353394 -10.47650146484375 1.9992866516113281 62.62385940551758 -4.550112724304199 0.1058
Pedestrian 1 1 1 0.0 164.29135131835938 1.847266435623169 251.31741333007812 0.7771784663200378 1.8104296922683716 0.586601734161377 -13.61687183380127 1.6319983005523682 15.483283996582031 -5.11908483505249 0.1054
Pedestrian 1 1 1 1034.236328125 159.0472869873047 1075.1273193359375 225.88658142089844 0.7987402677536011 1.6894710063934326 0.5522469282150269 11.428659439086914 1.3401843309402466 18.644489288330078 -7.8801493644714355 0.1053
Car 1 1 1 835.9641723632812 171.95249938964844 978.0103759765625 220.28128051757812 4.0034894943237305 1.5308690071105957 1.639243483543396 9.640686988830566 1.5020132064819336 23.75261116027832 -6.244165420532227 0.1049
Pedestrian 1 1 1 168.43702697753906 163.96165466308594 199.02899169921875 225.2753448486328 0.7947892546653748 1.8185133934020996 0.6035385131835938 -12.983545303344727 1.554474115371704 21.89257049560547 -5.525041103363037 0.1047
Car 1 1 1 1241.0 161.1981964111328 1241.0 374.0 4.04130220413208 1.4894825220108032 1.591982126235962 7.791154861450195 1.410696268081665 5.721968650817871 -6.316758632659912 0.1047
Cyclist 1 1 1 326.5057067871094 163.59786987304688 369.79986572265625 215.60205078125 1.5894137620925903 1.7497127056121826 0.5689865946769714 -9.142749786376953 1.437984585762024 25.120037078857422 -4.407492160797119 0.1045
Car 1 1 1 382.6898498535156 179.41024780273438 429.0555114746094 208.56900024414062 3.757451295852661 1.5279678106307983 1.6007589101791382 -11.449127197265625 1.9133371114730835 40.5523796081543 -4.729094982147217 0.1045
