Car 1 1 1 543.580322265625 177.35910034179688 632.9463500976562 264.39532470703125 3.7048001289367676 1.5649042129516602 1.6364771127700806 -0.5512359738349915 1.670488953590393 15.063901901245117 -7.908984661102295 0.8210
Car 1 1 1 660.1189575195312 177.6456756591797 743.56884765625 238.8079376220703 3.9967598915100098 1.4992507696151733 1.6211191415786743 2.3881168365478516 1.645570993423462 20.042057037353516 -7.9036946296691895 0.8149
Car 1 1 1 702.091552734375 174.9213104248047 832.9800415039062 266.0484924316406 3.6765222549438477 1.546512246131897 1.6171773672103882 2.884796380996704 1.592281699180603 14.204704284667969 -7.9013590812683105 0.8126
Car 1 1 1 574.9120483398438 173.07147216796875 639.2864990234375 236.1797637939453 4.203604221343994 1.6447890996932983 1.683516502380371 -0.21340669691562653 1.6514486074447632 20.955522537231445 -7.896115779876709 0.6934
Car 1 1 1 641.0866088867188 176.90664672851562 700.376708984375 223.2724609375 3.9374964237213135 1.5058019161224365 1.6118448972702026 2.0448081493377686 1.6615954637527466 25.787193298339844 -7.900142192840576 0.6662
Car 1 1 1 344.2236633300781 180.84165954589844 405.0903015136719 204.0579376220703 3.7940382957458496 1.5379310846328735 1.676732063293457 -16.20951271057129 2.101163148880005 49.74875259399414 -6.45827054977417 0.5391
Car 1 1 1 227.16712951660156 183.80184936523438 292.7868957519531 207.3988800048828 3.585432291030884 1.5114002227783203 1.6911741495132446 -23.371437072753906 2.2582273483276367 48.20732116699219 -6.390974521636963 0.4046
Car 1 1 1 613.0792236328125 174.52735900878906 639.3588256835938 199.55551147460938 3.778693675994873 1.618149757385254 1.633506417274475 1.0990376472473145 1.7356172800064087 48.84476089477539 -7.792182445526123 0.3969
Pedestrian 1 1 1 102.44271850585938 160.33682250976562 138.3063507080078 217.18032836914062 0.8128322958946228 1.8462468385696411 0.6361719965934753 -16.21721649169922 1.4393956661224365 23.843332290649414 -7.859524250030518 0.3477
Car 1 1 1 636.9381713867188 177.63499450683594 674.6615600585938 211.7239990234375 3.5401127338409424 1.4783350229263306 1.5598199367523193 2.0425214767456055 1.7122260332107544 33.5665168762207 -7.84476900100708 0.2926
Pedestrian 1 1 1 393.701904296875 168.15200805664062 412.9451599121094 204.61972045898438 0.7494693994522095 1.8147433996200562 0.6466643810272217 -10.447044372558594 1.5804579257965088 36.346038818359375 -4.475529670715332 0.2834
Pedestrian 1 1 1 328.65325927734375 166.5897674560547 345.5047302246094 199.21957397460938 0.7714872360229492 1.7989120483398438 0.6222591400146484 -15.231101989746094 1.4532592296600342 40.17932891845703 -7.80579137802124 0.2638
Car 1 1 1 534.5597534179688 178.34786987304688 586.8400268554688 223.95701599121094 3.630949020385742 1.5262213945388794 1.5939472913742065 -1.7859513759613037 1.7410216331481934 26.41818618774414 -7.832756519317627 0.2618
Car 1 1 1 638.6173095703125 176.4734344482422 683.091064453125 206.77932739257812 3.910367250442505 1.4824546575546265 1.633870005607605 2.6836936473846436 1.6827740669250488 37.89500427246094 -7.596715450286865 0.2464
Pedestrian 1 1 1 237.1435089111328 182.46461486816406 268.48870849609375 240.21163940429688 0.5632211565971375 1.3870737552642822 0.4709012508392334 -8.821022987365723 1.626846432685852 17.72702407836914 -4.6443400382995605 0.2316
Pedestrian 1 1 1 383.135986328125 167.6973419189453 396.3062438964844 196.6160888671875 0.8018918037414551 1.8518303632736206 0.6725069284439087 -14.267661094665527 1.52131986618042 46.63725280761719 -7.955983638763428 0.2264
Pedestrian 1 1 1 1026.28564453125 136.8231201171875 1104.7652587890625 287.784912109375 0.6972771286964417 1.805392861366272 0.6284338235855103 5.625677108764648 1.374189853668213 9.035649299621582 -4.501940727233887 0.2259
Pedestrian 1 1 1 702.5719604492188 165.04373168945312 723.5233764648438 202.8684844970703 0.8907284736633301 1.8102850914001465 0.6031326055526733 4.968512535095215 1.4361873865127563 35.063148498535156 -3.951526641845703 0.2139
Car 1 1 1 184.31253051757812 187.18923950195312 225.51681518554688 209.84666442871094 3.9899442195892334 1.530814528465271 1.698158621788025 -30.062841415405273 2.638085126876831 53.60448455810547 -4.9625773429870605 0.2123
Car 1 1 1 529.4254760742188 169.73239135742188 560.2393188476562 191.28024291992188 4.265479564666748 1.9117296934127808 1.7153507471084595 -5.965780735015869 1.63447904586792 66.27052307128906 -7.665796756744385 0.2072
Pedestrian 1 1 1 527.530517578125 173.48548889160156 541.5830688476562 198.95718383789062 0.8125286102294922 1.7654556035995483 0.5449293851852417 -5.311224937438965 1.8097624778747559 50.501060485839844 -6.966058254241943 0.2042
Pedestrian 1 1 1 348.22344970703125 178.73202514648438 364.4357604980469 205.38172912597656 0.7732316851615906 1.7082406282424927 0.6434421539306641 -16.54739761352539 2.0947213172912598 46.97517395019531 -7.173637866973877 0.1960
Car 1 1 1 246.8793487548828 177.3535614013672 300.29168701171875 194.4158935546875 4.1527838706970215 1.5104466676712036 1.647533655166626 -30.64341926574707 1.928086519241333 65.77525329589844 -3.3548383712768555 0.1929
Car 1 1 1 334.5027160644531 172.03878784179688 357.9677429199219 191.89671325683594 4.153243541717529 1.7681025266647339 1.6750411987304688 -24.283008575439453 1.695217251777649 66.46687316894531 -8.11666488647461 0.1899
Pedestrian 1 1 1 663.1011352539062 166.3605499267578 674.276123046875 195.03045654296875 0.7344445586204529 1.824949026107788 0.6145572066307068 3.7388875484466553 1.4113157987594604 46.355979919433594 -4.48354959487915 0.1812
Pedestrian 1 1 1 153.82383728027344 162.17779541015625 208.07484436035156 261.08349609375 0.6227824091911316 1.7521623373031616 0.5824053883552551 -7.879361152648926 1.5627284049987793 13.17228889465332 -4.376937389373779 0.1789
Pedestrian 1 1 1 237.57029724121094 179.50949096679688 266.421630859375 231.90786743164062 0.5841308236122131 1.443725824356079 0.48590320348739624 -10.107141494750977 1.6334377527236938 20.28057098388672 -4.592243671417236 0.1776
Car 1 1 1 341.79827880859375 181.8543701171875 364.3112487792969 202.85316467285156 3.856468915939331 1.556532621383667 1.633012056350708 -20.44444465637207 2.2978687286376953 57.36532974243164 -5.050675868988037 0.1773
Car 1 1 1 576.3988647460938 176.27940368652344 630.089111328125 223.51028442382812 3.8580310344696045 1.5431206226348877 1.6320621967315674 -0.21880269050598145 1.6748977899551392 25.84111976623535 -7.786060810089111 0.1759
Pedestrian 1 1 1 0.0 157.9871826171875 41.891029357910156 227.80148315429688 0.8378093838691711 1.8236788511276245 0.632466197013855 -15.869257926940918 1.4350301027297974 19.291868209838867 -4.796408176422119 0.1749
Pedestrian 1 1 1 73.19129180908203 161.72227478027344 111.07901000976562 226.12525939941406 0.7600340247154236 1.7722060680389404 0.5798453688621521 -14.588716506958008 1.4655897617340088 20.272262573242188 -4.8550848960876465 0.1733
Car 1 1 1 54.328125 182.9998779296875 171.11056518554688 230.0650177001953 3.6527099609375 1.4728327989578247 1.5632383823394775 -17.26225471496582 1.852475881576538 25.193559646606445 -4.712703227996826 0.1717
Car 1 1 1 47.059730529785156 185.50254821777344 105.89025115966797 211.10006713867188 3.911933183670044 1.528455138206482 1.6384042501449585 -34.87155532836914 2.3926544189453125 47.2301025390625 -4.926582336425781 0.1701
Car 1 1 1 422.75958251953125 177.55496215820312 446.7164611816406 194.03054809570312 3.7745437622070312 1.4959962368011475 1.547024130821228 -16.637065887451172 1.954803466796875 68.54132843017578 -4.766027927398682 0.1665
Car 1 1 1 484.1795654296875 179.08766174316406 512.3911743164062 205.2615966796875 3.8430168628692627 1.5029820203781128 1.5951809883117676 -6.9493088722229 1.904181718826294 44.43769836425781 -4.897365570068359 0.1662
Car 1 1 1 0.0 0.0 1241.0 374.0 3.7948365211486816 1.533693552017212 1.6365312337875366 3.0226614475250244 1.5544219017028809 0.9342802166938782 -7.859396457672119 0.1652
Car 1 1 1 515.5454711914062 176.50753784179688 540.8566284179688 200.36422729492188 3.9976301193237305 1.6544612646102905 1.6329519748687744 -5.969656944274902 1.931410312652588 52.7094612121582 -7.9145588874816895 0.1624
Pedestrian 1 1 1 480.6313781738281 172.2176513671875 494.0628356933594 198.4084014892578 0.6789063811302185 1.7825191020965576 0.6298382878303528 -8.453631401062012 1.738909125328064 49.551876068115234 -7.38861608505249 0.1572
Pedestrian 1 1 1 251.5579833984375 171.81930541992188 264.5235595703125 196.00082397460938 0.8047544360160828 1.8503658771514893 0.5799077153205872 -27.160484313964844 1.7708908319473267 55.629940032958984 -7.798065662384033 0.1563
Pedestrian 1 1 1 453.4365234375 174.56187438964844 465.0347900390625 195.1719970703125 0.9086359143257141 1.8060753345489502 0.5399855375289917 -13.340500831604004 1.9576516151428223 63.73223114013672 -6.703583240509033 0.1552
Car 1 1 1 670.803466796875 176.7904510498047 709.1224365234375 212.02603149414062 3.833911657333374 1.4979459047317505 1.648122787475586 3.6505074501037598 1.689300298690796 33.12578582763672 -7.730541706085205 0.1550
Pedestrian 1 1 1 119.78304290771484 162.1708984375 180.09555053710938 276.6514892578125 0.5577519536018372 1.7312182188034058 0.5748431086540222 -7.233078479766846 1.5693644285202026 11.268481254577637 -4.381531238555908 0.1525
Car 1 1 1 366.5820617675781 181.28016662597656 390.0414733886719 202.90573120117188 4.034919738769531 1.5831314325332642 1.652744174003601 -18.192228317260742 2.2700576782226562 56.679325103759766 -4.997086524963379 0.1504
Pedestrian 1 1 1 205.5614471435547 178.27001953125 229.37571716308594 230.77859497070312 0.8330665826797485 1.7335290908813477 0.638448178768158 -13.35275936126709 1.9207059144973755 24.452579498291016 -8.439652442932129 0.1498
Car 1 1 1 359.4562683105469 182.7606964111328 392.6424865722656 212.31246948242188 3.963343620300293 1.49798583984375 1.623016595840454 -13.0006103515625 2.0779027938842773 40.130592346191406 -4.991565227508545 0.1497
Pedestrian 1 1 1 135.20761108398438 167.50146484375 167.9390411376953 234.55589294433594 0.7589006423950195 1.753686547279358 0.5795114040374756 -12.317225456237793 1.6134006977081299 19.323514938354492 -5.043297290802002 0.1495
Car 1 1 1 313.77008056640625 175.3461456298828 335.8210144042969 192.9950714111328 3.8090875148773193 1.6169730424880981 1.615887999534607 -27.160526275634766 1.8611987829208374 68.74169158935547 -8.13921070098877 0.1485
Car 1 1 1 185.10223388671875 184.65003967285156 245.3164825439453 203.77780151367188 3.988311767578125 1.482487678527832 1.587707281112671 -31.983081817626953 2.457279682159424 58.49321365356445 -6.470361232757568 0.1483
Pedestrian 1 1 1 236.2442169189453 172.29669189453125 267.6644592285156 236.37489318847656 0.5556180477142334 1.6022582054138184 0.5173051357269287 -9.138019561767578 1.588023066520691 18.32429313659668 -7.8359150886535645 0.1473
Car 1 1 1 106.50419616699219 183.19537353515625 145.4646759033203 205.0347137451172 4.002228736877441 1.534178614616394 1.6134281158447266 -36.789371490478516 2.351463794708252 54.887229919433594 -5.078891754150391 0.1464
Car 1 1 1 0.0 188.19076538085938 0.0 374.0 3.9043350219726562 1.5424917936325073 1.6384594440460205 -5.047240257263184 1.6281524896621704 2.0622501373291016 -7.8919758796691895 0.1459
Car 1 1 1 161.8375701904297 184.74774169921875 202.505615234375 207.02059936523438 4.002813339233398 1.5288125276565552 1.6792436838150024 -31.979095458984375 2.4539666175842285 53.98638916015625 -4.996953010559082 0.1457
Car 1 1 1 452.0713195800781 172.1322784423828 483.57952880859375 200.30152893066406 4.18286657333374 1.8065065145492554 1.7278072834014893 -9.531050682067871 1.7599220275878906 48.44564437866211 -4.821557521820068 0.1438
Car 1 1 1 586.173828125 177.0829620361328 630.6174926757812 207.71929931640625 3.801913022994995 1.5007356405258179 1.63918936252594 -0.17591311037540436 1.7345856428146362 37.92680740356445 -8.048053741455078 0.1435
Pedestrian 1 1 1 388.8028259277344 176.40415954589844 401.4178466796875 204.44778442382812 0.8315791487693787 1.7490589618682861 0.6373449563980103 -13.630449295043945 1.9758710861206055 45.64511489868164 -8.307439804077148 0.1433
Car 1 1 1 234.72799682617188 183.59866333007812 291.00103759765625 213.17376708984375 3.8942737579345703 1.5201109647750854 1.6254456043243408 -19.47820281982422 2.154057025909424 40.572330474853516 -4.813575267791748 0.1421
Car 1 1 1 577.1363525390625 178.36302185058594 604.5302734375 204.97056579589844 3.767991304397583 1.5017507076263428 1.5760711431503296 -1.1760060787200928 1.8473843336105347 43.40935134887695 -7.873310565948486 0.1413
Pedestrian 1 1 1 133.7510528564453 164.87564086914062 162.18130493164062 218.62966918945312 0.8075281977653503 1.809929609298706 0.602545976638794 -15.893796920776367 1.5409934520721436 24.761533737182617 -8.110194206237793 0.1400
Car 1 1 1 186.9195098876953 173.9785614013672 225.2283477783203 194.88682556152344 4.240144729614258 1.8527727127075195 1.7141973972320557 -37.137229919433594 1.959439992904663 66.40567779541016 -8.010019302368164 0.1399
Pedestrian 1 1 1 811.2874755859375 159.01988220214844 845.4716186523438 231.22608947753906 0.712419331073761 1.727616310119629 0.593241274356842 5.316263675689697 1.3963193893432617 17.726680755615234 -7.204945087432861 0.1396
Car 1 1 1 0.0 175.21632385253906 80.0086898803711 228.61441040039062 3.757408857345581 1.5203391313552856 1.6412591934204102 -18.837703704833984 1.6001625061035156 22.591209411621094 -4.715547561645508 0.1386
Car 1 1 1 357.4617614746094 170.61767578125 384.2110290527344 192.5186309814453 4.268593788146973 1.985793113708496 1.7075070142745972 -22.407363891601562 1.782720923423767 67.6636734008789 -8.009498596191406 0.1380
Pedestrian 1 1 1 1179.1671142578125 138.2760772705078 1241.0 285.72637939453125 0.5828439593315125 1.7684462070465088 0.620306134223938 7.564208030700684 1.3534356355667114 9.004220008850098 -7.640761852264404 0.1369
Pedestrian 1 1 1 71.65178680419922 176.62953186035156 84.26702880859375 201.91453552246094 0.6791388392448425 1.8165925741195679 0.6628562211990356 -38.70889663696289 2.093250274658203 52.45474624633789 -8.607208251953125 0.1351
Car 1 1 1 709.6087036132812 166.65655517578125 799.1978759765625 198.8684844970703 4.10062837600708 1.5615594387054443 1.6473751068115234 7.195666313171387 1.26082181930542 36.25543212890625 -6.517362117767334 0.1347
Cyclist 1 1 1 774.1832275390625 162.1177215576172 810.7604370117188 221.64552307128906 1.7257988452911377 1.6827526092529297 0.5053576827049255 5.310739040374756 1.3789560794830322 21.278337478637695 -7.9413533210754395 0.1342
Car 1 1 1 0.0 0.0 1241.0 374.0 3.8576154708862305 1.5302882194519043 1.6329725980758667 4.928402900695801 1.5345929861068726 0.9922292828559875 -7.913278102874756 0.1338
Car 1 1 1 0.0 186.00877380371094 16.1530704498291 293.1145935058594 3.8926215171813965 1.5240296125411987 1.60112464427948 -12.744603157043457 1.7952005863189697 12.831375122070312 -4.893687725067139 0.1327
Car 1 1 1 551.9486694335938 178.51600646972656 601.0966186523438 216.3702392578125 3.883953094482422 1.5165619850158691 1.6005785465240479 -1.4422706365585327 1.7793947458267212 31.52058982849121 -7.754787921905518 0.1316
Car 1 1 1 540.9821166992188 174.9110565185547 570.434326171875 195.23069763183594 3.9760379791259766 1.6920160055160522 1.6355589628219604 -4.697420120239258 1.8761777877807617 62.60471725463867 -4.542685031890869 0.1314
Car 1 1 1 277.382568359375 182.58517456054688 314.8334045410156 208.66268920898438 3.977800130844116 1.5389620065689087 1.6609712839126587 -20.12691879272461 2.192131996154785 46.315025329589844 -4.980841159820557 0.1314
Car 1 1 1 0.0 0.0 1233.551513671875 374.0 3.82108211517334 1.5421682596206665 1.614309310913086 1.4005656242370605 1.5700993537902832 0.6766452789306641 -7.866453647613525 0.1311
Pedestrian 1 1 1 168.9072265625 171.3001251220703 202.03964233398438 224.40802001953125 0.7725721001625061 1.7422906160354614 0.570915162563324 -14.250129699707031 1.691013216972351 24.147192001342773 -4.210397243499756 0.1299
Pedestrian 1 1 1 94.91255950927734 165.95648193359375 129.3656005859375 225.72991943359375 0.7124189734458923 1.7524574995040894 0.596157431602478 -14.910078048706055 1.5499335527420044 21.55153465270996 -4.8644700050354 0.1296
Pedestrian 1 1 1 0.0 161.1407928466797 36.60884475708008 237.29403686523438 0.7432510256767273 1.818957805633545 0.5984682440757751 -14.612491607666016 1.5388823747634888 17.68996238708496 -5.089329242706299 0.1289
Pedestrian 1 1 1 378.7245788574219 172.13839721679688 389.3883056640625 194.16285705566406 0.7907167673110962 1.8140766620635986 0.5967172384262085 -18.763134002685547 1.7548346519470215 59.84598159790039 -7.783176898956299 0.1285
Pedestrian 1 1 1 232.0978240966797 175.8964385986328 261.3918762207031 229.187255859375 0.6535906195640564 1.5403223037719727 0.5038174986839294 -10.736797332763672 1.6310482025146484 21.24120330810547 -4.630601406097412 0.1268
Car 1 1 1 82.85954284667969 185.7822723388672 127.32300567626953 207.2655029296875 4.011026859283447 1.5243637561798096 1.6623626947402954 -39.11900329589844 2.5654075145721436 55.957969665527344 -5.006689548492432 0.1268
Car 1 1 1 0.0 0.0 1241.0 374.0 3.8528265953063965 1.5521222352981567 1.6473196744918823 -2.4456095695495605 1.61642587184906 0.8755243420600891 -7.885481357574463 0.1268
Pedestrian 1 1 1 874.8782958984375 154.38780212402344 917.9321899414062 249.1066436767578 0.6660016775131226 1.720246434211731 0.5322144031524658 5.317412853240967 1.3845707178115845 13.528176307678223 -7.074201583862305 0.1267
Pedestrian 1 1 1 690.8195190429688 165.5027313232422 704.5128173828125 198.93814086914062 0.8378437161445618 1.7786670923233032 0.5949044823646545 4.687386989593506 1.3873010873794556 38.87141418457031 -4.415097236633301 0.1259
Pedestrian 1 1 1 204.25404357910156 172.8051300048828 239.61068725585938 237.56906127929688 0.596943736076355 1.5918325185775757 0.5514382719993591 -9.749184608459473 1.5903313159942627 18.044692993164062 -4.669494152069092 0.1248
Car 1 1 1 247.8314208984375 173.5443572998047 293.38922119140625 194.78469848632812 3.972809314727783 1.6418538093566895 1.6960104703903198 -27.206832885742188 1.6988898515701294 57.91591262817383 -7.823700428009033 0.1245
Pedestrian 1 1 1 95.43937683105469 161.49526977539062 124.76336669921875 233.2042236328125 0.7516461610794067 1.8088759183883667 0.5892916917800903 -12.9801664352417 1.5220491886138916 18.67581558227539 -5.270707130432129 0.1242
Car 1 1 1 2.8456919193267822 175.6293182373047 118.91555786132812 231.5352783203125 3.691873550415039 1.4998157024383545 1.5869868993759155 -16.29115104675293 1.590101957321167 21.55316734313965 -5.01146125793457 0.1239
Car 1 1 1 209.9199676513672 182.35008239746094 280.0619201660156 233.16873168945312 3.856849431991577 1.4917933940887451 1.6053436994552612 -12.110417366027832 1.83540940284729 24.04599952697754 -5.051738262176514 0.1228
Car 1 1 1 508.3736877441406 178.37918090820312 548.2310791015625 205.3795928955078 3.9622538089752197 1.5525307655334473 1.6263612508773804 -5.008420467376709 1.9078329801559448 44.38394546508789 -4.608937740325928 0.1220
Car 1 1 1 392.84954833984375 178.52764892578125 427.75775146484375 195.3989715576172 3.973198413848877 1.4816174507141113 1.6236772537231445 -18.480749130249023 2.023458242416382 66.85760498046875 -7.698277950286865 0.1215
Pedestrian 1 1 1 1075.5289306640625 140.68280029296875 1158.9039306640625 289.1980895996094 0.6813353896141052 1.774530053138733 0.6315202713012695 6.2595624923706055 1.3898335695266724 9.017688751220703 -4.513162612915039 0.1206
Car 1 1 1 71.61079406738281 184.75335693359375 138.7726593017578 209.65786743164062 3.9355578422546387 1.4951913356781006 1.618313193321228 -32.95027542114258 2.3055179119110107 47.17961883544922 -4.7044172286987305 0.1200
Car 1 1 1 313.19403076171875 180.255615234375 339.9515075683594 200.32737731933594 3.888989210128784 1.5998362302780151 1.6362546682357788 -24.000593185424805 2.2480618953704834 61.13499450683594 -8.102127075195312 0.1198
Pedestrian 1 1 1 189.13864135742188 172.9933624267578 226.00009155273438 244.3017120361328 0.5499114990234375 1.6870390176773071 0.5499367117881775 -9.751253128051758 1.690163493156433 17.400590896606445 -4.489660739898682 0.1194
Pedestrian 1 1 1 739.8018188476562 162.40701293945312 760.5397338867188 211.4884796142578 0.74434494972229 1.7404780387878418 0.6247797012329102 5.016580104827881 1.3697172403335571 26.043394088745117 -7.502600193023682 0.1188
Car 1 1 1 212.25790405273438 173.8704071044922 249.07217407226562 194.18470764160156 4.134301662445068 1.8043937683105469 1.6834810972213745 -34.90982437133789 1.9007654190063477 66.46619415283203 -7.986500263214111 0.1186
Car 1 1 1 412.7680358886719 180.77777099609375 437.53729248046875 202.18373107910156 4.101531505584717 1.5108487606048584 1.617340326309204 -14.005973815917969 2.1351380348205566 54.704444885253906 -8.054417610168457 0.1173
Pedestrian 1 1 1 59.8722038269043 161.4596405029297 91.51466369628906 234.75025939941406 0.7529305219650269 1.8168638944625854 0.5709230303764343 -13.633502960205078 1.5340992212295532 18.356019973754883 -5.24377965927124 0.1170
Pedestrian 1 1 1 193.67630004882812 168.85255432128906 241.3259735107422 261.3976135253906 0.5421295762062073 1.6479594707489014 0.5414749979972839 -7.225115776062012 1.5764055252075195 13.192809104919434 -4.381533145904541 0.1166
Car 1 1 1 552.7186889648438 177.96824645996094 586.6060180664062 209.2452850341797 3.8441314697265625 1.504399299621582 1.6255401372909546 -2.0779919624328613 1.7820937633514404 37.28022766113281 -4.7354912757873535 0.1160
Car 1 1 1 307.84716796875 181.0244598388672 355.45721435546875 206.71836853027344 3.8705341815948486 1.5362788438796997 1.6659471988677979 -17.84870147705078 2.0829906463623047 46.34749221801758 -4.742464065551758 0.1150
Cyclist 1 1 1 794.1054077148438 159.8197479248047 834.427001953125 226.02236938476562 1.6866439580917358 1.6672489643096924 0.4947258532047272 5.3130669593811035 1.3386939764022827 19.027751922607422 -7.913384914398193 0.1146
Pedestrian 1 1 1 518.0400390625 169.97410583496094 531.6693725585938 197.89517211914062 0.7479271292686462 1.8119784593582153 0.6251236200332642 -5.6102399826049805 1.6247828006744385 47.28034591674805 -7.523848056793213 0.1141
Pedestrian 1 1 1 141.5320281982422 167.19610595703125 168.86740112304688 221.34194946289062 0.7887632250785828 1.776782512664795 0.5800250768661499 -15.25279712677002 1.5908203125 24.137042999267578 -8.13866901397705 0.1131
Car 1 1 1 846.3358764648438 173.84410095214844 951.4702758789062 225.08721923828125 3.795419454574585 1.502102255821228 1.5931183099746704 9.103087425231934 1.5363082885742188 23.186281204223633 -4.799677848815918 0.1124
Car 1 1 1 1241.0 166.2609100341797 1241.0 345.7286071777344 4.069855213165283 1.5213497877120972 1.6242235898971558 9.012734413146973 1.4651601314544678 7.033388137817383 -6.335247039794922 0.1116
Car 1 1 1 463.1905517578125 178.6472625732422 514.532470703125 197.6516571044922 4.206996917724609 1.5480215549468994 1.5749115943908691 -10.22485637664795 2.044490098953247 60.68437576293945 -6.481825351715088 0.1113
Cyclist 1 1 1 0.0 0.0 1241.0 374.0 1.8643368482589722 1.6653285026550293 0.5168893933296204 6.903153419494629 1.314789056777954 -0.2878483533859253 -8.034585952758789 0.1108
Pedestrian 1 1 1 1150.7003173828125 153.18350219726562 1231.540771484375 297.2350158691406 0.5499535799026489 1.6697386503219604 0.5767653584480286 6.928657531738281 1.4414328336715698 8.69660472869873 -4.484251499176025 0.1097
Pedestrian 1 1 1 261.5528259277344 173.0977325439453 291.3575439453125 236.68728637695312 0.5322031378746033 1.5912754535675049 0.5150514841079712 -8.517524719238281 1.597257375717163 18.327213287353516 -4.724760055541992 0.1093
Pedestrian 1 1 1 123.76261901855469 169.03871154785156 176.48341369628906 263.19586181640625 0.5975160598754883 1.6777318716049194 0.5568934082984924 -8.455717086791992 1.6094496250152588 13.196290016174316 -4.550954341888428 0.1086
Car 1 1 1 265.88885498046875 177.0549774169922 296.3659973144531 197.19931030273438 3.9273316860198975 1.644174337387085 1.6597986221313477 -28.18076515197754 2.0163509845733643 61.871803283691406 -8.0891752243042 0.1078
Car 1 1 1 109.18828582763672 0.0 1241.0 374.0 3.836928606033325 1.5611430406570435 1.6548537015914917 -0.2287495881319046 1.5840768814086914 0.9035729765892029 -7.871189594268799 0.1072
Car 1 1 1 602.1614990234375 177.7979278564453 637.8994140625 213.62542724609375 3.542877435684204 1.5228567123413086 1.544859766960144 0.4459690451622009 1.7606924772262573 32.95955276489258 -7.82229471206665 0.1070
Car 1 1 1 315.7984619140625 185.06698608398438 351.2652893066406 208.14993286132812 3.672799825668335 1.4980303049087524 1.67138671875 -19.46629524230957 2.39147686958313 50.84806823730469 -4.8879265785217285 0.1069
Car 1 1 1 1241.0 173.04437255859375 1241.0 374.0 4.083763122558594 1.4950834512710571 1.609500765800476 6.306822776794434 1.496050477027893 3.813182830810547 -6.374899387359619 0.1068
Car 1 1 1 129.71249389648438 184.6472625732422 173.77040100097656 208.6339569091797 3.993326425552368 1.5174853801727295 1.6578205823898315 -31.673006057739258 2.3684093952178955 49.923587799072266 -5.033639907836914 0.1066
Car 1 1 1 686.7188720703125 176.4391632080078 746.1297607421875 219.32432556152344 3.971500873565674 1.5087120532989502 1.6392616033554077 3.9614479541778564 1.656049370765686 27.71547508239746 -7.8686909675598145 0.1064
Car 1 1 1 0.0 187.49424743652344 55.989131927490234 213.91983032226562 3.984710693359375 1.5345937013626099 1.6471027135849 -37.025028228759766 2.4663171768188477 44.63675308227539 -3.3955001831054688 0.1062
Pedestrian 1 1 1 388.2356872558594 171.2303924560547 400.6401672363281 199.21250915527344 0.8459880948066711 1.8275723457336426 0.6597704291343689 -14.246251106262207 1.72123122215271 47.58810806274414 -7.9866156578063965 0.1061
Car 1 1 1 582.1245727539062 175.2829132080078 616.95263671875 199.69625854492188 4.0082621574401855 1.5504871606826782 1.6443862915039062 -0.7776124477386475 1.7201765775680542 48.372493743896484 -8.0476655960083 0.1059
Pedestrian 1 1 1 746.2169799804688 162.9533233642578 765.3512573242188 213.52391052246094 0.7173709273338318 1.7306690216064453 0.6165103316307068 5.0179123878479 1.3915398120880127 25.093563079833984 -7.704905033111572 0.1058
Car 1 1 1 467.5981750488281 171.77828979492188 490.04730224609375 196.86131286621094 4.22507381439209 1.9129644632339478 1.6895850896835327 -10.455316543579102 1.8306246995925903 57.26180648803711 -8.042662620544434 0.1055
Pedestrian 1 1 1 373.10162353515625 177.80520629882812 391.5340576171875 211.46746826171875 0.7267801761627197 1.741676688194275 0.6651448011398315 -12.018834114074707 2.0052356719970703 37.96390914916992 -6.978142261505127 0.1050
Pedestrian 1 1 1 211.60299682617188 178.1481475830078 241.57423400878906 229.9873809814453 0.6585758328437805 1.4978801012039185 0.5112404823303223 -11.341753959655762 1.6561263799667358 21.26358985900879 -4.6500372886657715 0.1031
Car 1 1 1 432.3131408691406 180.14056396484375 459.5325012207031 206.8131866455078 3.6555123329162598 1.5335408449172974 1.5716431140899658 -10.131769180297852 2.002383232116699 44.50371170043945 -4.924620151519775 0.1029
Car 1 1 1 603.2904663085938 177.59439086914062 633.3031005859375 203.25656127929688 3.7632994651794434 1.485231876373291 1.5819741487503052 0.43735966086387634 1.7892566919326782 44.39644241333008 -7.913310527801514 0.1024
Pedestrian 1 1 1 0.0 162.73611450195312 46.669803619384766 256.39801025390625 0.7450910210609436 1.7858953475952148 0.585452675819397 -11.728662490844727 1.5926729440689087 14.1846284866333 -4.495894908905029 0.1019
Car 1 1 1 0.0 182.3611297607422 3.0142006874084473 255.08206176757812 3.7590341567993164 1.4743388891220093 1.5896480083465576 -16.602277755737305 1.7259844541549683 17.134553909301758 -4.881954669952393 0.1018
Pedestrian 1 1 1 55.630226135253906 164.4779052734375 83.74456787109375 233.72703552246094 0.7718107104301453 1.778041958808899 0.569897472858429 -14.28504467010498 1.5626773834228516 19.005605697631836 -5.38494873046875 0.1018
Car 1 1 1 487.84344482421875 178.1305389404297 511.8232116699219 201.25633239746094 3.850774049758911 1.5626791715621948 1.6031315326690674 -7.888620376586914 1.9550518989562988 51.685020446777344 -4.838489055633545 0.1017
Pedestrian 1 1 1 338.3759460449219 167.7030029296875 354.0520935058594 200.59056091308594 0.7646002173423767 1.8009977340698242 0.6134021282196045 -14.623723030090332 1.5186176300048828 39.90886306762695 -7.899285793304443 0.1015
Pedestrian 1 1 1 86.96697998046875 160.73526000976562 128.06106567382812 239.75274658203125 0.7203922867774963 1.7881983518600464 0.5549961924552917 -11.699625968933105 1.5136463642120361 16.742237091064453 -4.940098285675049 0.1015
Car 1 1 1 257.1322021484375 175.30606079101562 287.8160400390625 194.2476043701172 4.01286506652832 1.7269912958145142 1.6592273712158203 -31.99807357788086 1.9665367603302002 68.45597839355469 -8.030327796936035 0.1012
