Car 1 1 1 804.7886352539062 176.8565673828125 1241.0 374.0 4.100830554962158 1.5266261100769043 1.6334679126739502 2.9633140563964844 1.5702403783798218 5.833497047424316 -7.895961284637451 0.8354
Car 1 1 1 747.8758544921875 177.89768981933594 905.9912719726562 285.9220886230469 3.677888870239258 1.4773619174957275 1.598134160041809 3.3200454711914062 1.573290228843689 11.90396785736084 -7.823840618133545 0.8227
Car 1 1 1 459.9239501953125 177.9967803955078 503.6590270996094 211.48287963867188 4.2641401290893555 1.5767062902450562 1.6610147953033447 -6.514286041259766 1.8542075157165527 36.80780792236328 -7.899963855743408 0.8218
Car 1 1 1 396.42303466796875 174.2451171875 448.7605285644531 211.1683807373047 4.228292942047119 1.7669122219085693 1.631360650062561 -9.524542808532715 1.8416887521743774 36.81438446044922 -7.8687872886657715 0.8048
Car 1 1 1 723.2054443359375 174.61936950683594 772.5585327148438 205.6503143310547 4.13204288482666 1.535775899887085 1.6622081995010376 7.1619462966918945 1.6336930990219116 38.0458869934082 -7.8932976722717285 0.7236
Car 1 1 1 790.0352172851562 169.06825256347656 882.0065307617188 246.1361083984375 4.0641045570373535 1.6505464315414429 1.690989375114441 5.327013969421387 1.569167971611023 17.608341217041016 -7.663635730743408 0.6826
Car 1 1 1 549.2588500976562 175.6606903076172 577.366455078125 202.245361328125 3.878340005874634 1.5075812339782715 1.608685851097107 -2.8166775703430176 1.6834688186645508 43.31463623046875 -7.907236576080322 0.5872
Car 1 1 1 839.5572509765625 173.91110229492188 992.609375 230.1561737060547 3.962184429168701 1.5213115215301514 1.6299692392349243 8.8046236038208 1.553650975227356 20.922754287719727 -6.578153133392334 0.5733
Car 1 1 1 0.0 185.33218383789062 91.515380859375 374.0 3.796386480331421 1.5214775800704956 1.5930002927780151 -7.3250932693481445 1.6769667863845825 7.109599590301514 -4.713082313537598 0.3937
Car 1 1 1 632.41845703125 171.55389404296875 660.626708984375 193.6857147216797 3.863083600997925 1.6070810556411743 1.674232840538025 2.686981678009033 1.512373924255371 54.37797164916992 -7.922372341156006 0.3758
Car 1 1 1 0.0 0.0 1241.0 374.0 3.7056891918182373 1.5389063358306885 1.596998691558838 2.332052707672119 1.5503414869308472 0.6773032546043396 -7.854427814483643 0.2746
Car 1 1 1 347.1324768066406 183.4568328857422 409.97674560546875 215.70986938476562 3.777052164077759 1.5025150775909424 1.628557562828064 -11.793498992919922 2.0732178688049316 36.8840446472168 -4.59052848815918 0.2686
Car 1 1 1 1034.08544921875 178.6516876220703 1241.0 264.0390625 4.0016326904296875 1.5153474807739258 1.6255896091461182 10.775627136230469 1.6525845527648926 15.097951889038086 -7.831148624420166 0.2322
Cyclist 1 1 1 954.3283081054688 163.7350311279297 1001.25830078125 205.62168884277344 1.7317615747451782 1.7490793466567993 0.6279534101486206 15.534839630126953 1.367994785308838 30.572917938232422 -6.437521457672119 0.2313
Cyclist 1 1 1 352.49114990234375 179.0263671875 389.09381103515625 213.30238342285156 1.7809749841690063 1.8392950296401978 0.6508730053901672 -13.05431842803955 2.178537130355835 39.27946090698242 -3.0420753955841064 0.2297
Car 1 1 1 800.2848510742188 167.77423095703125 870.8685913085938 203.52288818359375 3.7124507427215576 1.4736261367797852 1.6320768594741821 9.772196769714355 1.2639286518096924 31.6710262298584 -4.811558723449707 0.2196
Pedestrian 1 1 1 806.219970703125 163.47274780273438 819.1969604492188 194.10357666015625 0.7436048984527588 1.8100892305374146 0.6305359601974487 12.077105522155762 1.2554160356521606 43.109405517578125 -7.411026477813721 0.2146
Car 1 1 1 601.0946044921875 173.2539520263672 641.1004638671875 206.53488159179688 3.9644179344177246 1.5975127220153809 1.6598976850509644 0.4722171425819397 1.61870276927948 36.72639846801758 -7.934993267059326 0.2118
Car 1 1 1 0.0 148.65138244628906 336.9585876464844 374.0 4.015054225921631 1.6682401895523071 1.6717127561569214 -3.742659568786621 1.537449598312378 5.968363285064697 -4.807953834533691 0.2033
Pedestrian 1 1 1 937.1439819335938 155.62832641601562 983.3211669921875 240.10885620117188 0.7403613328933716 1.7207261323928833 0.5720034241676331 7.293982028961182 1.369568109512329 15.138311386108398 -3.7196812629699707 0.2008
Pedestrian 1 1 1 1044.958251953125 152.1413116455078 1098.1240234375 260.194091796875 0.5842866897583008 1.73293137550354 0.5826320648193359 7.56015682220459 1.4004449844360352 11.925113677978516 -7.6130290031433105 0.1983
Pedestrian 1 1 1 5.3818511962890625 160.78367614746094 64.6833724975586 255.38523864746094 0.6637282371520996 1.762816309928894 0.597946047782898 -11.073189735412598 1.5375967025756836 13.841269493103027 -4.4597859382629395 0.1900
Pedestrian 1 1 1 715.3425903320312 168.61268615722656 727.2730712890625 190.79330444335938 0.8747105598449707 1.8246082067489624 0.5537577271461487 9.208621978759766 1.4754111766815186 59.854671478271484 -3.886394500732422 0.1794
Car 1 1 1 636.3928833007812 177.40017700195312 699.4487915039062 200.71742248535156 3.9089033603668213 1.497332215309143 1.6128309965133667 3.7821590900421143 1.8050180673599243 47.81562042236328 -3.2786829471588135 0.1792
Pedestrian 1 1 1 1103.646484375 137.04742431640625 1182.278076171875 291.4275207519531 0.6998235583305359 1.7655507326126099 0.5587025284767151 6.351909637451172 1.3557528257369995 8.679020881652832 -3.734828472137451 0.1759
Car 1 1 1 672.1182861328125 170.30923461914062 696.5816040039062 190.5575408935547 3.8154475688934326 1.738700032234192 1.7149122953414917 6.526992321014404 1.5198835134506226 63.87830352783203 -4.727675914764404 0.1740
Cyclist 1 1 1 943.10107421875 159.32003784179688 1009.7755737304688 241.39569091796875 1.781927466392517 1.6910457611083984 0.5345234274864197 7.910214900970459 1.4118989706039429 15.759916305541992 -4.722860813140869 0.1732
Car 1 1 1 772.3945922851562 175.42889404296875 818.9138793945312 205.82318115234375 3.9972870349884033 1.5106201171875 1.624498963356018 9.735943794250488 1.6540743112564087 38.24454116821289 -7.801938533782959 0.1732
Car 1 1 1 0.0 173.40475463867188 64.2869873046875 253.37295532226562 3.5047295093536377 1.5429179668426514 1.6312589645385742 -14.03451919555664 1.55599844455719 15.737857818603516 -4.763469696044922 0.1713
Car 1 1 1 338.0328369140625 183.70123291015625 417.17626953125 211.4097137451172 3.9270145893096924 1.4973151683807373 1.573440670967102 -13.02807903289795 2.117673635482788 40.46056365966797 -6.263893127441406 0.1710
Car 1 1 1 0.0 187.6580352783203 294.2070007324219 354.4973449707031 3.829162836074829 1.483176827430725 1.632664680480957 -5.6589202880859375 1.7027477025985718 8.740656852722168 -4.62937068939209 0.1690
Car 1 1 1 58.50022506713867 184.59768676757812 279.9347839355469 289.2274475097656 4.089539527893066 1.4996756315231323 1.621177315711975 -7.610494613647461 1.7431087493896484 12.892264366149902 -4.762486934661865 0.1670
Pedestrian 1 1 1 501.58984375 171.2959747314453 515.9968872070312 201.840087890625 0.7002949118614197 1.7668274641036987 0.645168125629425 -5.944404602050781 1.6764034032821655 42.140357971191406 -7.671375751495361 0.1658
Pedestrian 1 1 1 0.0 153.9835662841797 34.45241928100586 250.23414611816406 0.6966183185577393 1.7911291122436523 0.5934052467346191 -11.680021286010742 1.439668893814087 13.845115661621094 -4.425643444061279 0.1657
Pedestrian 1 1 1 607.2064208984375 166.14109802246094 620.5827026367188 195.80747985839844 0.7838873863220215 1.8447693586349487 0.6156991124153137 0.21271483600139618 1.4270354509353638 45.34074020385742 -7.510467052459717 0.1642
Car 1 1 1 0.0 0.0 1241.0 374.0 3.8308370113372803 1.5304216146469116 1.6490195989608765 -3.4151058197021484 1.59996497631073 0.9029393792152405 -7.8621697425842285 0.1635
Pedestrian 1 1 1 1188.148681640625 137.31161499023438 1241.0 246.76722717285156 0.7571514844894409 1.753298282623291 0.5951335430145264 10.114972114562988 1.1836680173873901 11.954170227050781 -4.650235176086426 0.1630
Pedestrian 1 1 1 502.4398498535156 167.57586669921875 517.0266723632812 196.13204956054688 0.841306209564209 1.8377752304077148 0.6024113893508911 -6.553315162658691 1.4977928400039673 46.93803787231445 -7.473428249359131 0.1616
Car 1 1 1 781.533203125 176.43336486816406 863.2554931640625 220.1925811767578 3.941559314727783 1.4967113733291626 1.5919750928878784 7.809299468994141 1.6406885385513306 27.047910690307617 -4.804866313934326 0.1611
Pedestrian 1 1 1 519.4390869140625 170.52056884765625 532.4888305664062 201.24996948242188 0.7254723906517029 1.7765154838562012 0.6415802240371704 -4.935904502868652 1.641316294670105 42.093570709228516 -7.79738187789917 0.1607
Pedestrian 1 1 1 1011.6848754882812 156.49655151367188 1059.160888671875 263.53485107421875 0.5345463156700134 1.7199981212615967 0.5392988324165344 6.960036277770996 1.4568501710891724 11.915578842163086 -7.626545429229736 0.1590
Pedestrian 1 1 1 979.23095703125 168.1324462890625 1002.3514404296875 207.85989379882812 0.7506794333457947 1.7802138328552246 0.6220138072967529 17.260311126708984 1.5683380365371704 32.787967681884766 -3.6556949615478516 0.1588
Pedestrian 1 1 1 444.9842834472656 173.0532684326172 461.3360290527344 204.52581787109375 0.711582601070404 1.8041503429412842 0.6183342933654785 -9.130353927612305 1.8155336380004883 41.83620071411133 -7.026885509490967 0.1560
Car 1 1 1 711.35888671875 169.0264434814453 744.211181640625 191.50286865234375 4.394890785217285 1.9928607940673828 1.7691764831542969 10.749629020690918 1.6531919240951538 66.27102661132812 -7.988511562347412 0.1555
Pedestrian 1 1 1 129.3876953125 168.10586547851562 178.42247009277344 259.3758239746094 0.5697461366653442 1.70567786693573 0.5585769414901733 -8.796642303466797 1.6166435480117798 13.8411865234375 -4.400153636932373 0.1554
Car 1 1 1 0.0 0.0 1241.0 374.0 3.785494327545166 1.557417869567871 1.6230417490005493 4.2325520515441895 1.5045795440673828 0.6885495781898499 -7.9865803718566895 0.1542
Pedestrian 1 1 1 779.252197265625 164.3994598388672 792.2603759765625 195.74661254882812 0.7110990881919861 1.7988182306289673 0.6619787216186523 10.142062187194824 1.3133646249771118 41.8016242980957 -4.576695919036865 0.1539
Pedestrian 1 1 1 971.412353515625 166.4400634765625 980.7949829101562 193.23765563964844 0.7908257842063904 1.7875486612319946 0.536053478717804 24.62486457824707 1.3594034910202026 48.60213088989258 -7.419044017791748 0.1535
Car 1 1 1 962.2329711914062 179.36936950683594 1122.313232421875 259.5347595214844 3.9315381050109863 1.4823400974273682 1.6357908248901367 9.151546478271484 1.6428990364074707 15.74612808227539 -7.699899196624756 0.1519
Pedestrian 1 1 1 976.0157470703125 160.6756591796875 1008.4959716796875 229.50149536132812 0.7567227482795715 1.6789337396621704 0.5752700567245483 9.498547554016113 1.3815561532974243 18.04463768005371 -7.571842670440674 0.1503
Pedestrian 1 1 1 761.2576904296875 163.00531005859375 773.4772338867188 193.2483367919922 0.7335724830627441 1.8159703016281128 0.6194897890090942 9.49467658996582 1.224297046661377 43.71117401123047 -7.790267467498779 0.1502
Car 1 1 1 183.0950164794922 182.23300170898438 329.1995849609375 230.46640014648438 4.138396263122559 1.5146559476852417 1.6289232969284058 -11.7885160446167 1.8403651714324951 24.066396713256836 -3.0431413650512695 0.1472
Car 1 1 1 739.3693237304688 165.3154754638672 813.3370361328125 191.14476013183594 4.266906261444092 1.5698128938674927 1.6448866128921509 10.390609741210938 1.1113473176956177 45.25594711303711 -6.576080799102783 0.1469
Pedestrian 1 1 1 960.6870727539062 156.5175323486328 1004.6263427734375 246.92991638183594 0.5937156677246094 1.7349939346313477 0.5837956666946411 7.253520965576172 1.4212008714675903 14.166786193847656 -7.768723011016846 0.1444
Pedestrian 1 1 1 1002.156982421875 154.4596405029297 1045.6905517578125 246.22915649414062 0.6144623160362244 1.71574866771698 0.5762395262718201 7.8843302726745605 1.3715426921844482 13.856588363647461 -7.615885257720947 0.1442
Pedestrian 1 1 1 522.7012939453125 171.74876403808594 533.0762939453125 200.08775329589844 0.7767338156700134 1.7767610549926758 0.6172621250152588 -5.233985424041748 1.7071665525436401 45.67040252685547 -8.012965202331543 0.1422
Car 1 1 1 199.46141052246094 185.3798065185547 365.96453857421875 290.02313232421875 4.0108561515808105 1.4923133850097656 1.6302610635757446 -5.658695697784424 1.7521674633026123 12.88889217376709 -4.847677230834961 0.1388
Car 1 1 1 817.7525634765625 175.4541473388672 902.4320678710938 217.80294799804688 3.8643593788146973 1.4945030212402344 1.5819435119628906 9.452528953552246 1.6012929677963257 27.713306427001953 -4.81650447845459 0.1354
Pedestrian 1 1 1 40.35321807861328 165.79345703125 95.9062271118164 257.6011962890625 0.6389180421829224 1.710521936416626 0.5701685547828674 -10.433666229248047 1.578673005104065 13.832928657531738 -4.411766052246094 0.1354
Pedestrian 1 1 1 391.30657958984375 174.47769165039062 407.5133361816406 209.20994567871094 0.6626097559928894 1.7478737831115723 0.612061619758606 -10.74357795715332 1.8309030532836914 36.68638610839844 -7.813413143157959 0.1352
Car 1 1 1 140.63156127929688 181.74032592773438 269.6977844238281 242.71490478515625 3.5535356998443604 1.4984831809997559 1.5349032878875732 -11.141295433044434 1.7671867609024048 20.048545837402344 -4.68989372253418 0.1346
Car 1 1 1 0.0 183.98989868164062 0.0 374.0 3.965879201889038 1.5612752437591553 1.6239455938339233 -9.1713285446167 1.6990708112716675 6.8840179443359375 -4.5961594581604 0.1339
Car 1 1 1 562.4537353515625 177.70379638671875 602.4935913085938 209.621337890625 3.7874505519866943 1.5048420429229736 1.6334021091461182 -1.4854103326797485 1.7640445232391357 36.61612319946289 -7.999043941497803 0.1316
Pedestrian 1 1 1 1080.9451904296875 148.8350067138672 1138.1224365234375 256.4822082519531 0.6302024722099304 1.7215909957885742 0.5864601135253906 8.178318977355957 1.3371576070785522 11.91364860534668 -4.479966640472412 0.1313
Pedestrian 1 1 1 725.5211791992188 169.15834045410156 737.208740234375 192.32943725585938 0.8229156732559204 1.8032443523406982 0.565138041973114 9.50204086303711 1.515336036682129 56.648948669433594 -7.153934955596924 0.1308
Car 1 1 1 0.0 177.465087890625 147.97984313964844 250.99217224121094 3.4217374324798584 1.5017427206039429 1.5385135412216187 -12.441401481628418 1.620217204093933 16.774877548217773 -4.870842456817627 0.1281
Car 1 1 1 436.5732421875 168.9630584716797 470.6387023925781 194.24530029296875 3.882631778717041 1.6259592771530151 1.6488021612167358 -10.474044799804688 1.3754233121871948 48.38862228393555 -7.910580158233643 0.1276
Car 1 1 1 464.3515319824219 180.2760467529297 505.1140441894531 208.40721130371094 3.8489017486572266 1.5164164304733276 1.6297088861465454 -7.249795913696289 1.9666454792022705 41.85836410522461 -7.834465503692627 0.1272
Pedestrian 1 1 1 533.9895629882812 170.048583984375 543.0064086914062 198.38449096679688 0.8641282320022583 1.8132717609405518 0.5745672583580017 -4.651760101318359 1.6334474086761475 46.62937927246094 -7.946201801300049 0.1268
Car 1 1 1 0.0 0.0 1241.0 374.0 3.8127424716949463 1.5534638166427612 1.6125797033309937 -1.8092964887619019 1.584006667137146 0.7243430614471436 -7.882318019866943 0.1265
Pedestrian 1 1 1 1144.146240234375 142.6184539794922 1212.458740234375 248.41659545898438 0.7464330792427063 1.728987693786621 0.5937805771827698 9.52673625946045 1.2345685958862305 12.188850402832031 -4.62673282623291 0.1262
Car 1 1 1 755.1912841796875 177.12242126464844 841.3516235351562 228.949951171875 4.0777435302734375 1.4916507005691528 1.612421989440918 5.875426769256592 1.6405506134033203 23.163188934326172 -4.736411094665527 0.1233
Car 1 1 1 874.9247436523438 176.25421142578125 994.4862670898438 214.52972412109375 4.036659240722656 1.4517709016799927 1.6444892883300781 12.763422012329102 1.5909513235092163 28.57392692565918 -6.385644435882568 0.1233
Car 1 1 1 686.6347045898438 168.51507568359375 719.8326416015625 190.37318420410156 4.353641033172607 1.9352620840072632 1.7254265546798706 8.485151290893555 1.5508042573928833 66.18565368652344 -8.048367500305176 0.1226
Car 1 1 1 0.0 184.42868041992188 0.0 374.0 3.9485225677490234 1.546783208847046 1.6425011157989502 -5.038979530334473 1.613591194152832 2.2076056003570557 -7.855787754058838 0.1218
Pedestrian 1 1 1 927.7493896484375 143.35552978515625 975.6846923828125 270.85272216796875 0.6598368287086487 1.6993910074234009 0.5217329263687134 4.672435760498047 1.305910348892212 10.011918067932129 -7.537990093231201 0.1213
Car 1 1 1 761.7847290039062 175.07546997070312 827.8306274414062 211.89633178710938 4.070010185241699 1.4690964221954346 1.6008256673812866 7.835627555847168 1.570990800857544 31.1158504486084 -4.768895149230957 0.1212
Car 1 1 1 1033.4932861328125 176.2676544189453 1241.0 374.0 4.021825313568115 1.5411367416381836 1.6168609857559204 4.603740215301514 1.572485089302063 4.650736331939697 -7.81801176071167 0.1209
Car 1 1 1 971.0922241210938 176.12063598632812 1076.4134521484375 217.2011260986328 3.7037370204925537 1.464224934577942 1.612330436706543 15.868854522705078 1.5993657112121582 27.9715633392334 -4.849441051483154 0.1196
Car 1 1 1 99.56769561767578 180.56423950195312 224.9778289794922 240.34365844726562 3.6667888164520264 1.5200185775756836 1.5430418252944946 -12.74239730834961 1.7612800598144531 20.719472885131836 -4.787744522094727 0.1151
Car 1 1 1 95.61990356445312 0.0 1056.4368896484375 374.0 3.762463092803955 1.551149606704712 1.6067031621932983 0.12793587148189545 1.5526340007781982 0.6767308712005615 -7.79838228225708 0.1134
Car 1 1 1 798.7341918945312 175.4655303955078 849.2813110351562 204.971923828125 3.9749510288238525 1.483200192451477 1.6342699527740479 11.350807189941406 1.6300256252288818 38.63743209838867 -4.681548118591309 0.1131
Pedestrian 1 1 1 386.2848205566406 169.08328247070312 401.0926513671875 199.70162963867188 0.7118608355522156 1.7717335224151611 0.6261280179023743 -12.661136627197266 1.553240180015564 42.123130798339844 -7.8035502433776855 0.1129
Car 1 1 1 0.0 186.0233154296875 153.02316284179688 303.73468017578125 4.077119827270508 1.4888983964920044 1.6183290481567383 -9.529561996459961 1.738146424293518 11.628253936767578 -4.705233097076416 0.1128
Car 1 1 1 1066.749267578125 170.37197875976562 1234.923095703125 232.48265075683594 3.863828182220459 1.49983549118042 1.6148475408554077 14.232963562011719 1.4396001100540161 19.35603904724121 -4.7116618156433105 0.1128
Car 1 1 1 953.86572265625 173.87164306640625 1101.28076171875 231.56468200683594 4.0270676612854 1.4743038415908813 1.640763521194458 11.664387702941895 1.5059573650360107 20.583763122558594 -4.791827201843262 0.1123
Pedestrian 1 1 1 1164.716796875 127.99812316894531 1241.0 301.24859619140625 0.7117030024528503 1.758104920387268 0.554550290107727 6.305065155029297 1.302618145942688 7.771109580993652 -4.144864082336426 0.1120
Car 1 1 1 0.0 182.95635986328125 0.0 326.92364501953125 3.866978406906128 1.5468573570251465 1.6186983585357666 -11.45901107788086 1.714829683303833 10.025373458862305 -4.794092655181885 0.1117
Car 1 1 1 296.23974609375 184.5701446533203 369.0366516113281 218.4326171875 3.855381488800049 1.5115351676940918 1.6551876068115234 -13.65364933013916 2.1230697631835938 35.64699935913086 -7.698211193084717 0.1116
Pedestrian 1 1 1 1048.978759765625 153.4277801513672 1105.418212890625 263.8403015136719 0.5654794573783875 1.6805721521377563 0.544909656047821 7.244706630706787 1.3845887184143066 11.292778015136719 -7.7463812828063965 0.1114
Car 1 1 1 609.4593505859375 177.33114624023438 639.916748046875 205.25035095214844 3.740943670272827 1.4982593059539795 1.600062608718872 0.7626619935035706 1.765341877937317 41.2081298828125 -7.870489597320557 0.1093
Pedestrian 1 1 1 941.6666870117188 164.3285675048828 964.7101440429688 207.5657196044922 0.6610082983970642 1.7933293581008911 0.6666862964630127 14.348616600036621 1.4394235610961914 30.270679473876953 -7.813389301300049 0.1093
Car 1 1 1 963.5181884765625 173.823486328125 1023.9948120117188 200.44369506835938 4.02778434753418 1.5170539617538452 1.6000803709030151 22.913150787353516 1.5776883363723755 43.3092041015625 -4.6769914627075195 0.1084
Car 1 1 1 939.4873046875 167.93373107910156 988.1155395507812 191.85215759277344 3.9473495483398438 1.6208219528198242 1.63762629032135 24.861278533935547 1.2871010303497314 50.903160095214844 -7.809001445770264 0.1068
Car 1 1 1 47.152042388916016 180.6826171875 171.77914428710938 238.5963592529297 3.676727056503296 1.5129849910736084 1.5535775423049927 -14.6611328125 1.764793872833252 21.304174423217773 -4.858471870422363 0.1053
Car 1 1 1 646.6109008789062 177.62554931640625 681.2774047851562 209.11865234375 3.75789737701416 1.4994804859161377 1.6012181043624878 2.668445348739624 1.7553513050079346 36.83430099487305 -7.822681903839111 0.1048
Pedestrian 1 1 1 772.249267578125 162.98513793945312 784.5567016601562 193.34130859375 0.718975305557251 1.812050461769104 0.6135034561157227 10.102161407470703 1.2226482629776 43.45014190673828 -7.786459445953369 0.1045
Car 1 1 1 440.531005859375 178.10443115234375 478.8761291503906 204.27581787109375 4.008360862731934 1.4992972612380981 1.6454628705978394 -9.184351921081543 1.8352819681167603 44.18217086791992 -4.747424602508545 0.1033
Car 1 1 1 526.8892822265625 178.06614685058594 561.2366333007812 210.59027099609375 3.799694776535034 1.5189570188522339 1.6320316791534424 -3.3901031017303467 1.7952171564102173 36.30826950073242 -7.962443828582764 0.1029
Cyclist 1 1 1 967.3084716796875 164.8455352783203 1013.809814453125 206.00509643554688 1.7344032526016235 1.7764356136322021 0.6336470246315002 16.584400177001953 1.4304925203323364 31.53948211669922 -6.37871789932251 0.1023
Pedestrian 1 1 1 919.6224975585938 158.49159240722656 939.4264526367188 202.51039123535156 0.6976064443588257 1.8218011856079102 0.6463424563407898 13.358731269836426 1.227085828781128 30.277671813964844 -7.614647388458252 0.1020
Pedestrian 1 1 1 867.5393676757812 173.7613525390625 891.2672119140625 228.393798828125 0.5952393412590027 1.3880964517593384 0.48057660460472107 6.918637275695801 1.4117118120193481 18.68083953857422 -4.526580810546875 0.1016
Car 1 1 1 948.2808227539062 173.21389770507812 1067.2957763671875 222.57394409179688 3.8820900917053223 1.493501901626587 1.595601201057434 12.946812629699707 1.5060925483703613 23.851778030395508 -4.780668258666992 0.1015
Car 1 1 1 205.72108459472656 182.26528930664062 329.0820007324219 245.5696258544922 3.86948299407959 1.4994314908981323 1.574938178062439 -9.198637008666992 1.7804312705993652 19.618091583251953 -4.730081081390381 0.1014
Car 1 1 1 957.4336547851562 174.55665588378906 1026.775634765625 204.994384765625 4.0247273445129395 1.5113433599472046 1.5946961641311646 20.031145095825195 1.6056982278823853 38.08287048339844 -4.691061496734619 0.1009
Car 1 1 1 1127.6629638671875 173.0528564453125 1196.0050048828125 201.08497619628906 3.943711996078491 1.4807225465774536 1.5787855386734009 30.643362045288086 1.4920942783355713 40.24639892578125 -4.471488952636719 0.1008
Pedestrian 1 1 1 1150.260009765625 145.6669158935547 1214.55224609375 245.30328369140625 0.724872350692749 1.7275902032852173 0.5698689222335815 10.143648147583008 1.255894660949707 12.875116348266602 -4.719345569610596 0.1007
Pedestrian 1 1 1 1097.76220703125 73.87065124511719 1241.0 374.0 0.6516055464744568 1.7736279964447021 0.6197755336761475 2.4420809745788574 1.4187885522842407 2.9591522216796875 -7.679138660430908 0.1003
Car 1 1 1 393.0030212402344 176.62600708007812 443.7334899902344 203.99478149414062 3.9085114002227783 1.53788161277771 1.6785862445831299 -11.424453735351562 1.7736297845840454 43.1276969909668 -4.616860866546631 0.1001
