Pedestrian 1 1 1 326.6195983886719 165.66796875 346.3736877441406 202.4833526611328 0.7719775438308716 1.8484172821044922 0.6880382299423218 -13.918914794921875 1.48732328414917 36.62827682495117 -7.807713985443115 0.2876
Car 1 1 1 245.0936279296875 183.22964477539062 321.8419189453125 209.27853393554688 3.9675686359405518 1.5364872217178345 1.5696922540664673 -19.892230987548828 2.1797592639923096 43.97004699707031 -6.283257484436035 0.2818
Car 1 1 1 770.18505859375 176.49295043945312 791.6608276367188 193.47390747070312 3.8188068866729736 1.5120512247085571 1.5928164720535278 15.846050262451172 1.8602931499481201 67.10800170898438 -4.572968482971191 0.2554
Car 1 1 1 401.7353210449219 179.25514221191406 429.3834228515625 204.03871154785156 3.7557435035705566 1.5490096807479858 1.6093508005142212 -13.046284675598145 1.9941928386688232 48.181392669677734 -5.021742820739746 0.2481
Pedestrian 1 1 1 184.11228942871094 172.8175048828125 210.46133422851562 218.72898864746094 0.7613095045089722 1.736680507659912 0.607700526714325 -15.878825187683105 1.7350001335144043 27.694292068481445 -7.9236626625061035 0.2447
Pedestrian 1 1 1 1098.0435791015625 162.31236267089844 1117.779541015625 210.42938232421875 0.48206549882888794 1.7352241277694702 0.5786368250846863 18.152978897094727 1.3547656536102295 26.37986183166504 -4.139839172363281 0.2295
Car 1 1 1 0.0 173.17361450195312 119.92729949951172 225.27491760253906 3.5696957111358643 1.6070533990859985 1.614862084388733 -18.4847469329834 1.6182326078414917 24.09646987915039 -7.810194492340088 0.2253
Car 1 1 1 11.91217041015625 193.46084594726562 110.48246002197266 225.60740661621094 3.9472434520721436 1.4988088607788086 1.6875114440917969 -27.584178924560547 2.5668632984161377 36.260189056396484 -2.9814515113830566 0.2252
Pedestrian 1 1 1 1177.0711669921875 152.52484130859375 1202.09033203125 196.7770538330078 0.6698946356773376 1.8081823587417603 0.6182827353477478 23.966428756713867 0.9772160053253174 29.90020751953125 -4.379476070404053 0.2168
Pedestrian 1 1 1 1093.598876953125 159.86990356445312 1120.3804931640625 213.4448699951172 0.6681249141693115 1.7576475143432617 0.635509729385376 16.550552368164062 1.331375241279602 24.109027862548828 -7.415640354156494 0.2107
Car 1 1 1 605.2088012695312 177.8175048828125 624.4518432617188 194.80995178222656 3.836655855178833 1.5322924852371216 1.6075124740600586 0.4607420861721039 2.0145082473754883 68.17766571044922 -4.649489402770996 0.2018
Pedestrian 1 1 1 99.52728271484375 170.67530822753906 122.15853881835938 222.0391082763672 0.6780393719673157 1.729506254196167 0.5773178935050964 -17.14992332458496 1.655846118927002 24.732297897338867 -5.223613262176514 0.1967
Pedestrian 1 1 1 768.2338256835938 169.28814697265625 780.7752075195312 192.55870056152344 0.8031212091445923 1.8203383684158325 0.6167298555374146 12.9549560546875 1.541098952293396 56.94062423706055 -3.880134105682373 0.1966
Cyclist 1 1 1 356.4257507324219 177.49916076660156 374.45294189453125 207.01902770996094 1.7139737606048584 1.6735652685165405 0.6153607964515686 -14.283226013183594 1.9497520923614502 42.065284729003906 -4.804941654205322 0.1901
Car 1 1 1 0.0 0.0 1241.0 374.0 3.87856388092041 1.540273666381836 1.646480917930603 -3.4198858737945557 1.621693730354309 0.957966148853302 -7.893209934234619 0.1821
Pedestrian 1 1 1 781.6082763671875 166.88038635253906 794.8594360351562 197.14797973632812 0.9338626861572266 1.8681507110595703 0.5462591648101807 11.102106094360352 1.4991523027420044 45.07499313354492 -4.161797046661377 0.1795
Car 1 1 1 726.3043212890625 175.5789031982422 749.3836669921875 193.2770233154297 3.792053699493408 1.522757649421692 1.5727413892745972 11.394194602966309 1.7737611532211304 64.61026000976562 -4.6618523597717285 0.1668
Pedestrian 1 1 1 30.667184829711914 166.9099578857422 60.499549865722656 213.8360595703125 0.7096440196037292 1.8555806875228882 0.656870424747467 -22.649782180786133 1.6202377080917358 28.90802574157715 -4.7811102867126465 0.1643
Car 1 1 1 474.96929931640625 180.5887908935547 514.63134765625 207.0298614501953 3.962522029876709 1.5429027080535889 1.6157811880111694 -7.217918872833252 2.050238609313965 45.323333740234375 -4.6447367668151855 0.1618
Car 1 1 1 127.36290740966797 175.77464294433594 201.3436279296875 207.267333984375 3.776571750640869 1.6696946620941162 1.68813955783844 -24.983781814575195 1.8413174152374268 40.542999267578125 -4.659649848937988 0.1614
Car 1 1 1 189.65762329101562 175.3964080810547 251.8474578857422 203.22879028320312 3.6903462409973145 1.6550840139389038 1.7014840841293335 -24.320697784423828 1.8206233978271484 45.16025924682617 -7.777013301849365 0.1609
Car 1 1 1 1089.05078125 159.91880798339844 1184.59228515625 199.17808532714844 3.8142025470733643 1.5364618301391602 1.6513890027999878 21.90738296508789 1.0299265384674072 30.24640464782715 -4.564219951629639 0.1606
Pedestrian 1 1 1 1068.63671875 154.75723266601562 1093.2811279296875 202.51161193847656 0.6141776442527771 1.8239459991455078 0.6528161764144897 18.18977928161621 1.1324526071548462 27.947107315063477 -7.560141086578369 0.1597
Car 1 1 1 0.0 0.0 1241.0 374.0 3.8399202823638916 1.529699444770813 1.619517207145691 3.984159469604492 1.5567554235458374 1.3102149963378906 -7.880016803741455 0.1570
Car 1 1 1 799.5341186523438 175.64825439453125 822.8790893554688 193.07046508789062 3.8742311000823975 1.5063323974609375 1.6020563840866089 18.092275619506836 1.7659562826156616 65.07861328125 -4.552651882171631 0.1566
Pedestrian 1 1 1 215.53457641601562 169.32330322265625 242.62928771972656 218.70645141601562 0.7792730331420898 1.7786247730255127 0.6087021231651306 -13.972602844238281 1.6511602401733398 26.394243240356445 -7.912376880645752 0.1565
Pedestrian 1 1 1 1218.5421142578125 155.26251220703125 1241.0 199.6901397705078 0.6015828251838684 1.75941801071167 0.6091024875640869 24.891218185424805 1.0624618530273438 28.960458755493164 -7.508269786834717 0.1547
Car 1 1 1 191.0802459716797 181.11245727539062 256.8548278808594 210.85557556152344 3.82013201713562 1.5780134201049805 1.6348575353622437 -22.041181564331055 2.0724265575408936 41.28889846801758 -4.68211555480957 0.1513
Pedestrian 1 1 1 189.5114288330078 171.20713806152344 214.11627197265625 221.2736053466797 0.7675809264183044 1.7560007572174072 0.6093564033508301 -14.612502098083496 1.6979399919509888 25.76168441772461 -8.144057273864746 0.1510
Car 1 1 1 892.845703125 173.65745544433594 946.6444091796875 199.27561950683594 3.8504087924957275 1.5167021751403809 1.660054087638855 19.112873077392578 1.5684057474136353 44.7703971862793 -4.7196879386901855 0.1507
Pedestrian 1 1 1 979.676513671875 168.990234375 1001.7227783203125 209.47816467285156 0.656930148601532 1.7440271377563477 0.6277666091918945 16.590932846069336 1.577294111251831 31.527734756469727 -6.915581226348877 0.1499
Pedestrian 1 1 1 155.07354736328125 171.89111328125 185.5654754638672 220.17013549804688 0.7807363867759705 1.7793188095092773 0.5947108268737793 -16.521480560302734 1.7435319423675537 27.047945022583008 -7.5828680992126465 0.1447
Pedestrian 1 1 1 1020.5772094726562 161.49200439453125 1061.726318359375 247.58360290527344 0.5548668503761292 1.6132481098175049 0.5204054117202759 8.208944320678711 1.4000385999679565 13.843042373657227 -4.518665313720703 0.1437
Cyclist 1 1 1 633.3234252929688 178.00445556640625 648.557373046875 215.32717895507812 1.7461148500442505 1.773187518119812 0.6351373791694641 1.4876066446304321 2.032243013381958 35.43132400512695 -7.7454304695129395 0.1405
Pedestrian 1 1 1 837.9535522460938 174.8548126220703 859.7969970703125 210.97068786621094 0.8433415293693542 1.808180332183838 0.6538468599319458 12.098214149475098 1.9109141826629639 36.6674690246582 -3.6401219367980957 0.1390
Car 1 1 1 511.5431213378906 180.40684509277344 539.0091552734375 205.1925048828125 3.9176669120788574 1.5468838214874268 1.6361812353134155 -5.661881923675537 2.072852611541748 48.26588821411133 -4.779991626739502 0.1389
Car 1 1 1 398.4898986816406 176.08238220214844 456.6048278808594 198.187255859375 3.8497915267944336 1.5424789190292358 1.6604715585708618 -13.060626029968262 1.7781403064727783 51.695247650146484 -3.254593849182129 0.1364
Car 1 1 1 271.6519775390625 182.05166625976562 327.28326416015625 215.0390167236328 3.9419126510620117 1.5156230926513672 1.6168240308761597 -15.613825798034668 2.005321741104126 36.37186813354492 -4.858118534088135 0.1361
Car 1 1 1 439.7082824707031 177.41415405273438 468.4469909667969 194.80104064941406 3.9388508796691895 1.5237200260162354 1.5190708637237549 -14.314485549926758 1.9553227424621582 66.316162109375 -4.634592533111572 0.1360
Pedestrian 1 1 1 0.0 159.70281982421875 24.14253807067871 243.5072784423828 0.7674946784973145 1.860954761505127 0.5715726017951965 -13.954049110412598 1.5686208009719849 16.43400001525879 -2.745985507965088 0.1356
Car 1 1 1 80.41899871826172 180.03399658203125 194.38632202148438 227.8659210205078 3.570686101913452 1.470923900604248 1.6045435667037964 -15.975278854370117 1.7327431440353394 24.535879135131836 -4.737928867340088 0.1353
Pedestrian 1 1 1 1117.89697265625 158.70188903808594 1151.787109375 219.7425537109375 0.7274951934814453 1.7853337526321411 0.6187400817871094 15.611393928527832 1.371109127998352 21.543678283691406 -7.548532009124756 0.1343
Car 1 1 1 406.4248046875 176.40740966796875 442.5136413574219 194.8846435546875 3.9267044067382812 1.5467456579208374 1.5849658250808716 -16.246959686279297 1.8682262897491455 63.26832580566406 -7.6793389320373535 0.1333
Car 1 1 1 0.0 0.0 1241.0 374.0 3.8023507595062256 1.5480910539627075 1.6509895324707031 1.7237353324890137 1.5637176036834717 0.8823453783988953 -7.8595709800720215 0.1322
Pedestrian 1 1 1 212.91033935546875 165.12672424316406 262.7201843261719 267.3348693847656 0.5333831906318665 1.73079252243042 0.5577483773231506 -6.528677940368652 1.599638819694519 12.561938285827637 -4.378118991851807 0.1320
Car 1 1 1 445.044189453125 181.19357299804688 489.66937255859375 208.19891357421875 4.044679164886475 1.5584524869918823 1.6396108865737915 -8.875689506530762 2.102713108062744 45.02334976196289 -4.615717887878418 0.1318
Car 1 1 1 685.580078125 177.38543701171875 709.1138916015625 195.95321655273438 3.818915367126465 1.5337772369384766 1.6049946546554565 7.5052103996276855 1.9377403259277344 62.454124450683594 -7.8450026512146 0.1317
Car 1 1 1 27.653295516967773 183.82611083984375 115.58598327636719 223.14999389648438 3.9944891929626465 1.529076337814331 1.624203085899353 -23.325828552246094 2.0383405685424805 31.377744674682617 -4.948365688323975 0.1317
Pedestrian 1 1 1 1052.222900390625 156.43319702148438 1070.9744873046875 195.04820251464844 0.7165696024894714 1.8353897333145142 0.6351819634437561 21.69775390625 1.0546011924743652 34.74209213256836 -7.494747638702393 0.1316
Pedestrian 1 1 1 437.1260986328125 172.2589111328125 449.6259460449219 197.7244110107422 0.7985989451408386 1.7673828601837158 0.6293476819992065 -11.691423416137695 1.7257808446884155 50.505863189697266 -7.753127574920654 0.1306
Pedestrian 1 1 1 223.4381103515625 170.4169921875 254.0624237060547 218.62159729003906 0.8569820523262024 1.8137686252593994 0.5971892476081848 -14.276238441467285 1.72177255153656 27.66804313659668 -7.355071544647217 0.1298
Car 1 1 1 0.0 194.1283721923828 83.61991882324219 227.6360321044922 3.784893035888672 1.487837314605713 1.6970030069351196 -27.646268844604492 2.5302000045776367 34.346073150634766 -3.2324419021606445 0.1294
Car 1 1 1 84.41966247558594 0.0 1241.0 374.0 3.8338937759399414 1.555925965309143 1.64545476436615 -1.1594568490982056 1.5997380018234253 0.8135597109794617 -7.880641460418701 0.1290
Pedestrian 1 1 1 1150.949951171875 154.88555908203125 1186.9210205078125 213.965087890625 0.676805853843689 1.7625690698623657 0.6017866134643555 16.906099319458008 1.2262015342712402 21.899316787719727 -7.729759693145752 0.1289
Car 1 1 1 111.92871856689453 183.66754150390625 190.83758544921875 221.1596221923828 3.7550337314605713 1.5165482759475708 1.5332931280136108 -20.45081329345703 2.0293521881103516 32.276912689208984 -4.840625286102295 0.1282
Car 1 1 1 463.07928466796875 180.85565185546875 496.2698974609375 203.1903076171875 3.9874372482299805 1.5262008905410767 1.6305721998214722 -9.513471603393555 2.1332530975341797 52.7564697265625 -4.691009521484375 0.1273
Pedestrian 1 1 1 1115.42236328125 155.48733520507812 1156.303955078125 219.60287475585938 0.7825939059257507 1.7967146635055542 0.5993192195892334 14.96216869354248 1.3097472190856934 20.612932205200195 -7.847535610198975 0.1273
Car 1 1 1 79.21235656738281 188.44647216796875 169.4815673828125 221.80821228027344 3.925435781478882 1.5157079696655273 1.7224689722061157 -24.633068084716797 2.3526909351348877 36.71293258666992 -4.622482776641846 0.1272
Car 1 1 1 1208.5760498046875 169.67140197753906 1241.0 247.93505859375 3.6738054752349854 1.5403261184692383 1.606204867362976 15.52336597442627 1.477388858795166 16.099437713623047 -7.768635272979736 0.1272
Car 1 1 1 689.9207763671875 175.85655212402344 707.7237548828125 193.14939880371094 3.9097182750701904 1.535059928894043 1.5643298625946045 8.1742582321167 1.8210817575454712 66.77938842773438 -4.607504367828369 0.1267
Car 1 1 1 948.0070190429688 176.3583526611328 1023.4130249023438 209.597900390625 3.922658681869507 1.5053982734680176 1.6566835641860962 18.11473846435547 1.684973955154419 35.06478500366211 -4.700345039367676 0.1265
Pedestrian 1 1 1 0.0 173.6485595703125 16.088735580444336 205.70791625976562 0.7662222981452942 1.7539926767349243 0.5869545936584473 -33.50780487060547 1.7980942726135254 39.90882110595703 -7.746104717254639 0.1259
Pedestrian 1 1 1 203.95526123046875 169.78933715820312 228.1656036376953 216.23997497558594 0.7856924533843994 1.7710610628128052 0.610464334487915 -15.299208641052246 1.6539121866226196 27.952943801879883 -8.038994789123535 0.1256
Pedestrian 1 1 1 1189.071044921875 151.64505004882812 1217.7763671875 210.1754150390625 0.6363598704338074 1.7675294876098633 0.5463297963142395 18.197097778320312 1.1267508268356323 22.1945743560791 -7.404974460601807 0.1249
Car 1 1 1 450.44744873046875 177.3694305419922 473.4145202636719 199.295166015625 3.752657175064087 1.5977985858917236 1.6264371871948242 -11.427678108215332 1.9569199085235596 55.421478271484375 -4.941515922546387 0.1249
Car 1 1 1 530.11328125 177.3460235595703 560.2907104492188 198.6364288330078 4.102999210357666 1.5640733242034912 1.5634416341781616 -5.018526554107666 1.9257924556732178 56.02641677856445 -4.604968070983887 0.1245
Car 1 1 1 763.3317260742188 175.99627685546875 836.1121826171875 202.15414428710938 3.9804530143737793 1.5431733131408691 1.6497522592544556 11.395709037780762 1.7366963624954224 43.64049530029297 -3.1210169792175293 0.1244
Pedestrian 1 1 1 0.0 161.17613220214844 26.274560928344727 239.15545654296875 0.757991373538971 1.8679819107055664 0.5730301737785339 -14.914277076721191 1.5879405736923218 17.713069915771484 -2.663531541824341 0.1236
Car 1 1 1 349.18255615234375 181.80316162109375 402.0888977050781 210.90602111816406 3.869286060333252 1.4963873624801636 1.5723249912261963 -13.047998428344727 2.019902467727661 40.27003860473633 -4.67425537109375 0.1233
Car 1 1 1 0.0 186.40579223632812 0.0 374.0 3.923855781555176 1.5083667039871216 1.6038429737091064 -5.662226676940918 1.6214053630828857 3.9356961250305176 -4.960536003112793 0.1217
Car 1 1 1 138.04090881347656 186.04995727539062 220.083984375 223.72743225097656 3.900022506713867 1.4709458351135254 1.6346575021743774 -18.814666748046875 2.0861594676971436 31.623863220214844 -4.8285698890686035 0.1216
Car 1 1 1 391.3141784667969 175.3623809814453 415.79388427734375 193.28089904785156 3.8113152980804443 1.5694869756698608 1.5883573293685913 -18.799943923950195 1.8046740293502808 65.74771881103516 -7.98071813583374 0.1215
Car 1 1 1 657.5226440429688 176.37042236328125 684.01806640625 199.0590057373047 4.042598247528076 1.5552276372909546 1.615303874015808 4.3220038414001465 1.8188234567642212 52.118717193603516 -7.842641353607178 0.1213
Car 1 1 1 607.3175659179688 177.91123962402344 632.696044921875 200.70765686035156 4.060699939727783 1.5690217018127441 1.6403836011886597 0.7350603938102722 1.9524376392364502 52.66576385498047 -4.6451592445373535 0.1205
Car 1 1 1 1230.0184326171875 172.39407348632812 1241.0 335.56256103515625 3.987070083618164 1.5043118000030518 1.618032455444336 9.108370780944824 1.4997715950012207 7.6624650955200195 -6.386521816253662 0.1201
Cyclist 1 1 1 385.21112060546875 176.3867950439453 400.3562316894531 203.9115447998047 1.6771023273468018 1.6825191974639893 0.5413139462471008 -13.626547813415527 1.9076045751571655 45.17885971069336 -4.775039196014404 0.1196
Pedestrian 1 1 1 19.801706314086914 162.03041076660156 63.00868225097656 238.26771545410156 0.7566498517990112 1.8605830669403076 0.5925308465957642 -14.27072811126709 1.5961318016052246 18.04768180847168 -2.656765937805176 0.1194
Car 1 1 1 908.4850463867188 164.5479278564453 984.5869750976562 189.32786560058594 4.3364667892456055 1.6361346244812012 1.6602766513824463 22.534330368041992 1.0874131917953491 48.478431701660156 -6.2796783447265625 0.1190
Car 1 1 1 833.5880126953125 175.65626525878906 862.7905883789062 193.42929077148438 3.9602155685424805 1.5069162845611572 1.6065233945846558 21.019187927246094 1.7626092433929443 63.86820983886719 -4.619304656982422 0.1189
Pedestrian 1 1 1 852.5020751953125 163.87249755859375 871.6185302734375 212.51565551757812 0.6869089603424072 1.6843963861465454 0.6157925724983215 8.834911346435547 1.3730885982513428 25.416004180908203 -4.3465681076049805 0.1189
Pedestrian 1 1 1 199.4426727294922 169.5940704345703 225.52963256835938 218.2937774658203 0.8099411129951477 1.7949907779693604 0.6135197877883911 -14.934965133666992 1.674534797668457 27.040607452392578 -4.860986709594727 0.1186
Pedestrian 1 1 1 0.0 160.1840057373047 44.92711639404297 240.6328582763672 0.7517185211181641 1.8562349081039429 0.5750154852867126 -13.961530685424805 1.5635942220687866 17.064048767089844 -2.722121000289917 0.1183
Car 1 1 1 284.913818359375 181.31300354003906 344.06549072265625 210.264892578125 4.068411350250244 1.498234748840332 1.658463478088379 -16.566904067993164 1.9973366260528564 40.56306076049805 -4.711462497711182 0.1177
Pedestrian 1 1 1 267.5497741699219 180.2957763671875 285.8733215332031 211.9639434814453 0.7440048456192017 1.746622085571289 0.6548691987991333 -18.755298614501953 2.169382333755493 40.523681640625 -7.097309589385986 0.1174
Pedestrian 1 1 1 75.22406768798828 162.0786895751953 113.02259826660156 233.97361755371094 0.7667792439460754 1.845771312713623 0.5968356132507324 -13.62795352935791 1.568834900856018 18.990795135498047 -2.5143909454345703 0.1174
Pedestrian 1 1 1 1000.9437255859375 162.1564483642578 1021.6473388671875 201.26190185546875 0.5456210374832153 1.7277454137802124 0.6172422766685486 17.836606979370117 1.2548096179962158 32.15403747558594 -7.861995220184326 0.1172
Pedestrian 1 1 1 1205.6258544921875 153.5599365234375 1241.0 218.38906860351562 0.6771180033683777 1.782761812210083 0.6060731410980225 17.20248031616211 1.2518869638442993 20.252004623413086 -7.568729877471924 0.1168
Car 1 1 1 484.1883850097656 179.06663513183594 521.2034912109375 210.1024169921875 3.8909244537353516 1.5147839784622192 1.59894859790802 -5.6396684646606445 1.858844518661499 38.0037841796875 -4.773070812225342 0.1154
Car 1 1 1 1240.5289306640625 168.68650817871094 1241.0 294.6793212890625 3.9728260040283203 1.5087995529174805 1.607015609741211 10.937810897827148 1.4585927724838257 9.596214294433594 -6.361053943634033 0.1152
Car 1 1 1 210.00711059570312 184.70391845703125 279.91851806640625 222.14012145996094 3.84230899810791 1.5020802021026611 1.6347649097442627 -16.256959915161133 2.064415216445923 32.24281311035156 -4.851337432861328 0.1145
Car 1 1 1 433.38909912109375 179.0354461669922 470.21832275390625 203.77383422851562 3.877794027328491 1.5433073043823242 1.6174238920211792 -10.491350173950195 1.9702506065368652 47.927490234375 -4.71774435043335 0.1138
Car 1 1 1 745.28955078125 177.6786346435547 801.18994140625 209.6991424560547 3.710484504699707 1.5156984329223633 1.640766978263855 8.18922233581543 1.7735580205917358 36.6729621887207 -7.966362476348877 0.1132
Pedestrian 1 1 1 1028.623779296875 159.40518188476562 1051.78564453125 206.7652130126953 0.6897504925727844 1.7648746967315674 0.6322720646858215 16.23642349243164 1.2634036540985107 27.319568634033203 -7.509278774261475 0.1130
Car 1 1 1 523.5826416015625 179.03477478027344 558.7332763671875 212.61424255371094 3.9238619804382324 1.517806887626648 1.621233582496643 -3.393338918685913 1.837915062904358 35.38132858276367 -4.796092987060547 0.1126
Pedestrian 1 1 1 71.88575744628906 160.81813049316406 113.53364562988281 236.0809783935547 0.7511176466941833 1.8349300622940063 0.5962727069854736 -12.982606887817383 1.5411920547485352 18.039871215820312 -2.6029534339904785 0.1122
Pedestrian 1 1 1 42.258460998535156 171.89027404785156 76.92334747314453 229.7870330810547 0.7209827303886414 1.798089623451233 0.5769789218902588 -17.489072799682617 1.7678593397140503 22.868040084838867 -4.138335227966309 0.1119
Car 1 1 1 749.9331665039062 176.28082275390625 773.199462890625 192.76760864257812 4.025750637054443 1.4935009479522705 1.5771687030792236 14.287901878356934 1.8272181749343872 68.2734146118164 -4.652928829193115 0.1118
Pedestrian 1 1 1 275.25079345703125 175.03094482421875 286.8233337402344 201.64610290527344 0.8266116380691528 1.8077788352966309 0.5867469310760498 -22.6231632232666 1.958430528640747 49.5593376159668 -8.103839874267578 0.1115
Pedestrian 1 1 1 1199.163330078125 154.45315551757812 1224.6767578125 197.8324432373047 0.7120398879051208 1.77312433719635 0.5981570482254028 24.9139461517334 1.0206917524337769 29.92682647705078 -4.380496978759766 0.1113
Car 1 1 1 0.0 175.0103759765625 26.185590744018555 217.50662231445312 3.8706583976745605 1.6203367710113525 1.6553783416748047 -26.242279052734375 1.715186357498169 29.779016494750977 -8.048051834106445 0.1108
Pedestrian 1 1 1 0.0 163.325439453125 27.903013229370117 234.51065063476562 0.7632524967193604 1.8652360439300537 0.5940888524055481 -16.20545768737793 1.6152632236480713 19.342748641967773 -2.676762104034424 0.1106
Car 1 1 1 216.8450469970703 186.06532287597656 274.9205627441406 219.34483337402344 3.755781650543213 1.5289766788482666 1.6701099872589111 -18.499263763427734 2.2380006313323975 36.73911666870117 -4.900010585784912 0.1094
Car 1 1 1 775.561767578125 170.42039489746094 821.2000732421875 192.98898315429688 4.026022911071777 1.6890697479248047 1.6909488439559937 14.579916000366211 1.5066337585449219 56.161373138427734 -8.106311798095703 0.1094
Car 1 1 1 806.02197265625 176.36648559570312 887.814453125 217.86085510253906 3.8717973232269287 1.487701177597046 1.5938819646835327 9.115806579589844 1.6345398426055908 28.217304229736328 -4.816091537475586 0.1092
Car 1 1 1 1240.8824462890625 173.62857055664062 1241.0 374.0 4.04415225982666 1.5155646800994873 1.6311712265014648 5.874901294708252 1.521715760231018 3.9375014305114746 -4.645686626434326 0.1089
Car 1 1 1 958.6442260742188 173.98997497558594 1091.72314453125 232.24293518066406 3.6663918495178223 1.5081177949905396 1.5272960662841797 11.656991004943848 1.5432525873184204 20.630191802978516 -4.774425029754639 0.1089
Car 1 1 1 360.6805419921875 177.34951782226562 399.2470397949219 203.71194458007812 3.9798507690429688 1.6131856441497803 1.6249704360961914 -14.937657356262207 1.9180947542190552 46.92182922363281 -4.818597793579102 0.1087
Pedestrian 1 1 1 1160.696533203125 154.8596954345703 1185.438232421875 199.07058715820312 0.662036120891571 1.8089513778686523 0.6271746754646301 23.3114070892334 1.0723888874053955 29.937543869018555 -4.382199287414551 0.1083
Pedestrian 1 1 1 1206.6295166015625 152.3042755126953 1241.0 221.9116668701172 0.7367871403694153 1.794917345046997 0.5719503164291382 16.232086181640625 1.2647161483764648 18.981287002563477 -7.828723430633545 0.1082
Car 1 1 1 372.6234130859375 174.93991088867188 402.476806640625 195.23861694335938 3.8498947620391846 1.5337400436401367 1.5784549713134766 -17.538476943969727 1.7038205862045288 56.93330001831055 -7.9698405265808105 0.1079
Car 1 1 1 822.484619140625 176.50413513183594 865.9573974609375 199.16990661621094 3.896665334701538 1.6153597831726074 1.6471184492111206 17.477191925048828 1.89899480342865 54.10121536254883 -4.82035493850708 0.1074
Car 1 1 1 1177.791015625 151.69606018066406 1241.0 212.3420867919922 3.6991374492645264 1.653462290763855 1.6724780797958374 19.373300552368164 1.076309084892273 21.608156204223633 -7.9734416007995605 0.1074
Pedestrian 1 1 1 0.0 160.03448486328125 26.939395904541016 247.27984619140625 0.7688841223716736 1.854846477508545 0.576407253742218 -13.321395874023438 1.5820022821426392 15.788774490356445 -2.5792360305786133 0.1073
Car 1 1 1 979.1207275390625 174.4144744873047 1056.070556640625 207.22828674316406 3.963320732116699 1.5251291990280151 1.6303144693374634 20.033254623413086 1.6064088344573975 35.72344970703125 -4.692320346832275 0.1073
Pedestrian 1 1 1 29.974624633789062 159.56414794921875 76.4465560913086 241.707763671875 0.7561798095703125 1.8586541414260864 0.5889036059379578 -12.982803344726562 1.5576461553573608 16.76071548461914 -2.667605400085449 0.1069
Pedestrian 1 1 1 94.8409423828125 162.63124084472656 130.9031524658203 239.297119140625 0.735809326171875 1.7983801364898682 0.5827801823616028 -12.034635543823242 1.5582813024520874 17.390697479248047 -2.3713736534118652 0.1068
Car 1 1 1 668.0934448242188 176.5984649658203 687.998291015625 196.10777282714844 4.034064292907715 1.5377353429794312 1.5857467651367188 5.593427658081055 1.8582895994186401 59.748451232910156 -4.624971866607666 0.1067
Pedestrian 1 1 1 1109.1678466796875 154.7313995361328 1132.0443115234375 201.34375 0.6095263361930847 1.8432154655456543 0.6514316201210022 20.4332275390625 1.1262842416763306 28.946352005004883 -7.415445804595947 0.1063
Pedestrian 1 1 1 138.45738220214844 169.5108642578125 168.6737823486328 217.722900390625 0.7499412894248962 1.777048110961914 0.5953003764152527 -17.149906158447266 1.6535234451293945 27.0471248626709 -7.5191569328308105 0.1063
Pedestrian 1 1 1 0.0 162.05075073242188 0.0 242.56298828125 0.7586446404457092 1.8575539588928223 0.5809484720230103 -15.230871200561523 1.6080048084259033 17.09079360961914 -2.604267120361328 0.1060
Car 1 1 1 0.0 184.69989013671875 0.0 374.0 4.074285984039307 1.5725228786468506 1.631052851676941 -11.132028579711914 1.739262342453003 8.058978080749512 -4.824265003204346 0.1055
Car 1 1 1 914.1712646484375 174.7631378173828 974.4028930664062 204.93951416015625 3.9493281841278076 1.549597144126892 1.5978525876998901 18.09246253967285 1.658636212348938 39.31475830078125 -4.667291641235352 0.1052
Pedestrian 1 1 1 1010.21826171875 170.1514892578125 1056.022216796875 266.6643981933594 0.5477480292320251 1.5520075559616089 0.5056280493736267 6.9269866943359375 1.5082489252090454 11.923381805419922 -4.502917766571045 0.1049
Cyclist 1 1 1 246.68141174316406 175.90199279785156 264.1424255371094 202.9755859375 1.691679835319519 1.7330083847045898 0.43891099095344543 -23.238880157470703 1.9359071254730225 47.24131393432617 -7.936500072479248 0.1044
Car 1 1 1 411.95538330078125 182.66006469726562 452.095703125 211.72886657714844 3.8414907455444336 1.4723304510116577 1.6238291263580322 -9.819316864013672 2.041086435317993 39.880374908447266 -4.8107476234436035 0.1039
Pedestrian 1 1 1 1151.833251953125 152.49290466308594 1196.31787109375 220.95559692382812 0.7603451013565063 1.8219975233078003 0.576810359954834 15.290112495422363 1.27982759475708 19.634794235229492 -8.06680679321289 0.1036
Car 1 1 1 479.18719482421875 181.63563537597656 544.7371826171875 240.9116973876953 3.928438663482666 1.4770493507385254 1.605971336364746 -2.7560040950775146 1.7519103288650513 20.592548370361328 -4.782843589782715 0.1031
Car 1 1 1 694.6624145507812 178.522216796875 726.6083984375 199.980224609375 3.9269862174987793 1.525307297706604 1.6565207242965698 7.5097527503967285 1.9677660465240479 54.355228424072266 -7.909026622772217 0.1024
Car 1 1 1 376.6749267578125 182.00025939941406 424.60418701171875 211.65724182128906 3.8252108097076416 1.4942432641983032 1.6119498014450073 -11.429924964904785 2.018949031829834 39.48229217529297 -4.740903854370117 0.1019
Car 1 1 1 1037.4576416015625 165.01116943359375 1123.4222412109375 191.83575439453125 4.319092750549316 1.5684367418289185 1.6528650522232056 28.18522071838379 1.1095659732818604 43.3289680480957 -6.433537006378174 0.1018
Car 1 1 1 786.92578125 176.7073516845703 822.7506103515625 207.0888214111328 3.7337241172790527 1.522747278213501 1.5842829942703247 10.34911823272705 1.7394529581069946 38.65069580078125 -7.662672519683838 0.1018
Car 1 1 1 461.55670166015625 177.7847900390625 490.2264709472656 195.4844512939453 4.062597274780273 1.5619163513183594 1.6415836811065674 -12.420196533203125 2.033174753189087 66.91950225830078 -4.640212535858154 0.1006
Pedestrian 1 1 1 1022.2933349609375 156.84307861328125 1047.9654541015625 212.84912109375 0.7758662104606628 1.8131234645843506 0.5793072581291199 14.000653266906738 1.2944906949996948 23.84031867980957 -7.1074748039245605 0.1006
Pedestrian 1 1 1 41.525882720947266 165.4410400390625 79.00309753417969 232.41268920898438 0.743076741695404 1.8112682104110718 0.5910823345184326 -15.254712104797363 1.6104826927185059 19.958621978759766 -2.602125644683838 0.1001
