Cyclist 1 1 1 985.9385375976562 135.0582733154297 1147.967529296875 308.3077087402344 1.8022360801696777 1.7434712648391724 0.6105732917785645 5.023921012878418 1.3628194332122803 8.179278373718262 -7.915513515472412 0.8001
Car 1 1 1 164.02020263671875 187.29119873046875 401.8551330566406 333.0976257324219 4.1096062660217285 1.4620325565338135 1.5967659950256348 -4.131866455078125 1.6990689039230347 9.756677627563477 -4.7812042236328125 0.7946
Car 1 1 1 441.48382568359375 180.39321899414062 505.58795166015625 231.7910919189453 3.6089725494384766 1.4968734979629517 1.5763728618621826 -4.391229152679443 1.7603182792663574 23.397958755493164 -4.765201091766357 0.7863
Car 1 1 1 543.8313598632812 177.83555603027344 586.43994140625 216.73390197753906 3.8050692081451416 1.479858636856079 1.612174391746521 -1.8440335988998413 1.6989854574203491 29.862157821655273 -4.7346673011779785 0.7411
Car 1 1 1 522.7857666015625 177.27149963378906 551.91748046875 202.29217529296875 3.794182538986206 1.5270278453826904 1.5516616106033325 -4.688826560974121 1.8238083124160767 46.616790771484375 -4.725871562957764 0.4531
Car 1 1 1 608.228759765625 179.3359375 667.4096069335938 202.07928466796875 3.7846450805664062 1.5014069080352783 1.5878437757492065 1.857569694519043 1.9555912017822266 49.43986129760742 -6.481521129608154 0.4514
Car 1 1 1 0.0 192.54856872558594 77.6434326171875 374.0 3.8224430084228516 1.522613286972046 1.6165239810943604 -3.7559711933135986 1.636914610862732 2.2116901874542236 -4.8198442459106445 0.4098
Car 1 1 1 488.4399719238281 175.464111328125 528.5205078125 213.99317932128906 3.615772247314453 1.5307618379592896 1.5970779657363892 -4.369273662567139 1.6488304138183594 30.822860717773438 -4.847278118133545 0.3632
Car 1 1 1 616.4293823242188 178.02191162109375 652.9530029296875 204.73773193359375 3.627488136291504 1.475543737411499 1.5615900754928589 1.3749175071716309 1.7931879758834839 42.48904800415039 -4.846565246582031 0.3542
Pedestrian 1 1 1 319.7023620605469 175.35140991210938 346.8490905761719 229.67539978027344 0.573964536190033 1.570657730102539 0.536424994468689 -8.17927360534668 1.6448794603347778 21.210744857788086 -4.580807209014893 0.2967
Car 1 1 1 618.5889892578125 179.36769104003906 695.3756103515625 209.193359375 3.7029874324798584 1.484898328781128 1.5900064706802368 2.3845455646514893 1.8340213298797607 37.56394577026367 -6.480471134185791 0.2966
Pedestrian 1 1 1 1002.9251708984375 152.5142059326172 1032.7464599609375 207.6060028076172 0.7617200016975403 1.786121129989624 0.5776130557060242 13.390461921691895 1.1263885498046875 23.78899383544922 -7.7989983558654785 0.2720
Pedestrian 1 1 1 870.2135009765625 156.89483642578125 908.020263671875 231.70059204101562 0.836184024810791 1.7268412113189697 0.5981029868125916 6.546762943267822 1.3581346273422241 17.08675765991211 -7.811070919036865 0.2701
Car 1 1 1 499.9583740234375 177.2632598876953 536.7135009765625 211.60462951660156 3.9124627113342285 1.5313618183135986 1.6505573987960815 -4.400641918182373 1.7556517124176025 34.72404861450195 -4.811333179473877 0.2674
Pedestrian 1 1 1 1167.58984375 143.68051147460938 1241.0 273.84039306640625 0.6730843782424927 1.7346969842910767 0.5556530356407166 8.178679466247559 1.345589280128479 9.985820770263672 -7.724594593048096 0.2412
Pedestrian 1 1 1 405.628662109375 173.01220703125 425.67816162109375 213.3251495361328 0.6808822154998779 1.7378015518188477 0.6294628381729126 -8.519966125488281 1.744489073753357 31.48726463317871 -4.574820518493652 0.2380
Car 1 1 1 681.1754760742188 175.0505828857422 719.0863647460938 200.68296813964844 3.712714433670044 1.5425190925598145 1.57756769657135 5.625563621520996 1.6871552467346191 45.68036651611328 -4.817209243774414 0.2223
Pedestrian 1 1 1 1057.8662109375 144.14366149902344 1142.046875 283.29925537109375 0.6791079640388489 1.7113133668899536 0.598741352558136 6.247025489807129 1.3579381704330444 9.300325393676758 -5.096334457397461 0.2117
Pedestrian 1 1 1 1006.0345458984375 149.5253143310547 1073.57958984375 274.56622314453125 0.6467209458351135 1.779036045074463 0.5624186396598816 6.283310890197754 1.4468241930007935 10.659065246582031 -8.161398887634277 0.2111
Pedestrian 1 1 1 121.71041870117188 164.05628967285156 171.50881958007812 254.09056091308594 0.7209894061088562 1.7150189876556396 0.5757459402084351 -9.12264347076416 1.547135829925537 14.14278507232666 -4.85849666595459 0.2097
Pedestrian 1 1 1 1089.0950927734375 145.38125610351562 1157.3260498046875 258.3727111816406 0.7205600738525391 1.7505862712860107 0.5487352013587952 8.202281951904297 1.3246486186981201 11.622818946838379 -5.164866924285889 0.2076
Pedestrian 1 1 1 984.3455200195312 150.50392150878906 1022.3861694335938 217.97654724121094 0.7757725715637207 1.770474910736084 0.6197261810302734 10.480704307556152 1.183711051940918 19.336271286010742 -7.802916049957275 0.1991
Pedestrian 1 1 1 0.0 164.16574096679688 45.16434860229492 294.6777038574219 0.6436926126480103 1.6815834045410156 0.6282830238342285 -8.149654388427734 1.569339394569397 9.7188138961792 -5.133562088012695 0.1933
Pedestrian 1 1 1 786.4751586914062 160.29701232910156 806.5418090820312 212.92025756835938 0.6743972301483154 1.7557801008224487 0.6400028467178345 6.285684585571289 1.3365148305892944 24.487201690673828 -7.571527004241943 0.1866
Pedestrian 1 1 1 931.6430053710938 157.53616333007812 962.5652465820312 216.2918243408203 0.7135874032974243 1.7516376972198486 0.6258439421653748 10.166748046875 1.2946789264678955 21.882421493530273 -7.804738521575928 0.1808
Pedestrian 1 1 1 402.94134521484375 164.4541015625 421.30560302734375 203.6800079345703 0.64918452501297 1.7819128036499023 0.646954357624054 -9.11939811706543 1.4000309705734253 33.11450958251953 -7.813980579376221 0.1800
Pedestrian 1 1 1 146.00106811523438 163.1475372314453 187.84596252441406 237.44606018066406 0.6532926559448242 1.754758596420288 0.5721336007118225 -10.735125541687012 1.5252145528793335 17.41088104248047 -4.544589042663574 0.1797
Pedestrian 1 1 1 97.83805084228516 159.4319305419922 159.81582641601562 266.1141357421875 0.7380571961402893 1.739664912223816 0.5729493498802185 -8.208110809326172 1.5204914808273315 12.233154296875 -4.029501914978027 0.1795
Car 1 1 1 542.8035888671875 179.99566650390625 587.1249389648438 211.13421630859375 3.761486530303955 1.497199296951294 1.6155261993408203 -2.4384689331054688 1.889532446861267 37.64484405517578 -8.108997344970703 0.1781
Car 1 1 1 574.8134155273438 177.6228790283203 607.7373657226562 203.57798767089844 3.9636902809143066 1.5056571960449219 1.5824865102767944 -1.1503736972808838 1.8140201568603516 44.654808044433594 -4.620031833648682 0.1766
Car 1 1 1 0.0 190.9073028564453 0.0 374.0 4.068195819854736 1.5358527898788452 1.6416237354278564 -5.632541179656982 1.6540868282318115 2.60019588470459 -4.555716514587402 0.1742
Pedestrian 1 1 1 871.894287109375 161.25210571289062 900.831298828125 218.44480895996094 0.6656206250190735 1.6813645362854004 0.5799314975738525 8.204428672790527 1.339989423751831 21.564632415771484 -7.925567150115967 0.1727
Car 1 1 1 708.4109497070312 177.353759765625 799.865234375 248.24594116210938 3.7424557209014893 1.493429183959961 1.5987271070480347 3.2928431034088135 1.6131781339645386 17.345792770385742 -7.8107590675354 0.1720
Pedestrian 1 1 1 211.41107177734375 174.09368896484375 250.94313049316406 249.46527099609375 0.565907895565033 1.577749490737915 0.5021727681159973 -8.156542778015137 1.6045588254928589 15.44665813446045 -4.4874372482299805 0.1703
Pedestrian 1 1 1 393.97161865234375 165.56658935546875 414.83294677734375 209.57948303222656 0.657193660736084 1.7829654216766357 0.6509594917297363 -8.465362548828125 1.487452507019043 29.57012367248535 -4.674872398376465 0.1670
Pedestrian 1 1 1 915.5994873046875 157.65042114257812 956.25732421875 236.2013702392578 0.7692915201187134 1.7052088975906372 0.5557507872581482 7.232714653015137 1.374864935874939 16.125009536743164 -3.853268623352051 0.1657
Pedestrian 1 1 1 756.7982177734375 169.44190979003906 770.1651000976562 206.65731811523438 0.5180702805519104 1.742987036705017 0.6002696752548218 7.217607498168945 1.5828815698623657 34.11747741699219 -4.4670023918151855 0.1574
Cyclist 1 1 1 315.3219909667969 160.89688110351562 362.25299072265625 217.7570343017578 1.5856393575668335 1.711218237876892 0.5556811094284058 -8.502867698669434 1.3510665893554688 22.552480697631836 -4.451611518859863 0.1563
Pedestrian 1 1 1 1172.5679931640625 120.69664764404297 1241.0 313.8826599121094 0.8404736518859863 1.7681853771209717 0.6226876974105835 5.971740245819092 1.2905017137527466 7.116870403289795 -7.018557071685791 0.1559
Pedestrian 1 1 1 26.113460540771484 158.46749877929688 85.7803726196289 280.1016540527344 0.7003974914550781 1.7147785425186157 0.6449423432350159 -8.207579612731934 1.5116599798202515 10.641419410705566 -8.429516792297363 0.1514
Pedestrian 1 1 1 1005.7396240234375 151.53578186035156 1037.9849853515625 213.82667541503906 0.7341265082359314 1.799059510231018 0.5822946429252625 12.06435489654541 1.1830558776855469 21.237205505371094 -7.738925457000732 0.1488
Cyclist 1 1 1 740.3690185546875 170.50189208984375 764.7513427734375 209.0100860595703 1.6653779745101929 1.672902226448059 0.5694667100906372 6.307666301727295 1.5704201459884644 32.20756149291992 -4.838997840881348 0.1482
Car 1 1 1 616.5099487304688 178.58407592773438 703.7015380859375 210.49655151367188 4.012583255767822 1.4790315628051758 1.6094530820846558 2.325195074081421 1.761372685432434 34.679237365722656 -6.336884021759033 0.1470
Cyclist 1 1 1 431.3171081542969 176.86297607421875 449.96514892578125 209.77777099609375 1.7258671522140503 1.7150012254714966 0.5838456749916077 -9.10425090789795 1.9343693256378174 38.67095947265625 -4.705097198486328 0.1456
Car 1 1 1 618.1102905273438 175.38653564453125 640.0928344726562 196.42872619628906 3.898777961730957 1.5349870920181274 1.5992790460586548 1.3993192911148071 1.7348054647445679 55.060401916503906 -7.846888065338135 0.1440
Car 1 1 1 562.0198364257812 177.5859375 588.04931640625 201.4912567138672 4.041278839111328 1.531098484992981 1.6453481912612915 -2.447463274002075 1.866540789604187 49.11566925048828 -4.791203022003174 0.1417
Cyclist 1 1 1 756.0791625976562 169.52745056152344 780.734130859375 209.1588897705078 1.7562609910964966 1.6976969242095947 0.5916339755058289 6.92507791519165 1.5548970699310303 31.80484390258789 -4.780564308166504 0.1417
Pedestrian 1 1 1 898.2551879882812 156.65516662597656 926.1830444335938 213.81607055664062 0.7403512597084045 1.7782572507858276 0.6355644464492798 9.51539421081543 1.2740166187286377 22.851478576660156 -7.737232685089111 0.1407
Cyclist 1 1 1 997.4163208007812 154.17726135253906 1081.3514404296875 244.0166778564453 1.7444559335708618 1.6943964958190918 0.5145186185836792 8.527511596679688 1.3418481349945068 14.501618385314941 -7.951985836029053 0.1397
Car 1 1 1 535.05517578125 177.64772033691406 579.6937255859375 212.8946533203125 3.921661853790283 1.5248063802719116 1.66158926486969 -2.443240165710449 1.7619380950927734 33.74662780761719 -7.8161091804504395 0.1389
Pedestrian 1 1 1 982.53076171875 158.8271942138672 1024.8326416015625 258.45587158203125 0.7098667621612549 1.6273143291473389 0.5376085042953491 6.6222076416015625 1.3979034423828125 12.230650901794434 -4.075808525085449 0.1386
Cyclist 1 1 1 344.8747863769531 161.16664123535156 383.5188293457031 212.62611389160156 1.611618995666504 1.7106062173843384 0.5496387481689453 -8.484634399414062 1.3217971324920654 24.826650619506836 -4.5368146896362305 0.1382
Pedestrian 1 1 1 69.58268737792969 160.96923828125 102.89019775390625 237.16583251953125 0.7328084707260132 1.7886790037155151 0.5751100778579712 -12.67055892944336 1.5093897581100464 17.398635864257812 -5.232781410217285 0.1339
Cyclist 1 1 1 968.3824462890625 150.34860229492188 1054.6124267578125 249.32723999023438 1.7661352157592773 1.6882011890411377 0.5225273966789246 7.239983081817627 1.3040443658828735 13.20164966583252 -7.903627872467041 0.1334
Pedestrian 1 1 1 774.377685546875 166.2852783203125 791.2838134765625 207.60177612304688 0.7525889277458191 1.723704218864441 0.6131904721260071 7.260420799255371 1.4493601322174072 30.512792587280273 -7.732822895050049 0.1332
Car 1 1 1 1241.0 149.75938415527344 1241.0 361.1119384765625 4.093861103057861 1.5330802202224731 1.593516230583191 8.489320755004883 1.3652597665786743 6.361250400543213 -6.4509992599487305 0.1331
Car 1 1 1 0.0 184.6024627685547 0.0 374.0 4.13227653503418 1.5711625814437866 1.6564606428146362 -9.183911323547363 1.7313706874847412 7.748650550842285 -4.7680864334106445 0.1325
Pedestrian 1 1 1 40.57542037963867 161.3532257080078 92.57598876953125 254.60423278808594 0.6198930144309998 1.7862544059753418 0.5421851277351379 -10.741950035095215 1.5656534433364868 14.20162296295166 -4.3871307373046875 0.1318
Pedestrian 1 1 1 1205.077392578125 146.8290252685547 1241.0 235.5217742919922 0.7267665863037109 1.7308136224746704 0.5510156750679016 12.40095043182373 1.2226439714431763 14.50520133972168 -3.6903018951416016 0.1317
Car 1 1 1 400.1018371582031 181.81655883789062 455.6721496582031 214.37481689453125 3.789435625076294 1.462113380432129 1.5850709676742554 -8.905535697937012 1.9256517887115479 35.40516662597656 -4.6558308601379395 0.1315
Car 1 1 1 622.4511108398438 177.24209594726562 665.4109497070312 214.32754516601562 3.6808571815490723 1.5160983800888062 1.5690840482711792 1.3994886875152588 1.7206487655639648 31.81197738647461 -4.754321575164795 0.1313
Pedestrian 1 1 1 1072.669677734375 152.01885986328125 1108.8433837890625 237.42706298828125 0.7471867799758911 1.6992865800857544 0.5652559399604797 9.809803009033203 1.2844494581222534 14.820116996765137 -4.1970696449279785 0.1302
Pedestrian 1 1 1 258.1612854003906 165.71080017089844 299.0401916503906 234.168701171875 0.8848023414611816 1.6992582082748413 0.6408275961875916 -8.469135284423828 1.5216501951217651 18.35594940185547 -7.865230083465576 0.1301
Car 1 1 1 195.880859375 184.47743225097656 359.4759826660156 277.84881591796875 4.029009819030762 1.4934241771697998 1.6358000040054321 -6.327493667602539 1.7542306184768677 14.13291072845459 -4.795661449432373 0.1300
Pedestrian 1 1 1 830.6889038085938 157.3438262939453 874.7161865234375 232.8624725341797 0.8762475848197937 1.733444094657898 0.5921298861503601 5.687673568725586 1.3771260976791382 17.060813903808594 -6.921032428741455 0.1300
Pedestrian 1 1 1 797.92529296875 160.95413208007812 819.4129028320312 218.1023712158203 0.6864561438560486 1.702345371246338 0.615650475025177 5.9756598472595215 1.3475693464279175 21.90205192565918 -7.603975772857666 0.1293
Cyclist 1 1 1 966.3017578125 154.51573181152344 1049.141845703125 244.73455810546875 1.7442840337753296 1.7024887800216675 0.5123709440231323 7.900343894958496 1.3561338186264038 14.515474319458008 -7.995675563812256 0.1282
Car 1 1 1 983.4935302734375 159.3740997314453 1104.7178955078125 208.68463134765625 3.5275254249572754 1.5444679260253906 1.5818465948104858 14.545833587646484 1.1219605207443237 24.477575302124023 -4.895090579986572 0.1273
Pedestrian 1 1 1 380.2713928222656 167.16477966308594 403.6822204589844 213.10317993164062 0.7688880562782288 1.7560302019119263 0.6237143874168396 -8.498291015625 1.5382553339004517 27.994441986083984 -4.614383697509766 0.1273
Pedestrian 1 1 1 716.926025390625 164.01068115234375 730.0161743164062 196.8509063720703 0.7458068132400513 1.8124767541885376 0.6502282619476318 6.282898426055908 1.3241074085235596 40.21327209472656 -7.796201229095459 0.1271
Pedestrian 1 1 1 68.4645767211914 157.14419555664062 121.66670227050781 242.75515747070312 0.7214497923851013 1.7830753326416016 0.5841656923294067 -11.07494068145752 1.4555772542953491 15.458015441894531 -4.417307376861572 0.1258
Pedestrian 1 1 1 931.5874633789062 151.8997039794922 981.681884765625 250.5065460205078 0.645033061504364 1.7527660131454468 0.5312871336936951 6.283852577209473 1.3799972534179688 13.209741592407227 -8.13897705078125 0.1251
Pedestrian 1 1 1 250.8715362548828 164.0641326904297 283.6324768066406 221.07852172851562 0.7602805495262146 1.7475926876068115 0.5966809391975403 -10.748507499694824 1.4778679609298706 22.540922164916992 -7.686720371246338 0.1250
Car 1 1 1 721.9465942382812 174.9424591064453 770.8294067382812 205.84310913085938 3.625436305999756 1.4904619455337524 1.6244348287582397 6.877633094787598 1.6023720502853394 36.91044998168945 -4.77047061920166 0.1243
Car 1 1 1 436.4099426269531 178.95848083496094 493.3768310546875 218.7022247314453 3.772711753845215 1.4963053464889526 1.5859462022781372 -5.928744316101074 1.76266610622406 29.631738662719727 -4.713221073150635 0.1240
Pedestrian 1 1 1 1003.7075805664062 153.3776397705078 1043.4390869140625 222.918212890625 0.7230268120765686 1.7339433431625366 0.6144975423812866 10.465921401977539 1.2480148077011108 18.366209030151367 -7.808207035064697 0.1237
Car 1 1 1 464.4164123535156 181.1136016845703 512.9555053710938 212.3803253173828 3.9521265029907227 1.4939219951629639 1.6408815383911133 -6.290883541107178 1.9468233585357666 37.56724548339844 -4.650149822235107 0.1231
Car 1 1 1 1241.0 140.91964721679688 1241.0 374.0 4.061993598937988 1.5303236246109009 1.6006826162338257 5.212350368499756 1.4607446193695068 2.548938274383545 -6.191147804260254 0.1230
Pedestrian 1 1 1 457.728271484375 168.8755340576172 471.4347229003906 198.5571746826172 0.7906263470649719 1.7693309783935547 0.6478990316390991 -8.781872749328613 1.5318738222122192 43.41520309448242 -7.826313495635986 0.1228
Car 1 1 1 483.47344970703125 178.39230346679688 526.261474609375 205.80398559570312 3.9287636280059814 1.5377435684204102 1.6194013357162476 -6.2953081130981445 1.8857653141021729 43.340415954589844 -4.6057586669921875 0.1228
Pedestrian 1 1 1 752.9989624023438 164.62448120117188 768.8593139648438 206.61053466796875 0.7833136916160583 1.7323826551437378 0.6173079013824463 6.270344257354736 1.392525553703308 30.20821762084961 -4.547887802124023 0.1228
Pedestrian 1 1 1 79.42192840576172 161.2496337890625 125.39507293701172 238.56016540527344 0.7194022536277771 1.7806119918823242 0.5527493357658386 -12.05202579498291 1.5130409002304077 17.06660270690918 -4.212102890014648 0.1216
Car 1 1 1 582.06396484375 177.75942993164062 617.8494873046875 208.45191955566406 3.6399357318878174 1.534837007522583 1.5952218770980835 -0.5317864418029785 1.8094120025634766 38.55623245239258 -7.778393268585205 0.1215
Car 1 1 1 307.08209228515625 182.95318603515625 402.1257629394531 248.82948303222656 4.01974630355835 1.4754444360733032 1.6097166538238525 -6.606142997741699 1.7693361043930054 18.912382125854492 -4.8595805168151855 0.1213
Pedestrian 1 1 1 736.5643310546875 169.8600311279297 751.9166259765625 205.98448181152344 0.7608993649482727 1.6862996816635132 0.6092049479484558 6.293824672698975 1.5462403297424316 34.07380676269531 -7.814345836639404 0.1207
Pedestrian 1 1 1 817.3530883789062 160.70973205566406 840.76708984375 218.2449493408203 0.6368456482887268 1.7181434631347656 0.6022449731826782 6.597322463989258 1.3551859855651855 21.910308837890625 -7.689560413360596 0.1205
Car 1 1 1 0.0 0.0 1241.0 374.0 3.807412624359131 1.5477521419525146 1.6080435514450073 2.6754813194274902 1.5414817333221436 0.09669241309165955 -7.907382488250732 0.1197
Cyclist 1 1 1 0.0 0.0 1241.0 374.0 1.8572331666946411 1.6499961614608765 0.5162409543991089 6.9028706550598145 1.2941924333572388 -0.2909596860408783 -8.075550079345703 0.1195
Cyclist 1 1 1 812.2810668945312 162.48716735839844 850.0488891601562 226.50347900390625 1.6577399969100952 1.6713120937347412 0.5256438851356506 5.956561088562012 1.4003591537475586 19.667415618896484 -7.850428104400635 0.1181
Pedestrian 1 1 1 797.8690795898438 163.3262481689453 825.267822265625 225.55584716796875 0.7358099818229675 1.633269190788269 0.5687050223350525 5.340567588806152 1.38290536403656 19.32373809814453 -7.786036014556885 0.1178
Car 1 1 1 766.573974609375 174.70016479492188 890.0845947265625 218.1934356689453 3.9563724994659424 1.5125378370285034 1.610032081604004 7.750206470489502 1.5808438062667847 25.9879150390625 -6.293502330780029 0.1171
Car 1 1 1 524.2364501953125 177.7039337158203 552.0416259765625 200.58956909179688 3.8979861736297607 1.511400818824768 1.6142469644546509 -5.017441749572754 1.8633428812026978 50.443328857421875 -4.7273640632629395 0.1164
Cyclist 1 1 1 885.74560546875 154.51719665527344 945.6919555664062 235.82069396972656 1.7261134386062622 1.6831986904144287 0.5024641156196594 6.612269878387451 1.3032782077789307 15.812969207763672 -7.907307147979736 0.1164
Car 1 1 1 597.5560913085938 176.4930419921875 618.5165405273438 197.10952758789062 3.8049254417419434 1.5419632196426392 1.5695769786834717 -0.20893539488315582 1.8366081714630127 56.56211853027344 -4.7339043617248535 0.1157
Pedestrian 1 1 1 431.9945983886719 166.4493865966797 447.0203552246094 197.9611358642578 0.7419620156288147 1.7807378768920898 0.6369426250457764 -9.761524200439453 1.418510913848877 41.16999435424805 -7.7723822593688965 0.1157
Car 1 1 1 916.590087890625 167.32501220703125 1023.2020874023438 215.1313018798828 3.3921446800231934 1.4990782737731934 1.509814739227295 12.022317886352539 1.3254039287567139 24.425973892211914 -4.884872913360596 0.1156
Pedestrian 1 1 1 1018.9331665039062 154.91065979003906 1069.6915283203125 263.6507873535156 0.6879063844680786 1.6855570077896118 0.5684487819671631 6.9139580726623535 1.407121181488037 11.602324485778809 -7.521223545074463 0.1148
Pedestrian 1 1 1 1012.4627685546875 150.22869873046875 1080.5648193359375 277.2063293457031 0.6078022122383118 1.690932273864746 0.53955078125 5.9833197593688965 1.389336347579956 9.99592399597168 -8.272991180419922 0.1140
Pedestrian 1 1 1 368.97637939453125 168.14553833007812 394.0368957519531 213.25416564941406 0.7603956460952759 1.7595957517623901 0.6015834808349609 -9.100784301757812 1.5756282806396484 28.610580444335938 -7.472475528717041 0.1139
Car 1 1 1 1010.1134033203125 169.9440460205078 1155.5240478515625 227.28555297851562 3.5166566371917725 1.4904073476791382 1.540737271308899 13.284819602966309 1.4144724607467651 20.600584030151367 -4.848405361175537 0.1124
Pedestrian 1 1 1 956.5612182617188 156.52195739746094 987.2298583984375 216.88230895996094 0.7479236125946045 1.7707782983779907 0.619166374206543 10.767861366271973 1.291348934173584 21.583988189697266 -7.702497959136963 0.1118
Car 1 1 1 678.8640747070312 176.98907470703125 753.7615966796875 233.83546447753906 3.8559799194335938 1.5180503129959106 1.6014890670776367 3.0181751251220703 1.6520389318466187 21.49142837524414 -7.870330333709717 0.1115
Pedestrian 1 1 1 335.979248046875 165.446044921875 362.342041015625 216.0980987548828 0.7830003499984741 1.7331914901733398 0.6079708337783813 -9.111968040466309 1.4794089794158936 25.09510040283203 -7.805343151092529 0.1111
Pedestrian 1 1 1 182.68507385253906 166.2787628173828 224.1079864501953 244.67681884765625 0.5640363693237305 1.708492398262024 0.5769017338752747 -9.111745834350586 1.56490159034729 16.085105895996094 -4.378520488739014 0.1110
Pedestrian 1 1 1 78.61619567871094 162.97206115722656 130.17474365234375 255.00933837890625 0.6254816055297852 1.7212142944335938 0.5336549878120422 -9.73153018951416 1.5361095666885376 13.82585620880127 -4.636043548583984 0.1095
Pedestrian 1 1 1 156.8658447265625 162.0057373046875 195.07908630371094 232.80857849121094 0.7078670263290405 1.762041687965393 0.5623805522918701 -11.062941551208496 1.4917654991149902 18.322664260864258 -4.7567291259765625 0.1088
Pedestrian 1 1 1 137.80584716796875 160.81756591796875 165.18359375 233.3693084716797 0.7394487261772156 1.7984455823898315 0.5748058557510376 -11.70345687866211 1.4997813701629639 18.351118087768555 -5.260271072387695 0.1088
Pedestrian 1 1 1 97.17897033691406 161.3509521484375 129.67953491210938 233.88052368164062 0.7402691841125488 1.7978489398956299 0.568997859954834 -12.680814743041992 1.5124138593673706 18.349397659301758 -5.47691535949707 0.1083
Pedestrian 1 1 1 1222.9730224609375 142.70079040527344 1241.0 246.63514709472656 0.7312995791435242 1.7472102642059326 0.575864315032959 11.112713813781738 1.2400134801864624 12.576546669006348 -3.763040065765381 0.1082
Car 1 1 1 447.95513916015625 178.7088165283203 501.6103210449219 213.55648803710938 3.9716553688049316 1.4889144897460938 1.6317037343978882 -6.249855995178223 1.776897668838501 33.51605224609375 -4.679649829864502 0.1082
Pedestrian 1 1 1 1154.7396240234375 146.7995147705078 1207.991943359375 245.66018676757812 0.7254619002342224 1.7052538394927979 0.5662267804145813 10.135639190673828 1.2555385828018188 12.88879680633545 -4.323843002319336 0.1082
Pedestrian 1 1 1 301.4532470703125 171.52383422851562 330.2049255371094 229.4973907470703 0.5717417597770691 1.6326302289962769 0.5520395040512085 -8.458792686462402 1.5948708057403564 20.638172149658203 -4.585537910461426 0.1081
Car 1 1 1 159.19198608398438 179.87489318847656 267.7864990234375 230.91769409179688 3.6607859134674072 1.483750581741333 1.5634448528289795 -12.729194641113281 1.7284270524978638 23.32925796508789 -4.73413610458374 0.1076
Pedestrian 1 1 1 973.2979125976562 156.00485229492188 1012.4108276367188 226.573974609375 0.6932533979415894 1.728790044784546 0.5984788537025452 9.507339477539062 1.315722942352295 18.03144645690918 -7.883616924285889 0.1076
Pedestrian 1 1 1 317.79779052734375 163.2716827392578 341.6648864746094 212.2410125732422 0.7434547543525696 1.787376880645752 0.6034947633743286 -10.415648460388184 1.4373232126235962 26.712549209594727 -4.728305339813232 0.1071
Pedestrian 1 1 1 191.2444610595703 161.6398468017578 229.32127380371094 228.10330200195312 0.7550435662269592 1.7435870170593262 0.5879174470901489 -10.74113941192627 1.449097752571106 19.315637588500977 -7.821096897125244 0.1069
Car 1 1 1 526.2254028320312 178.02239990234375 552.22021484375 199.95152282714844 4.012140274047852 1.5610758066177368 1.6287825107574463 -5.322447299957275 1.964440107345581 54.334930419921875 -4.7285075187683105 0.1067
Car 1 1 1 0.0 182.9341278076172 10.418644905090332 288.02105712890625 3.730194568634033 1.5022850036621094 1.5538907051086426 -12.74308967590332 1.705065131187439 12.61042308807373 -4.800244331359863 0.1064
Pedestrian 1 1 1 1113.263671875 147.94789123535156 1153.16162109375 245.36273193359375 0.7222105860710144 1.7213373184204102 0.5441098809242249 9.505380630493164 1.2809420824050903 13.200213432312012 -4.15085506439209 0.1064
Car 1 1 1 761.3054809570312 173.95606994628906 836.4475708007812 210.2359619140625 3.843989372253418 1.4781262874603271 1.6074022054672241 8.132658958435059 1.5291781425476074 31.571094512939453 -4.928099632263184 0.1062
Pedestrian 1 1 1 0.0 0.0 1241.0 374.0 0.7594982981681824 1.8170838356018066 0.5873058438301086 -5.2500104904174805 1.401762843132019 -0.2722785174846649 -7.302399158477783 0.1059
Cyclist 1 1 1 926.85302734375 156.28170776367188 992.680419921875 234.45091247558594 1.7469533681869507 1.6822799444198608 0.5185795426368713 7.869787216186523 1.325327754020691 16.421836853027344 -7.946072101593018 0.1057
Car 1 1 1 517.5673828125 178.18980407714844 553.49658203125 206.33343505859375 3.863349437713623 1.5610140562057495 1.6535030603408813 -4.396237373352051 1.8909533023834229 42.70823287963867 -4.691473960876465 0.1057
Car 1 1 1 495.83642578125 178.2474365234375 525.15771484375 202.93222045898438 3.9729230403900146 1.5372581481933594 1.6365625858306885 -6.591190814971924 1.9098788499832153 47.85625076293945 -4.7746052742004395 0.1055
Pedestrian 1 1 1 769.88037109375 164.20639038085938 788.8855590820312 211.2916717529297 0.7018908858299255 1.7346054315567017 0.6275088787078857 6.299117088317871 1.4157307147979736 27.01456642150879 -7.525672435760498 0.1048
Car 1 1 1 614.7825927734375 176.3660888671875 641.9334106445312 201.8755340576172 3.8773303031921387 1.5511960983276367 1.6422995328903198 1.10890531539917 1.7859344482421875 46.34846496582031 -4.71258020401001 0.1044
Pedestrian 1 1 1 849.6187744140625 159.82965087890625 874.9102172851562 226.2353973388672 0.6845487952232361 1.7106107473373413 0.5988442897796631 6.58527946472168 1.3748037815093994 19.00088119506836 -7.561415195465088 0.1043
Pedestrian 1 1 1 917.569580078125 155.496826171875 946.302001953125 213.18255615234375 0.7464649677276611 1.7938836812973022 0.6202356219291687 10.133163452148438 1.2538185119628906 22.836795806884766 -7.767025470733643 0.1043
Pedestrian 1 1 1 834.1265258789062 159.08290100097656 859.1669311523438 221.2039337158203 0.682022750377655 1.7108341455459595 0.617972731590271 6.593292236328125 1.3312734365463257 20.276216506958008 -7.613348484039307 0.1043
Pedestrian 1 1 1 50.96696853637695 158.29026794433594 101.43949127197266 240.8148956298828 0.7384335994720459 1.7597192525863647 0.5683150887489319 -11.701857566833496 1.4488686323165894 15.764383316040039 -4.746265888214111 0.1033
Car 1 1 1 590.1353149414062 175.7180633544922 610.9909057617188 194.7501678466797 3.947491407394409 1.5226764678955078 1.553606629371643 -0.8424265384674072 1.7699434757232666 60.351898193359375 -7.9152445793151855 0.1033
Pedestrian 1 1 1 195.71145629882812 174.68362426757812 234.92576599121094 253.20626831054688 0.6037143468856812 1.5814273357391357 0.491106778383255 -8.17152214050293 1.6195902824401855 14.857175827026367 -4.7508673667907715 0.1033
Car 1 1 1 581.093505859375 178.438720703125 617.7252197265625 212.6993408203125 3.93588924407959 1.493715763092041 1.6302460432052612 -0.5403059124946594 1.7725268602371216 34.081966400146484 -4.725937843322754 0.1028
Car 1 1 1 838.71044921875 174.8171844482422 917.5331420898438 216.25656127929688 3.652775526046753 1.511187195777893 1.574734091758728 10.395002365112305 1.5931192636489868 28.356225967407227 -4.76712703704834 0.1027
Pedestrian 1 1 1 251.1874542236328 163.07037353515625 280.1260681152344 216.74932861328125 0.762205183506012 1.790800929069519 0.6129646301269531 -11.710708618164062 1.4641063213348389 24.455562591552734 -7.844125270843506 0.1026
Pedestrian 1 1 1 690.511962890625 164.02313232421875 714.880126953125 231.4830322265625 0.7358232140541077 1.7654834985733032 0.5815582871437073 2.43483304977417 1.5340723991394043 19.305822372436523 -7.633695125579834 0.1026
Car 1 1 1 1055.542236328125 168.43194580078125 1241.0 241.74301147460938 3.7784688472747803 1.5056443214416504 1.6202974319458008 12.33226490020752 1.4145253896713257 16.745643615722656 -7.903309345245361 0.1019
Pedestrian 1 1 1 949.453369140625 156.85704040527344 984.8790283203125 220.93954467773438 0.7128551602363586 1.7412139177322388 0.6163515448570251 9.826762199401855 1.306253433227539 19.969968795776367 -7.881446361541748 0.1015
Pedestrian 1 1 1 765.9730224609375 163.35678100585938 788.15576171875 214.84222412109375 0.6729804873466492 1.735805630683899 0.6287767887115479 5.688806533813477 1.4153118133544922 24.760589599609375 -7.4414753913879395 0.1011
Pedestrian 1 1 1 129.2806854248047 162.0673065185547 162.1616973876953 230.09544372558594 0.7447957396507263 1.8077309131622314 0.5771902203559875 -12.686735153198242 1.5207929611206055 19.637298583984375 -2.4082765579223633 0.1007
Pedestrian 1 1 1 317.27581787109375 172.38235473632812 347.14874267578125 230.4534149169922 0.571880578994751 1.6044813394546509 0.5486443042755127 -7.856827735900879 1.5911502838134766 20.288822174072266 -4.4192728996276855 0.1007
