Car 1 1 1 361.1614990234375 183.75750732421875 518.3634643554688 305.5781555175781 3.780937671661377 1.5106159448623657 1.6082645654678345 -2.488588809967041 1.7082237005233765 11.19233226776123 -4.7297773361206055 0.7989
Car 1 1 1 542.8378295898438 176.5508270263672 603.3978271484375 234.98831176757812 4.107271671295166 1.653495192527771 1.6805000305175781 -1.1243627071380615 1.7802183628082275 22.734189987182617 -4.707365036010742 0.7350
Car 1 1 1 479.992919921875 174.5401611328125 569.7384643554688 260.687255859375 3.9653096199035645 1.6997779607772827 1.6411746740341187 -1.8527759313583374 1.7422739267349243 16.31399154663086 -4.732808589935303 0.7322
Car 1 1 1 625.2474365234375 181.6780242919922 661.6885375976562 213.9752655029297 3.8326685428619385 1.5431240797042847 1.6551674604415894 1.748787760734558 2.0265791416168213 37.56066131591797 -4.601966857910156 0.6838
Car 1 1 1 692.9544067382812 182.67698669433594 719.0516967773438 206.83531188964844 3.761103868484497 1.5364553928375244 1.6177465915679932 6.585489749908447 2.2372090816497803 49.502532958984375 -4.5373945236206055 0.4286
Cyclist 1 1 1 966.176513671875 156.05474853515625 1087.44775390625 255.28549194335938 1.8285584449768066 1.761254906654358 0.6258836388587952 7.530838966369629 1.4627835750579834 13.185296058654785 -3.068734645843506 0.3994
Car 1 1 1 861.8622436523438 177.0712127685547 1003.4853515625 223.46324157714844 4.0668840408325195 1.5042760372161865 1.615512490272522 10.79083251953125 1.651840090751648 24.4266357421875 -3.109785556793213 0.3939
Pedestrian 1 1 1 89.83164978027344 151.923095703125 187.1177520751953 320.77459716796875 0.8129028677940369 1.76805579662323 0.6461611986160278 -5.264585971832275 1.5485867261886597 8.015851020812988 -4.904165267944336 0.3869
Pedestrian 1 1 1 1043.810546875 151.39190673828125 1083.56787109375 238.396484375 0.7012755870819092 1.766149640083313 0.6247493624687195 9.453770637512207 1.3301799297332764 15.115983963012695 -7.171104431152344 0.3806
Pedestrian 1 1 1 776.8812866210938 158.9712371826172 817.2532958984375 231.14431762695312 0.780150830745697 1.7943447828292847 0.6237783432006836 4.716368675231934 1.4488959312438965 18.397764205932617 -3.6333508491516113 0.3771
Car 1 1 1 655.9554443359375 181.95916748046875 685.9784545898438 209.1494598388672 3.779407501220703 1.5421537160873413 1.6151710748672485 3.7393946647644043 2.125173330307007 44.239322662353516 -4.568775177001953 0.3657
Pedestrian 1 1 1 769.7346801757812 168.7183380126953 782.9663696289062 203.31924438476562 0.4224080741405487 1.7595666646957397 0.5260034799575806 8.496199607849121 1.548954963684082 37.02385711669922 -7.147663593292236 0.3656
Pedestrian 1 1 1 1081.9188232421875 144.48284912109375 1148.7606201171875 263.76251220703125 0.733221173286438 1.7855364084243774 0.6530788540840149 7.843048572540283 1.360539436340332 11.28065013885498 -3.770415782928467 0.3597
Car 1 1 1 714.1504516601562 184.54232788085938 764.5594482421875 205.06268310546875 3.6440536975860596 1.5473898649215698 1.6493839025497437 10.286023139953613 2.5028398036956787 57.537559509277344 -6.678170680999756 0.3369
Pedestrian 1 1 1 474.20989990234375 170.0336151123047 495.7154541015625 212.18032836914062 0.705632746219635 1.7197096347808838 0.6219587326049805 -5.216825008392334 1.6043293476104736 29.871417999267578 -7.5455145835876465 0.3002
Car 1 1 1 576.4017944335938 180.415771484375 619.3937377929688 221.32847595214844 3.9367823600769043 1.5232264995574951 1.6460899114608765 -0.5704659819602966 1.8539677858352661 29.594148635864258 -4.744181156158447 0.2830
Pedestrian 1 1 1 764.616455078125 160.76443481445312 783.4395141601562 203.63368225097656 0.721600353717804 1.794824481010437 0.6540049910545349 6.903672218322754 1.2883659601211548 30.581022262573242 -4.6771016120910645 0.2726
Pedestrian 1 1 1 358.6140441894531 161.32168579101562 381.8896179199219 208.59918212890625 0.7063331604003906 1.8319038152694702 0.6253776550292969 -9.458781242370605 1.384750485420227 28.346967697143555 -7.7308220863342285 0.2564
Car 1 1 1 629.8867797851562 174.2840576171875 661.7987060546875 197.9242401123047 3.912799596786499 1.5033016204833984 1.6461728811264038 2.4012420177459717 1.6026452779769897 48.20480728149414 -4.534929275512695 0.2562
Pedestrian 1 1 1 271.35821533203125 152.13352966308594 337.3091735839844 269.6200256347656 0.7849485278129578 1.8146342039108276 0.5852499008178711 -4.97360897064209 1.494296908378601 11.631019592285156 -4.1828999519348145 0.2403
Pedestrian 1 1 1 218.35617065429688 162.75038146972656 274.9002380371094 277.01544189453125 0.5757194757461548 1.7809568643569946 0.5759559273719788 -5.899647235870361 1.6231799125671387 11.618246078491211 -4.344165802001953 0.2272
Pedestrian 1 1 1 801.2021484375 159.38772583007812 817.0963134765625 198.2703399658203 0.6601207256317139 1.7845664024353027 0.6466057896614075 9.19896125793457 1.166214942932129 33.495025634765625 -7.687240123748779 0.2225
Pedestrian 1 1 1 169.20687866210938 160.55618286132812 216.00030517578125 282.1986999511719 0.7335115671157837 1.7187312841415405 0.5451884865760803 -6.19830846786499 1.5446710586547852 10.64371395111084 -8.304361343383789 0.2118
Car 1 1 1 0.0 0.0 1241.0 374.0 3.8892290592193604 1.544032096862793 1.6466947793960571 -3.4166274070739746 1.6258840560913086 1.0119683742523193 -7.902365207672119 0.2021
Pedestrian 1 1 1 896.5761108398438 158.94622802734375 919.8286743164062 207.21188354492188 0.6848354935646057 1.7837669849395752 0.6639094948768616 11.129981994628906 1.269473671913147 27.056018829345703 -7.697560787200928 0.1975
Pedestrian 1 1 1 793.54736328125 159.23097229003906 834.3789672851562 233.94338989257812 0.7756347060203552 1.7882368564605713 0.6187723875045776 4.964968681335449 1.4618706703186035 17.747936248779297 -3.7678518295288086 0.1928
Pedestrian 1 1 1 929.0787963867188 159.59445190429688 949.2903442382812 206.06553649902344 0.494864284992218 1.781444787979126 0.5589507222175598 12.743654251098633 1.2728468179702759 28.033008575439453 -3.854372024536133 0.1918
Pedestrian 1 1 1 0.0 154.2196044921875 48.84929656982422 281.08984375 0.7580226063728333 1.7371717691421509 0.5543842911720276 -8.533751487731934 1.481720209121704 10.343480110168457 -8.328950881958008 0.1913
Pedestrian 1 1 1 834.77099609375 151.0250701904297 875.3729248046875 247.9378204345703 0.7258627414703369 1.7975014448165894 0.6327609419822693 4.655804634094238 1.3923267126083374 13.851275444030762 -4.228367328643799 0.1885
Pedestrian 1 1 1 611.9752197265625 174.7607879638672 626.1923828125 205.35862731933594 0.7546126246452332 1.7255637645721436 0.5851358771324158 0.4841797947883606 1.8353657722473145 41.2056770324707 -7.48400354385376 0.1844
Pedestrian 1 1 1 391.6239929199219 162.73382568359375 414.8497009277344 209.32701110839844 0.7599119544029236 1.7998143434524536 0.6035041213035583 -8.148948669433594 1.4085896015167236 28.298648834228516 -7.6780924797058105 0.1820
Pedestrian 1 1 1 320.7871398925781 164.219482421875 343.4542541503906 210.11886596679688 0.6844897270202637 1.7992409467697144 0.6384032964706421 -11.06449031829834 1.4604705572128296 28.627904891967773 -7.859084606170654 0.1768
Pedestrian 1 1 1 1137.372802734375 134.80279541015625 1198.6595458984375 264.85247802734375 0.7641398310661316 1.834362506866455 0.6010215282440186 8.188461303710938 1.297346830368042 10.657734870910645 -3.8925042152404785 0.1704
Pedestrian 1 1 1 881.3544921875 168.96249389648438 910.7271118164062 227.7244873046875 0.6359219551086426 1.5453414916992188 0.5416128635406494 7.593580722808838 1.4427016973495483 19.298490524291992 -4.692580223083496 0.1681
Cyclist 1 1 1 676.1929321289062 171.2115936279297 684.2237548828125 195.57273864746094 1.6942520141601562 1.7390408515930176 0.4524279534816742 5.071125030517578 1.6214954853057861 52.381038665771484 -7.680095195770264 0.1649
Cyclist 1 1 1 473.1457824707031 168.86325073242188 500.0641784667969 214.8498077392578 1.5887575149536133 1.6693620681762695 0.5509321093559265 -4.651810169219971 1.524193286895752 27.015899658203125 -4.582852363586426 0.1640
Pedestrian 1 1 1 212.3638916015625 173.02816772460938 251.6194305419922 248.36961364746094 0.5685248374938965 1.5825492143630981 0.5033583045005798 -8.157139778137207 1.5860646963119507 15.481837272644043 -4.533971786499023 0.1615
Pedestrian 1 1 1 374.07916259765625 162.0626983642578 397.514404296875 208.88375854492188 0.7557440996170044 1.8102869987487793 0.604731023311615 -8.839228630065918 1.3927524089813232 28.319204330444336 -7.691903591156006 0.1610
Car 1 1 1 896.0775146484375 163.0028839111328 980.2623291015625 199.67245483398438 3.731289863586426 1.5053173303604126 1.6643180847167969 14.212663650512695 1.1006205081939697 31.56870460510254 -4.827634811401367 0.1604
Pedestrian 1 1 1 830.4244384765625 168.9685821533203 847.4713134765625 215.03712463378906 0.8031851649284363 1.6945757865905762 0.5995873808860779 8.520306587219238 1.5513554811477661 27.01275062561035 -7.556319713592529 0.1580
Pedestrian 1 1 1 1018.2224731445312 153.5606231689453 1043.6187744140625 208.88211059570312 0.7195302844047546 1.7680219411849976 0.5789902210235596 13.649347305297852 1.151124119758606 23.492603302001953 -7.531622409820557 0.1575
Pedestrian 1 1 1 791.1834106445312 168.00628662109375 804.9437255859375 196.32481384277344 0.5804053544998169 1.7616543769836426 0.635739803314209 11.776471138000488 1.459784984588623 45.315006256103516 -3.9570679664611816 0.1550
Car 1 1 1 748.0791625976562 177.4616241455078 782.8427734375 203.19041442871094 4.041677474975586 1.53000807762146 1.634973168373108 9.769091606140137 1.835030436515808 45.7325553894043 -4.631850719451904 0.1542
Pedestrian 1 1 1 252.7071533203125 162.3395538330078 286.51177978515625 226.81405639648438 0.7105295062065125 1.7500534057617188 0.6172036528587341 -9.453898429870605 1.4643563032150269 19.952035903930664 -7.89321756362915 0.1538
Pedestrian 1 1 1 321.213134765625 162.39259338378906 361.6452331542969 245.86248779296875 0.8887642025947571 1.7689919471740723 0.6681244373321533 -5.913626670837402 1.5469815731048584 15.783329010009766 -8.012932777404785 0.1536
Pedestrian 1 1 1 275.3003845214844 162.6477508544922 310.8919677734375 227.31991577148438 0.748620331287384 1.756511926651001 0.6550793051719666 -8.812914848327637 1.4790078401565552 19.97272491455078 -4.708508014678955 0.1525
Cyclist 1 1 1 818.5277709960938 177.05679321289062 841.0291748046875 213.4599609375 1.7410162687301636 1.6843817234039307 0.5146583914756775 10.442655563354492 1.8899166584014893 34.462791442871094 -4.730619430541992 0.1507
Pedestrian 1 1 1 487.0141906738281 168.64968872070312 506.4176940917969 211.70567321777344 0.6960211396217346 1.7265934944152832 0.6334052085876465 -4.641251564025879 1.557695984840393 29.306964874267578 -7.7729926109313965 0.1491
Car 1 1 1 634.8902587890625 175.21774291992188 689.44140625 195.97142028808594 4.055474758148193 1.53742516040802 1.668076753616333 3.898505926132202 1.7190924882888794 54.605796813964844 -3.088557004928589 0.1484
Pedestrian 1 1 1 568.4905395507812 166.95286560058594 582.4928588867188 198.34617614746094 0.7982699871063232 1.798735499382019 0.6416751742362976 -2.032259464263916 1.4603190422058105 41.793914794921875 -7.6657633781433105 0.1482
Pedestrian 1 1 1 853.606201171875 168.80853271484375 880.359130859375 219.02247619628906 0.7367057204246521 1.6523860692977905 0.579845666885376 8.544477462768555 1.5189623832702637 24.141162872314453 -7.962478160858154 0.1478
Pedestrian 1 1 1 37.83150100708008 156.20594787597656 110.32837677001953 288.8402404785156 0.6801837682723999 1.7058651447296143 0.5695635080337524 -7.227070331573486 1.4914474487304688 9.68161392211914 -4.971020698547363 0.1467
Pedestrian 1 1 1 167.44558715820312 166.1356964111328 222.81488037109375 280.3985595703125 0.5343484282493591 1.729007363319397 0.5290642380714417 -6.523667812347412 1.627047061920166 11.260364532470703 -4.359254837036133 0.1457
Car 1 1 1 1227.461181640625 174.86148071289062 1241.0 374.0 3.885467529296875 1.5368144512176514 1.6362440586090088 4.298050403594971 1.548033356666565 2.1959986686706543 -7.85222864151001 0.1456
Cyclist 1 1 1 601.9310913085938 173.22549438476562 614.9070434570312 203.63577270507812 1.6997548341751099 1.723283290863037 0.5342053174972534 -0.12093666940927505 1.7449495792388916 41.786643981933594 -4.583078861236572 0.1443
Pedestrian 1 1 1 337.382568359375 164.6348419189453 372.27606201171875 228.71881103515625 0.8571193814277649 1.6807403564453125 0.6144593954086304 -6.887450695037842 1.4648754596710205 19.36170196533203 -7.823188304901123 0.1436
Pedestrian 1 1 1 314.7024230957031 166.61569213867188 349.8443603515625 229.17926025390625 0.8425745964050293 1.6408424377441406 0.5963945388793945 -7.490630626678467 1.4769318103790283 19.355884552001953 -7.816189289093018 0.1415
Pedestrian 1 1 1 639.8955688476562 167.29788208007812 649.7955932617188 196.2742919921875 0.8117661476135254 1.7768279314041138 0.5880246758460999 2.1251156330108643 1.4358274936676025 44.67239761352539 -7.77499532699585 0.1384
Pedestrian 1 1 1 292.4215087890625 162.50265502929688 314.8324279785156 208.594970703125 0.6722690463066101 1.8261080980300903 0.6486142873764038 -12.330151557922363 1.415703535079956 28.94710350036621 -7.9336113929748535 0.1384
Pedestrian 1 1 1 47.814064025878906 165.0164794921875 110.60631561279297 268.629150390625 0.6866573691368103 1.6468883752822876 0.5391995906829834 -8.804983139038086 1.5220136642456055 11.903085708618164 -4.143433570861816 0.1382
Car 1 1 1 694.2454833984375 181.58843994140625 720.453125 201.3760986328125 3.935393810272217 1.4976445436477661 1.6701809167861938 7.909199237823486 2.2321512699127197 58.588340759277344 -4.463207721710205 0.1375
Pedestrian 1 1 1 114.42862701416016 159.95603942871094 161.1370086669922 261.7137451171875 0.6560118794441223 1.7557076215744019 0.5436545014381409 -8.47437572479248 1.53286874294281 12.864969253540039 -3.800001621246338 0.1371
Car 1 1 1 740.2276000976562 179.8040771484375 779.3615112304688 208.0507049560547 3.942140579223633 1.4980885982513428 1.653593897819519 8.478482246398926 1.914880633354187 41.28144073486328 -4.648318767547607 0.1362
Pedestrian 1 1 1 1056.6466064453125 149.1115264892578 1089.209228515625 211.3370819091797 0.7010742425918579 1.7642310857772827 0.5983965396881104 13.330726623535156 1.0907800197601318 20.869325637817383 -7.611387729644775 0.1355
Pedestrian 1 1 1 1173.022705078125 133.01315307617188 1232.950927734375 272.8955383300781 0.6816248297691345 1.787854552268982 0.6037665605545044 7.884920120239258 1.278343677520752 9.676888465881348 -7.174248218536377 0.1348
Car 1 1 1 424.74200439453125 179.085205078125 489.55743408203125 217.10968017578125 3.7057278156280518 1.4411275386810303 1.6203793287277222 -6.29608678817749 1.7155061960220337 29.890230178833008 -4.62579345703125 0.1344
Car 1 1 1 1047.1700439453125 152.8325958251953 1241.0 245.00372314453125 4.140324115753174 1.6356557607650757 1.6417080163955688 10.911092758178711 1.280058741569519 13.810900688171387 -6.191673755645752 0.1323
Car 1 1 1 0.0 0.0 1241.0 374.0 3.8564844131469727 1.5383892059326172 1.625088095664978 2.7002696990966797 1.5642122030258179 0.9969835877418518 -7.878655910491943 0.1319
Pedestrian 1 1 1 0.6304787397384644 159.33547973632812 110.62621307373047 320.8974609375 0.7694471478462219 1.7089539766311646 0.6118935346603394 -6.211960792541504 1.5656591653823853 8.045551300048828 -4.612397193908691 0.1319
Pedestrian 1 1 1 1037.2586669921875 161.31475830078125 1081.6759033203125 260.01434326171875 0.6557602286338806 1.6164995431900024 0.5486185550689697 7.575161933898926 1.4272102117538452 12.244803428649902 -4.006303310394287 0.1315
Pedestrian 1 1 1 260.7547912597656 163.78079223632812 283.08380126953125 209.64093017578125 0.6007480621337891 1.820973515510559 0.6375452280044556 -13.614072799682617 1.4604030847549438 28.971067428588867 -4.778852462768555 0.1298
Car 1 1 1 720.6527099609375 177.83050537109375 749.5626220703125 203.5486297607422 4.042051792144775 1.524428129196167 1.6503244638442993 7.84729528427124 1.8538975715637207 45.69970703125 -4.578427314758301 0.1295
Pedestrian 1 1 1 31.37786865234375 162.0780792236328 90.07231903076172 257.3542785644531 0.7074313163757324 1.6983602046966553 0.5379868745803833 -10.100791931152344 1.5059725046157837 13.216470718383789 -4.7156524658203125 0.1286
Cyclist 1 1 1 901.9423217773438 163.45761108398438 959.5048217773438 231.81124877929688 1.725597620010376 1.6898083686828613 0.5314167141914368 8.241671562194824 1.4572148323059082 18.728923797607422 -4.8520588874816895 0.1285
Car 1 1 1 940.6585693359375 167.60755920410156 1042.015625 213.1646270751953 3.8538413047790527 1.5210884809494019 1.6636524200439453 13.574858665466309 1.3456169366836548 26.030641555786133 -4.697010040283203 0.1284
Cyclist 1 1 1 477.13067626953125 158.77586364746094 511.3627014160156 210.6134796142578 1.5751283168792725 1.7204219102859497 0.5468634366989136 -4.006073474884033 1.2528873682022095 24.779226303100586 -4.434891700744629 0.1275
Pedestrian 1 1 1 226.46421813964844 169.8434295654297 264.40948486328125 243.96315002441406 0.5549601912498474 1.6175729036331177 0.5255820751190186 -8.164661407470703 1.5515711307525635 16.06745147705078 -4.528926849365234 0.1275
Cyclist 1 1 1 816.44287109375 169.8845977783203 839.3953857421875 204.8080596923828 1.7436392307281494 1.7023252248764038 0.5462960004806519 10.83544635772705 1.5572835206985474 36.054656982421875 -4.759372234344482 0.1273
Car 1 1 1 678.0274658203125 169.79652404785156 703.1591796875 191.38296508789062 3.919145345687866 1.84621000289917 1.7593071460723877 7.134916305541992 1.5844141244888306 63.81902313232422 -4.48240852355957 0.1273
Car 1 1 1 905.5043334960938 172.47633361816406 1057.066162109375 222.93190002441406 3.997545003890991 1.4928760528564453 1.6563713550567627 11.470535278320312 1.4814016819000244 22.486827850341797 -6.444256782531738 0.1270
Car 1 1 1 541.6195068359375 171.08702087402344 607.4144287109375 194.4521942138672 4.057638168334961 1.5076168775558472 1.6276987791061401 -2.373826265335083 1.3933041095733643 47.85637283325195 -2.8863229751586914 0.1269
Pedestrian 1 1 1 737.8802490234375 174.4024658203125 759.89697265625 218.44651794433594 0.7308508157730103 1.5821905136108398 0.5725324153900146 5.022207736968994 1.639323115348816 26.355066299438477 -8.01562786102295 0.1261
Car 1 1 1 731.44970703125 181.90345764160156 780.912109375 217.4543914794922 3.801638603210449 1.4714537858963013 1.6587423086166382 6.535283088684082 1.9068020582199097 32.794097900390625 -4.6604390144348145 0.1245
Car 1 1 1 0.0 0.0 1241.0 374.0 3.871243715286255 1.5597034692764282 1.6447668075561523 -5.338188171386719 1.6442219018936157 1.6932668685913086 -7.848142147064209 0.1239
Cyclist 1 1 1 748.5223388671875 162.4437713623047 775.445068359375 210.11070251464844 1.61116361618042 1.7335416078567505 0.5627914667129517 5.640638828277588 1.354645013809204 27.064754486083984 -4.785589218139648 0.1232
Car 1 1 1 524.960205078125 179.72067260742188 575.9442138671875 220.5681915283203 4.027220249176025 1.5226550102233887 1.6396992206573486 -2.4184656143188477 1.8236491680145264 29.62067985534668 -4.680425643920898 0.1230
Pedestrian 1 1 1 280.0265197753906 160.42547607421875 302.9297180175781 218.1985626220703 0.7425966858863831 1.7932618856430054 0.5615508556365967 -10.119230270385742 1.4071837663650513 22.829090118408203 -4.982417583465576 0.1219
Pedestrian 1 1 1 190.23129272460938 172.95663452148438 242.37069702148438 274.87249755859375 0.5595859289169312 1.6288787126541138 0.5060258507728577 -6.533576011657715 1.630319595336914 11.884805679321289 -4.344553470611572 0.1201
Pedestrian 1 1 1 461.6650085449219 168.0787811279297 482.9134521484375 214.57395935058594 0.7658864855766296 1.7347710132598877 0.6218883991241455 -5.254693508148193 1.556303858757019 27.321813583374023 -7.794729709625244 0.1199
Car 1 1 1 775.2905883789062 176.32339477539062 814.31640625 200.53846740722656 4.0253705978393555 1.5394246578216553 1.6564615964889526 12.329325675964355 1.7819793224334717 48.4792366027832 -4.693680763244629 0.1184
Pedestrian 1 1 1 833.659423828125 165.32867431640625 857.7202758789062 215.7629852294922 0.7043921947479248 1.6833733320236206 0.5869396328926086 7.929128170013428 1.431896448135376 24.436813354492188 -7.8489813804626465 0.1168
Car 1 1 1 0.0 0.0 1241.0 374.0 3.854720115661621 1.553295373916626 1.6524391174316406 -1.5106550455093384 1.5996230840682983 0.9223055243492126 -7.910238742828369 0.1166
Car 1 1 1 0.0 0.0 922.7425537109375 374.0 3.8278591632843018 1.5520679950714111 1.6459219455718994 0.42560672760009766 1.5875283479690552 0.8976457715034485 -7.893786907196045 0.1161
Cyclist 1 1 1 689.4459838867188 173.64085388183594 695.8062744140625 196.58729553222656 1.6744120121002197 1.713866114616394 0.46112164855003357 6.2436747550964355 1.7742669582366943 54.806793212890625 -7.750621318817139 0.1161
Pedestrian 1 1 1 1184.2750244140625 135.50160217285156 1241.0 374.0 0.7870651483535767 1.7559493780136108 0.5819329023361206 4.033384799957275 1.5455975532531738 4.536540508270264 -4.2828192710876465 0.1145
Car 1 1 1 370.2889099121094 178.9456787109375 443.7901611328125 223.8568878173828 3.6284546852111816 1.476251482963562 1.5103346109390259 -7.285878658294678 1.71152663230896 26.060129165649414 -4.672455787658691 0.1142
Car 1 1 1 0.0 183.45199584960938 8.117652893066406 374.0 4.171160697937012 1.5510047674179077 1.6408365964889526 -8.171074867248535 1.6577578783035278 6.346499919891357 -3.2005772590637207 0.1139
Car 1 1 1 1219.19921875 163.068603515625 1241.0 329.4124755859375 4.135684490203857 1.5468552112579346 1.6029976606369019 9.0743989944458 1.455559492111206 7.645071506500244 -6.348816394805908 0.1133
Car 1 1 1 1043.0689697265625 159.03379821777344 1241.0 237.2438201904297 4.077420711517334 1.5701810121536255 1.6442244052886963 11.741348266601562 1.292420506477356 15.40354061126709 -6.235873699188232 0.1125
Car 1 1 1 822.1470336914062 178.36708068847656 894.9861450195312 216.5904083251953 3.8276093006134033 1.4840117692947388 1.6305252313613892 10.375564575195312 1.7317686080932617 30.51983642578125 -4.752806663513184 0.1124
Car 1 1 1 514.2992553710938 177.83950805664062 562.0611572265625 211.40220642089844 4.092168807983398 1.4710090160369873 1.6349388360977173 -3.3930466175079346 1.7224153280258179 34.33708572387695 -4.652085304260254 0.1124
Car 1 1 1 614.7250366210938 178.29702758789062 662.8798828125 219.6814727783203 3.9852662086486816 1.5501928329467773 1.6845444440841675 1.0710657835006714 1.788252353668213 29.57806396484375 -4.745316028594971 0.1123
Car 1 1 1 709.0776977539062 178.7886199951172 743.3675537109375 207.76405334472656 4.0265350341796875 1.5379332304000854 1.6701774597167969 6.555159091949463 1.8939008712768555 41.23283004760742 -4.618677139282227 0.1121
Pedestrian 1 1 1 440.8958435058594 168.55030822753906 466.2728576660156 221.43704223632812 0.6828808188438416 1.6256388425827026 0.5727747678756714 -4.933284282684326 1.4930516481399536 22.557832717895508 -4.567922115325928 0.1117
Car 1 1 1 753.5379638671875 176.95205688476562 779.9413452148438 201.06117248535156 3.945138931274414 1.5687782764434814 1.6673039197921753 10.738112449645996 1.8629498481750488 49.75455093383789 -4.526376724243164 0.1111
Pedestrian 1 1 1 313.4543151855469 176.0007781982422 344.3183898925781 236.806396484375 0.6194585561752319 1.5166473388671875 0.5109174847602844 -7.198675155639648 1.5978692770004272 18.361865997314453 -4.625835418701172 0.1103
Pedestrian 1 1 1 299.30865478515625 164.4744110107422 333.5861511230469 226.99208068847656 0.7498302459716797 1.6961148977279663 0.6295046210289001 -8.16164779663086 1.468475341796875 19.95941925048828 -7.8246588706970215 0.1103
Car 1 1 1 210.91583251953125 170.7435760498047 309.5584716796875 221.4082489013672 3.548590898513794 1.5470659732818604 1.5905078649520874 -11.47256088256836 1.482323408126831 23.821128845214844 -4.73085880279541 0.1101
Car 1 1 1 1034.4276123046875 151.7479248046875 1183.9544677734375 212.3041229248047 3.979843854904175 1.6284093856811523 1.6654936075210571 14.548089027404785 1.0605484247207642 21.396446228027344 -4.716902732849121 0.1094
Car 1 1 1 776.7472534179688 177.95767211914062 847.9766845703125 217.37457275390625 3.942500352859497 1.4746387004852295 1.5719614028930664 8.145681381225586 1.6975648403167725 29.537944793701172 -4.781661033630371 0.1089
Pedestrian 1 1 1 996.7457275390625 156.67745971679688 1018.8041381835938 210.7932586669922 0.7113839387893677 1.751521348953247 0.5839653611183167 13.065184593200684 1.227648377418518 23.798126220703125 -7.426702976226807 0.1081
Car 1 1 1 772.2861328125 178.0924530029297 824.4161987304688 208.8638153076172 3.814512252807617 1.4540023803710938 1.7121832370758057 9.463372230529785 1.7338929176330566 36.670772552490234 -4.694443225860596 0.1080
Pedestrian 1 1 1 938.0821533203125 170.93304443359375 984.5015869140625 253.95330810546875 0.6269702315330505 1.5496025085449219 0.5375730991363525 6.665412902832031 1.5134475231170654 13.818577766418457 -4.865537643432617 0.1078
Pedestrian 1 1 1 156.3504180908203 156.3565216064453 236.5703125 290.8482666015625 0.8027912378311157 1.7184667587280273 0.5344843864440918 -5.60732364654541 1.5073704719543457 9.698152542114258 -4.004317760467529 0.1066
Pedestrian 1 1 1 367.7391052246094 165.45376586914062 410.4355163574219 238.74185180664062 0.8375728726387024 1.6852924823760986 0.6418479681015015 -5.26714563369751 1.51482093334198 17.067642211914062 -4.506472587585449 0.1065
Pedestrian 1 1 1 420.07708740234375 159.32373046875 459.12884521484375 237.31869506835938 0.7540873289108276 1.764041543006897 0.6134946346282959 -4.000686168670654 1.4577226638793945 16.75509262084961 -4.488209247589111 0.1065
Pedestrian 1 1 1 683.9985961914062 178.2021942138672 698.7193603515625 205.766357421875 0.7307640910148621 1.6951497793197632 0.5712502002716064 5.040553092956543 2.0318374633789062 45.007205963134766 -3.8732447624206543 0.1065
Cyclist 1 1 1 592.2847900390625 172.93809509277344 603.021484375 203.4039306640625 1.6999911069869995 1.729241132736206 0.5296242237091064 -0.7459826469421387 1.7339153289794922 41.81879806518555 -4.6739397048950195 0.1056
Cyclist 1 1 1 924.7557373046875 162.70257568359375 982.84912109375 231.08624267578125 1.7167422771453857 1.6900099515914917 0.5298750400543213 8.833467483520508 1.4388313293457031 18.71477508544922 -4.826457500457764 0.1056
Car 1 1 1 747.2470092773438 177.59768676757812 771.8466186523438 199.31578063964844 3.8353629112243652 1.562577486038208 1.6439838409423828 11.373411178588867 1.9366257190704346 54.87736511230469 -4.457922458648682 0.1046
Pedestrian 1 1 1 354.2302551269531 170.21697998046875 389.2268981933594 237.09019470214844 0.7144647836685181 1.6076576709747314 0.5857350826263428 -5.896615505218506 1.543962836265564 17.725215911865234 -4.633602142333984 0.1046
Pedestrian 1 1 1 100.38826751708984 164.78184509277344 157.94375610351562 266.2165832519531 0.662351131439209 1.672661542892456 0.5298026204109192 -8.194266319274902 1.5392515659332275 12.233758926391602 -4.6955671310424805 0.1044
Pedestrian 1 1 1 612.7075805664062 180.02413940429688 630.9364013671875 212.98834228515625 0.7530629634857178 1.633277177810669 0.5313116312026978 0.5549414753913879 1.9982945919036865 36.34656524658203 -3.6517739295959473 0.1038
Car 1 1 1 811.2240600585938 177.11251831054688 854.2066040039062 203.4383544921875 4.081665992736816 1.519210934638977 1.6344388723373413 13.609713554382324 1.7933478355407715 44.4072151184082 -4.643922328948975 0.1036
Car 1 1 1 1241.0 176.17901611328125 1241.0 374.0 3.9872262477874756 1.5236504077911377 1.632014274597168 5.896237373352051 1.5460164546966553 2.912245750427246 -7.869892597198486 0.1033
Car 1 1 1 602.6429443359375 177.06707763671875 632.0530395507812 202.42189025878906 3.855149984359741 1.5159915685653687 1.6245253086090088 0.46998345851898193 1.7945947647094727 45.78294372558594 -4.638060569763184 0.1032
Pedestrian 1 1 1 1086.336181640625 140.70802307128906 1160.087158203125 267.88714599609375 0.644798755645752 1.7490482330322266 0.5924450755119324 7.285502910614014 1.3066563606262207 10.334603309631348 -5.107359409332275 0.1025
Pedestrian 1 1 1 618.2666625976562 171.39105224609375 631.2919921875 201.4932098388672 0.6787034869194031 1.7394680976867676 0.6056159138679504 0.8281604647636414 1.6546306610107422 42.104515075683594 -7.572556018829346 0.1025
Pedestrian 1 1 1 759.4844360351562 164.5483856201172 796.0795288085938 235.00682067871094 0.6928216814994812 1.683872938156128 0.6042349338531494 4.066159725189209 1.4850789308547974 17.70292854309082 -3.9435219764709473 0.1019
Pedestrian 1 1 1 338.9404602050781 166.647216796875 357.8149719238281 213.35177612304688 0.6826516389846802 1.8271619081497192 0.6273638010025024 -10.420771598815918 1.5840418338775635 28.631145477294922 -8.081847190856934 0.1017
Pedestrian 1 1 1 669.9661865234375 169.38380432128906 678.8228759765625 190.17539978027344 0.7239133715629578 1.8038296699523926 0.5630043745040894 5.604166030883789 1.5024627447128296 63.04492950439453 -7.427267551422119 0.1007
Car 1 1 1 698.5234985351562 177.48597717285156 751.5189208984375 217.0941619873047 3.9856600761413574 1.4874898195266724 1.6373704671859741 4.59778356552124 1.690032720565796 29.58299446105957 -4.685125350952148 0.1002
Cyclist 1 1 1 558.944580078125 168.21221923828125 576.4690551757812 205.1875 1.6648205518722534 1.7382466793060303 0.5876069664955139 -2.0697524547576904 1.5197317600250244 34.77796936035156 -4.611669540405273 0.1002
