Car 1 1 1 359.1739196777344 182.96885681152344 456.70794677734375 219.23605346679688 3.6885476112365723 1.453653335571289 1.5498889684677124 -8.461158752441406 1.889760971069336 30.266742706298828 -3.19050931930542 0.7391
Car 1 1 1 398.5420837402344 180.04843139648438 481.2491760253906 212.63037109375 3.76719069480896 1.563654899597168 1.613368272781372 -8.452513694763184 1.9300553798675537 35.896610260009766 -3.1809868812561035 0.7225
Pedestrian 1 1 1 820.8480834960938 159.55484008789062 842.4959106445312 202.17379760742188 0.8808314204216003 1.8208638429641724 0.6579630374908447 9.557829856872559 1.2523672580718994 31.27201271057129 -4.72596549987793 0.5030
Pedestrian 1 1 1 344.2844543457031 173.02638244628906 362.68109130859375 206.14784240722656 0.8141401410102844 1.6931869983673096 0.5773318409919739 -13.308959007263184 1.7019144296646118 37.33779525756836 -7.694610118865967 0.3997
Pedestrian 1 1 1 239.09100341796875 159.0183868408203 273.98052978515625 219.24606323242188 0.8265783190727234 1.8458832502365112 0.6583980917930603 -11.083440780639648 1.4215433597564697 22.545604705810547 -4.654592990875244 0.3499
Car 1 1 1 409.82916259765625 179.4989471435547 484.8158874511719 208.9835205078125 3.672633409500122 1.5402793884277344 1.5858771800994873 -8.766684532165527 1.9057118892669678 38.88877487182617 -3.124579429626465 0.3360
Pedestrian 1 1 1 186.34793090820312 166.3973388671875 212.82525634765625 208.30641174316406 0.8622791171073914 1.7861931324005127 0.638739287853241 -17.778650283813477 1.510705828666687 31.193960189819336 -7.820669651031494 0.3107
Car 1 1 1 428.9495849609375 177.9207763671875 500.2817687988281 203.6212921142578 4.06880521774292 1.5335791110992432 1.6700572967529297 -8.916535377502441 1.8505924940109253 44.29667663574219 -3.1690404415130615 0.3054
Pedestrian 1 1 1 227.13690185546875 183.1615447998047 263.6687927246094 249.46307373046875 0.5466158390045166 1.4407707452774048 0.4831446409225464 -8.193928718566895 1.6755858659744263 16.121248245239258 -4.381094932556152 0.2815
Pedestrian 1 1 1 926.3338012695312 161.28831481933594 947.84521484375 203.96078491210938 0.6999273300170898 1.7626036405563354 0.6630388498306274 13.642364501953125 1.2845780849456787 30.203763961791992 -7.686398029327393 0.2586
Car 1 1 1 364.23504638671875 177.1975555419922 400.5271301269531 201.78614807128906 3.5671138763427734 1.5733082294464111 1.5697439908981323 -15.335518836975098 1.8769813776016235 48.6563606262207 -4.789747714996338 0.2564
Cyclist 1 1 1 500.7088623046875 176.31930541992188 510.79400634765625 202.50961303710938 1.6587040424346924 1.6749507188796997 0.4614095389842987 -6.847068786621094 1.905347228050232 47.20037841796875 -7.879161357879639 0.2524
Pedestrian 1 1 1 814.6961059570312 161.809326171875 828.2747192382812 196.3939666748047 0.6599909067153931 1.8628522157669067 0.6711463928222656 11.465785026550293 1.2676461935043335 39.26156234741211 -7.6273369789123535 0.2450
Car 1 1 1 121.52128601074219 179.3339385986328 218.7752685546875 220.9109344482422 3.5316762924194336 1.4423637390136719 1.5835260152816772 -16.607524871826172 1.703805923461914 27.36533546447754 -4.730002403259277 0.2301
Car 1 1 1 522.6836547851562 179.88772583007812 554.5429077148438 200.61866760253906 4.004779815673828 1.539772868156433 1.6236056089401245 -5.635914325714111 2.116579532623291 57.10689926147461 -4.5759782791137695 0.2178
Pedestrian 1 1 1 616.8407592773438 158.5558624267578 635.3963623046875 211.90773010253906 0.7426050305366516 1.7566980123519897 0.5971938371658325 0.48691123723983765 1.2856082916259766 24.131710052490234 -4.721138000488281 0.2165
Car 1 1 1 0.0 182.9287109375 107.51073455810547 243.23422241210938 3.416703224182129 1.4899637699127197 1.5674653053283691 -15.942313194274902 1.7970085144042969 20.218814849853516 -4.837533473968506 0.2104
Car 1 1 1 1131.304931640625 154.54991149902344 1241.0 194.5063018798828 4.167075157165527 1.5205097198486328 1.6365833282470703 23.139955520629883 0.8236619830131531 28.54948616027832 -6.418516635894775 0.2054
Pedestrian 1 1 1 986.6345825195312 151.79273986816406 1016.6875610351562 208.0875701904297 0.7732457518577576 1.8028061389923096 0.6244219541549683 12.716010093688965 1.1280328035354614 23.53038215637207 -4.58329439163208 0.2025
Pedestrian 1 1 1 273.2486572265625 179.3733673095703 313.04876708984375 254.08677673339844 0.579748809337616 1.4923454523086548 0.5031041502952576 -6.549577713012695 1.628889560699463 14.808188438415527 -4.495789051055908 0.2016
Car 1 1 1 869.0638427734375 162.3560028076172 927.3561401367188 191.468994140625 3.718764305114746 1.5369527339935303 1.6252901554107666 15.858630180358887 0.9824355840682983 39.98149871826172 -4.751325607299805 0.2012
Car 1 1 1 473.036376953125 178.50399780273438 512.6666259765625 202.21205139160156 3.870072364807129 1.5711010694503784 1.6236778497695923 -8.234305381774902 1.9847617149353027 50.826263427734375 -4.553648948669434 0.1992
Cyclist 1 1 1 274.96856689453125 177.67518615722656 299.9295349121094 216.07347106933594 1.694410800933838 1.6715672016143799 0.5066123604774475 -14.553494453430176 1.8941824436187744 32.494632720947266 -4.803553581237793 0.1988
Pedestrian 1 1 1 915.2710571289062 147.35450744628906 963.9448852539062 254.02500915527344 0.7569052577018738 1.786975383758545 0.5471780896186829 5.680948734283447 1.3595004081726074 12.549427032470703 -7.082001209259033 0.1981
Cyclist 1 1 1 1134.2135009765625 150.7168731689453 1224.23046875 244.45445251464844 1.7478805780410767 1.6854817867279053 0.4950074255466461 10.831110000610352 1.2871372699737549 13.868142127990723 -7.753992557525635 0.1929
Car 1 1 1 330.93121337890625 180.27664184570312 374.8634948730469 206.54879760742188 3.677276611328125 1.5276427268981934 1.62533700466156 -15.978677749633789 2.0087058544158936 44.90647506713867 -4.774852752685547 0.1926
Car 1 1 1 539.8599853515625 177.36842346191406 566.312744140625 201.114501953125 4.083142280578613 1.5995529890060425 1.6553782224655151 -4.050961971282959 1.934018850326538 51.44595718383789 -4.734742164611816 0.1900
Car 1 1 1 428.9530944824219 179.89878845214844 502.6424255371094 206.37266540527344 3.917335033416748 1.4883129596710205 1.612799048423767 -8.409299850463867 1.908144235610962 42.05624008178711 -3.054229974746704 0.1856
Pedestrian 1 1 1 1102.3302001953125 154.52151489257812 1124.484619140625 198.19361877441406 0.6803892254829407 1.8042432069778442 0.6072705388069153 21.0429744720459 1.046566367149353 30.233022689819336 -7.503042697906494 0.1798
Pedestrian 1 1 1 1012.5746459960938 159.06727600097656 1044.900634765625 227.9539337158203 0.622093677520752 1.7436659336090088 0.576522707939148 10.794328689575195 1.394395112991333 18.687089920043945 -3.9108052253723145 0.1792
Car 1 1 1 309.9486083984375 181.48898315429688 363.6193542480469 210.51968383789062 3.6629891395568848 1.5097771883010864 1.6045385599136353 -15.287673950195312 2.0155868530273438 40.45374298095703 -7.847488880157471 0.1791
Pedestrian 1 1 1 705.0743408203125 166.47073364257812 717.6663818359375 198.07955932617188 0.7083976864814758 1.8558366298675537 0.6785968542098999 5.964572906494141 1.4807580709457397 42.73466491699219 -4.660589694976807 0.1785
Pedestrian 1 1 1 764.5872192382812 162.8914031982422 785.3296508789062 209.8019256591797 0.7546002864837646 1.7720696926116943 0.6367902755737305 6.2685866355896 1.3954272270202637 27.641456604003906 -4.687899112701416 0.1761
Car 1 1 1 681.7071533203125 172.84324645996094 708.3397216796875 191.6404571533203 3.8344924449920654 1.6174414157867432 1.6347154378890991 7.49154806137085 1.6162151098251343 64.06080627441406 -7.93148946762085 0.1758
Pedestrian 1 1 1 249.9622039794922 165.11915588378906 278.89202880859375 216.1211700439453 0.8059565424919128 1.788460612297058 0.6120200157165527 -12.359773635864258 1.516926646232605 25.725461959838867 -7.782922267913818 0.1754
Pedestrian 1 1 1 201.3875732421875 181.71792602539062 237.96119689941406 250.5216522216797 0.5392853617668152 1.4962613582611084 0.475085586309433 -8.760899543762207 1.6978890895843506 16.10676383972168 -4.393826961517334 0.1745
Pedestrian 1 1 1 509.4529724121094 179.1452178955078 522.1406860351562 201.0614776611328 0.7691590189933777 1.715601921081543 0.637274980545044 -7.503314971923828 2.2189786434173584 57.267520904541016 -7.126610279083252 0.1667
Car 1 1 1 334.4542541503906 181.47003173828125 390.1835021972656 217.06837463378906 4.025379180908203 1.4976778030395508 1.6024563312530518 -11.445231437683105 1.9218101501464844 33.45526885986328 -4.821903705596924 0.1659
Pedestrian 1 1 1 228.50672912597656 176.87646484375 263.0088195800781 244.94525146484375 0.5263988375663757 1.5436654090881348 0.49803003668785095 -8.476866722106934 1.6381394863128662 16.699453353881836 -4.545777797698975 0.1651
Car 1 1 1 815.664794921875 181.294921875 863.69970703125 210.25885009765625 3.8128108978271484 1.4801746606826782 1.7205466032028198 12.626916885375977 1.9707605838775635 39.991512298583984 -4.6312456130981445 0.1644
Pedestrian 1 1 1 331.19989013671875 168.06503295898438 352.6234436035156 209.91970825195312 0.7453745603561401 1.747619867324829 0.645710289478302 -11.373905181884766 1.5473589897155762 30.510047912597656 -7.885334491729736 0.1627
Car 1 1 1 865.1477661132812 169.61404418945312 954.336669921875 209.3776092529297 3.8074285984039307 1.500132441520691 1.6280511617660522 11.984015464782715 1.3776005506515503 29.21845054626465 -4.850225448608398 0.1609
Car 1 1 1 784.2537841796875 166.26028442382812 858.0565795898438 191.75938415527344 4.167577266693115 1.5785739421844482 1.6418412923812866 13.281657218933105 1.1700758934020996 45.621646881103516 -6.347607135772705 0.1590
Car 1 1 1 437.408447265625 177.6809539794922 503.4007568359375 202.9611053466797 3.919459581375122 1.6028037071228027 1.6733884811401367 -9.133068084716797 1.9250926971435547 47.18220138549805 -3.0358805656433105 0.1578
Pedestrian 1 1 1 205.57301330566406 172.9890899658203 236.6198272705078 221.79945373535156 0.7952861189842224 1.7501561641693115 0.6047409772872925 -14.251114845275879 1.7548837661743164 26.363855361938477 -7.404564380645752 0.1567
Car 1 1 1 1143.7547607421875 160.62013244628906 1241.0 265.47637939453125 4.009627342224121 1.596030592918396 1.6519333124160767 12.00447940826416 1.4095174074172974 13.044280052185059 -4.788272857666016 0.1538
Pedestrian 1 1 1 97.08292388916016 161.34507751464844 149.93789672851562 252.2004852294922 0.6481168270111084 1.771416187286377 0.5946394205093384 -9.795758247375488 1.5467256307601929 14.461898803710938 -4.430305480957031 0.1525
Car 1 1 1 444.8154602050781 172.4745635986328 469.6269226074219 191.5501708984375 4.132445335388184 1.6524475812911987 1.6950863599777222 -13.67234992980957 1.6192771196365356 64.63728332519531 -4.8011980056762695 0.1523
Car 1 1 1 0.0 0.0 1241.0 374.0 3.8985352516174316 1.5401644706726074 1.6479934453964233 -3.42917799949646 1.6268664598464966 0.9663850665092468 -7.894379138946533 0.1495
Car 1 1 1 252.05970764160156 184.74559020996094 315.9100036621094 216.89463806152344 3.792955160140991 1.4922597408294678 1.6256904602050781 -16.593982696533203 2.130464792251587 36.82570266723633 -4.737662315368652 0.1479
Pedestrian 1 1 1 431.66107177734375 168.8884735107422 444.8102111816406 196.345947265625 0.7750768661499023 1.7957072257995605 0.6209473013877869 -11.362845420837402 1.5360631942749023 47.60683822631836 -7.746666431427002 0.1477
Pedestrian 1 1 1 996.55126953125 158.8204803466797 1016.2177734375 202.03836059570312 0.6676122546195984 1.7860183715820312 0.6413803100585938 16.566410064697266 1.2057706117630005 30.24594497680664 -7.480881214141846 0.1473
Car 1 1 1 534.7531127929688 178.22268676757812 559.39501953125 195.50674438476562 3.827869176864624 1.483015537261963 1.5713714361190796 -5.669661045074463 1.9819047451019287 65.11367797851562 -7.764899730682373 0.1471
Car 1 1 1 335.53271484375 174.21133422851562 398.4325256347656 196.07130432128906 3.9522414207458496 1.5373963117599487 1.6403982639312744 -17.399213790893555 1.6358579397201538 51.674110412597656 -6.2801079750061035 0.1466
Car 1 1 1 0.0 187.85450744628906 0.0 374.0 3.914175033569336 1.5501997470855713 1.6296652555465698 -5.3416619300842285 1.634440541267395 2.098980188369751 -7.866967678070068 0.1465
Cyclist 1 1 1 955.9031982421875 155.43820190429688 1024.7059326171875 237.66957092285156 1.7403823137283325 1.6959182024002075 0.5132538676261902 8.21475601196289 1.3364393711090088 15.762699127197266 -7.903820514678955 0.1450
Pedestrian 1 1 1 0.0 160.94276428222656 33.25722885131836 235.48976135253906 0.7312142252922058 1.816773772239685 0.5737852454185486 -14.914408683776855 1.5261868238449097 18.043209075927734 -5.216746807098389 0.1441
Pedestrian 1 1 1 819.2720947265625 164.6563262939453 839.5570678710938 203.9598388671875 0.7363977432250977 1.746321201324463 0.6426597237586975 9.822221755981445 1.3817846775054932 32.454917907714844 -7.944638729095459 0.1437
Cyclist 1 1 1 425.5784606933594 158.8499298095703 458.67230224609375 207.88345336914062 1.6165039539337158 1.7622077465057373 0.5561636686325073 -6.259835243225098 1.258617877960205 26.7802791595459 -4.496496200561523 0.1433
Pedestrian 1 1 1 251.92181396484375 173.968017578125 264.8445129394531 203.27561950683594 0.5931290984153748 1.7596213817596436 0.565212607383728 -21.359724044799805 1.827508568763733 43.75801467895508 -6.962071895599365 0.1431
Car 1 1 1 1151.591552734375 157.2869415283203 1241.0 195.52716064453125 3.839719533920288 1.5725178718566895 1.639303207397461 25.797393798828125 0.9320679903030396 31.687393188476562 -7.7125163078308105 0.1430
Cyclist 1 1 1 949.0921020507812 158.98179626464844 1011.8825073242188 233.23770141601562 1.763964056968689 1.7035661935806274 0.5191954374313354 8.871016502380371 1.3850125074386597 17.450136184692383 -7.917786121368408 0.1422
Pedestrian 1 1 1 21.789791107177734 159.4430389404297 59.52998733520508 234.53318786621094 0.7371676564216614 1.831436276435852 0.5747093558311462 -14.282867431640625 1.5040454864501953 18.05120277404785 -5.126176357269287 0.1416
Car 1 1 1 841.897705078125 178.6835479736328 931.9201049804688 209.2686004638672 4.101029872894287 1.4932560920715332 1.6617647409439087 14.065398216247559 1.8016550540924072 36.95667266845703 -2.9251742362976074 0.1406
Car 1 1 1 0.0 0.0 1241.0 374.0 3.871346950531006 1.5396379232406616 1.6256283521652222 3.963413715362549 1.5162723064422607 0.6803175210952759 -7.896650791168213 0.1394
Cyclist 1 1 1 364.9682922363281 178.5393524169922 380.4761657714844 205.9794921875 1.6673682928085327 1.6802184581756592 0.470536470413208 -14.945133209228516 2.044023036956787 45.36929702758789 -7.881957530975342 0.1382
Car 1 1 1 759.128662109375 177.5445098876953 829.800537109375 218.79525756835938 3.550523519515991 1.5027823448181152 1.5241868495941162 7.1754469871521 1.7002084255218506 28.561845779418945 -4.833332538604736 0.1352
Pedestrian 1 1 1 79.05657958984375 163.96893310546875 116.22969818115234 235.58810424804688 0.7505494952201843 1.808371663093567 0.5849593281745911 -13.313745498657227 1.5837253332138062 18.678163528442383 -2.495598316192627 0.1348
Car 1 1 1 880.404541015625 165.12387084960938 919.6987915039062 187.6385955810547 3.997718572616577 1.72420334815979 1.678591012954712 22.949003219604492 1.1319200992584229 57.29399108886719 -7.804622173309326 0.1338
Pedestrian 1 1 1 382.3326416015625 179.0323486328125 405.4935302734375 224.54290771484375 0.5517610907554626 1.4159486293792725 0.5067715048789978 -6.888542175292969 1.6140497922897339 22.852659225463867 -4.528477668762207 0.1336
Car 1 1 1 680.4395751953125 176.61590576171875 746.6522216796875 214.0633544921875 3.7807369232177734 1.4667167663574219 1.5577481985092163 4.282081604003906 1.636863112449646 30.678504943847656 -4.928155422210693 0.1330
Pedestrian 1 1 1 1.0653502941131592 160.67449951171875 42.519405364990234 240.68849182128906 0.7445696592330933 1.8431943655014038 0.572789192199707 -13.964938163757324 1.5623284578323364 17.06784439086914 -2.5416221618652344 0.1325
Pedestrian 1 1 1 996.1153564453125 164.85243225097656 1015.6151123046875 210.27053833007812 0.5843557119369507 1.6942689418792725 0.5738367438316345 14.945168495178223 1.3954801559448242 27.3216552734375 -7.216883182525635 0.1317
Pedestrian 1 1 1 101.53459930419922 165.25033569335938 135.72705078125 225.70635986328125 0.7593352198600769 1.7968708276748657 0.6105074882507324 -14.93759536743164 1.570575475692749 21.878087997436523 -4.911651611328125 0.1300
Car 1 1 1 758.4026489257812 173.20433044433594 810.7884521484375 201.555419921875 3.9153037071228027 1.5726267099380493 1.6464407444000244 10.091108322143555 1.5937771797180176 42.12708282470703 -4.8514556884765625 0.1297
Car 1 1 1 0.0 191.7828826904297 1.9100077152252197 254.11105346679688 4.085766315460205 1.5041049718856812 1.6377537250518799 -18.668500900268555 2.024611234664917 18.91642951965332 -6.225224494934082 0.1295
Pedestrian 1 1 1 930.9302978515625 159.66941833496094 956.0684814453125 213.9305419921875 0.7171207666397095 1.733530044555664 0.6272679567337036 10.796655654907227 1.3120099306106567 23.478515625 -7.59517240524292 0.1282
Pedestrian 1 1 1 388.5422058105469 173.03268432617188 397.1298522949219 197.6663360595703 0.8530141711235046 1.8178348541259766 0.5337955951690674 -16.20802879333496 1.830967664718628 53.74864196777344 -5.099635124206543 0.1279
Cyclist 1 1 1 509.3196716308594 176.79550170898438 520.05224609375 200.86607360839844 1.6833773851394653 1.7017921209335327 0.4943866431713104 -6.91196346282959 1.9909672737121582 52.141605377197266 -7.816678524017334 0.1272
Car 1 1 1 556.2161865234375 178.0345916748047 580.9978637695312 197.43186950683594 4.0901265144348145 1.5133771896362305 1.5976479053497314 -3.4045119285583496 1.9552078247070312 59.4935302734375 -4.658297538757324 0.1270
Car 1 1 1 1214.8548583984375 158.8063201904297 1241.0 203.22561645507812 4.135673522949219 1.4515655040740967 1.6483211517333984 23.17219352722168 0.9922055006027222 24.41188621520996 -3.1458516120910645 0.1264
Pedestrian 1 1 1 0.0 159.54275512695312 31.390350341796875 248.41102600097656 0.7675016522407532 1.8504164218902588 0.5937985181808472 -12.98905086517334 1.5729496479034424 15.477341651916504 -2.5928945541381836 0.1258
Car 1 1 1 504.97064208984375 179.0907440185547 532.1282958984375 199.0188446044922 4.019786357879639 1.5637000799179077 1.6096794605255127 -7.584188938140869 2.09903883934021 59.9307975769043 -4.6755852699279785 0.1251
Pedestrian 1 1 1 0.0 159.70010375976562 2.2677247524261475 240.52023315429688 0.7340393662452698 1.8244761228561401 0.5847898125648499 -14.5926513671875 1.5272332429885864 16.75644302368164 -5.3141913414001465 0.1246
Car 1 1 1 521.754150390625 178.4620819091797 551.3051147460938 206.8854522705078 3.989858627319336 1.588513970375061 1.646262764930725 -4.39091157913208 1.939774513244629 43.182823181152344 -4.784683704376221 0.1243
Pedestrian 1 1 1 95.55624389648438 163.216796875 130.67735290527344 239.37969970703125 0.7515042424201965 1.7861361503601074 0.5844640135765076 -12.031968116760254 1.5598292350769043 17.394655227661133 -5.4762864112854 0.1238
Cyclist 1 1 1 252.59860229492188 176.8375244140625 280.1019287109375 216.13697814941406 1.7153537273406982 1.6780542135238647 0.5076242685317993 -15.200084686279297 1.858472228050232 31.85985565185547 -4.784179210662842 0.1237
Pedestrian 1 1 1 989.4708862304688 158.39906311035156 1018.7550659179688 215.864501953125 0.7231200337409973 1.7334308624267578 0.6271898150444031 12.064033508300781 1.2971012592315674 22.191551208496094 -7.610276699066162 0.1228
Pedestrian 1 1 1 172.3168487548828 162.1676025390625 198.9141387939453 212.77867126464844 0.6691656708717346 1.8229849338531494 0.6628695130348206 -15.558517456054688 1.437766671180725 26.38671112060547 -8.067758560180664 0.1225
Car 1 1 1 1230.2315673828125 159.4715576171875 1241.0 323.4903259277344 3.9797844886779785 1.515140414237976 1.573146104812622 9.07634449005127 1.3912187814712524 7.6467509269714355 -6.383274555206299 0.1215
Car 1 1 1 316.2611999511719 178.28836059570312 359.70123291015625 203.6446990966797 3.8436853885650635 1.5642629861831665 1.6442068815231323 -17.819305419921875 1.9353618621826172 47.33580017089844 -7.926297664642334 0.1208
Pedestrian 1 1 1 1081.581787109375 154.80511474609375 1120.0999755859375 232.51173400878906 0.7841674089431763 1.7157913446426392 0.580191969871521 11.115099906921387 1.3169652223587036 16.413286209106445 -3.914858818054199 0.1205
Pedestrian 1 1 1 210.20913696289062 162.093505859375 243.79986572265625 220.42567443847656 0.791623592376709 1.78961980342865 0.6184036731719971 -12.003718376159668 1.4591898918151855 22.540023803710938 -7.829098224639893 0.1203
Pedestrian 1 1 1 598.17724609375 160.15342712402344 617.537353515625 213.35508728027344 0.7559974789619446 1.7507678270339966 0.6197589635848999 -0.11417364329099655 1.3325155973434448 24.1330623626709 -4.677435398101807 0.1203
Pedestrian 1 1 1 980.2913208007812 161.9954071044922 996.2667846679688 205.5869598388672 0.5929028391838074 1.8194406032562256 0.5930975675582886 15.95308780670166 1.3659205436706543 30.515975952148438 -7.3718390464782715 0.1196
Car 1 1 1 0.0 0.0 1239.021728515625 374.0 3.8203670978546143 1.5437418222427368 1.6154569387435913 1.4022635221481323 1.5605107545852661 0.6548943519592285 -7.867170810699463 0.1194
Car 1 1 1 104.57194519042969 181.04354858398438 214.31439208984375 230.18309020996094 3.617117404937744 1.4799625873565674 1.5627158880233765 -15.013635635375977 1.7752010822296143 24.192291259765625 -4.763383865356445 0.1194
Car 1 1 1 104.0957260131836 172.51651000976562 218.22532653808594 207.6689910888672 4.113549709320068 1.5197055339813232 1.6347153186798096 -19.959697723388672 1.5048153400421143 32.10921096801758 -3.093233108520508 0.1191
Pedestrian 1 1 1 853.2230224609375 163.86785888671875 866.4232177734375 197.41552734375 0.6846885681152344 1.8202457427978516 0.655136227607727 13.670822143554688 1.332371711730957 39.58849334716797 -7.476657390594482 0.1185
Pedestrian 1 1 1 71.24396514892578 160.4065399169922 105.42032623291016 243.14642333984375 0.7432502508163452 1.7934739589691162 0.5737579464912415 -11.701799392700195 1.5233625173568726 16.109355926513672 -5.399730205535889 0.1184
Car 1 1 1 469.38128662109375 170.986083984375 489.5660400390625 190.44137573242188 4.094718933105469 1.6969177722930908 1.7093451023101807 -11.76704216003418 1.5336954593658447 65.08995819091797 -4.870494365692139 0.1181
Pedestrian 1 1 1 54.622467041015625 164.00390625 94.66150665283203 232.47000122070312 0.7139118313789368 1.8209320306777954 0.5505048036575317 -14.61499309539795 1.5852540731430054 19.636484146118164 -4.194865703582764 0.1180
Car 1 1 1 780.0781860351562 177.7523193359375 853.3432006835938 209.72763061523438 3.86232852935791 1.4576377868652344 1.6188100576400757 10.081625938415527 1.7132741212844849 35.615596771240234 -5.015063762664795 0.1180
Car 1 1 1 0.0 0.0 1241.0 374.0 3.799708604812622 1.5538023710250854 1.6130660772323608 -1.1733253002166748 1.6171205043792725 0.11547979712486267 -7.894690990447998 0.1179
Car 1 1 1 1012.826416015625 177.27291870117188 1144.5347900390625 215.45594787597656 4.14353084564209 1.4557511806488037 1.6144278049468994 18.42093849182129 1.63543701171875 28.546424865722656 -3.124553918838501 0.1176
Cyclist 1 1 1 0.0 0.0 1241.0 374.0 1.8592448234558105 1.6455477476119995 0.5076999068260193 6.899507999420166 1.2972639799118042 -0.2924593985080719 -8.063868522644043 0.1161
Car 1 1 1 1040.1173095703125 172.85684204101562 1191.70458984375 230.39199829101562 3.8642494678497314 1.4917653799057007 1.59915292263031 14.225881576538086 1.4915544986724854 20.648107528686523 -4.722309112548828 0.1161
Pedestrian 1 1 1 799.8909912109375 163.58033752441406 818.0748901367188 204.95013427734375 0.7449184656143188 1.765526533126831 0.6505653262138367 8.55598258972168 1.3694568872451782 31.20003318786621 -4.597900867462158 0.1153
Cyclist 1 1 1 324.6763610839844 175.55259704589844 350.09063720703125 210.2583465576172 1.766020655632019 1.720308542251587 0.601950466632843 -13.925248146057129 1.8609355688095093 36.79196548461914 -4.694202899932861 0.1149
Car 1 1 1 354.8022155761719 180.7581329345703 396.6746520996094 210.3032684326172 3.8808298110961914 1.5178478956222534 1.6140012741088867 -13.029988288879395 1.9802613258361816 40.1994743347168 -4.863648891448975 0.1147
Pedestrian 1 1 1 36.28326416015625 160.64256286621094 74.30078887939453 242.0765380859375 0.7440623641014099 1.8014614582061768 0.5628193020820618 -12.67677116394043 1.5310232639312744 16.420089721679688 -2.4045095443725586 0.1140
Pedestrian 1 1 1 1051.985595703125 156.8865203857422 1083.4281005859375 235.05374145507812 0.7627299427986145 1.6919827461242676 0.5802363157272339 10.151907920837402 1.3460559844970703 16.09540367126465 -4.152194023132324 0.1139
Pedestrian 1 1 1 678.9814453125 172.2121124267578 692.3275146484375 195.4402313232422 0.8926215171813965 1.8303714990615845 0.5620313286781311 5.9795074462890625 1.7794901132583618 57.29420852661133 -6.698306560516357 0.1138
Pedestrian 1 1 1 125.88599395751953 160.8533477783203 162.57582092285156 235.28280639648438 0.7639040946960449 1.811859130859375 0.5828917026519775 -11.694293975830078 1.519423484802246 18.03548812866211 -2.422574281692505 0.1138
Car 1 1 1 392.4813232421875 179.5316925048828 432.5091552734375 205.44757080078125 3.9951233863830566 1.5168402194976807 1.6433807611465454 -12.385323524475098 1.9549553394317627 45.328006744384766 -4.7730207443237305 0.1134
Car 1 1 1 376.0846252441406 177.02645874023438 403.649658203125 197.07644653320312 3.8801186084747314 1.6971724033355713 1.640358567237854 -19.489643096923828 2.0782394409179688 63.93241882324219 -7.961573123931885 0.1133
Car 1 1 1 508.08563232421875 177.13124084472656 537.98095703125 202.04486083984375 4.024726390838623 1.6224766969680786 1.6584786176681519 -5.981982707977295 1.9289181232452393 49.71571731567383 -4.733504295349121 0.1133
Pedestrian 1 1 1 144.05848693847656 164.52102661132812 171.07034301757812 225.93124389648438 0.7886831164360046 1.8471570014953613 0.5845223665237427 -13.966041564941406 1.5962098836898804 22.192235946655273 -8.575590133666992 0.1133
Car 1 1 1 985.0846557617188 162.7638702392578 1049.1837158203125 191.91006469726562 3.7238786220550537 1.5503116846084595 1.6040022373199463 22.603830337524414 1.0133086442947388 40.27513885498047 -7.809288501739502 0.1133
Pedestrian 1 1 1 0.0 168.86351013183594 19.9981632232666 228.80703735351562 0.497713565826416 1.7988786697387695 0.5713673233985901 -18.447721481323242 1.6788259744644165 21.9027156829834 -4.7094831466674805 0.1131
Pedestrian 1 1 1 883.41552734375 163.67666625976562 902.6744384765625 210.19009399414062 0.7143875956535339 1.7546334266662598 0.6366263628005981 10.79713249206543 1.4081355333328247 27.654273986816406 -7.552585124969482 0.1131
Pedestrian 1 1 1 989.2332763671875 160.255126953125 1019.1900024414062 225.28573608398438 0.7103529572486877 1.7014715671539307 0.5578778386116028 10.483266830444336 1.3715327978134155 19.295928955078125 -4.437872886657715 0.1128
Car 1 1 1 258.5762023925781 180.1351776123047 320.65509033203125 209.8626251220703 3.845982313156128 1.54081392288208 1.6170345544815063 -17.858901977539062 1.9671432971954346 40.31781005859375 -4.664356708526611 0.1117
Pedestrian 1 1 1 32.438167572021484 161.65159606933594 69.10986328125 247.6907501220703 0.7457751631736755 1.787850022315979 0.5671414732933044 -12.037185668945312 1.5547698736190796 15.460015296936035 -5.446072578430176 0.1116
Pedestrian 1 1 1 114.0848388671875 161.6243896484375 146.12847900390625 232.7024383544922 0.7752544283866882 1.8240022659301758 0.5684958100318909 -12.683876037597656 1.5355284214019775 18.99201774597168 -5.485541820526123 0.1115
Pedestrian 1 1 1 0.0 160.99560546875 26.01567840576172 246.05197143554688 0.7663946151733398 1.8461103439331055 0.5932679772377014 -13.622966766357422 1.58842933177948 16.109621047973633 -2.6153955459594727 0.1113
Car 1 1 1 604.649658203125 176.9585723876953 636.4284057617188 197.3507080078125 4.154716968536377 1.5133352279663086 1.658408522605896 0.7582899928092957 1.847699761390686 56.631103515625 -8.050339698791504 0.1112
Pedestrian 1 1 1 803.6802978515625 164.45933532714844 817.4329833984375 197.4962921142578 0.6995101571083069 1.870245099067688 0.6511545181274414 11.419344902038574 1.3947175741195679 41.22928237915039 -7.746973514556885 0.1111
Car 1 1 1 1241.0 166.23248291015625 1241.0 374.0 4.0597147941589355 1.4939297437667847 1.594560980796814 6.238512992858887 1.4676040410995483 3.825991153717041 -6.380120754241943 0.1108
Pedestrian 1 1 1 1010.4865112304688 156.95706176757812 1045.980224609375 218.6428985595703 0.7059704661369324 1.7568796873092651 0.604904055595398 12.065958023071289 1.303817868232727 20.915864944458008 -7.897057056427002 0.1102
Cyclist 1 1 1 1120.90478515625 147.91366577148438 1219.93115234375 246.3787078857422 1.7348132133483887 1.686928391456604 0.5000273585319519 10.165321350097656 1.2593441009521484 13.234612464904785 -7.830474376678467 0.1101
Car 1 1 1 775.4231567382812 175.2538299560547 805.8662719726562 193.13519287109375 3.932072877883911 1.4818929433822632 1.5258265733718872 15.537710189819336 1.6954916715621948 62.32100296020508 -7.887284755706787 0.1097
Car 1 1 1 553.6931762695312 178.66934204101562 583.791015625 207.0975341796875 3.9323880672454834 1.5358941555023193 1.6605217456817627 -2.4548726081848145 1.8889989852905273 41.82883071899414 -4.782952785491943 0.1092
Car 1 1 1 482.9405822753906 178.4410858154297 511.6695861816406 199.0209503173828 4.049529552459717 1.5662460327148438 1.6173832416534424 -9.1610107421875 2.034029245376587 58.27275848388672 -5.040350914001465 0.1088
Car 1 1 1 440.53216552734375 181.26083374023438 505.2982482910156 238.0652313232422 3.9129090309143066 1.4870315790176392 1.5915067195892334 -4.046481609344482 1.761125922203064 21.520038604736328 -4.819865703582764 0.1087
Pedestrian 1 1 1 0.0 157.95831298828125 37.449012756347656 254.0403594970703 0.7455195784568787 1.8251882791519165 0.5839453935623169 -11.700448989868164 1.5419278144836426 14.17921257019043 -5.43190336227417 0.1087
Car 1 1 1 725.8836669921875 175.7423095703125 778.1913452148438 207.9464569091797 3.9258038997650146 1.4776992797851562 1.6360505819320679 6.870993137359619 1.6273587942123413 35.4640998840332 -4.757410049438477 0.1084
Car 1 1 1 687.0817260742188 174.15365600585938 714.8851318359375 194.60427856445312 3.739602565765381 1.567687749862671 1.6230252981185913 7.181420803070068 1.6742786169052124 57.447914123535156 -7.88737154006958 0.1082
Pedestrian 1 1 1 1103.574462890625 61.1174201965332 1241.0 374.0 0.7011110186576843 1.7792723178863525 0.6023903489112854 2.7670462131500244 1.300241231918335 3.5442123413085938 -4.204245567321777 0.1074
Pedestrian 1 1 1 113.9096908569336 164.78717041015625 146.8743896484375 231.1479034423828 0.7421452403068542 1.793096899986267 0.5837799906730652 -13.31802749633789 1.5748279094696045 19.96007537841797 -2.4253592491149902 0.1073
Pedestrian 1 1 1 49.25278091430664 162.73666381835938 89.45165252685547 239.0935821533203 0.7513424158096313 1.8278344869613647 0.570688009262085 -13.326241493225098 1.5853455066680908 17.717538833618164 -2.556535243988037 0.1071
Pedestrian 1 1 1 256.4042053222656 177.56759643554688 289.6247253417969 245.07208251953125 0.5180420279502869 1.533056616783142 0.4945237934589386 -7.855283737182617 1.6438833475112915 16.719003677368164 -4.568437099456787 0.1070
Pedestrian 1 1 1 302.8175048828125 178.9643096923828 341.5677795410156 253.92626953125 0.6302017569541931 1.4982800483703613 0.5028995275497437 -5.955779075622559 1.6263421773910522 14.817331314086914 -4.6045942306518555 0.1062
Pedestrian 1 1 1 210.60203552246094 169.1850128173828 232.50918579101562 211.0965118408203 0.8402197957038879 1.7848742008209229 0.6305692195892334 -16.836090087890625 1.6283237934112549 31.20655632019043 -8.073233604431152 0.1061
Pedestrian 1 1 1 87.6126708984375 163.3030548095703 122.77494049072266 237.04539489746094 0.7591044306755066 1.7939701080322266 0.5904290676116943 -12.66657543182373 1.56131911277771 18.029760360717773 -2.3660945892333984 0.1059
Cyclist 1 1 1 972.561279296875 158.32254028320312 1039.5325927734375 232.5 1.7465661764144897 1.7040817737579346 0.5298373103141785 9.498750686645508 1.3699501752853394 17.470478057861328 -7.949473857879639 0.1059
Pedestrian 1 1 1 397.9469909667969 172.91221618652344 411.5234375 196.50973510742188 0.8610265851020813 1.8137316703796387 0.5341091156005859 -15.945313453674316 1.817984938621521 55.955989837646484 -7.087378978729248 0.1057
Pedestrian 1 1 1 984.1137084960938 155.5731658935547 1017.425048828125 216.7891845703125 0.7180067896842957 1.7702034711837769 0.6187705993652344 11.447090148925781 1.2701879739761353 21.243497848510742 -7.7882256507873535 0.1054
Car 1 1 1 693.4678955078125 175.33877563476562 753.4100341796875 208.6839599609375 3.8714184761047363 1.4687178134918213 1.6215695142745972 5.252045631408691 1.5930217504501343 34.13446807861328 -4.889839172363281 0.1054
Pedestrian 1 1 1 152.72337341308594 162.8880615234375 185.1092529296875 231.41098022460938 0.7659477591514587 1.8185750246047974 0.5791064500808716 -12.047802925109863 1.5537824630737305 19.623891830444336 -2.3709096908569336 0.1052
Car 1 1 1 0.0 185.42626953125 0.0 374.0 4.058769702911377 1.564892292022705 1.6306469440460205 -11.131952285766602 1.7413653135299683 8.048135757446289 -4.806593894958496 0.1049
Car 1 1 1 1233.39697265625 157.131591796875 1241.0 195.35858154296875 4.165658950805664 1.4641060829162598 1.635392189025879 27.36676788330078 0.8616326451301575 28.563833236694336 -6.337080478668213 0.1048
Cyclist 1 1 1 412.57232666015625 158.53463745117188 445.5323181152344 207.475341796875 1.5979771614074707 1.778584361076355 0.5564747452735901 -6.815468788146973 1.2578954696655273 27.061006546020508 -4.504971027374268 0.1048
Car 1 1 1 562.3912963867188 176.61605834960938 587.010986328125 198.5899658203125 4.015580177307129 1.5837836265563965 1.6812676191329956 -2.7421321868896484 1.8800208568572998 54.79553985595703 -4.8075175285339355 0.1039
Cyclist 1 1 1 299.5923156738281 177.71849060058594 319.42742919921875 209.51771545410156 1.686118721961975 1.693036437034607 0.521292507648468 -16.493988037109375 1.9651436805725098 39.542598724365234 -4.801383972167969 0.1039
Pedestrian 1 1 1 234.06260681152344 172.91468811035156 249.27615356445312 205.4607696533203 0.5109040141105652 1.7526599168777466 0.5743693113327026 -20.060874938964844 1.7556899785995483 39.224639892578125 -7.309352397918701 0.1035
Car 1 1 1 926.4832763671875 175.76605224609375 990.8705444335938 206.7509002685547 3.9675920009613037 1.5130138397216797 1.6363807916641235 18.06141471862793 1.6728311777114868 37.643985748291016 -4.652367115020752 0.1033
Car 1 1 1 70.88981628417969 176.95433044433594 177.2724151611328 221.42616271972656 3.7274107933044434 1.5346637964248657 1.6351215839385986 -18.19163703918457 1.6994837522506714 27.153268814086914 -4.763496398925781 0.1033
Pedestrian 1 1 1 1080.0650634765625 156.11300659179688 1101.48828125 199.01707458496094 0.6382663249969482 1.772757649421692 0.6373815536499023 20.093643188476562 1.0807348489761353 30.230937957763672 -7.4563822746276855 0.1030
Pedestrian 1 1 1 968.7872924804688 158.88864135742188 1002.735595703125 224.7252655029297 0.767574667930603 1.6955959796905518 0.5617192983627319 9.834039688110352 1.335623860359192 18.99924087524414 -7.726749897003174 0.1029
Pedestrian 1 1 1 48.40082550048828 162.45848083496094 89.26311492919922 232.8170928955078 0.6911177039146423 1.8120478391647339 0.5483318567276001 -14.30725383758545 1.54401695728302 19.01531410217285 -4.239574909210205 0.1029
