Car 1 1 1 580.234619140625 179.86180114746094 637.9491577148438 230.1617889404297 3.5894012451171875 1.409243106842041 1.6615352630615234 -0.14496299624443054 1.64569091796875 22.54998016357422 -7.893360614776611 0.8030
Car 1 1 1 27.930505752563477 185.10702514648438 220.77992248535156 274.9803161621094 3.5556859970092773 1.5017842054367065 1.5783952474594116 -9.480727195739746 1.776282548904419 14.366861343383789 -4.762355804443359 0.8007
Car 1 1 1 502.3558044433594 181.90623474121094 561.9357299804688 231.50570678710938 3.75150990486145 1.423248529434204 1.6620113849639893 -2.484039306640625 1.7392699718475342 23.306856155395508 -7.8927321434021 0.7593
Car 1 1 1 223.5035858154297 182.4212188720703 437.8173522949219 265.3038330078125 3.845210313796997 1.5137403011322021 1.6336376667022705 -5.709418296813965 1.7255451679229736 14.733033180236816 -2.8937907218933105 0.7225
Car 1 1 1 674.8406372070312 178.28671264648438 762.7086791992188 243.39892578125 3.882174491882324 1.5250201225280762 1.6317436695098877 2.7266969680786133 1.6840511560440063 19.1944637298584 -7.886807918548584 0.7042
Car 1 1 1 587.6766967773438 177.84988403320312 629.0469970703125 213.71505737304688 3.6876437664031982 1.522630214691162 1.6539362668991089 -0.16815060377120972 1.7643370628356934 33.056392669677734 -7.9221415519714355 0.6345
Car 1 1 1 300.5104675292969 182.8467559814453 476.4928894042969 248.136962890625 3.9337687492370605 1.4637181758880615 1.6139408349990845 -5.5197224617004395 1.729697585105896 17.903934478759766 -2.859221935272217 0.6172
Car 1 1 1 41.47526550292969 185.0848846435547 172.30076599121094 241.12684631347656 3.4875621795654297 1.456978440284729 1.5181572437286377 -14.740447998046875 1.8477129936218262 21.299480438232422 -4.746791362762451 0.6143
Car 1 1 1 653.0211791992188 177.17575073242188 704.4742431640625 216.76438903808594 3.612459421157837 1.5247715711593628 1.5808991193771362 2.7566027641296387 1.7155416011810303 30.0474796295166 -7.917379856109619 0.5976
Car 1 1 1 631.96337890625 177.3976287841797 661.7380981445312 201.9968719482422 3.655050754547119 1.5410910844802856 1.622444987297058 2.3689467906951904 1.8532248735427856 47.75300598144531 -7.899094104766846 0.5862
Car 1 1 1 660.2385864257812 178.49551391601562 728.7032470703125 228.3455047607422 3.934941291809082 1.4859756231307983 1.6282011270523071 2.6670541763305664 1.688751459121704 23.96757698059082 -7.903560161590576 0.5788
Car 1 1 1 376.4562072753906 180.7205810546875 491.1850891113281 225.7086181640625 3.7123756408691406 1.4825763702392578 1.5804857015609741 -6.300842761993408 1.7769800424575806 25.64651870727539 -5.929507732391357 0.4794
Car 1 1 1 438.8733825683594 180.43223571777344 523.1005859375 211.83226013183594 3.802788734436035 1.462766170501709 1.5621570348739624 -6.394721031188965 1.8502333164215088 35.587890625 -5.967921257019043 0.4459
Pedestrian 1 1 1 939.2179565429688 159.43405151367188 980.1061401367188 238.93113708496094 0.7275943756103516 1.6912869215011597 0.5900411009788513 7.612773895263672 1.405480146408081 15.815282821655273 -7.046889781951904 0.3699
Car 1 1 1 519.037109375 179.7789306640625 564.8436279296875 219.7608642578125 3.665693998336792 1.4629061222076416 1.5960068702697754 -2.711530923843384 1.7577718496322632 28.89892578125 -7.883578777313232 0.3299
Car 1 1 1 560.6777954101562 178.31509399414062 582.7191162109375 198.80953979492188 3.661893129348755 1.525852084159851 1.625238060951233 -3.059912919998169 1.9683783054351807 56.61759948730469 -7.934417247772217 0.3181
Pedestrian 1 1 1 0.0 171.01614379882812 11.818984985351562 229.54994201660156 0.42102286219596863 1.7995470762252808 0.5471843481063843 -19.039939880371094 1.74274480342865 22.52653694152832 -3.7062788009643555 0.2870
Car 1 1 1 892.5731201171875 158.73265075683594 1045.95556640625 210.8550567626953 3.863936185836792 1.5102221965789795 1.5954453945159912 10.734427452087402 1.1007628440856934 21.805091857910156 -6.336144924163818 0.2768
Pedestrian 1 1 1 527.30810546875 172.14710998535156 538.2427368164062 193.11265563964844 0.8439292907714844 1.834354043006897 0.5406575202941895 -6.832099437713623 1.7722054719924927 63.63096237182617 -4.112634181976318 0.2624
Pedestrian 1 1 1 1190.23193359375 123.20479583740234 1241.0 317.94012451171875 0.8881247639656067 1.802930235862732 0.5630987882614136 6.243083953857422 1.342960000038147 7.129268646240234 -6.741675853729248 0.2564
Pedestrian 1 1 1 232.0046844482422 155.39736938476562 305.7880554199219 293.08056640625 0.6615623831748962 1.7799415588378906 0.6425544023513794 -4.624902725219727 1.55396568775177 9.695366859436035 -7.731813907623291 0.2542
Car 1 1 1 141.0814208984375 182.33114624023438 256.1783752441406 237.1084442138672 3.6071977615356445 1.479480504989624 1.516390085220337 -12.412557601928711 1.7913012504577637 21.94084930419922 -4.737791061401367 0.2531
Car 1 1 1 288.00762939453125 181.4126434326172 351.58349609375 213.4730987548828 4.0390095710754395 1.5577102899551392 1.6050220727920532 -15.317004203796387 2.034899950027466 38.20357894897461 -4.670559406280518 0.2486
Pedestrian 1 1 1 712.1332397460938 164.10328674316406 726.2048950195312 198.21446228027344 0.6984379887580872 1.8633882999420166 0.6693414449691772 5.993593215942383 1.385063886642456 39.848846435546875 -4.408012866973877 0.2484
Car 1 1 1 535.2588500976562 177.2987518310547 557.938720703125 194.1298828125 3.8162243366241455 1.5137302875518799 1.580649733543396 -5.9558024406433105 1.94358491897583 67.87638854980469 -4.651608467102051 0.2403
Car 1 1 1 628.553466796875 173.39378356933594 656.6131591796875 196.6215057373047 3.9434828758239746 1.700873851776123 1.669934630393982 2.4162371158599854 1.7432057857513428 54.95882034301758 -4.788008213043213 0.2317
Pedestrian 1 1 1 698.0700073242188 161.20132446289062 734.796875 238.53192138671875 0.6292338371276855 1.7540732622146606 0.5906134843826294 2.426522970199585 1.4894580841064453 16.797958374023438 -3.9482297897338867 0.2311
Pedestrian 1 1 1 498.2698974609375 165.2880401611328 511.58544921875 196.22508239746094 0.7460598945617676 1.8157317638397217 0.6227355003356934 -6.258037567138672 1.3713767528533936 42.74836730957031 -7.760584354400635 0.2225
Car 1 1 1 520.571533203125 179.37620544433594 563.445068359375 215.06544494628906 3.8815579414367676 1.50271475315094 1.6087578535079956 -3.0970864295959473 1.8185774087905884 33.03360366821289 -4.714881420135498 0.2122
Cyclist 1 1 1 755.6406860351562 153.3178253173828 911.8130493164062 296.3235168457031 1.8203480243682861 1.7765833139419556 0.6292304992675781 2.791254758834839 1.533582091331482 9.302387237548828 -3.1151089668273926 0.1877
Pedestrian 1 1 1 708.4432983398438 164.26943969726562 721.6251220703125 196.4285125732422 0.6931791305541992 1.8173316717147827 0.662257969379425 5.962336540222168 1.331912636756897 41.197444915771484 -7.581826686859131 0.1844
Pedestrian 1 1 1 143.5608367919922 164.18775939941406 168.04150390625 207.3705291748047 0.6853625774383545 1.7870867252349854 0.6198654770851135 -19.064050674438477 1.4281408786773682 30.225448608398438 -7.929708957672119 0.1838
Pedestrian 1 1 1 975.7902221679688 151.59573364257812 1010.40087890625 234.27734375 0.7030354142189026 1.7882136106491089 0.6035270690917969 8.480560302734375 1.3281463384628296 16.065916061401367 -4.108382225036621 0.1812
Car 1 1 1 335.44769287109375 180.19557189941406 376.53131103515625 211.64524841308594 4.035735607147217 1.524767279624939 1.6166332960128784 -13.402312278747559 1.9343340396881104 38.1336784362793 -4.940707683563232 0.1770
Car 1 1 1 564.0650634765625 179.64739990234375 584.7158203125 199.71435546875 4.104791164398193 1.5965083837509155 1.6441086530685425 -3.060811758041382 2.189781427383423 60.9378547668457 -4.785057067871094 0.1770
Pedestrian 1 1 1 0.0 175.16220092773438 18.85077667236328 235.24111938476562 0.715997040271759 1.6810755729675293 0.5965138673782349 -17.50998878479004 1.7480305433273315 20.622005462646484 -8.017170906066895 0.1712
Pedestrian 1 1 1 1120.736572265625 135.89404296875 1196.5723876953125 272.5099182128906 0.6052331328392029 1.758468747138977 0.5963290333747864 7.254179954528809 1.2824339866638184 9.63827133178711 -4.533225059509277 0.1707
Pedestrian 1 1 1 59.980682373046875 164.36538696289062 90.66111755371094 215.29226684570312 0.6455709934234619 1.79129159450531 0.6482639908790588 -19.11421775817871 1.492414951324463 25.741945266723633 -7.986270427703857 0.1696
Pedestrian 1 1 1 241.23141479492188 166.44918823242188 260.179931640625 200.61160278320312 0.7236284613609314 1.8247387409210205 0.6318507194519043 -19.417808532714844 1.4823342561721802 38.92670822143555 -7.771002292633057 0.1696
Pedestrian 1 1 1 214.1997833251953 175.6302032470703 252.0710906982422 244.3255157470703 0.588088870048523 1.6184935569763184 0.5661740303039551 -9.116642951965332 1.6863285303115845 17.367782592773438 -4.530071258544922 0.1689
Pedestrian 1 1 1 1055.6309814453125 138.86634826660156 1110.2283935546875 279.0094909667969 0.7912752032279968 1.7856440544128418 0.5921834707260132 6.2930097579956055 1.352288007736206 9.687100410461426 -7.260365009307861 0.1668
Car 1 1 1 0.0 0.0 1241.0 374.0 3.9033381938934326 1.5399818420410156 1.651659607887268 -3.419903039932251 1.6285632848739624 0.9982520937919617 -7.908668041229248 0.1628
Pedestrian 1 1 1 346.7644958496094 173.20762634277344 360.804443359375 197.61012268066406 0.8681257367134094 1.833338975906372 0.5247490406036377 -19.45462989807129 1.8600891828536987 54.70856475830078 -7.019908428192139 0.1624
Car 1 1 1 0.0 0.0 1241.0 374.0 3.830223798751831 1.5302640199661255 1.618349313735962 3.984355926513672 1.55460524559021 1.3069744110107422 -7.894138813018799 0.1614
Pedestrian 1 1 1 958.6241455078125 156.63331604003906 1007.9490356445312 251.26495361328125 0.6317717432975769 1.7314958572387695 0.5924294590950012 6.931237697601318 1.4344024658203125 13.522395133972168 -7.868880748748779 0.1582
Car 1 1 1 567.2125854492188 180.20465087890625 594.6499633789062 206.93649291992188 3.8432962894439697 1.540600061416626 1.6215518712997437 -1.8050795793533325 2.0143823623657227 44.59368896484375 -4.738521575927734 0.1555
Car 1 1 1 297.7780456542969 171.84727478027344 342.16986083984375 198.1658477783203 4.1562066078186035 1.7529770135879517 1.707980990409851 -20.14322280883789 1.6856228113174438 50.19841766357422 -4.792252540588379 0.1527
Pedestrian 1 1 1 969.1038208007812 151.451904296875 1024.1412353515625 258.7560119628906 0.7134106159210205 1.706892728805542 0.5233801007270813 6.316623210906982 1.3661484718322754 11.892476081848145 -3.725205898284912 0.1524
Car 1 1 1 654.3448486328125 170.67269897460938 686.0090942382812 191.91908264160156 3.9766857624053955 1.5921542644500732 1.6568939685821533 4.613979339599609 1.4283922910690308 56.14811325073242 -4.840240478515625 0.1523
Car 1 1 1 530.4579467773438 179.35093688964844 563.8665771484375 206.98138427734375 4.012011528015137 1.538236379623413 1.6358553171157837 -3.7449827194213867 1.9443178176879883 43.122989654541016 -4.708800792694092 0.1506
Pedestrian 1 1 1 921.4061889648438 157.62359619140625 963.551513671875 245.06600952148438 0.6637828350067139 1.697982907295227 0.5991872549057007 6.610265254974365 1.4019345045089722 14.458138465881348 -3.9839529991149902 0.1501
Pedestrian 1 1 1 1003.778076171875 141.6368408203125 1061.358154296875 270.8677062988281 0.7372168898582458 1.7667204141616821 0.5583654046058655 5.993252754211426 1.3396493196487427 10.323760986328125 -3.9538416862487793 0.1495
Car 1 1 1 238.29541015625 183.206298828125 317.6141052246094 228.59666442871094 3.9340999126434326 1.5179598331451416 1.592022180557251 -12.410988807678223 1.9361047744750977 27.114944458007812 -4.835587978363037 0.1477
Car 1 1 1 595.3121948242188 180.69821166992188 631.607421875 210.81883239746094 3.9419848918914795 1.4973421096801758 1.6622971296310425 0.1004195436835289 1.9424903392791748 38.948692321777344 -7.925204753875732 0.1476
Car 1 1 1 747.451171875 177.34275817871094 869.7547607421875 264.02069091796875 3.9902501106262207 1.546470284461975 1.606422781944275 3.9341654777526855 1.65277099609375 15.109267234802246 -4.671819686889648 0.1467
Pedestrian 1 1 1 176.14395141601562 165.36395263671875 198.2281036376953 205.16610717773438 0.6903771758079529 1.7725508213043213 0.6287943720817566 -19.08608627319336 1.4386887550354004 32.50825119018555 -7.955413341522217 0.1461
Pedestrian 1 1 1 961.2168579101562 155.55751037597656 1006.1995849609375 255.42367553710938 0.6269460916519165 1.7387399673461914 0.5503782033920288 6.625234127044678 1.4372960329055786 12.917869567871094 -4.542934417724609 0.1459
Cyclist 1 1 1 488.3420104980469 175.02090454101562 503.2410888671875 206.6668243408203 1.6573472023010254 1.679864525794983 0.5839753746986389 -6.242376804351807 1.799949049949646 39.25075912475586 -4.734495162963867 0.1444
Car 1 1 1 158.29273986816406 182.87855529785156 247.50286865234375 220.25320434570312 4.102831840515137 1.4838932752609253 1.6650623083114624 -17.866527557373047 1.9542858600616455 31.81643295288086 -4.726076602935791 0.1438
Car 1 1 1 555.4603881835938 180.92112731933594 590.6082763671875 210.90415954589844 3.9013748168945312 1.51199209690094 1.6534773111343384 -2.1073296070098877 1.9762792587280273 39.517486572265625 -4.8330278396606445 0.1428
Pedestrian 1 1 1 1.3948602676391602 174.00262451171875 19.544204711914062 232.93600463867188 0.4177098274230957 1.7860850095748901 0.5403552055358887 -18.50896453857422 1.821704387664795 22.222307205200195 -3.8114748001098633 0.1428
Car 1 1 1 510.4230651855469 169.24755859375 535.0555419921875 191.32872009277344 4.019952297210693 1.6138784885406494 1.6926685571670532 -6.621455192565918 1.3499881029129028 54.806114196777344 -7.932325839996338 0.1427
Pedestrian 1 1 1 218.9605712890625 182.61293029785156 256.32769775390625 251.314453125 0.5641948580741882 1.4058986902236938 0.4659025967121124 -7.8672614097595215 1.6146835088729858 15.155301094055176 -4.614088535308838 0.1415
Car 1 1 1 41.51531219482422 176.38726806640625 150.95108032226562 219.17117309570312 3.798877000808716 1.5252243280410767 1.6268593072891235 -19.81159210205078 1.6712918281555176 27.96521759033203 -4.744851589202881 0.1408
Car 1 1 1 333.3763122558594 171.14418029785156 363.3538818359375 198.29824829101562 4.152879238128662 1.8072856664657593 1.709477424621582 -18.208383560180664 1.6931852102279663 50.25627899169922 -8.139352798461914 0.1398
Pedestrian 1 1 1 664.6048583984375 170.97506713867188 675.9255981445312 190.6173553466797 0.9203237891197205 1.8261075019836426 0.5452494025230408 5.622822284698486 1.6511257886886597 67.56688690185547 -3.7506136894226074 0.1394
Pedestrian 1 1 1 702.60986328125 164.10317993164062 717.9093627929688 195.71182250976562 0.8997316360473633 1.8783446550369263 0.5815000534057617 5.998989105224609 1.3580267429351807 43.41303634643555 -7.271149158477783 0.1377
Car 1 1 1 146.79551696777344 175.81143188476562 320.83209228515625 240.60276794433594 3.861086368560791 1.5460306406021118 1.6162121295928955 -9.691883087158203 1.6269170045852661 18.568775177001953 -6.046297550201416 0.1369
Car 1 1 1 346.7041931152344 181.826416015625 395.2823486328125 207.48532104492188 3.921224355697632 1.5254015922546387 1.6269960403442383 -15.307036399841309 2.125807285308838 46.302162170410156 -4.653566360473633 0.1367
Car 1 1 1 190.28872680664062 183.2553253173828 280.2709655761719 228.2711181640625 3.85010027885437 1.5137553215026855 1.5601073503494263 -14.016036987304688 1.9329705238342285 27.136554718017578 -4.767554759979248 0.1367
Car 1 1 1 91.21678161621094 180.51060485839844 206.75592041015625 223.393798828125 3.966831922531128 1.4792683124542236 1.6810133457183838 -17.5673885345459 1.7942084074020386 27.663450241088867 -4.632855415344238 0.1362
Car 1 1 1 623.8993530273438 179.19940185546875 663.5713500976562 208.83387756347656 3.7182259559631348 1.487947702407837 1.63206946849823 1.7354538440704346 1.8474171161651611 38.98172378540039 -7.948378086090088 0.1359
Car 1 1 1 0.0 187.83233642578125 6.1031293869018555 242.33819580078125 4.030303955078125 1.4533883333206177 1.6264749765396118 -19.918989181518555 1.896546483039856 20.52975845336914 -6.273592472076416 0.1351
Car 1 1 1 0.0 187.533447265625 0.0 374.0 3.8862390518188477 1.5482020378112793 1.6138719320297241 -5.335837364196777 1.6308774948120117 2.1104164123535156 -7.886146068572998 0.1330
Car 1 1 1 0.0 0.0 1241.0 374.0 3.8022451400756836 1.5444583892822266 1.6488275527954102 1.7207450866699219 1.5648850202560425 0.9137546420097351 -7.8721842765808105 0.1320
Pedestrian 1 1 1 355.30609130859375 169.34078979492188 391.5220642089844 244.59768676757812 0.7272351384162903 1.6074451208114624 0.49159395694732666 -5.225712776184082 1.5321052074432373 15.802495956420898 -4.590246677398682 0.1318
Car 1 1 1 557.15966796875 177.24310302734375 576.7314453125 193.88543701171875 4.041365623474121 1.5042976140975952 1.611796259880066 -4.0689520835876465 1.9318010807037354 68.30690002441406 -4.711792469024658 0.1312
Car 1 1 1 386.1139831542969 181.55526733398438 457.0694274902344 237.3188934326172 3.9080445766448975 1.48421049118042 1.5907834768295288 -5.661576747894287 1.7723324298858643 21.878726959228516 -4.8377604484558105 0.1311
Car 1 1 1 390.6969299316406 181.58499145507812 422.6119689941406 207.1748046875 3.9012508392333984 1.52165687084198 1.6191784143447876 -13.058649063110352 2.1075401306152344 46.378353118896484 -4.893432140350342 0.1308
Car 1 1 1 451.687255859375 178.3907470703125 493.87774658203125 207.07611083984375 4.021228790283203 1.4748092889785767 1.6383503675460815 -7.567178726196289 1.796249270439148 39.90345001220703 -4.730435848236084 0.1290
Pedestrian 1 1 1 0.0 161.0611572265625 26.26291275024414 245.14041137695312 0.7507963180541992 1.8270220756530762 0.5867498517036438 -13.619871139526367 1.57046639919281 16.120357513427734 -2.619389057159424 0.1287
Pedestrian 1 1 1 0.0 163.0086669921875 27.596595764160156 241.23216247558594 0.7573129534721375 1.8356837034225464 0.5991630554199219 -14.604703903198242 1.6043418645858765 17.39028549194336 -2.5633091926574707 0.1275
Car 1 1 1 1241.0 163.6038055419922 1241.0 346.6443176269531 4.106907844543457 1.5289227962493896 1.6414415836334229 8.977259635925293 1.4513567686080933 7.0165324211120605 -6.366917610168457 0.1266
Car 1 1 1 659.6904296875 178.48162841796875 702.3894653320312 208.9496307373047 3.866781711578369 1.5026401281356812 1.641179084777832 3.676823616027832 1.8165483474731445 38.301883697509766 -7.920677661895752 0.1247
Car 1 1 1 411.078857421875 178.80982971191406 462.9334411621094 213.75791931152344 3.9820058345794678 1.4721370935440063 1.6287729740142822 -7.909463405609131 1.7619930505752563 33.11918640136719 -4.767253875732422 0.1246
Car 1 1 1 351.7104797363281 177.30642700195312 382.1499938964844 197.8574676513672 3.7057993412017822 1.6241477727890015 1.6486374139785767 -20.128355026245117 2.0047576427459717 59.79473114013672 -7.966518878936768 0.1246
Car 1 1 1 519.86376953125 179.61378479003906 556.401123046875 210.947021484375 4.035882472991943 1.5074830055236816 1.6543060541152954 -3.73693585395813 1.8790514469146729 37.645381927490234 -4.7501220703125 0.1229
Pedestrian 1 1 1 703.3451538085938 156.68983459472656 751.6973876953125 255.76483154296875 0.7777539491653442 1.7435799837112427 0.5928936004638672 2.0986337661743164 1.4588135480880737 13.186646461486816 -4.10049295425415 0.1195
Car 1 1 1 518.1419067382812 178.72384643554688 547.2786254882812 204.2868194580078 4.033175468444824 1.5547114610671997 1.6312191486358643 -5.013243675231934 1.952418327331543 46.87432098388672 -4.7554192543029785 0.1193
Car 1 1 1 321.5487060546875 181.153564453125 390.60809326171875 221.24383544921875 4.025608539581299 1.5005762577056885 1.624363899230957 -10.470563888549805 1.8678745031356812 29.90703773498535 -4.7622971534729 0.1187
Pedestrian 1 1 1 737.7698974609375 172.76885986328125 757.6724243164062 229.8703155517578 0.8017601370811462 1.6467949151992798 0.554747462272644 4.000673770904541 1.6440397500991821 21.249555587768555 -7.691138744354248 0.1186
Pedestrian 1 1 1 52.93644332885742 162.56378173828125 82.24771118164062 236.2698516845703 0.759056031703949 1.7943512201309204 0.5762952566146851 -13.616057395935059 1.5435391664505005 18.04212188720703 -5.368226051330566 0.1178
Pedestrian 1 1 1 896.5629272460938 142.547119140625 973.8406982421875 288.95355224609375 0.8213514685630798 1.748826503753662 0.5898489952087402 3.9928507804870605 1.3865103721618652 9.033136367797852 -4.724997043609619 0.1175
Car 1 1 1 596.3934936523438 179.54788208007812 629.5648803710938 206.9874267578125 3.847841501235962 1.5274255275726318 1.6258710622787476 0.09985911846160889 1.9456532001495361 43.124202728271484 -7.943969249725342 0.1167
Car 1 1 1 333.7658996582031 175.37220764160156 366.02471923828125 196.6211700439453 4.105929851531982 1.8075014352798462 1.6924479007720947 -23.0452880859375 2.037938356399536 63.99555206298828 -7.939143657684326 0.1167
Car 1 1 1 83.64540100097656 0.0 1241.0 374.0 3.83923077583313 1.5536084175109863 1.6445327997207642 -1.159466028213501 1.6051431894302368 0.8472266793251038 -7.8923821449279785 0.1166
Cyclist 1 1 1 566.409423828125 171.70606994628906 606.5690307617188 213.62115478515625 1.7031537294387817 1.7769955396652222 0.6191016435623169 -1.049829125404358 1.7280290126800537 30.925209045410156 -3.172259569168091 0.1158
Car 1 1 1 211.70858764648438 180.46453857421875 290.00628662109375 213.82174682617188 4.089587688446045 1.5243314504623413 1.6577047109603882 -17.86493492126465 1.9261577129364014 36.02702331542969 -4.642611026763916 0.1153
Car 1 1 1 1241.0 166.27468872070312 1241.0 374.0 4.139225006103516 1.5158050060272217 1.60793137550354 7.242115497589111 1.4773484468460083 5.105821132659912 -6.3405327796936035 0.1150
Car 1 1 1 569.2589111328125 177.8414306640625 612.824951171875 219.34588623046875 3.83648419380188 1.5122616291046143 1.6181586980819702 -0.8447471857070923 1.7239787578582764 28.716527938842773 -7.9040446281433105 0.1142
Car 1 1 1 183.5375213623047 181.57984924316406 302.7447814941406 237.94419860839844 3.818838119506836 1.4873943328857422 1.5647199153900146 -10.854850769042969 1.7711063623428345 21.56063461303711 -4.692973613739014 0.1141
Car 1 1 1 672.5077514648438 175.73057556152344 703.23486328125 201.54489135742188 3.849222421646118 1.581918478012085 1.6522291898727417 4.953379154205322 1.7751163244247437 46.5926513671875 -7.830745220184326 0.1141
Pedestrian 1 1 1 0.0 160.81314086914062 9.83609390258789 244.89346313476562 0.7600740790367126 1.859178066253662 0.5822316408157349 -14.27260684967041 1.592631459236145 16.432703018188477 -4.008222579956055 0.1131
Pedestrian 1 1 1 237.02166748046875 162.59254455566406 289.9317626953125 270.4783630371094 0.5918576717376709 1.775355577468872 0.5551367998123169 -5.924221038818359 1.6061943769454956 12.237135887145996 -4.418733596801758 0.1120
Pedestrian 1 1 1 675.5537719726562 168.2250518798828 685.5424194335938 191.46469116210938 0.8322362303733826 1.8494547605514526 0.5444149374961853 5.637542724609375 1.48077392578125 57.91442108154297 -7.404052257537842 0.1109
Car 1 1 1 552.2533569335938 177.7831268310547 577.54345703125 202.2869415283203 3.9329960346221924 1.5632959604263306 1.6407808065414429 -3.0986881256103516 1.910582184791565 48.862586975097656 -4.7808356285095215 0.1104
Pedestrian 1 1 1 1010.3785400390625 149.16287231445312 1048.77880859375 231.3863525390625 0.7322877049446106 1.7507343292236328 0.5953419208526611 9.12708854675293 1.2459938526153564 15.806175231933594 -4.381960391998291 0.1081
Pedestrian 1 1 1 32.819732666015625 161.6238555908203 74.34528350830078 242.2539520263672 0.7692826986312866 1.8205540180206299 0.5845908522605896 -12.97453784942627 1.5666877031326294 16.75741958618164 -2.489379644393921 0.1069
Cyclist 1 1 1 475.3218078613281 175.2091064453125 493.6651611328125 208.27859497070312 1.7386932373046875 1.6780402660369873 0.5694266557693481 -6.572420120239258 1.8034217357635498 37.621910095214844 -4.659392356872559 0.1065
Pedestrian 1 1 1 0.0 161.46609497070312 0.0 242.01187133789062 0.7536863684654236 1.8583136796951294 0.5862684845924377 -15.227334976196289 1.5952774286270142 17.08231544494629 -2.6549201011657715 0.1064
Pedestrian 1 1 1 303.5540466308594 169.019775390625 317.375244140625 197.29791259765625 0.7216391563415527 1.8145089149475098 0.6146547794342041 -19.40509605407715 1.568179726600647 46.671607971191406 -7.8947577476501465 0.1062
Car 1 1 1 583.7384033203125 176.72230529785156 608.9680786132812 195.18870544433594 4.109394073486328 1.5233360528945923 1.6229362487792969 -1.1732133626937866 1.8698794841766357 62.556373596191406 -7.73058557510376 0.1061
Car 1 1 1 397.4244689941406 180.88470458984375 462.2526550292969 221.4431915283203 3.94435453414917 1.4871013164520264 1.6329246759414673 -7.2497358322143555 1.8339015245437622 29.211748123168945 -4.70978307723999 0.1059
Car 1 1 1 445.8059997558594 180.21205139160156 487.27874755859375 205.38600158691406 3.859593391418457 1.504762053489685 1.5946420431137085 -9.183393478393555 1.9967916011810303 46.286293029785156 -4.624839782714844 0.1052
Car 1 1 1 982.7923583984375 159.4498748779297 1160.066162109375 216.06419372558594 4.062041282653809 1.5036139488220215 1.6488878726959229 12.811877250671387 1.1473151445388794 20.22281837463379 -6.402103900909424 0.1048
Car 1 1 1 490.5903015136719 173.45980834960938 518.4518432617188 199.54307556152344 3.8449127674102783 1.5606216192245483 1.6387697458267212 -6.613858222961426 1.6000159978866577 45.27162551879883 -7.974719524383545 0.1036
Car 1 1 1 318.5060729980469 181.40109252929688 410.1702880859375 235.60568237304688 4.0395402908325195 1.4874258041381836 1.6067522764205933 -7.576066493988037 1.7777906656265259 22.491315841674805 -4.746904373168945 0.1033
Car 1 1 1 405.28070068359375 176.8358154296875 435.1972351074219 195.83062744140625 3.9919753074645996 1.5905203819274902 1.6789464950561523 -16.624862670898438 1.9505925178527832 63.28327178955078 -7.88253927230835 0.1028
