Car 1 1 1 253.0060272216797 178.60556030273438 435.5138854980469 298.4143371582031 3.850083112716675 1.5713950395584106 1.621665596961975 -4.08084774017334 1.6791025400161743 11.600183486938477 -4.743625640869141 0.7870
Car 1 1 1 656.0863647460938 174.8732452392578 693.1998291015625 204.63380432128906 3.9683706760406494 1.5115511417388916 1.6160122156143188 3.3964340686798096 1.6257027387619019 38.90715408325195 -7.861133098602295 0.6596
Pedestrian 1 1 1 0.0 145.37123107910156 72.73786163330078 333.3025207519531 0.9120664596557617 1.8042666912078857 0.610306978225708 -6.193185329437256 1.5401138067245483 7.414920330047607 -3.6465067863464355 0.3302
Cyclist 1 1 1 669.1832275390625 165.64962768554688 692.3104248046875 209.5462188720703 1.692419409751892 1.7057297229766846 0.5799053311347961 2.7772607803344727 1.425483226776123 28.910978317260742 -4.82550048828125 0.3211
Car 1 1 1 662.72119140625 179.411376953125 692.2581787109375 206.626708984375 3.8323371410369873 1.5226620435714722 1.6314448118209839 3.9718995094299316 1.9334702491760254 43.27510070800781 -7.794890880584717 0.2793
Pedestrian 1 1 1 776.1987915039062 160.43515014648438 790.2886352539062 199.0447540283203 0.6918762922286987 1.8895450830459595 0.6683515906333923 8.532821655273438 1.2814693450927734 35.722877502441406 -7.632104396820068 0.2775
Pedestrian 1 1 1 856.5952758789062 155.0244598388672 879.5277709960938 204.84756469726562 0.7488585114479065 1.8176034688949585 0.6110710501670837 9.502018928527832 1.1668617725372314 26.71312141418457 -7.799183368682861 0.2649
Cyclist 1 1 1 733.251708984375 168.01341247558594 749.4133911132812 201.18301391601562 1.7250558137893677 1.7201744318008423 0.5035301446914673 6.920575141906738 1.468841314315796 38.287235260009766 -7.878021717071533 0.2556
Pedestrian 1 1 1 784.228759765625 166.80157470703125 813.7742309570312 217.2926483154297 0.8380314707756042 1.7441037893295288 0.6133267283439636 6.611191749572754 1.5347356796264648 25.41750717163086 -6.906386852264404 0.2466
Pedestrian 1 1 1 861.3248901367188 158.96458435058594 884.03662109375 210.15115356445312 0.7557118535041809 1.7720860242843628 0.6122333407402039 9.193302154541016 1.290932536125183 25.398649215698242 -7.705790042877197 0.2465
Cyclist 1 1 1 548.0994262695312 174.6361083984375 557.1129150390625 197.63267517089844 1.6849430799484253 1.6909760236740112 0.442531555891037 -4.322752952575684 1.8262635469436646 54.042659759521484 -7.792944431304932 0.2364
Pedestrian 1 1 1 768.9901733398438 169.7284698486328 782.3211059570312 204.3390655517578 0.6521767377853394 1.771661400794983 0.6472885012626648 8.534125328063965 1.6113702058792114 37.33387756347656 -4.447183609008789 0.2228
Car 1 1 1 631.638916015625 178.9651641845703 679.8409423828125 197.06939697265625 4.00983190536499 1.5097241401672363 1.5984430313110352 3.9221880435943604 2.04375958442688 61.99726104736328 -6.132519245147705 0.2209
Pedestrian 1 1 1 929.5451049804688 157.75372314453125 973.3115844726562 232.3094482421875 0.8102070689201355 1.6914654970169067 0.5896750092506409 7.88671875 1.3485816717147827 16.800710678100586 -7.947991847991943 0.2143
Pedestrian 1 1 1 784.506103515625 163.18751525878906 804.0383911132812 209.64222717285156 0.772122859954834 1.7351799011230469 0.6098463535308838 6.937870025634766 1.3738164901733398 27.36595344543457 -7.752295970916748 0.2110
Pedestrian 1 1 1 419.6900329589844 164.68362426757812 436.3650207519531 201.85621643066406 0.6553421020507812 1.838985800743103 0.6512498259544373 -9.124421119689941 1.434484839439392 36.03441619873047 -7.8191094398498535 0.2070
Pedestrian 1 1 1 721.4069213867188 168.09974670410156 739.193115234375 198.05697631835938 0.9014421701431274 1.7957388162612915 0.576717734336853 7.254398345947266 1.5104528665542603 43.72528076171875 -6.801602363586426 0.2032
Pedestrian 1 1 1 942.41796875 154.85821533203125 965.7860107421875 205.7147674560547 0.7072686553001404 1.8104534149169922 0.6193394064903259 12.393486022949219 1.1695177555084229 26.098487854003906 -7.635693073272705 0.1917
Pedestrian 1 1 1 811.354248046875 168.90115356445312 841.11767578125 219.33682250976562 0.8224974870681763 1.7427194118499756 0.6107968091964722 7.566432952880859 1.6058354377746582 25.40656852722168 -6.831800937652588 0.1896
Pedestrian 1 1 1 853.929931640625 174.81869506835938 884.2243041992188 238.72215270996094 0.5846244692802429 1.4586728811264038 0.5126795768737793 5.970990180969238 1.5049206018447876 16.79169273376465 -4.66923189163208 0.1895
Pedestrian 1 1 1 426.44580078125 166.25050354003906 449.6796569824219 216.00636291503906 0.7423157095909119 1.7525933980941772 0.6335343718528748 -6.188017845153809 1.5196928977966309 25.79764175415039 -4.676470756530762 0.1895
Pedestrian 1 1 1 260.18695068359375 160.78074645996094 290.4955139160156 215.05247497558594 0.7784387469291687 1.8059273958206177 0.6256623268127441 -11.368463516235352 1.4038819074630737 24.425273895263672 -7.764405727386475 0.1867
Pedestrian 1 1 1 822.4467163085938 162.6248321533203 834.6524047851562 193.18031311035156 0.7028288245201111 1.8077136278152466 0.6294407248497009 13.030696868896484 1.2022383213043213 43.13325119018555 -7.456575870513916 0.1841
Pedestrian 1 1 1 805.7167358398438 166.79689025878906 827.01123046875 223.59326171875 0.6608119010925293 1.7193444967269897 0.5707157254219055 6.300793647766113 1.5356833934783936 22.21968650817871 -4.527515411376953 0.1832
Cyclist 1 1 1 694.2622680664062 159.3927001953125 726.6932983398438 206.3162384033203 1.6297972202301025 1.705584168434143 0.5604643821716309 3.7109339237213135 1.2159910202026367 27.087995529174805 -5.0170817375183105 0.1821
Car 1 1 1 0.0 0.0 1241.0 374.0 3.89251971244812 1.5679901838302612 1.6566728353500366 -4.378390312194824 1.6395719051361084 1.6089427471160889 -7.885426998138428 0.1820
Pedestrian 1 1 1 111.90198516845703 152.66879272460938 183.9163055419922 292.1806640625 0.9018332362174988 1.771803617477417 0.5629317760467529 -6.224555492401123 1.515151023864746 9.671111106872559 -4.968867301940918 0.1801
Car 1 1 1 779.5501708984375 180.60533142089844 940.1260375976562 297.7075500488281 3.580455780029297 1.4989283084869385 1.5559546947479248 3.662604331970215 1.6402552127838135 11.332162857055664 -7.766623020172119 0.1784
Pedestrian 1 1 1 1005.6270141601562 150.39585876464844 1057.083984375 275.7866516113281 0.706511914730072 1.7213020324707031 0.5535670518875122 5.966142654418945 1.4127079248428345 10.338677406311035 -7.448703289031982 0.1749
Pedestrian 1 1 1 816.8966064453125 174.26669311523438 842.7900390625 230.3951416015625 0.6006858944892883 1.4265459775924683 0.4928940236568451 5.6285247802734375 1.463370680809021 18.657665252685547 -4.69761323928833 0.1746
Pedestrian 1 1 1 913.1998901367188 155.17697143554688 935.1410522460938 205.76409912109375 0.7054545283317566 1.819164514541626 0.6236791610717773 11.426920890808105 1.183180570602417 26.363924026489258 -7.614227771759033 0.1739
Car 1 1 1 0.0 0.0 1241.0 374.0 3.79854416847229 1.5278105735778809 1.6264896392822266 3.0215227603912354 1.5513246059417725 0.9659667611122131 -7.864559650421143 0.1722
Pedestrian 1 1 1 460.9627380371094 170.4604949951172 482.9107971191406 214.2005615234375 0.7620026469230652 1.7467854022979736 0.5911879539489746 -5.639578342437744 1.6508996486663818 29.26412010192871 -4.4254302978515625 0.1626
Pedestrian 1 1 1 1035.5535888671875 152.99066162109375 1093.043212890625 262.6656799316406 0.5908948183059692 1.7154868841171265 0.5197275280952454 7.255680561065674 1.4044934511184692 11.626399993896484 -4.908576488494873 0.1594
Pedestrian 1 1 1 740.4371948242188 164.35972595214844 753.6934204101562 200.78591918945312 0.7147343754768372 1.7492014169692993 0.6257537603378296 6.622089385986328 1.3410028219223022 35.060508728027344 -7.6558356285095215 0.1591
Pedestrian 1 1 1 717.066650390625 166.93307495117188 725.6299438476562 189.91017150878906 0.7580121159553528 1.8296173810958862 0.5857617259025574 8.89688491821289 1.357845664024353 57.84065628051758 -7.829209804534912 0.1584
Pedestrian 1 1 1 846.6724243164062 160.61846923828125 867.3465576171875 212.27406311035156 0.7526159286499023 1.7685885429382324 0.5926380753517151 8.551040649414062 1.349367618560791 25.13310432434082 -7.647629261016846 0.1575
Pedestrian 1 1 1 470.9692687988281 165.634033203125 487.28924560546875 202.19198608398438 0.6398468613624573 1.8063440322875977 0.6744081377983093 -6.564025402069092 1.4493025541305542 35.9871826171875 -7.806075572967529 0.1539
Pedestrian 1 1 1 941.6361694335938 151.77044677734375 979.3578491210938 222.8973388671875 0.7986503839492798 1.7672845125198364 0.6224400997161865 8.854029655456543 1.243122935295105 18.35489845275879 -7.759494304656982 0.1508
Pedestrian 1 1 1 817.3751220703125 161.7281951904297 837.305419921875 211.12374877929688 0.7893242835998535 1.774608850479126 0.6111763715744019 7.88945198059082 1.3745983839035034 26.365053176879883 -7.675117015838623 0.1413
Pedestrian 1 1 1 949.2240600585938 151.06991577148438 1005.52880859375 264.86541748046875 0.768716037273407 1.7052446603775024 0.536899745464325 5.683731555938721 1.3785065412521362 11.2676362991333 -3.8616976737976074 0.1401
Pedestrian 1 1 1 431.503173828125 166.67474365234375 447.1600646972656 203.2616729736328 0.633664071559906 1.7954058647155762 0.6502922177314758 -8.49041748046875 1.491875410079956 35.739776611328125 -7.902550220489502 0.1392
Pedestrian 1 1 1 881.1370849609375 161.60345458984375 904.6525268554688 213.32460021972656 0.7776059508323669 1.7711412906646729 0.5860403180122375 9.798938751220703 1.3855773210525513 25.129623413085938 -7.733288288116455 0.1379
Car 1 1 1 0.0 0.0 1241.0 374.0 3.820117235183716 1.5432274341583252 1.6153634786605835 1.4018821716308594 1.5634279251098633 0.6762980222702026 -7.857067584991455 0.1359
Cyclist 1 1 1 530.564208984375 176.16372680664062 540.2095947265625 202.18008422851562 1.63581383228302 1.6794480085372925 0.4461698830127716 -4.9506754875183105 1.9012905359268188 47.60759353637695 -7.840054988861084 0.1344
Car 1 1 1 0.0 0.0 1241.0 374.0 3.826392412185669 1.5362404584884644 1.6157881021499634 4.618309020996094 1.5340120792388916 1.3030200004577637 -7.90138578414917 0.1329
Pedestrian 1 1 1 800.6414184570312 162.75454711914062 821.3092651367188 209.378662109375 0.7664453387260437 1.740638256072998 0.6151487231254578 7.564574718475342 1.3632911443710327 27.342247009277344 -7.780497074127197 0.1320
Car 1 1 1 554.6477661132812 178.72909545898438 579.3070068359375 197.40260314941406 3.846466302871704 1.5376523733139038 1.573888897895813 -3.7281973361968994 2.063688278198242 62.65312957763672 -4.619516849517822 0.1317
Car 1 1 1 808.5280151367188 167.43148803710938 886.7447509765625 207.18081665039062 3.5570671558380127 1.49484384059906 1.5880687236785889 9.418107986450195 1.2906206846237183 29.00377082824707 -4.847102165222168 0.1311
Car 1 1 1 645.6710815429688 177.21173095703125 709.3380126953125 200.53387451171875 3.9485158920288086 1.5073902606964111 1.6262413263320923 4.45356559753418 1.8048583269119263 48.17951965332031 -6.446890830993652 0.1299
Car 1 1 1 630.1390991210938 175.42904663085938 686.5164184570312 217.34780883789062 3.926985740661621 1.4784191846847534 1.5943349599838257 1.7373861074447632 1.5842567682266235 27.71818733215332 -4.794230937957764 0.1291
Pedestrian 1 1 1 766.0642700195312 164.81057739257812 779.8218383789062 195.40145874023438 0.7513368129730225 1.8333028554916382 0.6342830061912537 9.840065002441406 1.3509624004364014 43.722808837890625 -7.358825206756592 0.1290
Pedestrian 1 1 1 462.9872131347656 173.16748046875 485.40399169921875 212.88099670410156 0.8038583993911743 1.778988003730774 0.6202089190483093 -6.219822883605957 1.7931628227233887 32.82358169555664 -3.8238253593444824 0.1290
Car 1 1 1 0.0 0.0 1241.0 374.0 3.8382771015167236 1.549018383026123 1.6428337097167969 -2.4478061199188232 1.6170278787612915 0.8676802515983582 -7.8801398277282715 0.1284
Cyclist 1 1 1 678.5017700195312 159.65908813476562 708.1524047851562 206.63648986816406 1.6269662380218506 1.709323525428772 0.5569821000099182 3.070601463317871 1.228912591934204 27.11126708984375 -4.966083526611328 0.1283
Pedestrian 1 1 1 858.9603271484375 170.19140625 889.2312622070312 234.7957305908203 0.582327663898468 1.5273629426956177 0.5316836833953857 6.2963457107543945 1.4641145467758179 17.3604793548584 -4.670559883117676 0.1279
Cyclist 1 1 1 540.95263671875 174.86607360839844 548.7282104492188 197.73196411132812 1.6655299663543701 1.6841120719909668 0.43755972385406494 -4.912233829498291 1.8370606899261475 54.12241744995117 -7.856258869171143 0.1274
Cyclist 1 1 1 357.2937316894531 159.03036499023438 401.9984436035156 217.090576171875 1.6309244632720947 1.7409383058547974 0.5586186647415161 -7.207228183746338 1.3261361122131348 22.493886947631836 -4.471603870391846 0.1270
Cyclist 1 1 1 396.6026916503906 158.80372619628906 437.5890808105469 215.14178466796875 1.6797531843185425 1.7430883646011353 0.5640686750411987 -6.230367183685303 1.308076024055481 23.20517349243164 -4.494993686676025 0.1270
Car 1 1 1 976.2583618164062 173.66546630859375 1179.72509765625 255.1061248779297 4.083180904388428 1.515884280204773 1.6750385761260986 9.732732772827148 1.5353596210479736 15.5274019241333 -4.73020601272583 0.1269
Car 1 1 1 295.840087890625 180.6039581298828 403.7366638183594 243.4569091796875 3.80657696723938 1.4916908740997314 1.560439944267273 -6.940540790557861 1.7213332653045654 19.50130844116211 -4.716919898986816 0.1258
Car 1 1 1 707.3565063476562 173.95260620117188 771.3080444335938 214.7967071533203 3.728220224380493 1.4879082441329956 1.601644515991211 4.948529243469238 1.5336201190948486 28.303775787353516 -4.782814025878906 0.1245
Pedestrian 1 1 1 790.61376953125 164.96841430664062 813.6046752929688 210.33660888671875 0.7878572344779968 1.7701016664505005 0.560577929019928 7.578816890716553 1.4621347188949585 28.628198623657227 -7.064704895019531 0.1233
Car 1 1 1 873.3589477539062 159.38499450683594 962.876220703125 201.8269500732422 3.7090907096862793 1.5621776580810547 1.6537134647369385 12.011514663696289 1.0661187171936035 28.488388061523438 -7.958133220672607 0.1228
Car 1 1 1 1224.671142578125 159.16619873046875 1241.0 342.70062255859375 3.9755632877349854 1.5053911209106445 1.5990761518478394 8.416034698486328 1.3928207159042358 7.006256103515625 -6.433417797088623 0.1220
Car 1 1 1 561.71142578125 176.4702606201172 588.7535400390625 201.40554809570312 4.0320892333984375 1.6192272901535034 1.6666059494018555 -2.4554026126861572 1.8776952028274536 49.5453987121582 -4.807075023651123 0.1213
Pedestrian 1 1 1 757.4234619140625 165.37896728515625 771.5590209960938 202.27401733398438 0.7275370955467224 1.7223596572875977 0.6464945077896118 7.261912822723389 1.3731050491333008 34.107486724853516 -7.639679431915283 0.1206
Car 1 1 1 720.1285400390625 169.6939239501953 749.7286376953125 190.7428436279297 3.9503533840179443 1.6522549390792847 1.7004562616348267 10.082295417785645 1.4039007425308228 58.617103576660156 -7.858871936798096 0.1205
Pedestrian 1 1 1 247.9236602783203 157.39552307128906 295.37615966796875 261.2291259765625 0.731686532497406 1.7510066032409668 0.5620359778404236 -5.935972690582275 1.4900213479995728 12.570619583129883 -4.858728408813477 0.1196
Pedestrian 1 1 1 814.2607421875 162.78665161132812 836.5482177734375 209.49900817871094 0.7686280012130737 1.7660194635391235 0.588631808757782 8.212895393371582 1.3851104974746704 27.68111228942871 -7.91845178604126 0.1193
Pedestrian 1 1 1 1134.163818359375 135.54539489746094 1202.8724365234375 314.6554260253906 0.7784855961799622 1.7236206531524658 0.5348745584487915 5.668458461761475 1.364290714263916 7.415332794189453 -7.207446575164795 0.1189
Car 1 1 1 144.42587280273438 181.259765625 290.61383056640625 229.99539184570312 3.9349887371063232 1.4910308122634888 1.6184539794921875 -12.719208717346191 1.7750213146209717 23.410207748413086 -3.0462722778320312 0.1188
Pedestrian 1 1 1 1062.1375732421875 141.5569305419922 1124.227294921875 285.90313720703125 0.7502042651176453 1.7189055681228638 0.5053437352180481 5.974675178527832 1.345913290977478 9.035048484802246 -4.324290752410889 0.1188
Car 1 1 1 568.2142944335938 178.09732055664062 590.0775756835938 199.484619140625 3.9829132556915283 1.5769513845443726 1.6417804956436157 -2.434966802597046 1.9999146461486816 56.22000503540039 -4.756333827972412 0.1181
Car 1 1 1 0.0 190.95217895507812 210.2049560546875 374.0 4.03225040435791 1.4795165061950684 1.5890458822250366 -5.255831718444824 1.6337966918945312 5.080259799957275 -2.9939112663269043 0.1179
Pedestrian 1 1 1 823.6575927734375 164.52566528320312 838.8531494140625 204.3018798828125 0.5975903272628784 1.754270076751709 0.626558244228363 9.825072288513184 1.3866616487503052 32.19194030761719 -7.5925822257995605 0.1178
Pedestrian 1 1 1 156.71080017089844 163.52389526367188 192.77871704101562 229.83924865722656 0.7322540879249573 1.7387797832489014 0.5776264667510986 -11.692880630493164 1.493845820426941 19.31668472290039 -4.832367897033691 0.1173
Pedestrian 1 1 1 1098.5369873046875 152.38674926757812 1146.1905517578125 273.2246398925781 0.5646986961364746 1.6635944843292236 0.5001359581947327 7.247776985168457 1.3815186023712158 10.302552223205566 -4.1956987380981445 0.1160
Car 1 1 1 651.2582397460938 171.70237731933594 675.17724609375 193.68577575683594 3.892637014389038 1.6126658916473389 1.6566085815429688 3.988136053085327 1.527884840965271 54.903568267822266 -4.679229736328125 0.1134
Pedestrian 1 1 1 39.76952362060547 158.30491638183594 92.17224884033203 242.3170928955078 0.6860143542289734 1.753756046295166 0.5775798559188843 -11.69899845123291 1.4497437477111816 15.459402084350586 -4.494680881500244 0.1131
Pedestrian 1 1 1 788.9647216796875 165.6846923828125 813.4486083984375 214.47000122070312 0.7999488115310669 1.7546699047088623 0.6405969858169556 6.93636417388916 1.4965102672576904 26.373008728027344 -7.923769474029541 0.1127
Car 1 1 1 797.6542358398438 175.76585388183594 897.7671508789062 226.68031311035156 3.5609209537506104 1.493080735206604 1.5426630973815918 7.505566120147705 1.5943084955215454 23.266752243041992 -4.895504951477051 0.1123
Pedestrian 1 1 1 517.0103149414062 169.70755004882812 529.841064453125 200.89585876464844 0.7836759686470032 1.7638667821884155 0.6258487701416016 -4.977538585662842 1.5856181383132935 41.20458221435547 -7.835008144378662 0.1122
Pedestrian 1 1 1 836.2507934570312 143.40087890625 885.1282958984375 292.2364807128906 0.8513298034667969 1.7641279697418213 0.5530565977096558 3.085475444793701 1.4147242307662964 9.045830726623535 -4.3721699714660645 0.1114
Pedestrian 1 1 1 836.7667846679688 160.17543029785156 858.8748168945312 210.44253540039062 0.8061698079109192 1.7839317321777344 0.5983905792236328 8.529404640197754 1.3336814641952515 26.03826332092285 -7.751513957977295 0.1114
Pedestrian 1 1 1 343.623779296875 166.67918395996094 362.5515441894531 209.52687072753906 0.5228300094604492 1.8163021802902222 0.5896286964416504 -11.037046432495117 1.5542532205581665 30.88399887084961 -7.720951557159424 0.1113
Car 1 1 1 688.5049438476562 175.7307891845703 730.6178588867188 207.5992431640625 3.875777244567871 1.5194365978240967 1.6296027898788452 4.967033386230469 1.6731935739517212 36.696048736572266 -4.705556869506836 0.1102
Pedestrian 1 1 1 1060.58935546875 155.16075134277344 1119.7689208984375 277.67333984375 0.5660303831100464 1.6372498273849487 0.5210118889808655 6.571806907653809 1.400498390197754 9.98013973236084 -4.468423843383789 0.1100
Car 1 1 1 0.0 0.0 1241.0 374.0 3.9450109004974365 1.5562440156936646 1.6574233770370483 -6.281148910522461 1.6749448776245117 1.6614291667938232 -7.833683490753174 0.1097
Car 1 1 1 499.9331970214844 175.79725646972656 531.7313232421875 202.5749053955078 4.008715629577637 1.6093989610671997 1.6559791564941406 -5.973184585571289 1.8044341802597046 45.85012435913086 -4.753072738647461 0.1089
Pedestrian 1 1 1 883.8663940429688 165.58340454101562 916.2850341796875 232.1017303466797 0.6443367600440979 1.570913314819336 0.5378623604774475 6.925001621246338 1.398909330368042 17.37213706970215 -7.816112041473389 0.1088
Car 1 1 1 716.3786010742188 166.5222930908203 791.3046264648438 192.62551879882812 4.3109211921691895 1.5899550914764404 1.6526739597320557 8.970088958740234 1.203988790512085 45.24921798706055 -6.515373706817627 0.1073
Pedestrian 1 1 1 793.417236328125 164.12583923339844 807.6347045898438 201.88040161132812 0.6637421250343323 1.744974970817566 0.6206626296043396 8.874161720275879 1.3412688970565796 33.75605010986328 -7.561035633087158 0.1068
Car 1 1 1 0.0 184.42352294921875 100.14958953857422 303.44921875 4.035490989685059 1.5430893898010254 1.609941840171814 -10.505502700805664 1.766162633895874 11.845224380493164 -4.808253288269043 0.1066
Car 1 1 1 0.0 182.55845642089844 38.013267517089844 288.77459716796875 3.9488489627838135 1.5451774597167969 1.6083658933639526 -12.425580978393555 1.747271180152893 12.962900161743164 -4.889659881591797 0.1059
Pedestrian 1 1 1 452.3790283203125 166.08071899414062 468.7814025878906 202.4388427734375 0.6366428136825562 1.7996617555618286 0.6784136295318604 -7.499888896942139 1.4640967845916748 36.03962707519531 -7.83473539352417 0.1058
Car 1 1 1 381.8381042480469 184.26197814941406 476.7530822753906 217.14710998535156 4.060590744018555 1.4862221479415894 1.6387360095977783 -8.517605781555176 2.03776216506958 34.051605224609375 -6.267337322235107 0.1058
Pedestrian 1 1 1 439.7915954589844 167.30023193359375 459.9676208496094 211.55587768554688 0.7680997252464294 1.7703303098678589 0.6146072745323181 -6.533229827880859 1.547866702079773 29.263648986816406 -4.657161712646484 0.1054
Car 1 1 1 1056.91162109375 171.9100341796875 1241.0 252.4830780029297 4.015303134918213 1.511649489402771 1.6599730253219604 11.641436576843262 1.4936397075653076 15.551819801330566 -4.703583717346191 0.1050
Car 1 1 1 895.4589233398438 173.1490020751953 1000.9703979492188 221.3617706298828 3.492824077606201 1.4753849506378174 1.5801066160202026 11.046001434326172 1.485611081123352 23.924152374267578 -4.8208909034729 0.1047
Car 1 1 1 483.21453857421875 179.2445831298828 513.925537109375 199.99574279785156 4.023579120635986 1.5587823390960693 1.6261805295944214 -8.868008613586426 2.0860989093780518 57.51824188232422 -4.657655715942383 0.1046
Cyclist 1 1 1 744.425537109375 167.71087646484375 762.2196655273438 201.0912628173828 1.7136598825454712 1.7293565273284912 0.5022544264793396 7.54902982711792 1.46260404586792 38.25202560424805 -7.91681432723999 0.1045
Pedestrian 1 1 1 409.3079528808594 166.3971710205078 424.6360778808594 203.6751251220703 0.6637478470802307 1.858148455619812 0.6373052000999451 -9.75324821472168 1.5360028743743896 36.32229232788086 -4.793810844421387 0.1039
Car 1 1 1 277.9533996582031 182.1169891357422 411.06365966796875 229.47792053222656 3.9098446369171143 1.5149179697036743 1.6030834913253784 -8.959993362426758 1.8397729396820068 24.38760757446289 -3.0695204734802246 0.1038
Pedestrian 1 1 1 490.016845703125 167.32666015625 505.19964599609375 204.03587341308594 0.6199775338172913 1.8003381490707397 0.6689342260360718 -5.5987019538879395 1.52895987033844 35.705204010009766 -7.880223751068115 0.1032
Car 1 1 1 0.0 183.55511474609375 0.0 374.0 3.988170623779297 1.5906903743743896 1.6249430179595947 -8.805159568786621 1.7031019926071167 6.695876121520996 -3.187875270843506 0.1025
Pedestrian 1 1 1 772.5463256835938 164.81765747070312 786.0892333984375 201.02426147460938 0.6840442419052124 1.817873239517212 0.6559238433837891 8.560579299926758 1.4140816926956177 36.63998031616211 -7.602967739105225 0.1020
Car 1 1 1 323.644775390625 183.6016845703125 445.4581298828125 267.4906005859375 3.9454262256622314 1.4998977184295654 1.6517680883407593 -4.709295272827148 1.760006070137024 15.451698303222656 -4.789687156677246 0.1020
Pedestrian 1 1 1 868.9356689453125 160.46173095703125 895.5782470703125 213.70333862304688 0.7620231509208679 1.777024269104004 0.5938083529472351 9.181371688842773 1.363112211227417 24.4757080078125 -7.89629602432251 0.1014
Pedestrian 1 1 1 872.7376098632812 154.73001098632812 895.8430786132812 204.59231567382812 0.7366370558738708 1.819111704826355 0.6075083017349243 10.101644515991211 1.1575995683670044 26.709897994995117 -7.792602062225342 0.1011
Car 1 1 1 803.6080322265625 167.6299591064453 878.601806640625 192.9664306640625 4.172945022583008 1.523206114768982 1.6073144674301147 14.236495018005371 1.20884108543396 44.61166000366211 -6.499866962432861 0.1010
Pedestrian 1 1 1 181.1107940673828 158.51321411132812 242.33363342285156 279.2916259765625 0.7570208311080933 1.708258032798767 0.5304402709007263 -5.9255595207214355 1.5051257610321045 10.632654190063477 -6.852445602416992 0.1009
Pedestrian 1 1 1 1113.8511962890625 149.53480529785156 1170.4654541015625 286.3347473144531 0.5851326584815979 1.6385241746902466 0.5267102122306824 6.588019371032715 1.3589180707931519 9.029939651489258 -4.15330171585083 0.1009
Pedestrian 1 1 1 709.2144165039062 170.31439208984375 731.390380859375 211.19821166992188 0.7670004963874817 1.7237986326217651 0.6052638292312622 4.6826395988464355 1.6164201498031616 30.908184051513672 -3.937582015991211 0.1008
Car 1 1 1 1241.0 167.92457580566406 1241.0 374.0 4.09406852722168 1.480353832244873 1.6101961135864258 6.263583660125732 1.4591844081878662 4.1361985206604 -6.42244291305542 0.1007
Car 1 1 1 0.0 184.9770050048828 252.5371856689453 304.0963439941406 3.956456184387207 1.5093563795089722 1.6300162076950073 -7.590875625610352 1.736385464668274 11.53902530670166 -4.6961989402771 0.1003
Pedestrian 1 1 1 17.609350204467773 150.9781036376953 133.5826416015625 315.1748962402344 0.9160428047180176 1.7903752326965332 0.5918460488319397 -6.236075401306152 1.551543951034546 8.383272171020508 -4.469540119171143 0.1003
