Car 1 1 1 661.1151733398438 179.2413787841797 745.3687744140625 239.87188720703125 3.729590892791748 1.429897427558899 1.6031773090362549 2.339650869369507 1.6174485683441162 19.318737030029297 -7.902526378631592 0.8462
Car 1 1 1 408.0755615234375 182.65968322753906 480.5475158691406 234.4785919189453 3.7967369556427 1.488332986831665 1.5967613458633423 -5.319285869598389 1.8318748474121094 23.376670837402344 -4.746463775634766 0.7904
Car 1 1 1 506.01470947265625 179.8621368408203 537.5482177734375 207.08596801757812 3.9452638626098633 1.5473445653915405 1.671587347984314 -5.379184246063232 1.994680643081665 44.06869125366211 -4.771703243255615 0.6115
Car 1 1 1 445.8114013671875 181.7405242919922 502.96142578125 224.43263244628906 3.9882171154022217 1.5204728841781616 1.6459951400756836 -5.33271598815918 1.8968336582183838 28.560991287231445 -4.747579097747803 0.5504
Car 1 1 1 0.0 0.0 1241.0 374.0 3.6992743015289307 1.5332801342010498 1.6108944416046143 2.3591463565826416 1.5858851671218872 1.62947678565979 -4.720006942749023 0.5126
Car 1 1 1 0.0 191.76148986816406 89.21311950683594 374.0 3.7043676376342773 1.531427025794983 1.5746915340423584 -5.705873489379883 1.7089508771896362 4.918354034423828 -4.7325334548950195 0.3528
Pedestrian 1 1 1 352.86065673828125 137.0569610595703 453.8771667480469 314.84661865234375 0.9101743102073669 1.8647842407226562 0.6027587056159973 -2.369420289993286 1.489019513130188 8.108576774597168 -3.9885687828063965 0.2747
Pedestrian 1 1 1 437.9834899902344 167.5101318359375 453.78338623046875 202.41375732421875 0.5340037941932678 1.770053744316101 0.5981387495994568 -8.45211410522461 1.4987518787384033 36.98663330078125 -7.175159931182861 0.2313
Car 1 1 1 416.0459289550781 175.70066833496094 455.5278015136719 205.89186096191406 3.816302537918091 1.5489915609359741 1.6004751920700073 -9.490400314331055 1.7118403911590576 39.372833251953125 -7.956717014312744 0.2121
Cyclist 1 1 1 955.1796264648438 146.21934509277344 1043.1884765625 241.6404266357422 1.696911096572876 1.761070966720581 0.5219680070877075 7.560652256011963 1.26920747756958 14.202665328979492 -4.951355457305908 0.2101
Pedestrian 1 1 1 764.3931884765625 162.66259765625 779.9605102539062 199.8875274658203 0.727245032787323 1.8074467182159424 0.6605299711227417 7.918220520019531 1.3123055696487427 35.42803192138672 -7.756709575653076 0.2067
Car 1 1 1 675.6790161132812 177.42007446289062 721.2783813476562 205.86155700683594 4.0102152824401855 1.5129016637802124 1.6545606851577759 4.948612213134766 1.7862083911895752 41.14424133300781 -4.83558464050293 0.2034
Pedestrian 1 1 1 222.75759887695312 160.73519897460938 258.2395935058594 223.161376953125 0.7621048092842102 1.7750965356826782 0.5960431694984436 -10.75802993774414 1.43019700050354 20.92778205871582 -4.605138778686523 0.2034
Pedestrian 1 1 1 718.8963623046875 169.48394775390625 731.7037963867188 195.05130004882812 0.9177843332290649 1.803617000579834 0.4959121346473694 8.186105728149414 1.565579891204834 51.41001892089844 -7.147732257843018 0.1989
Pedestrian 1 1 1 184.24562072753906 158.61788940429688 220.4304656982422 220.8795928955078 0.775246798992157 1.7959550619125366 0.5964885354042053 -12.030338287353516 1.3850109577178955 21.222047805786133 -7.778152942657471 0.1933
Pedestrian 1 1 1 177.70632934570312 157.53465270996094 217.66018676757812 225.5903778076172 0.7484031319618225 1.7824279069900513 0.5901415944099426 -11.078010559082031 1.3809036016464233 19.313575744628906 -4.554303169250488 0.1922
Pedestrian 1 1 1 805.7123413085938 167.72203063964844 825.448974609375 215.2218475341797 0.7996553182601929 1.723410964012146 0.5957087278366089 7.554994106292725 1.5369102954864502 26.665481567382812 -7.4359917640686035 0.1895
Car 1 1 1 677.7938232421875 177.5823211669922 725.9804077148438 209.22877502441406 3.84334397315979 1.5093945264816284 1.5677708387374878 4.61322021484375 1.7647457122802734 37.01203155517578 -4.829705715179443 0.1839
Car 1 1 1 77.90803527832031 183.82264709472656 317.8340759277344 303.2337341308594 4.112895965576172 1.5054666996002197 1.6205635070800781 -6.314157009124756 1.7126749753952026 11.565051078796387 -4.7496867179870605 0.1834
Pedestrian 1 1 1 839.7881469726562 161.63392639160156 862.0068359375 216.85830688476562 0.7689376473426819 1.711368203163147 0.6065406203269958 7.559091091156006 1.3633655309677124 22.80610466003418 -4.469555377960205 0.1761
Pedestrian 1 1 1 486.37939453125 169.27403259277344 497.7360534667969 196.0876007080078 0.8694639205932617 1.8368033170700073 0.617729663848877 -8.180476188659668 1.5912652015686035 49.872283935546875 -7.820053577423096 0.1731
Car 1 1 1 0.0 155.2147979736328 388.66455078125 374.0 4.045315265655518 1.6234840154647827 1.6714563369750977 -2.807621479034424 1.5574482679367065 4.781478404998779 -4.80695104598999 0.1726
Car 1 1 1 1135.834228515625 171.63844299316406 1241.0 362.5457458496094 4.024135112762451 1.5240118503570557 1.6435320377349854 7.834164619445801 1.5140081644058228 7.821906089782715 -4.6464033126831055 0.1685
Pedestrian 1 1 1 473.7047424316406 171.57403564453125 485.9864807128906 200.3151092529297 0.7470058798789978 1.712529182434082 0.6327358484268188 -7.857426166534424 1.6359628438949585 43.37975311279297 -7.898035526275635 0.1657
Pedestrian 1 1 1 48.30629348754883 158.68060302734375 106.50756072998047 256.532470703125 0.6420354843139648 1.7352555990219116 0.5748825073242188 -9.781646728515625 1.4836115837097168 13.190250396728516 -4.393991470336914 0.1649
Car 1 1 1 442.9062194824219 181.54483032226562 490.0122985839844 213.29893493652344 4.0984272956848145 1.4742324352264404 1.67267644405365 -7.273047924041748 1.9408812522888184 36.69905471801758 -4.735989093780518 0.1625
Car 1 1 1 290.6660461425781 184.69903564453125 418.59942626953125 268.4234313964844 3.9729106426239014 1.4848158359527588 1.6250423192977905 -5.329691410064697 1.77131187915802 15.422779083251953 -4.795925617218018 0.1621
Pedestrian 1 1 1 186.4231719970703 159.37823486328125 227.593505859375 235.02777099609375 0.6285192370414734 1.7824236154556274 0.6016142964363098 -9.766740798950195 1.4646131992340088 17.403841018676758 -4.333334445953369 0.1593
Car 1 1 1 0.0 0.0 1241.0 374.0 3.836444854736328 1.5366891622543335 1.6148579120635986 -3.7538440227508545 1.6217498779296875 0.672127902507782 -7.821424961090088 0.1576
Pedestrian 1 1 1 650.426025390625 172.3445281982422 664.1083374023438 195.6532440185547 0.9165075421333313 1.815029501914978 0.5566352605819702 3.681898832321167 1.7750567197799683 56.633453369140625 -6.726381778717041 0.1556
Car 1 1 1 673.2405395507812 177.81532287597656 726.0089111328125 213.3649444580078 3.9970550537109375 1.4856616258621216 1.5917694568634033 3.959861993789673 1.724945068359375 32.785728454589844 -4.795200347900391 0.1526
Pedestrian 1 1 1 447.7787170410156 166.81459045410156 462.2044372558594 197.0286865234375 0.7228114008903503 1.814470648765564 0.6195416450500488 -9.43049430847168 1.4514816999435425 43.745994567871094 -7.657655239105225 0.1500
Car 1 1 1 1140.454345703125 175.10214233398438 1241.0 374.0 3.9405412673950195 1.5310943126678467 1.6446272134780884 3.9363627433776855 1.5441590547561646 2.297640085220337 -4.7393388748168945 0.1478
Pedestrian 1 1 1 200.43319702148438 160.13912963867188 237.06358337402344 223.29034423828125 0.7756884098052979 1.7955653667449951 0.5983631014823914 -11.39202880859375 1.4337462186813354 20.934328079223633 -7.7414469718933105 0.1455
Cyclist 1 1 1 0.0 135.96351623535156 169.0173797607422 369.7945556640625 1.795596957206726 1.6854199171066284 0.5775492787361145 -4.652456283569336 1.4192187786102295 6.107868671417236 -4.678256511688232 0.1454
Car 1 1 1 557.4856567382812 179.49978637695312 588.8450317382812 202.45828247070312 3.956698417663574 1.5793246030807495 1.658546805381775 -2.771916389465332 2.0863404273986816 52.968441009521484 -4.93144416809082 0.1449
Car 1 1 1 611.6470947265625 176.8907928466797 638.8104248046875 198.4606170654297 3.958796739578247 1.5876339673995972 1.6770479679107666 1.1165378093719482 1.9116393327713013 55.920440673828125 -4.801529884338379 0.1445
Pedestrian 1 1 1 273.2911071777344 161.1479949951172 307.1593933105469 222.60423278808594 0.7585720419883728 1.7734061479568481 0.605238139629364 -9.452961921691895 1.4353128671646118 21.236419677734375 -7.723480701446533 0.1437
Pedestrian 1 1 1 941.7970581054688 159.886962890625 978.7550659179688 233.189453125 0.630370557308197 1.6310079097747803 0.5635256171226501 7.8961968421936035 1.342186689376831 16.390642166137695 -7.776073932647705 0.1408
Car 1 1 1 213.95657348632812 185.97218322753906 403.6668701171875 312.611572265625 4.001597881317139 1.4940255880355835 1.6229667663574219 -4.383030891418457 1.7319165468215942 11.022113800048828 -4.824565410614014 0.1391
Car 1 1 1 669.10888671875 178.14332580566406 733.9112548828125 222.3517303466797 4.092998504638672 1.495665192604065 1.6368252038955688 3.2911202907562256 1.7087695598602295 27.01236915588379 -4.78270959854126 0.1367
Car 1 1 1 656.236572265625 177.0645294189453 676.1355590820312 193.82896423339844 3.7293941974639893 1.524369716644287 1.6043776273727417 5.28120756149292 1.9341890811920166 68.41332244873047 -4.709527969360352 0.1341
Pedestrian 1 1 1 350.5044860839844 166.07542419433594 377.8556213378906 217.712890625 0.7718629240989685 1.7424696683883667 0.6131298542022705 -8.478981971740723 1.5134316682815552 24.76885223388672 -7.729250431060791 0.1335
Pedestrian 1 1 1 425.0399475097656 170.7128448486328 440.5121765136719 205.82073974609375 0.5552104711532593 1.721321940422058 0.6022824048995972 -8.800021171569824 1.6160420179367065 35.674583435058594 -7.784071445465088 0.1331
Car 1 1 1 495.49053955078125 184.74447631835938 517.3748779296875 201.72898864746094 3.615382194519043 1.5172511339187622 1.6641744375228882 -9.87453842163086 2.681666612625122 68.84757995605469 -4.739612579345703 0.1330
Car 1 1 1 0.0 0.0 1241.0 374.0 3.7817304134368896 1.5397748947143555 1.620086908340454 -2.1560776233673096 1.6070802211761475 0.02216508984565735 -7.876527309417725 0.1325
Pedestrian 1 1 1 13.543018341064453 153.96246337890625 76.04380798339844 253.10781860351562 0.6723732352256775 1.7602384090423584 0.600931704044342 -10.386860847473145 1.424535870552063 13.205109596252441 -4.486940860748291 0.1303
Cyclist 1 1 1 791.3897705078125 172.66802978515625 813.25244140625 209.43260192871094 1.6634893417358398 1.6627511978149414 0.5574759840965271 8.866093635559082 1.6540400981903076 33.4669303894043 -4.720443248748779 0.1295
Cyclist 1 1 1 55.01333236694336 131.54234313964844 253.89520263671875 351.795654296875 1.7607688903808594 1.6993789672851562 0.5735573172569275 -4.022534370422363 1.3803361654281616 6.466132640838623 -4.638918876647949 0.1279
Car 1 1 1 970.23486328125 173.55377197265625 1226.46435546875 268.18963623046875 4.170154094696045 1.4895683526992798 1.638810396194458 8.775856018066406 1.5045274496078491 13.561288833618164 -4.839556694030762 0.1272
Pedestrian 1 1 1 1023.2567749023438 154.12225341796875 1060.3641357421875 228.07308959960938 0.656751811504364 1.7075917720794678 0.5882355570793152 10.142813682556152 1.27475905418396 17.051488876342773 -4.4643778800964355 0.1263
Cyclist 1 1 1 869.549072265625 160.7747039794922 915.2762451171875 223.38768005371094 1.7133368253707886 1.6858292818069458 0.5044848918914795 7.869369983673096 1.3602992296218872 20.30028533935547 -7.92907190322876 0.1256
Pedestrian 1 1 1 969.570068359375 162.48776245117188 1005.5062866210938 231.361572265625 0.617682933807373 1.5955199003219604 0.5515592694282532 8.857744216918945 1.3550771474838257 17.043149948120117 -7.781006336212158 0.1246
Car 1 1 1 41.488975524902344 179.93580627441406 254.53024291992188 278.7740173339844 3.8823659420013428 1.5019689798355103 1.6052579879760742 -8.235414505004883 1.651070237159729 13.23559856414795 -4.773093223571777 0.1243
Car 1 1 1 413.973388671875 176.12930297851562 445.0774841308594 203.9889373779297 3.9973042011260986 1.5666770935058594 1.6758203506469727 -10.796832084655762 1.7721731662750244 43.20625305175781 -8.065417289733887 0.1242
Car 1 1 1 484.95452880859375 179.11880493164062 511.745361328125 205.16574096679688 3.959691047668457 1.55978262424469 1.6268261671066284 -7.191303730010986 1.979444980621338 46.28865051269531 -4.863827228546143 0.1232
Car 1 1 1 627.6207275390625 178.98329162597656 664.1787109375 206.79989624023438 3.8939855098724365 1.537770390510559 1.6388580799102783 2.045565366744995 1.918035626411438 42.787620544433594 -4.801780700683594 0.1225
Pedestrian 1 1 1 994.4002685546875 156.14988708496094 1033.4478759765625 228.6304473876953 0.6730759739875793 1.6768242120742798 0.5834599733352661 9.486336708068848 1.2900776863098145 17.055627822875977 -4.616236209869385 0.1224
Car 1 1 1 511.2530517578125 180.36923217773438 541.0775146484375 203.0186004638672 4.016030788421631 1.5995808839797974 1.7003507614135742 -6.300145626068115 2.1862330436706543 54.32764434814453 -4.69102668762207 0.1222
Pedestrian 1 1 1 758.8321533203125 167.47645568847656 772.4193115234375 200.23529052734375 0.7586976289749146 1.7757363319396973 0.6344965100288391 8.500370979309082 1.4839391708374023 39.57609176635742 -7.509606838226318 0.1212
Pedestrian 1 1 1 182.17759704589844 160.62057495117188 221.193115234375 232.62991333007812 0.7513344287872314 1.7916966676712036 0.5764608979225159 -10.41628646850586 1.4870116710662842 18.334924697875977 -4.734744071960449 0.1208
Car 1 1 1 557.5386352539062 178.9781036376953 582.6956787109375 203.51644897460938 3.9498419761657715 1.5629923343658447 1.6364933252334595 -2.7740440368652344 1.9958064556121826 49.000511169433594 -4.784636497497559 0.1207
Car 1 1 1 587.8324584960938 177.606689453125 612.9901733398438 198.93727111816406 4.0508646965026855 1.5927817821502686 1.66158127784729 -0.8174437880516052 1.981107234954834 56.90568542480469 -4.806083679199219 0.1206
Car 1 1 1 346.51885986328125 180.83578491210938 422.75360107421875 222.9367218017578 3.866364002227783 1.5098929405212402 1.583968162536621 -8.883209228515625 1.8480888605117798 28.614463806152344 -4.640807151794434 0.1188
Car 1 1 1 705.9489135742188 169.48394775390625 738.7484130859375 190.39993286132812 3.991654634475708 1.6409623622894287 1.671010971069336 9.067342758178711 1.3762638568878174 58.679561614990234 -4.81569766998291 0.1163
Car 1 1 1 471.36883544921875 179.44570922851562 503.8842468261719 203.2462158203125 4.01063346862793 1.620124340057373 1.6434592008590698 -8.845724105834961 2.115483522415161 52.24311828613281 -4.703505992889404 0.1160
Car 1 1 1 807.3316650390625 175.87086486816406 879.3184814453125 212.2153778076172 4.002749443054199 1.4692938327789307 1.6256601810455322 10.066280364990234 1.6095343828201294 31.561391830444336 -4.779446601867676 0.1159
Pedestrian 1 1 1 151.58636474609375 157.38380432128906 184.0331268310547 228.05657958984375 0.734150230884552 1.817941665649414 0.5937011241912842 -11.688603401184082 1.4196960926055908 19.006582260131836 -5.059725761413574 0.1138
Car 1 1 1 676.7611083984375 178.1525421142578 739.2012939453125 229.76641845703125 3.9563450813293457 1.4771989583969116 1.628512978553772 2.9985430240631104 1.6611436605453491 23.07682991027832 -4.667131423950195 0.1124
Pedestrian 1 1 1 251.67727661132812 160.5374755859375 286.3464660644531 222.35525512695312 0.7570715546607971 1.7836222648620605 0.6082108616828918 -10.076388359069824 1.4279547929763794 21.23470115661621 -7.718077182769775 0.1115
Pedestrian 1 1 1 814.1430053710938 164.66688537597656 832.0079345703125 213.93373107910156 0.8079897165298462 1.7262881994247437 0.5999689698219299 7.563555717468262 1.4391151666641235 25.75730323791504 -7.55189847946167 0.1109
Car 1 1 1 626.419189453125 177.45216369628906 656.57275390625 202.27098083496094 3.8822436332702637 1.5903537273406982 1.645223617553711 2.06542706489563 1.9147248268127441 48.95927810668945 -4.773425102233887 0.1105
Pedestrian 1 1 1 318.4256591796875 177.34132385253906 351.7545471191406 241.8178253173828 0.6229719519615173 1.4913599491119385 0.5055196285247803 -6.551416873931885 1.5993702411651611 17.0761775970459 -4.5922088623046875 0.1087
Pedestrian 1 1 1 453.03875732421875 168.91995239257812 466.8298645019531 200.518310546875 0.7151932120323181 1.772322177886963 0.6638143062591553 -8.528581619262695 1.551364541053772 40.84489822387695 -7.906494617462158 0.1075
Car 1 1 1 260.6042175292969 180.6084747314453 347.18743896484375 230.62525939941406 3.6673309803009033 1.5021233558654785 1.5296581983566284 -10.170815467834473 1.781295895576477 24.12786102294922 -4.772809028625488 0.1072
Car 1 1 1 705.2642822265625 177.85043334960938 761.9917602539062 212.7707977294922 3.964252471923828 1.478101372718811 1.6114469766616821 5.566855430603027 1.721666932106018 33.17155456542969 -4.800295352935791 0.1067
Car 1 1 1 381.5329895019531 180.94473266601562 457.12664794921875 224.70877075195312 4.110233783721924 1.5073753595352173 1.6021959781646729 -7.2677531242370605 1.8415486812591553 27.72857666015625 -4.651561737060547 0.1061
Pedestrian 1 1 1 1106.9354248046875 157.1219482421875 1170.6544189453125 278.0278625488281 0.6074965000152588 1.6132020950317383 0.5184416174888611 7.245265483856201 1.402995228767395 9.984138488769531 -4.470864295959473 0.1060
Car 1 1 1 925.4424438476562 172.7919158935547 1043.5103759765625 223.99229431152344 3.6906630992889404 1.4870915412902832 1.584010124206543 11.673933029174805 1.4849883317947388 22.864839553833008 -4.800891399383545 0.1048
Pedestrian 1 1 1 163.75770568847656 160.11502075195312 200.42384338378906 222.7032470703125 0.7769371867179871 1.8081167936325073 0.5944794416427612 -12.642986297607422 1.439799427986145 21.251365661621094 -4.647975444793701 0.1046
Car 1 1 1 598.232666015625 178.97564697265625 627.60302734375 204.668212890625 3.9430317878723145 1.5672249794006348 1.671486496925354 0.11746889352798462 1.9827027320861816 46.99016571044922 -4.76977014541626 0.1045
Car 1 1 1 704.3358764648438 177.02359008789062 759.8547973632812 207.9901885986328 3.960045337677002 1.487473964691162 1.5963726043701172 6.204161643981934 1.714840292930603 37.309165954589844 -4.885615348815918 0.1042
Pedestrian 1 1 1 404.80853271484375 167.33558654785156 425.73663330078125 208.321044921875 0.8000941276550293 1.747131109237671 0.6075255274772644 -8.457345962524414 1.5115920305252075 31.196826934814453 -7.711790561676025 0.1038
Car 1 1 1 444.8283386230469 180.98545837402344 496.2431640625 216.9612274169922 4.025229454040527 1.4891316890716553 1.6057080030441284 -6.310368061065674 1.8812870979309082 32.80227279663086 -4.724152565002441 0.1029
Pedestrian 1 1 1 921.2923583984375 163.87010192871094 955.689208984375 235.542236328125 0.6142613291740417 1.5689520835876465 0.5195767879486084 7.279227256774902 1.3719884157180786 16.12099266052246 -7.7776875495910645 0.1023
Car 1 1 1 690.9048461914062 175.60440063476562 722.66943359375 200.150634765625 3.9263832569122314 1.5928289890289307 1.6350595951080322 6.527772903442383 1.7876540422439575 49.2252082824707 -7.854770183563232 0.1023
Car 1 1 1 0.0 182.00546264648438 33.818695068359375 314.8506164550781 3.8999595642089844 1.539533257484436 1.6093181371688843 -10.812257766723633 1.699610710144043 10.641327857971191 -4.7853498458862305 0.1021
Car 1 1 1 675.3284301757812 176.23486328125 697.3846435546875 193.19195556640625 3.958712577819824 1.539345145225525 1.6522573232650757 7.174302577972412 1.868234395980835 68.27305603027344 -7.857524394989014 0.1019
Car 1 1 1 452.5345153808594 182.45542907714844 497.35443115234375 199.45388793945312 3.965850830078125 1.5674904584884644 1.6465133428573608 -12.795421600341797 2.4889495372772217 68.3958511352539 -3.1670589447021484 0.1019
Car 1 1 1 595.431884765625 178.67286682128906 629.5541381835938 211.1697235107422 4.009196758270264 1.5311741828918457 1.6425676345825195 0.1084764152765274 1.843394160270691 36.7358512878418 -4.6975626945495605 0.1018
Car 1 1 1 1050.9527587890625 170.53932189941406 1241.0 257.3508605957031 4.063904762268066 1.5415422916412354 1.6235164403915405 11.005825996398926 1.5001399517059326 14.889327049255371 -4.652740001678467 0.1015
Pedestrian 1 1 1 857.750244140625 159.4083251953125 885.4442138671875 217.38534545898438 0.7116164565086365 1.7295900583267212 0.6106794476509094 7.883087635040283 1.3281742334365845 21.897430419921875 -7.798222064971924 0.1014
Pedestrian 1 1 1 175.18775939941406 162.22933959960938 201.88821411132812 228.96847534179688 0.7606854438781738 1.8021266460418701 0.6006445288658142 -11.699692726135254 1.5149339437484741 19.959238052368164 -5.190566062927246 0.1013
Pedestrian 1 1 1 205.10275268554688 160.21060180664062 246.5125732421875 236.55442810058594 0.6370068192481995 1.763304591178894 0.5878965258598328 -9.137402534484863 1.4709817171096802 17.07309341430664 -4.312473297119141 0.1011
Pedestrian 1 1 1 918.8493041992188 164.9169158935547 947.6251831054688 231.49935913085938 0.6472588181495667 1.5378787517547607 0.5154366493225098 7.575454235076904 1.3542531728744507 17.04241943359375 -4.465483665466309 0.1001
