Car 1 1 1 616.62548828125 172.74734497070312 638.7118530273438 193.33837890625 3.8486266136169434 1.53995943069458 1.6316862106323242 2.022035598754883 0.8852825164794922 55.66102600097656 -7.836502552032471 0.5642
Car 1 1 1 563.943115234375 172.5199737548828 589.7318725585938 196.7217559814453 3.8149118423461914 1.5310086011886597 1.6312392950057983 -1.5891412496566772 0.9629871845245361 47.36496353149414 -7.87341833114624 0.5609
Car 1 1 1 587.5701904296875 173.62013244628906 608.7667236328125 192.71182250976562 3.8102869987487793 1.5117003917694092 1.561527132987976 -0.27129486203193665 0.8876248002052307 58.819786071777344 -7.9032206535339355 0.3439
Cyclist 1 1 1 447.65325927734375 174.23681640625 467.1650390625 207.9716033935547 1.6840214729309082 1.6910114288330078 0.5948530435562134 -7.387972354888916 1.3271493911743164 36.86256408691406 -4.666244029998779 0.3208
Pedestrian 1 1 1 211.19744873046875 164.5935516357422 233.6820068359375 201.68873596191406 0.8075987696647644 1.7966926097869873 0.6303234100341797 -18.59210205078125 0.9780722856521606 35.2294807434082 -7.739456653594971 0.2702
Car 1 1 1 650.8118896484375 178.82327270507812 714.2647094726562 201.75131225585938 3.9924395084381104 1.5070449113845825 1.5768227577209473 5.420868873596191 1.3311312198638916 48.17818069458008 -3.23046875 0.2665
Pedestrian 1 1 1 1024.0767822265625 158.81881713867188 1043.7005615234375 199.9789581298828 0.534783124923706 1.779497742652893 0.578478217124939 18.908884048461914 0.7992112636566162 31.437387466430664 -8.424312591552734 0.2578
Car 1 1 1 301.6036071777344 178.98782348632812 412.8576965332031 217.01502990722656 3.980499029159546 1.4942296743392944 1.6280094385147095 -9.925090789794922 1.395865797996521 29.268821716308594 -3.0235230922698975 0.2473
Pedestrian 1 1 1 651.2960815429688 169.97926330566406 667.3171997070312 200.4832305908203 0.6338357329368591 1.7274445295333862 0.6591390371322632 3.3115293979644775 1.0751606225967407 41.135990142822266 -3.853520393371582 0.2225
Pedestrian 1 1 1 37.94022750854492 174.4379425048828 52.554161071777344 222.79470825195312 0.3839506506919861 1.761581540107727 0.5109772086143494 -20.52822494506836 1.5047028064727783 26.486865997314453 -6.8552422523498535 0.2143
Pedestrian 1 1 1 208.3577117919922 173.25393676757812 229.01364135742188 213.6616973876953 0.5666255950927734 1.7465556859970093 0.6066616177558899 -16.710872650146484 1.390434741973877 31.33979606628418 -7.879642009735107 0.2115
Cyclist 1 1 1 245.95352172851562 176.74420166015625 270.5786437988281 211.0228271484375 1.6707899570465088 1.6866713762283325 0.5651628375053406 -17.288963317871094 1.45289146900177 36.20131301879883 -4.794736862182617 0.2012
Cyclist 1 1 1 949.9560546875 155.50634765625 1013.9263305664062 230.81207275390625 1.755345106124878 1.693946123123169 0.5108156204223633 8.954931259155273 1.1097922325134277 17.048145294189453 -7.905857563018799 0.1995
Cyclist 1 1 1 790.7457275390625 173.9874725341797 813.1826782226562 210.85073852539062 1.7122701406478882 1.7381772994995117 0.5775728225708008 9.67104434967041 1.3841995000839233 34.73197555541992 -7.871361255645752 0.1976
Pedestrian 1 1 1 898.7785034179688 171.22140502929688 999.5146484375 373.0 0.6877416968345642 1.4103158712387085 0.4593926966190338 2.435602903366089 1.3419828414916992 5.19763708114624 -4.586894512176514 0.1958
Car 1 1 1 331.04864501953125 178.01351928710938 402.2985534667969 202.65408325195312 4.129002094268799 1.5823254585266113 1.6178944110870361 -15.296487808227539 1.358480453491211 46.94606018066406 -3.137556552886963 0.1941
Pedestrian 1 1 1 1055.4180908203125 151.18743896484375 1094.4080810546875 235.11929321289062 0.7544940114021301 1.7102211713790894 0.5826056599617004 9.901965141296387 1.0931429862976074 15.102520942687988 -4.271294593811035 0.1938
Pedestrian 1 1 1 353.150634765625 171.3798828125 375.2530212402344 213.92713928222656 0.6364744305610657 1.5822032690048218 0.5542083382606506 -8.960396766662598 1.2062416076660156 27.075836181640625 -4.530370235443115 0.1899
Pedestrian 1 1 1 828.0056762695312 164.48190307617188 844.2166748046875 206.72178649902344 0.7277141809463501 1.7143070697784424 0.6237726807594299 9.653812408447266 1.023959994316101 29.599313735961914 -4.380219459533691 0.1857
Car 1 1 1 1178.38671875 156.67674255371094 1237.0 212.0017852783203 3.6528842449188232 1.552613615989685 1.6637934446334839 20.127412796020508 0.8564725518226624 22.07459259033203 -7.978469371795654 0.1828
Cyclist 1 1 1 973.1190795898438 154.5460968017578 1040.6956787109375 230.5681610107422 1.7446635961532593 1.7145887613296509 0.5279939770698547 9.568936347961426 1.1072282791137695 17.089088439941406 -7.920167446136475 0.1804
Pedestrian 1 1 1 863.8262939453125 160.13259887695312 888.1991577148438 213.2188720703125 0.6466889977455139 1.7017902135849 0.6216301918029785 8.944502830505371 1.0172512531280518 23.468313217163086 -7.276322841644287 0.1799
Pedestrian 1 1 1 930.93359375 159.4283905029297 957.0823974609375 216.9641876220703 0.6415568590164185 1.6901439428329468 0.6128112077713013 10.243268013000488 1.042249083518982 21.539676666259766 -7.247559070587158 0.1797
Pedestrian 1 1 1 1016.0115966796875 155.48098754882812 1057.1239013671875 225.4650421142578 0.7352725863456726 1.7164655923843384 0.6153876781463623 10.861842155456543 1.0788389444351196 18.00860595703125 -7.77651834487915 0.1770
Car 1 1 1 505.5972595214844 173.56517028808594 536.7611694335938 194.63589477539062 3.8483924865722656 1.6284151077270508 1.7155433893203735 -6.364469051361084 1.0150700807571411 57.515708923339844 -4.612181663513184 0.1770
Pedestrian 1 1 1 57.56117248535156 166.597900390625 85.28349304199219 235.75242614746094 0.7487078905105591 1.7619051933288574 0.5739858746528625 -13.878451347351074 1.382750153541565 18.773109436035156 -5.33768892288208 0.1727
Pedestrian 1 1 1 1153.48486328125 148.21067810058594 1198.375244140625 227.8979949951172 0.715868353843689 1.7321027517318726 0.6012820601463318 12.790064811706543 1.009081244468689 16.0579776763916 -4.331311225891113 0.1710
Cyclist 1 1 1 345.5887145996094 180.01998901367188 366.99395751953125 218.4591827392578 1.7344272136688232 1.7638757228851318 0.6314762234687805 -11.555830955505371 1.6962302923202515 33.863895416259766 -7.986643314361572 0.1695
Pedestrian 1 1 1 182.57550048828125 170.83624267578125 200.2203826904297 214.0740966796875 0.507459282875061 1.7677087783813477 0.5351096987724304 -16.99276351928711 1.3320682048797607 29.736438751220703 -7.078587532043457 0.1688
Pedestrian 1 1 1 776.837158203125 163.72406005859375 786.33837890625 188.94053649902344 0.763992428779602 1.8465056419372559 0.6002681851387024 13.309598922729492 0.544776201248169 53.020530700683594 -7.71613073348999 0.1677
Car 1 1 1 0.0 0.0 1237.0 373.0 3.867798328399658 1.5401610136032104 1.6450471878051758 -3.417574167251587 1.617342472076416 0.9581966400146484 -7.907237529754639 0.1674
Pedestrian 1 1 1 270.19171142578125 171.5081329345703 286.4596862792969 202.60496520996094 0.7494381070137024 1.7997726202011108 0.6506970524787903 -18.87557601928711 1.221601128578186 41.972225189208984 -7.9272847175598145 0.1674
Pedestrian 1 1 1 996.7592163085938 155.0595245361328 1033.6658935546875 222.04791259765625 0.704753041267395 1.7287260293960571 0.6204810738563538 10.858538627624512 1.0469071865081787 18.927997589111328 -7.721055507659912 0.1674
Pedestrian 1 1 1 1092.5335693359375 154.94989013671875 1115.5059814453125 210.5945587158203 0.6351778507232666 1.7832502126693726 0.567992091178894 16.364431381225586 0.9328336119651794 23.43870735168457 -4.17551851272583 0.1634
Pedestrian 1 1 1 405.4678039550781 166.211669921875 421.6199951171875 210.70713806152344 0.690429151058197 1.7922024726867676 0.6313551664352417 -7.693992614746094 1.1767510175704956 29.346649169921875 -8.1073579788208 0.1630
Pedestrian 1 1 1 283.90704345703125 168.89694213867188 300.1490173339844 201.01348876953125 0.7360267639160156 1.8152592182159424 0.6409121751785278 -17.652578353881836 1.1030610799789429 40.988006591796875 -7.915417194366455 0.1628
Pedestrian 1 1 1 105.26152801513672 163.96929931640625 133.7387237548828 215.09706115722656 0.6626108288764954 1.8118501901626587 0.6533219218254089 -17.358688354492188 1.1909981966018677 25.8488826751709 -8.066463470458984 0.1601
Car 1 1 1 1176.9957275390625 148.74755859375 1237.0 220.78927612304688 3.523944139480591 1.6109777688980103 1.6777557134628296 16.598388671875 0.8791320323944092 17.87224006652832 -7.913864612579346 0.1555
Car 1 1 1 444.6925048828125 174.3885040283203 469.6251220703125 191.0140380859375 3.928539991378784 1.5400810241699219 1.6023279428482056 -13.687750816345215 0.8810153603553772 68.5078353881836 -7.85614538192749 0.1543
Pedestrian 1 1 1 1023.8336791992188 152.98565673828125 1058.2625732421875 233.15072631835938 0.7414628267288208 1.7032132148742676 0.576994776725769 9.571683883666992 1.0979574918746948 15.722137451171875 -4.253622055053711 0.1526
Car 1 1 1 640.47509765625 177.5721893310547 685.6990966796875 208.07127380371094 3.546351194381714 1.518925428390503 1.599521279335022 3.17189621925354 1.3235323429107666 37.642913818359375 -7.99530553817749 0.1501
Pedestrian 1 1 1 217.01535034179688 168.33248901367188 238.83975219726562 204.96705627441406 0.7878326177597046 1.7401788234710693 0.6140655875205994 -17.962112426757812 1.1149574518203735 34.53349304199219 -7.793181896209717 0.1497
Car 1 1 1 414.74774169921875 175.40223693847656 483.42376708984375 198.69737243652344 4.269223690032959 1.5371713638305664 1.6687349081039429 -10.185054779052734 1.1348214149475098 48.25476837158203 -3.1508727073669434 0.1492
Pedestrian 1 1 1 36.90898132324219 178.07008361816406 59.022666931152344 224.8672637939453 0.4443860948085785 1.7695990800857544 0.5628990530967712 -21.181554794311523 1.6402666568756104 27.468658447265625 -8.20473575592041 0.1489
Pedestrian 1 1 1 200.68923950195312 170.1710968017578 219.51535034179688 204.3647918701172 0.6353804469108582 1.7504351139068604 0.5909733772277832 -20.232954025268555 1.1706925630569458 37.13184356689453 -7.70099401473999 0.1480
Cyclist 1 1 1 687.0858764648438 174.2325439453125 702.3858642578125 209.36050415039062 1.7451539039611816 1.793784499168396 0.6206508278846741 4.884988307952881 1.422882080078125 37.60182571411133 -7.622016429901123 0.1473
Car 1 1 1 988.981201171875 171.528076171875 1046.059326171875 197.7724151611328 3.9272446632385254 1.551751732826233 1.6048320531845093 25.704946517944336 0.9622476100921631 44.51229476928711 -4.603518962860107 0.1472
Pedestrian 1 1 1 13.806601524353027 161.16482543945312 64.49698638916016 248.41339111328125 0.7582199573516846 1.793534755706787 0.5644336938858032 -11.963576316833496 1.3760900497436523 15.237367630004883 -3.985496997833252 0.1467
Pedestrian 1 1 1 0.0 168.790283203125 42.33571243286133 262.3117980957031 0.7458297610282898 1.6368765830993652 0.5568126440048218 -10.688037872314453 1.4150375127792358 12.94632625579834 -4.7101359367370605 0.1461
Cyclist 1 1 1 999.125 154.4114532470703 1068.3017578125 230.21713256835938 1.7375421524047852 1.7093312740325928 0.52685546875 10.199301719665527 1.0990688800811768 17.078598022460938 -7.904508113861084 0.1452
Car 1 1 1 643.8219604492188 173.66188049316406 676.2996826171875 199.93838500976562 3.9780702590942383 1.5173914432525635 1.6298201084136963 3.5042943954467773 1.0648869276046753 43.4719123840332 -4.713742256164551 0.1448
Cyclist 1 1 1 947.7216796875 152.9662628173828 1016.9483642578125 234.84617614746094 1.7305465936660767 1.69644033908844 0.5079873204231262 8.27842903137207 1.1058356761932373 15.762736320495605 -7.918313503265381 0.1439
Pedestrian 1 1 1 302.5723876953125 167.09298706054688 325.77117919921875 214.4041748046875 0.6521548628807068 1.7212247848510742 0.6182042360305786 -10.605615615844727 1.197468876838684 26.47586441040039 -7.907597064971924 0.1434
Car 1 1 1 251.87657165527344 171.62786865234375 289.70147705078125 197.23028564453125 4.063522815704346 1.6701691150665283 1.6677602529525757 -22.50481414794922 1.026194453239441 49.03718566894531 -4.96835470199585 0.1432
Car 1 1 1 605.57861328125 173.38160705566406 629.4293823242188 192.56834411621094 3.9985902309417725 1.5510610342025757 1.625217080116272 1.3383495807647705 0.8946096897125244 60.12217712402344 -7.924763202667236 0.1424
Pedestrian 1 1 1 0.0 171.1988067626953 18.949766159057617 216.55235290527344 0.5484093427658081 1.7914345264434814 0.5912232398986816 -23.808074951171875 1.3848907947540283 28.756954193115234 -7.347305774688721 0.1421
Pedestrian 1 1 1 192.7628936767578 167.95945739746094 214.74107360839844 206.656494140625 0.6700660586357117 1.79033625125885 0.6410253643989563 -18.60266876220703 1.1641407012939453 33.58716583251953 -7.795992374420166 0.1416
Cyclist 1 1 1 804.017822265625 171.45260620117188 822.3494262695312 208.25680541992188 1.7042804956436157 1.7503435611724854 0.5694990158081055 10.307307243347168 1.2727551460266113 35.04159164428711 -7.740912914276123 0.1415
Car 1 1 1 311.06683349609375 173.2150421142578 362.1957702636719 197.36985778808594 3.8996212482452393 1.6322993040084839 1.7112444639205933 -18.57699203491211 1.0724328756332397 50.599327087402344 -7.7022271156311035 0.1411
Pedestrian 1 1 1 137.9414520263672 166.69886779785156 158.99107360839844 213.71568298339844 0.5847702622413635 1.7713805437088013 0.5869912505149841 -17.32257080078125 1.2141096591949463 27.44476890563965 -8.238685607910156 0.1404
Pedestrian 1 1 1 807.985595703125 161.9730682373047 827.20166015625 202.40223693847656 0.6842166781425476 1.783881664276123 0.5842893719673157 9.658576011657715 0.9225725531578064 32.145145416259766 -3.9704842567443848 0.1403
Car 1 1 1 0.0 0.0 1237.0 373.0 3.8403637409210205 1.5423537492752075 1.618760108947754 2.683795213699341 1.542783260345459 0.699128270149231 -7.863980770111084 0.1396
Pedestrian 1 1 1 103.13872528076172 165.92906188964844 145.476318359375 240.91653442382812 0.6528418660163879 1.6869802474975586 0.537757933139801 -10.979842185974121 1.3372374773025513 16.48790168762207 -4.7078375816345215 0.1386
Pedestrian 1 1 1 42.395381927490234 165.80441284179688 73.97831726074219 222.686279296875 0.7145403027534485 1.7828550338745117 0.5944100022315979 -17.36980438232422 1.2913525104522705 22.942716598510742 -8.146841049194336 0.1385
Pedestrian 1 1 1 202.73455810546875 165.37623596191406 224.33775329589844 204.99794006347656 0.6790546178817749 1.8155370950698853 0.6293113231658936 -17.968721389770508 1.0769866704940796 33.25985336303711 -7.838191509246826 0.1382
Pedestrian 1 1 1 235.8693084716797 168.9018096923828 254.051513671875 202.10191345214844 0.690895140171051 1.80259108543396 0.6415148377418518 -19.532197952270508 1.1187411546707153 39.358646392822266 -7.817817211151123 0.1377
Pedestrian 1 1 1 905.7213134765625 159.13314819335938 931.6236572265625 215.11984252929688 0.6287508606910706 1.7212575674057007 0.6183801889419556 9.918140411376953 1.034063458442688 22.521385192871094 -7.213146209716797 0.1377
Car 1 1 1 1197.5546875 157.52365112304688 1237.0 209.83787536621094 3.8720991611480713 1.540865182876587 1.6285313367843628 21.735485076904297 0.8351337909698486 23.166412353515625 -7.9553961753845215 0.1348
Pedestrian 1 1 1 369.0271301269531 170.39727783203125 389.7894592285156 213.30673217773438 0.6438280940055847 1.5982670783996582 0.5738309025764465 -8.389480590820312 1.1850929260253906 27.084814071655273 -4.688482761383057 0.1348
Pedestrian 1 1 1 19.824800491333008 164.78030395507812 54.09511184692383 236.4476318359375 0.7269522547721863 1.794326901435852 0.5670418739318848 -14.513116836547852 1.376240611076355 18.438064575195312 -5.190794944763184 0.1347
Cyclist 1 1 1 1012.9461059570312 154.65501403808594 1080.1514892578125 223.43898010253906 1.7230390310287476 1.7038753032684326 0.5116336345672607 11.502557754516602 1.0394136905670166 18.681236267089844 -7.981564044952393 0.1337
Cyclist 1 1 1 991.5814819335938 152.1017608642578 1068.3343505859375 237.38507080078125 1.7331163883209229 1.691409945487976 0.5093814730644226 8.937312126159668 1.1089459657669067 15.124951362609863 -7.904587268829346 0.1336
Car 1 1 1 690.6634521484375 171.51083374023438 717.3086547851562 188.82920837402344 4.019528865814209 1.5369480848312378 1.5886588096618652 9.39332389831543 0.6501867175102234 65.81257629394531 -4.785983085632324 0.1325
Car 1 1 1 0.0 169.15756225585938 66.09947967529297 225.4812469482422 3.6696314811706543 1.602843999862671 1.668714165687561 -18.791391372680664 1.2520875930786133 22.32101821899414 -7.910245418548584 0.1322
Car 1 1 1 356.89959716796875 175.54888916015625 392.683349609375 195.85821533203125 3.9555938243865967 1.5561248064041138 1.5813568830490112 -17.92070198059082 1.1000362634658813 57.0213508605957 -7.849093914031982 0.1319
Pedestrian 1 1 1 933.7474365234375 157.6193084716797 960.0719604492188 225.9895477294922 0.7255475521087646 1.7320990562438965 0.5854426026344299 8.941108703613281 1.127622365951538 18.656402587890625 -4.220352649688721 0.1312
Pedestrian 1 1 1 869.4114990234375 159.78741455078125 893.1279296875 210.78033447265625 0.6675313711166382 1.7244350910186768 0.622828483581543 9.614874839782715 0.9905929565429688 24.74382972717285 -7.246829509735107 0.1306
Car 1 1 1 585.199462890625 174.6969451904297 605.3790283203125 192.23171997070312 3.871523857116699 1.4823205471038818 1.5731364488601685 -0.533636748790741 0.9070131182670593 62.702144622802734 -7.910215854644775 0.1304
Cyclist 1 1 1 779.3809204101562 171.02928161621094 802.08203125 207.7532196044922 1.7065045833587646 1.7137609720230103 0.509797215461731 9.038310050964355 1.2253934144973755 34.3930549621582 -7.935606479644775 0.1303
Pedestrian 1 1 1 1018.0359497070312 157.10693359375 1036.6015625 201.44374084472656 0.5293650031089783 1.8159620761871338 0.5960704684257507 17.658044815063477 0.8171911239624023 29.814510345458984 -7.181590557098389 0.1301
Car 1 1 1 719.2398681640625 177.539306640625 756.2986450195312 202.6297607421875 3.7922956943511963 1.5366228818893433 1.6136831045150757 8.666834831237793 1.2941378355026245 45.89603042602539 -4.72068452835083 0.1300
Pedestrian 1 1 1 973.0884399414062 161.22203063964844 988.09033203125 190.75413513183594 0.7297681570053101 1.7897177934646606 0.6197736859321594 23.194168090820312 0.5609118342399597 43.94736099243164 -7.673912525177002 0.1297
Cyclist 1 1 1 433.9320983886719 176.04661560058594 456.1398010253906 211.42446899414062 1.6605809926986694 1.6932324171066284 0.5716346502304077 -7.67020845413208 1.4324702024459839 35.23652267456055 -4.605547904968262 0.1296
Pedestrian 1 1 1 953.0744018554688 158.34999084472656 976.470703125 215.1657257080078 0.6590298414230347 1.7184834480285645 0.6090701818466187 11.18356990814209 1.0187335014343262 22.16482925415039 -7.330442905426025 0.1295
Cyclist 1 1 1 298.1172790527344 179.86151123046875 319.5223083496094 218.62530517578125 1.7425588369369507 1.7804231643676758 0.6184622049331665 -13.811424255371094 1.7054352760314941 33.9079475402832 -8.049696922302246 0.1294
Car 1 1 1 766.3938598632812 165.3979949951172 814.7111206054688 191.8690643310547 3.964486837387085 1.7762235403060913 1.674994707107544 13.197480201721191 0.6957788467407227 50.31192398071289 -8.058944702148438 0.1289
Pedestrian 1 1 1 230.7902374267578 168.5277557373047 251.16725158691406 202.9657440185547 0.7942644357681274 1.788278341293335 0.6316161751747131 -18.93301773071289 1.1148569583892822 37.72697448730469 -7.757772922515869 0.1289
Pedestrian 1 1 1 322.6208190917969 169.33078002929688 344.61419677734375 214.60855102539062 0.6713880896568298 1.6648449897766113 0.5790296196937561 -9.992592811584473 1.217767596244812 26.7542724609375 -7.873842716217041 0.1281
Car 1 1 1 658.0123291015625 173.8979034423828 688.001708984375 195.890869140625 3.836836338043213 1.548477053642273 1.6432510614395142 5.209127902984619 1.0131986141204834 52.52961349487305 -4.7570648193359375 0.1280
Pedestrian 1 1 1 975.1182861328125 155.11399841308594 1006.1677856445312 223.41290283203125 0.695480465888977 1.7624592781066895 0.5948490500450134 10.22770881652832 1.0820796489715576 18.95675277709961 -7.554257869720459 0.1275
Car 1 1 1 0.0 192.21514892578125 0.0 373.0 3.9182112216949463 1.5439585447311401 1.6208380460739136 -5.333176136016846 1.6065279245376587 2.15046763420105 -7.89862585067749 0.1270
Pedestrian 1 1 1 976.95849609375 154.38174438476562 1005.0191650390625 224.7375030517578 0.7412475943565369 1.7489488124847412 0.5850690007209778 9.888812065124512 1.0753508806228638 18.31653594970703 -7.4161200523376465 0.1269
Car 1 1 1 393.0897216796875 179.5602264404297 454.2104187011719 211.52645874023438 3.9114997386932373 1.4898402690887451 1.6108471155166626 -8.724820137023926 1.3996939659118652 35.52556228637695 -4.577445030212402 0.1236
Car 1 1 1 1219.5877685546875 160.92030334472656 1237.0 320.8354187011719 4.0160603523254395 1.4854943752288818 1.5813802480697632 9.117047309875488 1.295039176940918 7.634902477264404 -6.370142459869385 0.1235
Pedestrian 1 1 1 1000.3814697265625 155.84275817871094 1025.8880615234375 207.56080627441406 0.7048095464706421 1.748552918434143 0.6343798637390137 14.134812355041504 0.8815143704414368 24.721229553222656 -7.531304836273193 0.1231
Pedestrian 1 1 1 868.3578491210938 158.88221740722656 888.5549926757812 211.19650268554688 0.6820430755615234 1.7237426042556763 0.6197998523712158 9.270627975463867 0.9789186716079712 24.101768493652344 -7.466662883758545 0.1226
Car 1 1 1 671.248779296875 173.86253356933594 713.6397705078125 201.1991424560547 3.896980047225952 1.565592646598816 1.5993263721466064 5.416707992553711 1.1283174753189087 43.17352294921875 -4.838900089263916 0.1224
Car 1 1 1 647.31103515625 173.4653778076172 670.1054077148438 190.1688995361328 3.8763043880462646 1.4957821369171143 1.5604960918426514 5.291511058807373 0.7760260105133057 66.30894470214844 -7.9160380363464355 0.1217
Pedestrian 1 1 1 862.9094848632812 160.52903747558594 884.3569946289062 214.5353546142578 0.639915406703949 1.6881428956985474 0.6204163432121277 8.63935661315918 1.0330743789672852 22.868032455444336 -7.462376117706299 0.1217
Pedestrian 1 1 1 1012.324462890625 160.2200927734375 1025.0823974609375 193.84950256347656 0.5212793946266174 1.7996784448623657 0.5804792046546936 22.542943954467773 0.6610593199729919 38.816402435302734 -7.296860218048096 0.1213
Pedestrian 1 1 1 1130.017822265625 150.92213439941406 1165.7674560546875 212.3549041748047 0.7285769581794739 1.8040542602539062 0.6088047623634338 16.32953643798828 0.9065651893615723 21.51982307434082 -7.6198601722717285 0.1212
Pedestrian 1 1 1 0.0 161.29135131835938 29.278724670410156 239.34034729003906 0.7467084527015686 1.816215991973877 0.5738942623138428 -14.193540573120117 1.3465012311935425 17.166393280029297 -2.520742893218994 0.1212
Pedestrian 1 1 1 1090.775146484375 151.53057861328125 1135.6824951171875 236.782958984375 0.7326540946960449 1.7057757377624512 0.5790744423866272 10.501855850219727 1.1067155599594116 14.816149711608887 -4.362973213195801 0.1204
Pedestrian 1 1 1 126.20755767822266 168.59877014160156 148.86679077148438 216.6082000732422 0.5862783789634705 1.7674049139022827 0.5938255190849304 -17.33763885498047 1.2928420305252075 26.820653915405273 -8.197883605957031 0.1200
Car 1 1 1 727.3973388671875 177.8102264404297 763.3761596679688 198.94786071777344 3.8546125888824463 1.5587831735610962 1.6245287656784058 10.988767623901367 1.2866098880767822 54.97400665283203 -4.81569242477417 0.1198
Car 1 1 1 450.7251281738281 173.1669921875 474.80224609375 194.72265625 3.8938088417053223 1.6259323358535767 1.674629807472229 -10.871564865112305 0.997285008430481 56.27218246459961 -4.947822093963623 0.1197
Cyclist 1 1 1 0.0 0.0 1237.0 373.0 1.8440024852752686 1.6435383558273315 0.5052428245544434 6.897819995880127 1.3057703971862793 -0.29743626713752747 -8.067588806152344 0.1196
Pedestrian 1 1 1 1020.1517333984375 153.36756896972656 1050.1575927734375 208.60562133789062 0.6870356798171997 1.7719311714172363 0.6356552839279175 14.115633964538574 0.8699334263801575 23.438364028930664 -7.671284198760986 0.1194
Car 1 1 1 0.0 0.0 1237.0 373.0 3.79241943359375 1.554418683052063 1.6060808897018433 -1.1802787780761719 1.620097279548645 0.1352325975894928 -7.911548137664795 0.1188
Pedestrian 1 1 1 56.506805419921875 156.8348846435547 96.49102020263672 241.9197235107422 0.7441000938415527 1.8250535726547241 0.5687741637229919 -11.635577201843262 1.2965586185455322 15.867913246154785 -2.414586305618286 0.1186
Pedestrian 1 1 1 1154.505615234375 145.7418212890625 1194.31494140625 234.09878540039062 0.7274979948997498 1.7229465246200562 0.5750606060028076 11.488218307495117 1.0262582302093506 14.470027923583984 -4.111011028289795 0.1179
Car 1 1 1 109.20159149169922 182.22711181640625 222.2327880859375 216.62240600585938 3.98620867729187 1.4788414239883423 1.6291093826293945 -19.293249130249023 1.5124056339263916 31.909320831298828 -6.369480609893799 0.1165
Car 1 1 1 472.3799133300781 175.04476928710938 498.8724670410156 191.8019561767578 3.802126407623291 1.5309563875198364 1.5391696691513062 -10.827901840209961 0.9409117698669434 67.5966567993164 -7.753353595733643 0.1163
Pedestrian 1 1 1 88.96614074707031 160.71343994140625 125.71004486083984 238.22879028320312 0.7509598135948181 1.7677698135375977 0.5619006156921387 -11.605881690979004 1.2942737340927124 16.835458755493164 -5.097574234008789 0.1162
Pedestrian 1 1 1 285.0713806152344 165.44532775878906 308.964599609375 213.595947265625 0.6894073486328125 1.7512396574020386 0.6172722578048706 -11.242681503295898 1.1677151918411255 26.488483428955078 -7.914035320281982 0.1158
Car 1 1 1 441.4147644042969 174.03045654296875 465.256591796875 191.77359008789062 3.8841300010681152 1.525099277496338 1.5833677053451538 -13.0769624710083 0.882838785648346 63.73812484741211 -7.926183223724365 0.1149
Pedestrian 1 1 1 192.38978576660156 172.37364196777344 213.748779296875 214.2794647216797 0.5722204446792603 1.77127206325531 0.6127656698226929 -17.020362854003906 1.385832667350769 30.668201446533203 -7.919877529144287 0.1145
Pedestrian 1 1 1 84.33406066894531 165.8038787841797 114.74434661865234 232.9777069091797 0.7430960536003113 1.7689217329025269 0.581793487071991 -13.564656257629395 1.3560949563980103 19.38009262084961 -5.191570281982422 0.1137
Pedestrian 1 1 1 172.95062255859375 171.5493621826172 190.27708435058594 215.58782958984375 0.5619407892227173 1.7601752281188965 0.5704375505447388 -17.016176223754883 1.3627986907958984 29.089811325073242 -8.315964698791504 0.1136
Cyclist 1 1 1 350.98388671875 160.0765838623047 386.9273376464844 211.35189819335938 1.6504356861114502 1.713339924812317 0.5402926802635193 -8.050003051757812 0.9979075193405151 24.854768753051758 -4.59044075012207 0.1134
Car 1 1 1 111.28738403320312 174.21395874023438 211.84083557128906 204.88201904296875 4.051997661590576 1.488808512687683 1.626367211341858 -21.860803604125977 1.135337233543396 35.76728439331055 -3.1008334159851074 0.1133
Car 1 1 1 596.6895141601562 173.32852172851562 614.5389404296875 189.676025390625 3.7407240867614746 1.524143099784851 1.5436619520187378 0.4161560535430908 0.7619730830192566 68.8715591430664 -4.7503662109375 0.1132
Car 1 1 1 416.7087097167969 177.9000701904297 483.3224182128906 202.21214294433594 3.9517407417297363 1.5270261764526367 1.6144016981124878 -9.647933006286621 1.300978422164917 45.984046936035156 -3.1714751720428467 0.1124
Pedestrian 1 1 1 47.86714553833008 160.25274658203125 98.11276245117188 247.66314697265625 0.7369362115859985 1.7624770402908325 0.5754837393760681 -10.985568046569824 1.3346458673477173 14.898048400878906 -4.892644882202148 0.1108
Pedestrian 1 1 1 679.5699462890625 171.84434509277344 704.5283203125 216.5501251220703 0.7918714880943298 1.7113072872161865 0.5893201231956482 3.5091679096221924 1.3420562744140625 27.980785369873047 -7.011061191558838 0.1107
Car 1 1 1 550.8761596679688 173.93142700195312 572.3680419921875 193.2377166748047 4.199868679046631 1.6204254627227783 1.6136995553970337 -3.463162899017334 0.9849790334701538 62.47024154663086 -7.968799114227295 0.1105
Car 1 1 1 405.64215087890625 176.22402954101562 427.6934814453125 192.42210388183594 3.8283634185791016 1.5026031732559204 1.573506236076355 -17.584877014160156 1.0128768682479858 68.63304138183594 -4.837045192718506 0.1093
Car 1 1 1 424.3645324707031 175.70225524902344 460.03009033203125 205.0025634765625 4.020035743713379 1.5257493257522583 1.6280497312545776 -8.710958480834961 1.2240376472473145 39.51177978515625 -4.856419563293457 0.1092
Car 1 1 1 485.8723449707031 172.2928466796875 510.40643310546875 193.50320434570312 3.9043219089508057 1.6409416198730469 1.6574718952178955 -8.223365783691406 0.9285125136375427 57.57663345336914 -4.778385639190674 0.1091
Car 1 1 1 0.0 0.0 1237.0 373.0 3.9250600337982178 1.5305753946304321 1.6200841665267944 4.289631366729736 1.5141335725784302 1.2987685203552246 -7.900119304656982 0.1084
Car 1 1 1 1017.4889526367188 174.55197143554688 1062.336669921875 196.44989013671875 3.940643072128296 1.4815442562103271 1.6143747568130493 30.899494171142578 1.0114651918411255 50.70940399169922 -4.4613823890686035 0.1084
Pedestrian 1 1 1 1065.70849609375 128.6163330078125 1232.3624267578125 373.0 0.6898472309112549 1.6185921430587769 0.5123112201690674 3.106604814529419 1.337814211845398 4.206622123718262 -4.547155857086182 0.1082
Pedestrian 1 1 1 101.6541976928711 166.67897033691406 130.55160522460938 219.10626220703125 0.7084291577339172 1.810773491859436 0.6253387331962585 -17.05904769897461 1.2992807626724243 25.223892211914062 -8.072155952453613 0.1081
Pedestrian 1 1 1 873.5526733398438 160.04556274414062 893.0015258789062 209.42532348632812 0.6577832698822021 1.716991662979126 0.6199010610580444 9.931928634643555 0.9714001417160034 25.391624450683594 -7.509308338165283 0.1078
Pedestrian 1 1 1 120.6339340209961 159.8526153564453 166.05758666992188 240.62120056152344 0.6953692436218262 1.7794538736343384 0.5701471567153931 -10.347907066345215 1.3030890226364136 16.183218002319336 -4.678251266479492 0.1076
Pedestrian 1 1 1 146.83058166503906 168.69642639160156 169.83395385742188 214.2925262451172 0.5556771159172058 1.7631862163543701 0.5722439885139465 -17.333486557006836 1.2684329748153687 28.073654174804688 -7.919149875640869 0.1076
Pedestrian 1 1 1 750.7800903320312 167.01841735839844 765.4721069335938 195.23387145996094 0.7793468832969666 1.8499304056167603 0.6311295032501221 10.390068054199219 0.9004817008972168 47.59606170654297 -7.071250915527344 0.1075
Cyclist 1 1 1 390.5126037597656 175.07626342773438 405.0301818847656 201.03004455566406 1.6811457872390747 1.7595347166061401 0.5581865310668945 -14.028501510620117 1.3240381479263306 49.545536041259766 -4.732638359069824 0.1072
Pedestrian 1 1 1 928.8806762695312 159.74978637695312 947.228759765625 204.2364044189453 0.7351915836334229 1.7601782083511353 0.6151973009109497 13.521980285644531 0.8999446630477905 28.89327049255371 -4.198932647705078 0.1072
Car 1 1 1 0.0 176.24729919433594 37.36957550048828 250.7200164794922 3.6636762619018555 1.5437185764312744 1.6326645612716675 -15.252937316894531 1.4354130029678345 16.841995239257812 -8.0414400100708 0.1069
Pedestrian 1 1 1 362.69171142578125 178.11155700683594 379.0548095703125 206.2764129638672 0.7778902649879456 1.7748597860336304 0.6367535591125488 -14.6848783493042 1.5613899230957031 45.76934051513672 -7.122826099395752 0.1067
Car 1 1 1 562.5499267578125 174.8431396484375 590.16455078125 196.42251586914062 4.001292705535889 1.5319898128509521 1.583204746246338 -1.8739370107650757 1.0593593120574951 53.09370803833008 -8.00454330444336 0.1067
Car 1 1 1 310.27423095703125 182.47865295410156 358.8669128417969 215.2168731689453 3.776258707046509 1.4878548383712769 1.6333202123641968 -12.862808227539062 1.5381771326065063 34.7762451171875 -4.90906286239624 0.1064
Pedestrian 1 1 1 987.0400390625 159.3207244873047 1012.0391235351562 221.5000762939453 0.7008058428764343 1.7152199745178223 0.5885351300239563 11.188339233398438 1.1038954257965088 20.260648727416992 -7.387176990509033 0.1062
Pedestrian 1 1 1 1116.183349609375 150.76315307617188 1157.3470458984375 229.32345581054688 0.7124361395835876 1.744204044342041 0.562603235244751 12.154544830322266 1.062338948249817 16.37724494934082 -4.3787641525268555 0.1057
Pedestrian 1 1 1 220.7910614013672 166.55441284179688 241.8653564453125 201.95912170410156 0.8123573660850525 1.7582995891571045 0.6143479943275452 -18.60245704650879 1.016281247138977 36.098045349121094 -7.795388698577881 0.1054
Cyclist 1 1 1 376.28564453125 158.3298797607422 409.94049072265625 208.5515594482422 1.6181118488311768 1.7258416414260864 0.5425479412078857 -7.408775329589844 0.9300217032432556 25.523265838623047 -4.578293800354004 0.1052
Pedestrian 1 1 1 187.58328247070312 169.9355010986328 208.0448760986328 207.63392639160156 0.586837112903595 1.779819130897522 0.6388087868690491 -19.234539031982422 1.2340878248214722 34.217803955078125 -7.821095943450928 0.1051
Car 1 1 1 243.20721435546875 171.2755889892578 319.94256591796875 196.3149871826172 4.183135032653809 1.5716427564620972 1.645918846130371 -20.44215965270996 0.929951548576355 46.033409118652344 -3.201058864593506 0.1044
Pedestrian 1 1 1 53.227447509765625 172.4948272705078 68.23693084716797 221.62344360351562 0.3866984248161316 1.7915114164352417 0.5101137757301331 -19.97634506225586 1.4635142087936401 26.51238250732422 -6.81199312210083 0.1038
Car 1 1 1 1120.084228515625 154.52406311035156 1237.0 223.53147888183594 3.4080467224121094 1.559895396232605 1.6036428213119507 14.975191116333008 0.9506638050079346 17.95220184326172 -7.867129802703857 0.1036
Pedestrian 1 1 1 907.8355102539062 159.9473419189453 933.7171020507812 220.0834503173828 0.7108045220375061 1.7115943431854248 0.6033112406730652 9.264881134033203 1.0986436605453491 20.905601501464844 -7.308363437652588 0.1036
Car 1 1 1 0.0 185.8300018310547 0.0 373.0 4.066500186920166 1.5551300048828125 1.6301590204238892 -11.09325122833252 1.617397427558899 8.125781059265137 -4.798164367675781 0.1033
Pedestrian 1 1 1 23.78816032409668 175.59034729003906 38.854244232177734 225.1434783935547 0.3843214213848114 1.7867311239242554 0.5170894861221313 -20.832082748413086 1.5740357637405396 26.222414016723633 -6.859285831451416 0.1032
Car 1 1 1 230.51266479492188 181.88272094726562 280.4107666015625 209.67050170898438 3.852048397064209 1.524465799331665 1.6109827756881714 -19.91777801513672 1.5477486848831177 41.49835205078125 -4.884406566619873 0.1030
Pedestrian 1 1 1 37.515625 166.3466339111328 69.75402069091797 225.6100311279297 0.5537543296813965 1.8178534507751465 0.5751169919967651 -17.06739616394043 1.3534913063049316 22.348926544189453 -7.712640285491943 0.1021
Cyclist 1 1 1 797.644775390625 171.3462371826172 839.8438720703125 210.40304565429688 1.7504347562789917 1.7789431810379028 0.6347900032997131 9.99543285369873 1.3167365789413452 33.10964584350586 -6.368964672088623 0.1021
Car 1 1 1 0.0 0.0 1026.9114990234375 373.0 3.8343636989593506 1.5573818683624268 1.612441897392273 0.7851102948188782 1.5644711256027222 0.7156436443328857 -7.891655445098877 0.1020
Pedestrian 1 1 1 846.3662109375 161.97247314453125 864.26611328125 208.16644287109375 0.6965792775154114 1.7284270524978638 0.6337127685546875 9.631207466125488 0.9981426000595093 27.312732696533203 -7.508650302886963 0.1020
Pedestrian 1 1 1 2.2308478355407715 171.06077575683594 40.60336685180664 240.54212951660156 0.6657006144523621 1.805180311203003 0.546316921710968 -15.4467191696167 1.5344725847244263 19.091955184936523 -4.109772682189941 0.1017
Car 1 1 1 466.89349365234375 177.94256591796875 506.9960632324219 209.08001708984375 4.018014430999756 1.5039855241775513 1.6511071920394897 -5.808753490447998 1.332395315170288 36.75236892700195 -4.773538112640381 0.1015
Pedestrian 1 1 1 888.782470703125 158.79769897460938 910.9242553710938 213.90882873535156 0.6414064168930054 1.743329405784607 0.6370634436607361 9.590266227722168 1.0256303548812866 23.147226333618164 -7.424922466278076 0.1014
Car 1 1 1 1191.602783203125 162.120849609375 1237.0 287.9808654785156 3.983900308609009 1.5037702322006226 1.5877169370651245 10.359283447265625 1.272911548614502 9.55522632598877 -6.3747076988220215 0.1014
Cyclist 1 1 1 773.6376342773438 171.02378845214844 785.3419799804688 201.15553283691406 1.6901814937591553 1.7152842283248901 0.5293481349945068 10.345123291015625 1.1190472841262817 41.76925277709961 -7.688195705413818 0.1013
Pedestrian 1 1 1 67.76858520507812 164.53677368164062 100.82268524169922 238.50131225585938 0.7257656455039978 1.752052664756775 0.5674024820327759 -12.603050231933594 1.3507717847824097 17.470129013061523 -5.211322784423828 0.1011
Cyclist 1 1 1 976.3218383789062 151.70150756835938 1059.1260986328125 245.85797119140625 1.734619140625 1.7015327215194702 0.5178970098495483 7.941684246063232 1.163642168045044 13.860811233520508 -7.9057183265686035 0.1010
Car 1 1 1 334.67169189453125 179.36105346679688 441.0133056640625 215.2837371826172 4.073474407196045 1.4828397035598755 1.6229288578033447 -9.14009952545166 1.3948713541030884 30.795202255249023 -2.9721455574035645 0.1009
Pedestrian 1 1 1 820.8910522460938 163.40061950683594 836.5387573242188 204.51194763183594 0.7417893409729004 1.7206906080245972 0.6261007785797119 9.633511543273926 0.963469386100769 30.512779235839844 -7.551710605621338 0.1008
Car 1 1 1 585.37939453125 174.73406982421875 619.9464111328125 196.7835693359375 4.156164169311523 1.5226212739944458 1.6562321186065674 0.0572533942759037 1.0553871393203735 51.8089599609375 -8.062658309936523 0.1001
