Car 1 1 1 456.0498046875 172.93240356445312 699.1671752929688 268.2133483886719 4.232309341430664 1.6320240497589111 1.6816456317901611 -0.663436770439148 1.6332920789718628 13.395159721374512 -3.235013961791992 0.7378
Car 1 1 1 1162.629150390625 174.98504638671875 1241.0 302.3201599121094 3.9046618938446045 1.5068386793136597 1.6386289596557617 10.018303871154785 1.544376254081726 10.709938049316406 -7.580012798309326 0.5401
Car 1 1 1 867.7969360351562 174.41366577148438 938.3165283203125 233.6520538330078 3.9532785415649414 1.4838223457336426 1.6506245136260986 8.100605964660645 1.5320779085159302 20.32438087463379 -4.374476909637451 0.5326
Car 1 1 1 1116.1392822265625 177.61317443847656 1241.0 374.0 3.8344414234161377 1.519903302192688 1.6286190748214722 3.636371374130249 1.5477633476257324 2.307878017425537 -7.7956318855285645 0.5228
Car 1 1 1 965.50439453125 171.12107849121094 1070.013671875 210.3687744140625 3.880995273590088 1.4718142747879028 1.6108999252319336 16.112295150756836 1.406528353691101 28.583284378051758 -3.5605216026306152 0.4833
Car 1 1 1 1109.5391845703125 168.92337036132812 1184.32275390625 196.2006378173828 3.914858341217041 1.5362458229064941 1.6024086475372314 31.254072189331055 1.3145737648010254 42.05501174926758 -3.4880599975585938 0.4286
Car 1 1 1 1013.8971557617188 171.6896209716797 1103.656494140625 206.64797973632812 3.6737771034240723 1.5012617111206055 1.5695440769195557 20.112995147705078 1.4509577751159668 32.40852355957031 -3.5304512977600098 0.3986
Pedestrian 1 1 1 566.2706909179688 150.4124755859375 594.126708984375 222.4014129638672 0.7474380135536194 1.8251532316207886 0.6053426265716553 -0.816781759262085 1.2558878660202026 18.702308654785156 -4.585635185241699 0.3930
Pedestrian 1 1 1 0.0 174.44549560546875 27.822694778442383 223.6424102783203 0.693543016910553 1.752698540687561 0.6516997814178467 -21.69440269470215 1.8106938600540161 26.078760147094727 -7.842644214630127 0.3584
Car 1 1 1 1043.34814453125 170.5389404296875 1119.5751953125 200.35711669921875 3.7795727252960205 1.5014851093292236 1.5536693334579468 24.839008331298828 1.3846107721328735 38.22618103027344 -4.717045783996582 0.3216
Cyclist 1 1 1 404.7298278808594 165.4360809326172 451.6406555175781 231.06658935546875 1.794650912284851 1.7051606178283691 0.5599392652511597 -4.981590270996094 1.5121339559555054 19.67844009399414 -7.681857585906982 0.3159
Car 1 1 1 0.0 176.86019897460938 22.012557983398438 226.1484375 4.007570266723633 1.5472877025604248 1.6509370803833008 -23.30866813659668 1.6987205743789673 25.16523551940918 -7.527328014373779 0.2672
Car 1 1 1 1210.7802734375 167.50863647460938 1241.0 227.9777069091797 3.80114483833313 1.4822208881378174 1.583290934562683 18.0307674407959 1.3508951663970947 18.589937210083008 -6.2235212326049805 0.2668
Car 1 1 1 366.66900634765625 183.67974853515625 450.4751281738281 215.6671905517578 4.014410495758057 1.5235084295272827 1.5490293502807617 -10.246877670288086 2.0924079418182373 36.60299301147461 -3.442270278930664 0.2661
Car 1 1 1 134.1880340576172 179.75360107421875 241.4987335205078 214.4737548828125 4.034813404083252 1.516152262687683 1.624411940574646 -19.504220962524414 1.8488454818725586 33.44045639038086 -6.5895867347717285 0.2627
Car 1 1 1 472.1144104003906 182.2189483642578 567.7009887695312 219.20338439941406 3.899034023284912 1.4747962951660156 1.5951930284500122 -3.851274251937866 1.8836512565612793 30.42609405517578 -6.443150997161865 0.2586
Car 1 1 1 1055.455322265625 172.95510864257812 1121.9398193359375 201.402587890625 3.981398582458496 1.5141547918319702 1.5849031209945679 26.740964889526367 1.5198235511779785 40.507911682128906 -4.559256553649902 0.2032
Car 1 1 1 134.66085815429688 177.7877655029297 190.67025756835938 212.08993530273438 3.9522557258605957 1.5638189315795898 1.6537513732910156 -22.060546875 1.8219444751739502 35.65193557739258 -5.08186149597168 0.1994
Car 1 1 1 626.7837524414062 179.22128295898438 717.3846435546875 247.26882934570312 3.921436071395874 1.5007447004318237 1.6236790418624878 1.4073201417922974 1.6799860000610352 18.318920135498047 -7.9453444480896 0.1957
Car 1 1 1 500.7889099121094 180.51304626464844 570.2757568359375 206.27902221679688 4.033720970153809 1.4827382564544678 1.573522925376892 -4.529283046722412 1.954845666885376 43.354705810546875 -6.47097635269165 0.1898
Car 1 1 1 951.39599609375 172.86160278320312 1000.36572265625 201.4436492919922 3.8443992137908936 1.5412009954452515 1.5807054042816162 20.661775588989258 1.5413541793823242 40.95655822753906 -4.491358757019043 0.1789
Car 1 1 1 0.0 181.7393798828125 30.07179832458496 243.80221557617188 3.7895712852478027 1.507879614830017 1.6490402221679688 -18.509178161621094 1.7775168418884277 20.000263214111328 -7.8222270011901855 0.1759
Car 1 1 1 433.7983093261719 176.8402099609375 470.0284729003906 196.48858642578125 3.9469988346099854 1.6595814228057861 1.6534334421157837 -13.979215621948242 2.0239155292510986 63.89959716796875 -7.643799304962158 0.1754
Car 1 1 1 0.0 0.0 1241.0 374.0 3.864567518234253 1.5371557474136353 1.6425522565841675 -3.4212400913238525 1.6212908029556274 0.9430176615715027 -7.904245853424072 0.1709
Cyclist 1 1 1 645.7695922851562 157.9144744873047 693.2434692382812 206.9349365234375 1.666028380393982 1.7712031602859497 0.5842986702919006 2.1241233348846436 1.231109857559204 26.410900115966797 -3.2001075744628906 0.1697
Car 1 1 1 11.637212753295898 182.0845947265625 125.96660614013672 217.7411651611328 3.7835097312927246 1.4826589822769165 1.5669211149215698 -24.022539138793945 1.9110690355300903 32.11786651611328 -3.4975509643554688 0.1693
Car 1 1 1 1072.36181640625 170.0757293701172 1127.84716796875 192.48146057128906 3.8810875415802 1.5200892686843872 1.609889030456543 34.511810302734375 1.331299901008606 50.96855545043945 -7.744755268096924 0.1675
Car 1 1 1 74.02645874023438 187.29421997070312 162.14944458007812 214.7330780029297 3.9211575984954834 1.4934741258621216 1.5523123741149902 -28.441091537475586 2.3535547256469727 41.77279281616211 -6.522082805633545 0.1619
Car 1 1 1 483.3965759277344 178.6069793701172 516.5397338867188 197.35147094726562 3.983262777328491 1.5337269306182861 1.5457128286361694 -9.504552841186523 2.048065185546875 62.4388427734375 -4.507598400115967 0.1597
Pedestrian 1 1 1 865.3268432617188 161.67539978027344 878.0741577148438 195.76214599609375 0.7629954218864441 1.844787359237671 0.6381325721740723 14.289254188537598 1.239497423171997 39.51322937011719 -7.529310703277588 0.1581
Car 1 1 1 947.8192749023438 172.75881958007812 976.063720703125 189.6751708984375 3.805570363998413 1.5366461277008057 1.6341030597686768 32.906314849853516 1.5276987552642822 67.58824157714844 -4.463906288146973 0.1573
Car 1 1 1 946.7102661132812 172.1079559326172 990.1722412109375 197.55079650878906 3.9735257625579834 1.5832656621932983 1.6311630010604858 23.259538650512695 1.5365407466888428 47.01682662963867 -4.492794036865234 0.1571
Pedestrian 1 1 1 302.2714538574219 175.9254150390625 331.2345886230469 222.88250732421875 0.800950825214386 1.7223974466323853 0.6148486733436584 -11.023801803588867 1.8392270803451538 27.023372650146484 -7.418895244598389 0.1568
Car 1 1 1 244.0562286376953 180.3907928466797 294.22430419921875 211.3453369140625 3.8949151039123535 1.4957693815231323 1.6239759922027588 -17.900516510009766 1.91376531124115 37.96287536621094 -4.9469733238220215 0.1532
Car 1 1 1 752.8821411132812 170.75616455078125 786.1432495117188 196.718017578125 3.8476336002349854 1.5287153720855713 1.5993221998214722 9.75376033782959 1.4048882722854614 44.486907958984375 -7.743112087249756 0.1530
Pedestrian 1 1 1 841.5693969726562 166.43243408203125 865.1385498046875 211.07460021972656 0.7845977544784546 1.723794937133789 0.6174291372299194 9.485688209533691 1.475535273551941 28.275737762451172 -7.929811954498291 0.1521
Car 1 1 1 911.9276123046875 173.3566131591797 945.6846923828125 191.2178192138672 3.97928786277771 1.5228462219238281 1.5863713026046753 28.072546005249023 1.568352460861206 63.697021484375 -7.747586727142334 0.1502
Car 1 1 1 707.8595581054688 176.71343994140625 743.9609375 204.98585510253906 3.8727173805236816 1.4868535995483398 1.6144062280654907 6.5251922607421875 1.7148078680038452 40.59333038330078 -4.4492106437683105 0.1477
Car 1 1 1 462.95013427734375 179.04466247558594 529.719970703125 241.5149688720703 3.7091352939605713 1.4740961790084839 1.602288842201233 -3.0679471492767334 1.656631350517273 19.36104965209961 -7.995166301727295 0.1465
Car 1 1 1 531.3095703125 178.42982482910156 657.5032958984375 227.44009399414062 3.9871816635131836 1.5417996644973755 1.6594610214233398 -0.5210420489311218 1.7360262870788574 24.06201171875 -2.995739459991455 0.1460
Car 1 1 1 260.86785888671875 177.48646545410156 425.55804443359375 235.40606689453125 3.877580165863037 1.4795130491256714 1.5968480110168457 -7.210409164428711 1.6109997034072876 19.556468963623047 -3.0512216091156006 0.1456
Pedestrian 1 1 1 222.90554809570312 164.9342041015625 249.1252899169922 227.06454467773438 0.8138429522514343 1.7871514558792114 0.597399890422821 -11.050105094909668 1.559041976928711 21.24138641357422 -8.218541145324707 0.1453
Car 1 1 1 999.9314575195312 172.62322998046875 1067.0853271484375 205.21392822265625 3.921950578689575 1.5342416763305664 1.5937343835830688 21.01311683654785 1.5230774879455566 36.03253936767578 -4.547041893005371 0.1439
Pedestrian 1 1 1 533.7880249023438 168.84909057617188 552.3546752929688 217.33187866210938 0.6400344371795654 1.6860018968582153 0.5805162191390991 -2.4004390239715576 1.546430230140686 25.418901443481445 -4.687170505523682 0.1435
Car 1 1 1 844.414306640625 182.46531677246094 1241.0 374.0 3.734250068664551 1.513285517692566 1.6150201559066772 2.072262763977051 1.5801160335540771 3.06624174118042 -7.69111967086792 0.1428
Car 1 1 1 760.4074096679688 174.37388610839844 815.2090454101562 200.24012756347656 3.990924596786499 1.5822638273239136 1.6187620162963867 11.36990737915039 1.684501051902771 46.53361892700195 -8.148259162902832 0.1420
Pedestrian 1 1 1 1183.4783935546875 154.66720581054688 1221.2325439453125 213.7357940673828 0.7924899458885193 1.7852568626403809 0.5731662511825562 18.1824893951416 1.2352890968322754 22.211284637451172 -6.628966808319092 0.1419
Car 1 1 1 1074.6043701171875 170.8050537109375 1155.0255126953125 206.0760040283203 3.905339241027832 1.5325826406478882 1.5947246551513672 23.2249813079834 1.4432525634765625 33.420143127441406 -4.522414207458496 0.1368
Car 1 1 1 1226.8612060546875 167.31776428222656 1241.0 234.3224334716797 3.9554622173309326 1.4918227195739746 1.619153380393982 17.21826934814453 1.3682615756988525 17.012001037597656 -6.212437152862549 0.1356
Car 1 1 1 982.0091552734375 171.54049682617188 1021.3353881835938 197.1604461669922 4.032346725463867 1.5554347038269043 1.6287434101104736 24.865556716918945 1.475389003753662 45.97916793823242 -4.361617565155029 0.1325
Pedestrian 1 1 1 765.2832641601562 165.35760498046875 782.958984375 206.04505920410156 0.5185375809669495 1.792035460472107 0.571462869644165 7.273117542266846 1.4615650177001953 32.164981842041016 -3.8455100059509277 0.1322
Pedestrian 1 1 1 0.0 162.14491271972656 25.789318084716797 239.22398376464844 0.7466500997543335 1.8461993932724 0.5732837319374084 -14.915574073791504 1.58939528465271 17.7142333984375 -2.6340696811676025 0.1321
Car 1 1 1 972.080810546875 164.01754760742188 1023.9698486328125 186.69178771972656 3.9703433513641357 1.657817006111145 1.6854066848754883 29.355754852294922 1.0114424228668213 54.77122497558594 -7.89275598526001 0.1316
Pedestrian 1 1 1 1.953866720199585 164.71432495117188 44.58114242553711 236.47760009765625 0.7415167093276978 1.8171203136444092 0.5810261964797974 -15.241002082824707 1.610715627670288 18.684581756591797 -2.7303524017333984 0.1314
Car 1 1 1 784.1528930664062 172.68365478515625 816.80908203125 197.36431884765625 3.8103294372558594 1.6229684352874756 1.6541022062301636 12.97431755065918 1.6114660501480103 49.43818664550781 -4.591870307922363 0.1314
Car 1 1 1 898.2614135742188 171.7012481689453 933.9049072265625 191.01959228515625 3.965332508087158 1.5801918506622314 1.6168721914291382 25.82822608947754 1.4855984449386597 61.06313705444336 -7.77047872543335 0.1294
Pedestrian 1 1 1 0.0 161.60433959960938 34.179046630859375 242.20550537109375 0.7452220916748047 1.8226860761642456 0.5815129280090332 -13.946440696716309 1.5679903030395508 16.751052856445312 -2.63808536529541 0.1292
Car 1 1 1 519.5033569335938 178.78892517089844 635.8109130859375 223.02728271484375 4.009293556213379 1.5291483402252197 1.6340982913970947 -1.182196855545044 1.75416898727417 26.312124252319336 -3.00561261177063 0.1278
Car 1 1 1 0.0 0.0 1241.0 374.0 3.824700355529785 1.5562018156051636 1.622010588645935 -1.1883121728897095 1.618962287902832 0.12491455674171448 -7.906758785247803 0.1276
Pedestrian 1 1 1 776.7290649414062 164.92129516601562 803.3322143554688 214.19723510742188 0.7222010493278503 1.7053141593933105 0.5696234107017517 6.291729927062988 1.4304832220077515 25.406400680541992 -3.719623565673828 0.1276
Car 1 1 1 1042.985107421875 169.9259796142578 1091.958251953125 195.4490509033203 3.995701313018799 1.5151444673538208 1.5559160709381104 28.405080795288086 1.3410260677337646 44.97045135498047 -7.561922550201416 0.1268
Car 1 1 1 0.0 186.31015014648438 0.0 374.0 3.915315866470337 1.5481175184249878 1.6219141483306885 -5.341811180114746 1.6240679025650024 2.0960421562194824 -7.89960241317749 0.1262
Pedestrian 1 1 1 833.4566650390625 169.5038299560547 857.5521850585938 212.04434204101562 0.7896155118942261 1.697466254234314 0.6240708231925964 9.493033409118652 1.5634866952896118 29.237337112426758 -8.04248332977295 0.1250
Car 1 1 1 181.53590393066406 180.33216857910156 240.73654174804688 206.49317932128906 3.940247058868408 1.5686298608779907 1.5539519786834717 -25.598125457763672 2.0697402954101562 46.39006423950195 -4.6871795654296875 0.1232
Cyclist 1 1 1 689.1064453125 171.4613800048828 703.9521484375 211.4398193359375 1.6903034448623657 1.7007594108581543 0.5705843567848206 3.732990026473999 1.6412146091461182 31.559919357299805 -4.636613845825195 0.1218
Car 1 1 1 1241.0 173.1941375732422 1241.0 374.0 3.9771153926849365 1.5186676979064941 1.6484736204147339 5.5630784034729 1.520998477935791 3.5228219032287598 -4.617519855499268 0.1214
Pedestrian 1 1 1 30.44805335998535 160.15164184570312 75.34870910644531 241.53652954101562 0.7470723986625671 1.839909553527832 0.5876388549804688 -12.985847473144531 1.552440881729126 16.754173278808594 -2.613527297973633 0.1177
Pedestrian 1 1 1 571.4332885742188 158.78720092773438 593.2621459960938 224.51634216308594 0.7334387898445129 1.7513738870620728 0.5815636515617371 -0.8016762137413025 1.3762598037719727 19.603294372558594 -4.751094341278076 0.1174
Car 1 1 1 1180.48291015625 173.40379333496094 1241.0 199.75584411621094 3.919405698776245 1.5482875108718872 1.6082571744918823 37.059722900390625 1.5835756063461304 44.59307098388672 -4.401581764221191 0.1170
Car 1 1 1 817.1610717773438 174.5070343017578 872.110595703125 203.59127807617188 3.8136696815490723 1.4984968900680542 1.6118322610855103 12.682417869567871 1.5927618741989136 39.336421966552734 -7.897822856903076 0.1168
Pedestrian 1 1 1 593.179443359375 151.62728881835938 617.1649169921875 221.4633026123047 0.7334000468254089 1.7996755838394165 0.5977029800415039 -0.17163333296775818 1.252362608909607 18.972326278686523 -4.6726484298706055 0.1167
Car 1 1 1 1241.0 172.5540771484375 1241.0 201.2146759033203 3.736231565475464 1.454740047454834 1.5559202432632446 37.99874496459961 1.4392173290252686 38.60699462890625 -4.517156600952148 0.1163
Car 1 1 1 992.8070678710938 173.177490234375 1124.7564697265625 226.29029846191406 3.722919464111328 1.4899585247039795 1.5312491655349731 13.583161354064941 1.5004621744155884 22.180652618408203 -4.791618347167969 0.1161
Car 1 1 1 1011.155517578125 171.17337036132812 1056.0726318359375 197.48681640625 4.004690647125244 1.5524505376815796 1.6021276712417603 26.154672622680664 1.4529961347579956 44.72250747680664 -4.39063024520874 0.1158
Car 1 1 1 755.6762084960938 175.04666137695312 797.2666625976562 195.34454345703125 3.8434715270996094 1.5208673477172852 1.6301977634429932 12.975020408630371 1.6987241506576538 56.566951751708984 -4.948618412017822 0.1154
Car 1 1 1 942.3603515625 174.2205047607422 1093.1138916015625 233.9818572998047 4.003331661224365 1.4717400074005127 1.6144498586654663 11.01573657989502 1.513118863105774 19.935585021972656 -4.811255931854248 0.1147
Car 1 1 1 1237.00830078125 174.73448181152344 1241.0 326.1068115234375 4.11787748336792 1.4920340776443481 1.6313337087631226 9.749345779418945 1.51509428024292 8.048967361450195 -6.234817981719971 0.1145
Car 1 1 1 867.7257690429688 175.78466796875 957.8049926757812 223.1361083984375 4.034519195556641 1.4978848695755005 1.6112760305404663 10.37118911743164 1.6080137491226196 25.133373260498047 -4.663241386413574 0.1144
Car 1 1 1 364.9418640136719 181.10736083984375 402.827392578125 215.75448608398438 3.9360172748565674 1.456695795059204 1.5819767713546753 -10.470358848571777 1.8631632328033447 33.451210021972656 -4.991955280303955 0.1143
Car 1 1 1 1124.174560546875 166.93348693847656 1241.0 222.531982421875 3.726367712020874 1.4683870077133179 1.5939139127731323 16.623361587524414 1.3117231130599976 20.174226760864258 -6.463405132293701 0.1141
Car 1 1 1 1140.233642578125 172.3122100830078 1222.0281982421875 204.94891357421875 4.007270812988281 1.5339365005493164 1.622875452041626 28.370351791381836 1.5081719160079956 36.04509353637695 -4.491968154907227 0.1141
Car 1 1 1 646.772216796875 176.93106079101562 688.373046875 216.3335418701172 3.9100677967071533 1.4989935159683228 1.6071926355361938 2.3920400142669678 1.6791096925735474 29.899328231811523 -4.605281352996826 0.1139
Pedestrian 1 1 1 76.92428588867188 175.04396057128906 96.94056701660156 216.95596313476562 0.7481245398521423 1.7783794403076172 0.6623081564903259 -22.626256942749023 1.8741575479507446 31.16139793395996 -8.429130554199219 0.1138
Car 1 1 1 600.3612670898438 177.3166046142578 621.879638671875 196.9227294921875 3.9255337715148926 1.4833515882492065 1.568321943283081 0.09099830687046051 1.8509348630905151 57.48909378051758 -4.672699928283691 0.1132
Car 1 1 1 220.1754608154297 181.91246032714844 282.1383972167969 207.90760803222656 3.965792179107666 1.5193567276000977 1.607611894607544 -22.668394088745117 2.118354082107544 45.67312240600586 -4.595583438873291 0.1129
Car 1 1 1 893.8175659179688 173.41796875 958.3836669921875 212.7851104736328 3.9072420597076416 1.512196660041809 1.6354891061782837 12.940448760986328 1.5368496179580688 29.850313186645508 -7.659793376922607 0.1128
Pedestrian 1 1 1 19.858633041381836 162.298583984375 62.438079833984375 238.08843994140625 0.7533794641494751 1.8491157293319702 0.5849263072013855 -14.271543502807617 1.5912853479385376 18.040245056152344 -2.646984577178955 0.1126
Car 1 1 1 965.8024291992188 172.2863006591797 996.1300659179688 189.1666259765625 3.918052911758423 1.5227421522140503 1.5985394716262817 34.47311019897461 1.4712306261062622 67.17748260498047 -4.484765529632568 0.1126
Car 1 1 1 1010.3043823242188 172.22445678710938 1056.3751220703125 194.91749572753906 3.9697506427764893 1.4776614904403687 1.6358689069747925 28.711322784423828 1.4363689422607422 49.10574722290039 -7.613198757171631 0.1124
Car 1 1 1 1241.0 170.48658752441406 1241.0 211.4154815673828 3.9874768257141113 1.4669935703277588 1.5744768381118774 30.63266372680664 1.3818397521972656 27.98235321044922 -4.482614040374756 0.1119
Car 1 1 1 949.4664306640625 174.54454040527344 1007.511962890625 206.24893188476562 3.857330322265625 1.4683239459991455 1.6251083612442017 18.105443954467773 1.5564721822738647 35.693302154541016 -4.4980645179748535 0.1112
Car 1 1 1 559.5673217773438 178.4612274169922 602.7365112304688 218.383544921875 3.8506107330322266 1.5010645389556885 1.5733312368392944 -1.1705507040023804 1.7458901405334473 29.607900619506836 -4.700082778930664 0.1111
Pedestrian 1 1 1 593.1842651367188 159.5355987548828 621.08056640625 224.38340759277344 0.7432196140289307 1.7540020942687988 0.5880771279335022 -0.1345849186182022 1.393466591835022 19.955442428588867 -4.997477054595947 0.1108
Pedestrian 1 1 1 0.0 162.666259765625 11.741558074951172 248.54994201660156 0.7612452507019043 1.8259185552597046 0.5867860913276672 -13.63259220123291 1.6090236902236938 15.806863784790039 -2.468336582183838 0.1107
Cyclist 1 1 1 693.5442504882812 162.8115234375 711.9930419921875 210.6576385498047 1.6731692552566528 1.7124773263931274 0.5526338815689087 3.3967366218566895 1.3527435064315796 26.70001220703125 -4.508546352386475 0.1107
Car 1 1 1 283.3182067871094 181.93621826171875 399.6748962402344 222.6083526611328 4.090178489685059 1.4903250932693481 1.6222549676895142 -10.452762603759766 1.8611202239990234 28.238018035888672 -3.3647994995117188 0.1106
Car 1 1 1 924.644775390625 174.03396606445312 977.5496826171875 208.48410034179688 3.8897106647491455 1.4723775386810303 1.5938786268234253 15.515359878540039 1.529578447341919 33.071170806884766 -4.429871559143066 0.1104
Car 1 1 1 973.7129516601562 174.04954528808594 1005.3515625 191.88514709472656 3.9516546726226807 1.5063236951828003 1.5634030103683472 33.240638732910156 1.614442229270935 63.3270149230957 -4.467400074005127 0.1101
Car 1 1 1 0.0 187.6106719970703 24.365039825439453 303.314453125 4.079597473144531 1.555938720703125 1.625326156616211 -12.101186752319336 1.855061411857605 12.450959205627441 -5.0162811279296875 0.1100
Car 1 1 1 1186.2740478515625 170.7902069091797 1241.0 201.6357879638672 3.923948287963867 1.5891096591949463 1.625083327293396 33.22613525390625 1.4824872016906738 39.28676223754883 -4.412617206573486 0.1099
Pedestrian 1 1 1 331.5586853027344 166.03099060058594 352.65972900390625 218.5695037841797 0.7137523293495178 1.7478333711624146 0.6267503499984741 -9.113448143005371 1.5205477476119995 24.435949325561523 -5.004915237426758 0.1097
Pedestrian 1 1 1 1186.201904296875 149.02842712402344 1235.7938232421875 223.1455078125 0.7414458394050598 1.8124924898147583 0.6071063876152039 14.961615562438965 1.2295513153076172 18.03809356689453 -4.790511608123779 0.1095
Car 1 1 1 619.0110473632812 172.8571319580078 644.6491088867188 195.00552368164062 4.150356292724609 1.7405030727386475 1.6506026983261108 1.718176245689392 1.740466594696045 58.83451461791992 -7.931427478790283 0.1094
Car 1 1 1 1017.3121948242188 171.37930297851562 1098.2064208984375 201.93975830078125 3.9381916522979736 1.5126104354858398 1.5808944702148438 23.27037239074707 1.4393192529678345 37.73411560058594 -4.784796714782715 0.1093
Car 1 1 1 1093.3929443359375 165.79083251953125 1143.4417724609375 188.76060485839844 3.8887407779693604 1.6134474277496338 1.6545156240463257 37.07713317871094 1.1170144081115723 52.76422882080078 -4.482185363769531 0.1090
Pedestrian 1 1 1 548.1110229492188 156.92901611328125 571.7755737304688 223.0805206298828 0.7335203289985657 1.7357109785079956 0.609697163105011 -1.3838146924972534 1.317564845085144 19.31011390686035 -4.750478744506836 0.1089
Pedestrian 1 1 1 214.2476043701172 163.91831970214844 237.84869384765625 224.6537628173828 0.8037342429161072 1.8030476570129395 0.5903746485710144 -11.69924545288086 1.5374748706817627 21.909029006958008 -8.288651466369629 0.1086
Car 1 1 1 1136.2520751953125 172.09230041503906 1213.3837890625 194.47579956054688 4.032968997955322 1.4983800649642944 1.6064834594726562 38.4022102355957 1.4470901489257812 49.150367736816406 -3.1647486686706543 0.1081
Pedestrian 1 1 1 362.6174621582031 165.62278747558594 383.7789001464844 220.9185333251953 0.6305729746818542 1.7222039699554443 0.5776839256286621 -7.539616107940674 1.4966857433319092 22.84292221069336 -8.072467803955078 0.1075
Pedestrian 1 1 1 543.1981811523438 162.53225708007812 574.8501586914062 247.16859436035156 0.7419183850288391 1.69417142868042 0.6022894978523254 -1.0916692018508911 1.4872604608535767 14.815877914428711 -4.718543529510498 0.1072
Car 1 1 1 306.4172668457031 176.11766052246094 340.1708984375 206.9407501220703 3.9453229904174805 1.5652316808700562 1.6256386041641235 -15.59308910369873 1.7520027160644531 39.22510528564453 -5.078505992889404 0.1068
Car 1 1 1 276.963623046875 180.76380920410156 331.29547119140625 205.07275390625 3.8742516040802 1.514121651649475 1.6151834726333618 -20.43248748779297 2.065321683883667 48.28391647338867 -4.584399700164795 0.1068
Car 1 1 1 350.78564453125 170.51614379882812 429.2117614746094 197.1694793701172 4.215794086456299 1.538622260093689 1.6194900274276733 -12.997306823730469 1.403364896774292 42.69463348388672 -3.2545905113220215 0.1065
Pedestrian 1 1 1 490.3585205078125 165.37135314941406 519.2012329101562 222.0122528076172 0.7010723352432251 1.7335246801376343 0.5871908068656921 -3.3308591842651367 1.5042142868041992 22.531763076782227 -7.3501458168029785 0.1064
Car 1 1 1 1019.08935546875 172.24185180664062 1052.897216796875 190.86221313476562 4.026666641235352 1.5691927671432495 1.5454084873199463 37.09309768676758 1.5173053741455078 62.95280075073242 -4.441670894622803 0.1054
Pedestrian 1 1 1 73.03043365478516 161.32460021972656 112.44731903076172 236.5045623779297 0.7410417199134827 1.832661509513855 0.5886163115501404 -12.984810829162598 1.55130934715271 18.042509078979492 -2.530867099761963 0.1054
Pedestrian 1 1 1 576.1265258789062 162.81112670898438 604.1474609375 243.89572143554688 0.7326589226722717 1.5866295099258423 0.4969358444213867 -0.45929184556007385 1.3898149728775024 14.512334823608398 -4.833113193511963 0.1052
Pedestrian 1 1 1 24.591941833496094 161.14126586914062 69.15961456298828 238.8851776123047 0.7412248253822327 1.828291654586792 0.5855346322059631 -13.62528133392334 1.5525453090667725 17.395984649658203 -2.6775035858154297 0.1050
Car 1 1 1 238.6326904296875 180.1988067626953 330.77960205078125 232.60015869140625 3.711712598800659 1.5255194902420044 1.5406407117843628 -10.495795249938965 1.7832614183425903 23.444503784179688 -4.781989097595215 0.1049
Car 1 1 1 1173.7989501953125 173.89210510253906 1241.0 253.4334716796875 4.0481743812561035 1.4692007303237915 1.6596637964248657 14.242240905761719 1.494274616241455 15.509538650512695 -4.560037612915039 0.1048
