Car 1 1 1 180.5590057373047 189.74607849121094 360.20648193359375 289.2892150878906 4.133005619049072 1.5166069269180298 1.664502501487732 -6.2929277420043945 1.8889437913894653 13.812232971191406 -4.761369705200195 0.8341
Car 1 1 1 567.6136474609375 176.92800903320312 623.2290649414062 230.93374633789062 3.580333948135376 1.5802905559539795 1.6501665115356445 -0.5343837141990662 1.721233606338501 23.20107078552246 -7.883939266204834 0.7883
Car 1 1 1 822.6574096679688 172.79708862304688 854.8900146484375 191.15260314941406 3.957200527191162 1.5123428106307983 1.5909926891326904 19.414220809936523 1.507352590560913 61.44989776611328 -7.824496746063232 0.4957
Car 1 1 1 633.88037109375 176.32626342773438 661.1404418945312 196.1993865966797 3.71732234954834 1.5422048568725586 1.6119555234909058 2.987449884414673 1.8332856893539429 58.61001205444336 -7.969557285308838 0.4033
Pedestrian 1 1 1 864.4882202148438 145.84295654296875 913.8822021484375 255.02821350097656 0.7266799807548523 1.7906746864318848 0.635948896408081 4.66715145111084 1.3473845720291138 12.239228248596191 -4.566248416900635 0.3112
Pedestrian 1 1 1 1045.97314453125 163.51661682128906 1067.4283447265625 202.93576049804688 0.589535117149353 1.7540446519851685 0.7094029188156128 20.07310676574707 1.3382563591003418 32.50110626220703 -7.520439624786377 0.2796
Car 1 1 1 346.722900390625 177.6256103515625 375.8655090332031 194.96473693847656 3.905510187149048 1.5529859066009521 1.6612074375152588 -23.33057403564453 2.013982057571411 67.74347686767578 -7.931971073150635 0.2715
Pedestrian 1 1 1 297.490234375 170.73899841308594 318.49407958984375 206.92184448242188 0.8162463307380676 1.830493450164795 0.6008142232894897 -15.517083168029785 1.7231957912445068 36.98773956298828 -4.371480941772461 0.2638
Car 1 1 1 800.4344482421875 172.9114990234375 828.2368774414062 189.3112335205078 3.8295741081237793 1.4648693799972534 1.5643302202224731 18.744821548461914 1.4700134992599487 66.3985595703125 -7.82688570022583 0.2455
Car 1 1 1 431.22467041015625 172.45306396484375 482.1462097167969 199.91867065429688 3.7742040157318115 1.5708869695663452 1.6457599401474 -9.171670913696289 1.547655463218689 43.277591705322266 -7.661941051483154 0.2400
Car 1 1 1 960.0853881835938 162.43429565429688 1010.9472045898438 186.04747009277344 3.8693220615386963 1.647159218788147 1.6801832914352417 27.104534149169922 0.9200228452682495 52.26950454711914 -7.850059986114502 0.2363
Car 1 1 1 190.4290008544922 187.14378356933594 308.46014404296875 264.0034484863281 3.962648868560791 1.476699709892273 1.6193031072616577 -8.257396697998047 1.8503955602645874 16.767175674438477 -4.952718734741211 0.2266
Pedestrian 1 1 1 840.8920288085938 174.35707092285156 859.972412109375 205.2272491455078 0.8147900700569153 1.7781718969345093 0.6767946481704712 14.0042142868042 1.8667593002319336 42.14137649536133 -8.473363876342773 0.2126
Pedestrian 1 1 1 69.1632080078125 156.21572875976562 132.59518432617188 263.9073486328125 0.7053154110908508 1.8146840333938599 0.5964168906211853 -8.872517585754395 1.534016728401184 12.5185546875 -4.687019348144531 0.2118
Pedestrian 1 1 1 179.4113311767578 167.8093719482422 203.70518493652344 217.02786254882812 0.7579594850540161 1.7897955179214478 0.6342920064926147 -15.520540237426758 1.6060515642166138 26.696990966796875 -5.028411388397217 0.2091
Car 1 1 1 838.4197998046875 171.9154815673828 874.095703125 192.88980102539062 3.709725856781006 1.5746654272079468 1.649128794670105 19.05851936340332 1.5039043426513672 56.06040954589844 -7.808624744415283 0.2076
Car 1 1 1 859.7092895507812 168.10379028320312 903.9453735351562 190.8535919189453 4.119822025299072 1.8061271905899048 1.7369953393936157 22.301380157470703 1.4287029504776 59.42449951171875 -7.9611287117004395 0.2069
Car 1 1 1 213.62127685546875 174.7631378173828 291.9044189453125 199.0544891357422 4.277044296264648 1.5490785837173462 1.6496622562408447 -23.26463508605957 1.6754757165908813 47.0167350769043 -3.1615772247314453 0.2058
Cyclist 1 1 1 827.7813110351562 170.13780212402344 848.1150512695312 198.68942260742188 1.7910361289978027 1.7200777530670166 0.480203777551651 13.975854873657227 1.5561418533325195 44.38777542114258 -7.98407506942749 0.2038
Pedestrian 1 1 1 129.05653381347656 167.58230590820312 150.8670196533203 203.69778442382812 0.7149350047111511 1.768039345741272 0.5852798819541931 -23.29750633239746 1.509662389755249 35.70870590209961 -7.750799655914307 0.1998
Car 1 1 1 884.4248046875 169.25311279296875 930.7781372070312 193.0816650390625 3.8968474864959717 1.7031621932983398 1.703125 21.997724533081055 1.4454864263534546 53.55402755737305 -7.894835948944092 0.1947
Car 1 1 1 514.9830932617188 180.68209838867188 549.67236328125 205.4872283935547 4.132783889770508 1.5830345153808594 1.6750835180282593 -5.312646389007568 2.142781972885132 49.50295639038086 -4.644714832305908 0.1897
Pedestrian 1 1 1 1158.8609619140625 161.75836181640625 1197.6239013671875 220.96726989746094 0.7808586955070496 1.766123652458191 0.5858271718025208 17.208459854125977 1.434855341911316 21.918323516845703 -6.585255146026611 0.1832
Pedestrian 1 1 1 1222.567626953125 152.2572479248047 1241.0 206.69766235351562 0.5841466784477234 1.7757654190063477 0.5625776052474976 20.755666732788086 1.1036300659179688 23.881635665893555 -8.072738647460938 0.1830
Pedestrian 1 1 1 404.57958984375 172.54666137695312 421.34552001953125 212.5752716064453 0.7729655504226685 1.7611345052719116 0.6174525022506714 -8.82176399230957 1.7473125457763672 32.16691207885742 -4.835626125335693 0.1814
Pedestrian 1 1 1 688.502197265625 166.548095703125 705.9415893554688 198.86961364746094 0.8887723088264465 1.833986759185791 0.5878141522407532 4.977477073669434 1.4758771657943726 41.46772384643555 -7.112733840942383 0.1813
Pedestrian 1 1 1 1131.881103515625 160.17709350585938 1163.752685546875 208.58299255371094 0.6825796365737915 1.7871633768081665 0.7025393843650818 20.078968048095703 1.318827509880066 27.010303497314453 -7.765905857086182 0.1726
Pedestrian 1 1 1 671.3783569335938 167.04852294921875 679.2691650390625 193.5861053466797 0.9286981821060181 1.8847460746765137 0.5577410459518433 4.65550422668457 1.4721301794052124 51.73406219482422 -7.756947040557861 0.1710
Pedestrian 1 1 1 1024.7481689453125 167.07632446289062 1058.9454345703125 220.5484619140625 0.8281920552253723 1.7082031965255737 0.5785441994667053 14.001907348632812 1.5233317613601685 23.478660583496094 -6.686769962310791 0.1687
Pedestrian 1 1 1 161.1553955078125 165.9671173095703 187.42349243164062 214.9751739501953 0.7237290143966675 1.7863436937332153 0.6342692375183105 -16.174327850341797 1.5350171327590942 26.72150230407715 -8.070075988769531 0.1591
Car 1 1 1 990.387939453125 161.8253631591797 1042.5972900390625 185.6032257080078 3.874497890472412 1.658311367034912 1.6778253316879272 29.352130889892578 0.8888533711433411 52.28047180175781 -7.827123165130615 0.1590
Car 1 1 1 220.13278198242188 177.31398010253906 249.64810180664062 194.22508239746094 3.9341018199920654 1.5138331651687622 1.6211109161376953 -35.22975540161133 1.9456984996795654 67.80877685546875 -8.106849670410156 0.1590
Car 1 1 1 240.24366760253906 174.5636749267578 270.6778259277344 193.2028045654297 4.03131628036499 1.6867035627365112 1.6830610036849976 -33.30988693237305 1.8522491455078125 67.84050750732422 -8.077088356018066 0.1558
Car 1 1 1 437.4582824707031 181.2943572998047 470.00775146484375 203.11843872070312 3.998788833618164 1.6252118349075317 1.7295902967453003 -12.38782787322998 2.3183908462524414 57.28174591064453 -4.714906215667725 0.1557
Car 1 1 1 0.0 0.0 1241.0 374.0 3.812284231185913 1.526171088218689 1.6261787414550781 3.0193679332733154 1.5542851686477661 0.9571054577827454 -7.876223087310791 0.1554
Pedestrian 1 1 1 369.85498046875 179.4034423828125 384.3269958496094 206.94662475585938 0.7760563492774963 1.76813805103302 0.5942730903625488 -15.203405380249023 2.198557138442993 46.99406814575195 -6.8401970863342285 0.1548
Cyclist 1 1 1 266.6939697265625 158.68641662597656 317.05328369140625 216.8979034423828 1.6162770986557007 1.718185544013977 0.5701369047164917 -9.788167953491211 1.2997115850448608 22.147674560546875 -4.495258808135986 0.1486
Pedestrian 1 1 1 1053.1656494140625 158.25999450683594 1072.867919921875 198.01675415039062 0.6863269805908203 1.802142858505249 0.6048820614814758 20.748241424560547 1.140308141708374 33.12237548828125 -7.562370777130127 0.1481
Car 1 1 1 576.0591430664062 179.52536010742188 615.23291015625 211.44700622558594 3.9289262294769287 1.4957457780838013 1.6540157794952393 -0.8205471634864807 1.8536888360977173 36.70394515991211 -4.819522380828857 0.1480
Pedestrian 1 1 1 751.396728515625 159.56488037109375 776.3242797851562 218.89630126953125 0.8083817362785339 1.7923122644424438 0.5841435194015503 4.6794891357421875 1.3905682563781738 22.20506477355957 -7.868912220001221 0.1470
Car 1 1 1 838.12890625 173.8524169921875 883.6671142578125 196.14710998535156 3.8233065605163574 1.5487669706344604 1.6210914850234985 18.09625816345215 1.6235803365707397 52.29265213012695 -7.966578960418701 0.1465
Pedestrian 1 1 1 0.0 160.91627502441406 30.960390090942383 241.44973754882812 0.7471057772636414 1.817702293395996 0.579501211643219 -13.95732593536377 1.5479588508605957 16.74521827697754 -2.4673938751220703 0.1447
Car 1 1 1 569.5406494140625 179.30014038085938 614.4528198242188 222.0852508544922 3.816882848739624 1.5077354907989502 1.6221462488174438 -0.7968894839286804 1.7746660709381104 27.963064193725586 -7.907358646392822 0.1436
Pedestrian 1 1 1 1117.0882568359375 156.25340270996094 1143.86669921875 202.6610107421875 0.6185833811759949 1.7733497619628906 0.6401659250259399 20.099985122680664 1.1386997699737549 27.9365177154541 -7.661630153656006 0.1434
Pedestrian 1 1 1 299.0827331542969 179.5962677001953 312.153076171875 207.6785125732422 0.7986859679222107 1.7613922357559204 0.624635636806488 -19.442930221557617 2.1957054138183594 46.005348205566406 -8.448348045349121 0.1433
Car 1 1 1 689.5592041015625 176.70823669433594 723.5115966796875 200.70614624023438 3.7513821125030518 1.5546072721481323 1.5804060697555542 6.519057750701904 1.8278534412384033 49.28499221801758 -7.9216532707214355 0.1432
Pedestrian 1 1 1 959.2046508789062 171.3525848388672 984.2052001953125 216.97071838378906 0.6897959113121033 1.7424651384353638 0.5788863301277161 13.980340957641602 1.6848156452178955 27.981178283691406 -3.650338649749756 0.1431
Car 1 1 1 0.0 0.0 1241.0 374.0 3.9288272857666016 1.556425929069519 1.6514886617660522 -3.737685441970825 1.6450048685073853 1.5828073024749756 -7.870076656341553 0.1430
Car 1 1 1 0.0 184.2961883544922 0.0 374.0 3.9479212760925293 1.5309412479400635 1.6169449090957642 -5.6815714836120605 1.6189215183258057 3.531632423400879 -4.797070026397705 0.1412
Pedestrian 1 1 1 1072.162353515625 155.7266845703125 1095.288818359375 199.2089385986328 0.6472744345664978 1.797704815864563 0.6429691314697266 19.796669006347656 1.089302897453308 30.228853225708008 -7.582387447357178 0.1395
Pedestrian 1 1 1 1178.427734375 153.72964477539062 1219.408935546875 225.5538330078125 0.7001386880874634 1.7531344890594482 0.5520675778388977 14.649503707885742 1.2860342264175415 18.01435089111328 -3.600574016571045 0.1391
Pedestrian 1 1 1 482.4037780761719 176.21231079101562 496.06024169921875 201.20118713378906 0.7639675736427307 1.793228268623352 0.6635346412658691 -8.804357528686523 2.0392608642578125 52.41953659057617 -8.6177339553833 0.1379
Car 1 1 1 0.0 0.0 1235.15673828125 374.0 3.8148090839385986 1.5427430868148804 1.6120319366455078 1.4008609056472778 1.560437560081482 0.675630509853363 -7.865309238433838 0.1371
Pedestrian 1 1 1 84.19843292236328 161.12960815429688 121.71904754638672 231.46578979492188 0.7666605710983276 1.8387707471847534 0.5911117792129517 -13.628602027893066 1.531964659690857 19.323318481445312 -2.5411298274993896 0.1358
Pedestrian 1 1 1 945.2425537109375 162.5697021484375 976.0473022460938 225.5692901611328 0.7383914589881897 1.6220180988311768 0.5570729374885559 9.170307159423828 1.3569337129592896 18.99245834350586 -7.662781238555908 0.1352
Pedestrian 1 1 1 90.51912689208984 160.7430877685547 130.02574157714844 233.3189239501953 0.7579909563064575 1.8342461585998535 0.5837135910987854 -12.988428115844727 1.5278607606887817 18.68226432800293 -2.5941457748413086 0.1351
Pedestrian 1 1 1 0.0 157.89361572265625 31.67487335205078 247.52987670898438 0.7538053393363953 1.867650032043457 0.5914706587791443 -12.989605903625488 1.5556375980377197 15.476003646850586 -2.6313867568969727 0.1350
Car 1 1 1 65.3359146118164 171.5814971923828 168.780029296875 202.2491912841797 4.259122848510742 1.530527949333191 1.6008728742599487 -25.19926643371582 1.4667210578918457 36.9013557434082 -3.0983786582946777 0.1340
Pedestrian 1 1 1 71.06524658203125 176.05877685546875 90.54447937011719 225.77963256835938 0.45678386092185974 1.7912445068359375 0.5688296556472778 -19.396800994873047 1.9097200632095337 26.390483856201172 -8.473494529724121 0.1319
Pedestrian 1 1 1 22.157678604125977 160.79759216308594 64.14354705810547 237.37564086914062 0.7573816180229187 1.8333585262298584 0.5715863108634949 -13.964422225952148 1.5444154739379883 17.711915969848633 -2.6142029762268066 0.1318
Car 1 1 1 500.86810302734375 180.6326904296875 535.6337280273438 207.77774047851562 3.911815881729126 1.5655583143234253 1.6405258178710938 -5.671412467956543 2.0682520866394043 44.69697570800781 -4.707504749298096 0.1314
Car 1 1 1 262.01483154296875 182.52810668945312 343.0158386230469 226.8594512939453 3.8406786918640137 1.4900480508804321 1.552268147468567 -11.467071533203125 1.878737211227417 27.058664321899414 -4.758202075958252 0.1311
Car 1 1 1 935.063232421875 174.91921997070312 1016.4046020507812 206.97862243652344 3.9779703617095947 1.494317889213562 1.6285068988800049 18.09506607055664 1.6029794216156006 35.984256744384766 -4.854397773742676 0.1309
Car 1 1 1 594.9017333984375 178.07058715820312 613.2947998046875 196.9370880126953 3.9027578830718994 1.5005420446395874 1.4906779527664185 -0.5258194804191589 1.951305866241455 60.43016052246094 -4.723228454589844 0.1306
Pedestrian 1 1 1 58.51401138305664 163.26315307617188 99.07350158691406 237.78842163085938 0.7547680735588074 1.8149222135543823 0.5916355848312378 -13.321383476257324 1.5810552835464478 18.026443481445312 -2.558349132537842 0.1296
Car 1 1 1 908.8751831054688 168.3350830078125 958.079345703125 191.61109924316406 3.7786660194396973 1.6620444059371948 1.702401041984558 23.88385772705078 1.3390655517578125 53.477909088134766 -7.940622806549072 0.1294
Pedestrian 1 1 1 96.19835662841797 161.72476196289062 129.74029541015625 238.31639099121094 0.74411940574646 1.7962361574172974 0.574151873588562 -12.032720565795898 1.5349321365356445 17.390178680419922 -5.445428848266602 0.1290
Pedestrian 1 1 1 209.74664306640625 166.1085968017578 233.01043701171875 225.37014770507812 0.8136637806892395 1.8354430198669434 0.603215754032135 -12.34382152557373 1.626225471496582 22.84360122680664 -8.290528297424316 0.1266
Pedestrian 1 1 1 444.5457458496094 178.32553100585938 454.7867736816406 197.9242401123047 0.711150586605072 1.8052473068237305 0.6068533658981323 -14.944681167602539 2.3176441192626953 67.16106414794922 -5.699795246124268 0.1260
Pedestrian 1 1 1 112.5381851196289 163.4748992919922 147.49609375 230.61964416503906 0.7653852701187134 1.812930703163147 0.5940114259719849 -13.322164535522461 1.5593918561935425 19.951440811157227 -2.478163957595825 0.1254
Pedestrian 1 1 1 94.17744445800781 161.79095458984375 129.70579528808594 227.55328369140625 0.7703004479408264 1.8365644216537476 0.5850809812545776 -14.272107124328613 1.5273033380508423 20.605478286743164 -2.5670647621154785 0.1251
Car 1 1 1 259.9519958496094 173.81866455078125 291.1346740722656 192.69097900390625 4.026063919067383 1.7110352516174316 1.6588871479034424 -31.38288688659668 1.8041619062423706 67.7577896118164 -8.021970748901367 0.1242
Car 1 1 1 414.0191650390625 171.4582977294922 440.64410400390625 192.9232177734375 3.930560827255249 1.700528860092163 1.6787309646606445 -14.980902671813965 1.589655876159668 59.22172164916992 -7.98633337020874 0.1237
Pedestrian 1 1 1 26.949201583862305 160.6957244873047 69.67213439941406 240.2126007080078 0.752789318561554 1.8316093683242798 0.5709481239318848 -13.331642150878906 1.551253080368042 17.060853958129883 -2.587587356567383 0.1236
Car 1 1 1 816.0547485351562 171.64242553710938 843.8780517578125 189.1408233642578 3.9939792156219482 1.5750888586044312 1.650752305984497 20.365924835205078 1.4657312631607056 67.00440979003906 -7.77426290512085 0.1233
Car 1 1 1 1241.0 164.33657836914062 1241.0 374.0 4.105869293212891 1.4933849573135376 1.6037784814834595 5.858583450317383 1.47388756275177 2.553194046020508 -3.079911231994629 0.1229
Pedestrian 1 1 1 82.0443344116211 158.3418731689453 114.52735137939453 240.5082244873047 0.7453510165214539 1.8177825212478638 0.5613959431648254 -11.706244468688965 1.4964280128479004 16.429088592529297 -5.386603355407715 0.1228
Pedestrian 1 1 1 0.0 159.08853149414062 0.0 241.105712890625 0.7511897683143616 1.8533416986465454 0.6038388609886169 -14.90622329711914 1.5419836044311523 16.76273536682129 -2.563119411468506 0.1226
Pedestrian 1 1 1 139.36441040039062 162.05679321289062 174.10678100585938 227.9932403564453 0.7721751928329468 1.8399564027786255 0.6004592776298523 -12.99358081817627 1.5383602380752563 20.605587005615234 -2.5038909912109375 0.1224
Pedestrian 1 1 1 1091.4801025390625 154.97393798828125 1114.7884521484375 198.94198608398438 0.649734377861023 1.7995600700378418 0.6406835317611694 20.41162872314453 1.0674500465393066 29.939455032348633 -7.540704250335693 0.1216
Pedestrian 1 1 1 52.61772918701172 162.89503479003906 91.6322021484375 234.6323699951172 0.7476564645767212 1.8106155395507812 0.5900691747665405 -13.96243667602539 1.5589561462402344 18.66340446472168 -2.55831241607666 0.1216
Pedestrian 1 1 1 16.651430130004883 161.5612335205078 58.151954650878906 236.0249786376953 0.7520703673362732 1.8498812913894653 0.5703539848327637 -14.612320899963379 1.5690385103225708 18.351791381835938 -2.660388946533203 0.1216
Car 1 1 1 175.81898498535156 0.0 1241.0 374.0 3.826019048690796 1.5495688915252686 1.6545956134796143 -0.8668566346168518 1.5843069553375244 0.8685744404792786 -7.870607852935791 0.1213
Pedestrian 1 1 1 88.32139587402344 162.0823516845703 121.79800415039062 225.5066375732422 0.7600600123405457 1.8276368379592896 0.5817997455596924 -14.918203353881836 1.516940712928772 21.24787139892578 -2.5324840545654297 0.1212
Pedestrian 1 1 1 658.837890625 172.7808074951172 671.0497436523438 194.76376342773438 0.8863179087638855 1.8675893545150757 0.566865861415863 4.680911540985107 1.861070990562439 61.78850555419922 -3.7677969932556152 0.1210
Car 1 1 1 0.0 179.52337646484375 95.35816192626953 218.01316833496094 3.7657148838043213 1.4459850788116455 1.604391098022461 -22.682825088500977 1.7150342464447021 28.27350425720215 -6.317591190338135 0.1207
Pedestrian 1 1 1 1048.779541015625 163.8376007080078 1070.347900390625 204.1650848388672 0.6079990267753601 1.7580502033233643 0.6916093826293945 19.799705505371094 1.364686369895935 31.856170654296875 -7.5171685218811035 0.1207
Car 1 1 1 134.783447265625 170.24176025390625 217.56932067871094 203.46861267089844 3.918618679046631 1.5996005535125732 1.6260284185409546 -22.032411575317383 1.4735424518585205 36.75796127319336 -7.768078327178955 0.1205
Car 1 1 1 268.5133056640625 182.1175537109375 340.23931884765625 220.88975524902344 3.930248498916626 1.5021322965621948 1.5997451543807983 -13.040522575378418 1.9245747327804565 30.920299530029297 -4.768730640411377 0.1198
Car 1 1 1 530.9896850585938 180.86825561523438 555.0227661132812 199.8275604248047 3.881896734237671 1.5154037475585938 1.5629850625991821 -5.684368133544922 2.2177913188934326 61.298946380615234 -4.67981481552124 0.1196
Car 1 1 1 616.7814331054688 176.74156188964844 640.8731689453125 197.49522399902344 4.001423358917236 1.5728336572647095 1.6433123350143433 1.43997061252594 1.893182396888733 57.478755950927734 -7.897114276885986 0.1190
Car 1 1 1 517.7682495117188 180.00946044921875 545.3955078125 201.27304077148438 3.9093728065490723 1.5228501558303833 1.643728494644165 -5.964400768280029 2.0870425701141357 54.95905303955078 -4.702141284942627 0.1184
Pedestrian 1 1 1 0.0 161.21160888671875 25.257051467895508 238.766845703125 0.7442018985748291 1.8565502166748047 0.5770532488822937 -14.918350219726562 1.5775498151779175 17.710691452026367 -2.6048943996429443 0.1184
Pedestrian 1 1 1 1059.156494140625 161.13107299804688 1079.0670166015625 203.3628387451172 0.5684653520584106 1.8007782697677612 0.6175099015235901 19.800132751464844 1.3006080389022827 31.185930252075195 -7.068854808807373 0.1180
Pedestrian 1 1 1 683.9700927734375 168.48623657226562 694.7393798828125 197.8556365966797 0.9517936110496521 1.8528231382369995 0.5545674562454224 5.0219221115112305 1.5769743919372559 46.0036506652832 -7.88442850112915 0.1180
Pedestrian 1 1 1 25.163667678833008 161.05824279785156 63.338504791259766 244.6326904296875 0.7418529391288757 1.8111605644226074 0.5701262354850769 -12.676651000976562 1.5552321672439575 16.098949432373047 -2.37907075881958 0.1178
Cyclist 1 1 1 983.3906860351562 155.8079833984375 1055.4844970703125 237.4915008544922 1.7301018238067627 1.6880731582641602 0.5104278922080994 8.8652982711792 1.335499882698059 15.790231704711914 -7.914580821990967 0.1175
Pedestrian 1 1 1 1136.015869140625 160.10366821289062 1173.8603515625 218.2185821533203 0.7716363668441772 1.7798038721084595 0.5961644649505615 16.931833267211914 1.3890173435211182 22.48941993713379 -6.559034824371338 0.1175
Car 1 1 1 1228.6407470703125 166.84413146972656 1241.0 313.095947265625 3.9481277465820312 1.4945893287658691 1.6014251708984375 9.660601615905762 1.4328727722167969 8.3114595413208 -6.353726863861084 0.1169
Pedestrian 1 1 1 225.9029998779297 167.4454345703125 249.1172637939453 221.38662719726562 0.7988701462745667 1.7934753894805908 0.6087625026702881 -12.672377586364746 1.6133474111557007 24.470739364624023 -8.21042251586914 0.1168
Pedestrian 1 1 1 464.0057678222656 173.21469116210938 478.3586730957031 200.58404541015625 0.7433730959892273 1.7742913961410522 0.6504654884338379 -9.118976593017578 1.797829508781433 47.238258361816406 -7.556107997894287 0.1162
Pedestrian 1 1 1 0.0 157.48585510253906 0.0 249.00506591796875 0.7379431128501892 1.864478588104248 0.5834302306175232 -13.628610610961914 1.5510907173156738 15.150670051574707 -2.526843547821045 0.1160
Pedestrian 1 1 1 0.0 158.67459106445312 25.927024841308594 244.76422119140625 0.7714890837669373 1.8652433156967163 0.5900688171386719 -13.624130249023438 1.5577281713485718 16.113401412963867 -3.911811351776123 0.1158
Pedestrian 1 1 1 1158.8109130859375 151.18917846679688 1207.5885009765625 226.656982421875 0.7464339137077332 1.8089582920074463 0.5680685639381409 14.018478393554688 1.2893539667129517 17.7236270904541 -4.94384765625 0.1157
Pedestrian 1 1 1 1005.708984375 163.3733367919922 1034.2244873046875 213.81886291503906 0.749678909778595 1.7017600536346436 0.6169766187667847 14.009988784790039 1.3816337585449219 24.754653930664062 -7.715418338775635 0.1155
Pedestrian 1 1 1 499.28485107421875 175.04263305664062 506.8824768066406 196.2822265625 0.7924503087997437 1.8031624555587769 0.5708296298980713 -9.172453880310059 1.9914159774780273 61.750938415527344 -7.905724048614502 0.1147
Car 1 1 1 1020.1339721679688 170.79391479492188 1142.139404296875 218.64132690429688 3.755065441131592 1.4745510816574097 1.5979024171829224 15.54494571685791 1.4107639789581299 24.12153434753418 -4.722282409667969 0.1142
Car 1 1 1 75.15438079833984 186.9860076904297 252.85801696777344 264.63702392578125 4.128073692321777 1.5030392408370972 1.6054524183273315 -10.17435359954834 1.872082233428955 16.788482666015625 -4.718679428100586 0.1141
Car 1 1 1 724.2012939453125 177.623046875 801.0858154296875 241.05931091308594 3.8600292205810547 1.5007706880569458 1.5728564262390137 3.9397623538970947 1.6416255235671997 19.36298370361328 -7.763460636138916 0.1133
Car 1 1 1 742.2269287109375 177.0880584716797 789.0327758789062 205.7851104736328 3.706287384033203 1.5424867868423462 1.5972994565963745 8.805351257324219 1.7955539226531982 41.26255416870117 -7.9393134117126465 0.1132
Pedestrian 1 1 1 240.55731201171875 164.62240600585938 275.22137451171875 223.32546997070312 0.8212000727653503 1.745668888092041 0.6175721883773804 -10.720653533935547 1.5005841255187988 21.887638092041016 -7.784392833709717 0.1131
Car 1 1 1 365.51605224609375 175.60984802246094 395.8949279785156 193.60784912109375 3.9399917125701904 1.6241505146026611 1.639955759048462 -21.492429733276367 1.8899732828140259 67.69738006591797 -7.865437984466553 0.1129
Car 1 1 1 948.3961181640625 163.5462188720703 1006.9151000976562 192.1583709716797 4.119852542877197 1.8593851327896118 1.6905220746994019 24.851436614990234 1.2542104721069336 48.994930267333984 -7.911621570587158 0.1129
Pedestrian 1 1 1 1065.3267822265625 161.029296875 1085.1182861328125 200.8939666748047 0.6094810366630554 1.756852626800537 0.6612635850906372 20.72162437438965 1.2354329824447632 32.21296310424805 -7.4259033203125 0.1129
Car 1 1 1 776.2451171875 171.46994018554688 809.6351928710938 189.87066650390625 4.105199813842773 1.6488375663757324 1.666490912437439 16.866378784179688 1.524515151977539 66.78535461425781 -7.961886882781982 0.1125
Pedestrian 1 1 1 1155.757568359375 161.8462677001953 1185.2310791015625 210.7469940185547 0.6718884110450745 1.7832037210464478 0.6498211026191711 20.701187133789062 1.381498098373413 26.7188663482666 -7.597265720367432 0.1125
Car 1 1 1 236.58551025390625 173.1820068359375 309.249755859375 196.927490234375 4.3028645515441895 1.6046013832092285 1.640325903892517 -23.263513565063477 1.6273972988128662 49.79570388793945 -3.0517640113830566 0.1123
Car 1 1 1 788.6904296875 173.31851196289062 816.77783203125 193.55166625976562 3.9134957790374756 1.5798144340515137 1.6523792743682861 15.552519798278809 1.6184697151184082 58.471561431884766 -7.736892223358154 0.1123
Pedestrian 1 1 1 0.0 162.79776000976562 42.259315490722656 235.31546020507812 0.755523681640625 1.8623777627944946 0.5749215483665466 -15.563005447387695 1.6038167476654053 19.005002975463867 -4.067859649658203 0.1122
Car 1 1 1 285.995361328125 176.52708435058594 337.4977111816406 193.40321350097656 4.227539539337158 1.5699723958969116 1.57512366771698 -28.25287628173828 1.9221856594085693 68.37554168701172 -6.323399066925049 0.1119
Pedestrian 1 1 1 55.06047439575195 176.7187042236328 69.98481750488281 201.4569854736328 0.7351792454719543 1.7572046518325806 0.6191610097885132 -39.346168518066406 2.0367918014526367 51.82124710083008 -8.108230590820312 0.1118
Car 1 1 1 658.3021240234375 175.4989776611328 682.2214965820312 195.71669006347656 3.975198984146118 1.5686390399932861 1.6532509326934814 4.900044918060303 1.7908995151519775 58.62166213989258 -7.697642803192139 0.1118
Pedestrian 1 1 1 800.3820190429688 174.70591735839844 815.3037109375 199.24722290039062 0.8016476035118103 1.7218661308288574 0.633658230304718 13.994699478149414 1.854047179222107 51.15580368041992 -3.600642204284668 0.1114
Pedestrian 1 1 1 706.2076416015625 165.25448608398438 728.0692749023438 207.06251525878906 0.8555750846862793 1.8155865669250488 0.5980867147445679 4.689300537109375 1.4852640628814697 31.854225158691406 -4.020328521728516 0.1114
Pedestrian 1 1 1 246.26344299316406 175.39004516601562 262.8570861816406 215.76690673828125 0.5442277193069458 1.8464877605438232 0.6182816624641418 -16.518457412719727 1.9651474952697754 33.44635009765625 -8.455645561218262 0.1113
Pedestrian 1 1 1 1207.8179931640625 150.71707153320312 1241.0 234.8574676513672 0.7239753603935242 1.76134192943573 0.5927844047546387 13.367579460144043 1.297641396522522 15.474124908447266 -4.739573001861572 0.1109
Pedestrian 1 1 1 132.1282196044922 163.23080444335938 162.78134155273438 234.2556610107422 0.7515173554420471 1.7916978597640991 0.5900232195854187 -12.027591705322266 1.5486400127410889 18.67945098876953 -5.390994548797607 0.1105
Car 1 1 1 1241.0 161.28826904296875 1241.0 362.2947082519531 3.9838058948516846 1.4935321807861328 1.5947701930999756 8.468616485595703 1.407295823097229 6.361940383911133 -6.387637615203857 0.1095
Pedestrian 1 1 1 1137.9312744140625 158.82652282714844 1166.54443359375 205.8499755859375 0.673416018486023 1.7768265008926392 0.6376274228096008 20.725177764892578 1.2464849948883057 27.648706436157227 -7.688182353973389 0.1094
Car 1 1 1 565.1244506835938 179.6779022216797 604.1708374023438 216.42762756347656 3.954941987991333 1.5137983560562134 1.6486778259277344 -1.1601454019546509 1.8393570184707642 32.4591064453125 -7.877282619476318 0.1094
Car 1 1 1 571.69775390625 179.227783203125 589.939697265625 196.61631774902344 4.105463981628418 1.5232579708099365 1.6134461164474487 -2.749894618988037 2.131916046142578 66.84044647216797 -4.770554065704346 0.1092
Pedestrian 1 1 1 60.202816009521484 164.64195251464844 95.08062744140625 229.5271453857422 0.7568091750144958 1.8112068176269531 0.5904859304428101 -15.247732162475586 1.5816757678985596 20.59980010986328 -2.5315723419189453 0.1087
Car 1 1 1 572.537841796875 177.3127899169922 594.2138671875 197.50003051757812 4.190181255340576 1.524985909461975 1.6275967359542847 -2.1186296939849854 1.893272876739502 57.54124069213867 -4.724708557128906 0.1086
Pedestrian 1 1 1 222.53892517089844 167.28318786621094 244.02178955078125 220.97256469726562 0.8065333366394043 1.8535425662994385 0.613915205001831 -13.31837272644043 1.6609190702438354 25.414386749267578 -8.40744686126709 0.1084
Pedestrian 1 1 1 46.68757247924805 164.32904052734375 85.54389953613281 233.98074340820312 0.7449533343315125 1.821770191192627 0.5844482183456421 -14.604765892028809 1.5984960794448853 19.310855865478516 -2.6212892532348633 0.1082
Car 1 1 1 588.7640991210938 178.2544708251953 607.2972412109375 195.5715789794922 4.058865070343018 1.5479294061660767 1.6383651494979858 -1.1717753410339355 2.070852041244507 67.84416961669922 -4.7541327476501465 0.1078
Pedestrian 1 1 1 121.37195587158203 163.72262573242188 153.20945739746094 226.98097229003906 0.7607101798057556 1.820458173751831 0.5961890816688538 -13.963886260986328 1.557374119758606 21.238481521606445 -2.431960105895996 0.1074
Car 1 1 1 996.4380493164062 172.5269317626953 1133.303466796875 230.19223022460938 3.5875000953674316 1.5219433307647705 1.5244009494781494 12.95268440246582 1.51301109790802 20.885772705078125 -4.78203010559082 0.1072
Pedestrian 1 1 1 58.035972595214844 159.54428100585938 103.05196380615234 239.89395141601562 0.7544770836830139 1.8129950761795044 0.5761606097221375 -12.342326164245605 1.5123769044876099 16.75233268737793 -3.948361873626709 0.1071
Car 1 1 1 326.92340087890625 176.95875549316406 355.80126953125 194.10299682617188 3.871673345565796 1.5422221422195435 1.6127378940582275 -25.25030517578125 1.9394495487213135 67.87230682373047 -7.95215368270874 0.1068
Pedestrian 1 1 1 33.2880859375 159.57821655273438 68.34590911865234 246.5753631591797 0.7367985248565674 1.8082422018051147 0.5661853551864624 -12.037578582763672 1.5320041179656982 15.461411476135254 -5.409584999084473 0.1068
Car 1 1 1 560.9716186523438 178.46363830566406 590.0225830078125 202.08949279785156 3.857004404067993 1.5229474306106567 1.6347417831420898 -2.4349257946014404 1.923202633857727 49.49691390991211 -4.853861331939697 0.1064
Pedestrian 1 1 1 233.13134765625 164.41900634765625 260.3519287109375 222.20945739746094 0.7952268123626709 1.8188458681106567 0.6125581860542297 -11.702439308166504 1.5530701875686646 23.16622543334961 -8.085017204284668 0.1056
Car 1 1 1 1214.751220703125 173.95346069335938 1241.0 374.0 4.077532768249512 1.4730770587921143 1.601116418838501 6.2413177490234375 1.4812041521072388 4.460836887359619 -6.419152736663818 0.1054
Car 1 1 1 585.7026977539062 179.14027404785156 619.0264282226562 206.91445922851562 3.9358861446380615 1.523276448249817 1.6610418558120728 -0.5297974944114685 1.9112002849578857 42.52681350708008 -4.800700664520264 0.1052
Pedestrian 1 1 1 687.0340576171875 167.8815460205078 710.4356689453125 236.73794555664062 0.7863922119140625 1.648695707321167 0.557221531867981 2.126034736633301 1.5293352603912354 17.701467514038086 -4.586826324462891 0.1051
Pedestrian 1 1 1 0.0 163.84002685546875 24.369844436645508 232.9117431640625 0.7446032762527466 1.8401178121566772 0.5742101073265076 -16.524391174316406 1.5996794700622559 19.65357208251953 -2.6370224952697754 0.1051
Car 1 1 1 1011.3406372070312 169.9901580810547 1095.770751953125 202.7757110595703 4.0644917488098145 1.5200217962265015 1.6386045217514038 21.6566104888916 1.386946678161621 35.488033294677734 -7.858222484588623 0.1050
Car 1 1 1 745.2757568359375 175.63722229003906 772.9695434570312 192.1400146484375 3.9892594814300537 1.4532102346420288 1.594152569770813 13.630409240722656 1.7162097692489624 66.23912811279297 -7.887512683868408 0.1044
Car 1 1 1 316.1497497558594 183.92869567871094 381.9171142578125 222.55978393554688 3.9448342323303223 1.4824254512786865 1.6182336807250977 -11.115897178649902 1.9869544506072998 30.868946075439453 -4.7785773277282715 0.1044
Pedestrian 1 1 1 0.0 173.69564819335938 20.114513397216797 229.45834350585938 0.4643840789794922 1.771165370941162 0.470703125 -19.40868377685547 1.7981570959091187 23.161001205444336 -4.696089267730713 0.1042
Pedestrian 1 1 1 194.7616424560547 171.94265747070312 212.1042022705078 214.8768768310547 0.59126216173172 1.8137121200561523 0.6330089569091797 -17.444196701049805 1.7749134302139282 30.890235900878906 -8.342647552490234 0.1040
Car 1 1 1 169.70101928710938 177.06117248535156 204.67730712890625 196.0817108154297 4.002309799194336 1.7060717344284058 1.6557390689849854 -39.69316482543945 2.113457202911377 67.7900390625 -8.061971664428711 0.1039
Pedestrian 1 1 1 151.40821838378906 165.82644653320312 176.96876525878906 225.1658477783203 0.7766875624656677 1.8120473623275757 0.6069888472557068 -13.96888542175293 1.5971471071243286 22.52642822265625 -5.361980438232422 0.1036
Car 1 1 1 181.5636444091797 174.83224487304688 261.4310607910156 199.75682067871094 4.148305892944336 1.5179561376571655 1.6274852752685547 -24.234580993652344 1.6436185836791992 45.01654052734375 -3.086674690246582 0.1031
Pedestrian 1 1 1 0.0 155.91998291015625 10.115473747253418 253.05239868164062 0.7564080357551575 1.8483390808105469 0.5834358334541321 -12.339637756347656 1.5258005857467651 14.187979698181152 -2.5170981884002686 0.1031
Pedestrian 1 1 1 161.39857482910156 164.96791076660156 192.27642822265625 231.26576232910156 0.7590956091880798 1.7898305654525757 0.6023788452148438 -12.0361967086792 1.5766315460205078 19.962993621826172 -5.439053535461426 0.1029
Car 1 1 1 617.575927734375 178.61582946777344 652.7355346679688 206.88221740722656 3.9690234661102295 1.5626100301742554 1.6376780271530151 1.4082692861557007 1.9201191663742065 42.76411056518555 -4.7919921875 0.1026
Cyclist 1 1 1 0.0 0.0 1241.0 374.0 1.8663134574890137 1.6378589868545532 0.507201075553894 6.896006107330322 1.3022549152374268 -0.29653701186180115 -8.064199447631836 0.1025
Pedestrian 1 1 1 122.72764587402344 163.710693359375 154.41888427734375 232.68006896972656 0.7564866542816162 1.8003946542739868 0.6012482047080994 -12.673460960388184 1.5614153146743774 19.317461013793945 -5.445182800292969 0.1023
Pedestrian 1 1 1 918.0704345703125 158.6935272216797 944.0983276367188 215.9765625 0.6967300772666931 1.7303099632263184 0.6100772023200989 9.824462890625 1.3022743463516235 22.203216552734375 -7.62637186050415 0.1019
Pedestrian 1 1 1 261.70782470703125 176.5892791748047 290.9502258300781 234.992431640625 0.5829763412475586 1.5100725889205933 0.49924078583717346 -8.824480056762695 1.6095706224441528 18.985637664794922 -4.709629535675049 0.1017
Cyclist 1 1 1 956.3453369140625 154.3648223876953 1023.6607055664062 236.2841339111328 1.7277754545211792 1.6927831172943115 0.5046154260635376 8.219950675964355 1.3104223012924194 15.783092498779297 -7.893650531768799 0.1015
Pedestrian 1 1 1 194.75660705566406 166.1204833984375 216.5420379638672 213.8734588623047 0.7300405502319336 1.797827124595642 0.621906578540802 -15.538423538208008 1.544020652770996 27.643964767456055 -8.52115535736084 0.1013
Pedestrian 1 1 1 977.715087890625 157.8153839111328 1015.4048461914062 222.4664764404297 0.8237776160240173 1.722511649131775 0.582076907157898 10.459511756896973 1.3215349912643433 19.637001037597656 -7.857567310333252 0.1012
Pedestrian 1 1 1 181.23959350585938 164.39707946777344 211.19265747070312 228.5332794189453 0.7835729122161865 1.8145555257797241 0.6009843349456787 -12.04040813446045 1.5749905109405518 20.9061222076416 -8.587231636047363 0.1012
Pedestrian 1 1 1 836.3805541992188 172.5463104248047 854.5113525390625 203.52804565429688 0.7688681483268738 1.8262858390808105 0.6870434880256653 14.008349418640137 1.8078490495681763 43.04405212402344 -8.456427574157715 0.1007
Pedestrian 1 1 1 74.46829986572266 161.43292236328125 117.18462371826172 237.31773376464844 0.753786027431488 1.8135709762573242 0.5833950638771057 -12.675461769104004 1.5403187274932861 17.71851921081543 -3.9599499702453613 0.1005
Pedestrian 1 1 1 1208.09765625 153.39984130859375 1241.0 227.89891052246094 0.6887505650520325 1.7614359855651855 0.5485122799873352 14.933019638061523 1.301167368888855 17.415691375732422 -6.551913261413574 0.1004
Car 1 1 1 586.006103515625 176.97708129882812 611.9661254882812 200.09266662597656 3.9735801219940186 1.5474963188171387 1.581372618675232 -0.8451232314109802 1.850740671157837 51.076717376708984 -4.7923903465271 0.1003
Car 1 1 1 856.004638671875 175.71649169921875 908.0923461914062 202.4993133544922 3.8593246936798096 1.545940637588501 1.5902913808822632 16.49652671813965 1.728086233139038 44.027767181396484 -4.753254413604736 0.1003
Car 1 1 1 197.47244262695312 176.1331024169922 231.1796112060547 194.0174560546875 3.9684529304504395 1.6106791496276855 1.622184157371521 -37.17955780029297 1.9282734394073486 67.85099029541016 -8.037625312805176 0.1001
Pedestrian 1 1 1 179.64157104492188 166.7635040283203 203.00209045410156 225.70919799804688 0.8158044815063477 1.8258188962936401 0.5993595719337463 -13.312704086303711 1.6368683576583862 22.85465431213379 -8.430304527282715 0.1000
