Car 1 1 1 686.0399780273438 173.8636474609375 868.4880981445312 241.6313934326172 4.046574592590332 1.5683990716934204 1.6736408472061157 3.9429287910461426 1.594069004058838 17.642820358276367 -6.322869300842285 0.7351
Car 1 1 1 333.097900390625 179.7032928466797 487.7784118652344 230.7910919189453 4.218039512634277 1.4685497283935547 1.6434818506240845 -5.986402988433838 1.682906985282898 21.787689208984375 -6.2848920822143555 0.7183
Car 1 1 1 671.935302734375 171.14198303222656 828.0022583007812 228.29220581054688 4.198352813720703 1.58963143825531 1.6388206481933594 3.9158577919006348 1.5417120456695557 20.89459228515625 -6.2858686447143555 0.6807
Car 1 1 1 0.0 188.4666748046875 128.04612731933594 374.0 4.106443405151367 1.4826172590255737 1.6071566343307495 -6.5216965675354 1.6258256435394287 5.78011417388916 -3.165339469909668 0.6488
Pedestrian 1 1 1 565.636474609375 169.4484100341797 583.5278930664062 201.53839111328125 0.8851758241653442 1.7778699398040771 0.5450713038444519 -2.0229039192199707 1.5888911485671997 40.4888916015625 -7.150221824645996 0.4656
Car 1 1 1 417.33099365234375 178.56533813476562 513.7550048828125 213.02793884277344 3.9886698722839355 1.4934886693954468 1.6189037561416626 -6.481830596923828 1.7566039562225342 32.41646194458008 -3.1151657104492188 0.4479
Car 1 1 1 442.6815490722656 179.93373107910156 526.7423706054688 209.7388916015625 4.161447048187256 1.495570421218872 1.6367405652999878 -6.512756824493408 1.8734467029571533 37.59809494018555 -3.2027928829193115 0.4196
Car 1 1 1 304.36212158203125 175.59976196289062 360.88653564453125 204.92892456054688 3.9202754497528076 1.5315016508102417 1.642563819885254 -15.340827941894531 1.690920352935791 40.00801086425781 -7.857936382293701 0.3917
Pedestrian 1 1 1 264.1432800292969 164.78668212890625 288.4969177246094 207.94276428222656 0.8242446184158325 1.820222020149231 0.6570709347724915 -14.301831245422363 1.479661226272583 30.847043991088867 -4.7057785987854 0.3862
Cyclist 1 1 1 407.8863220214844 154.44886779785156 444.77392578125 208.6258087158203 1.660300374031067 1.7802239656448364 0.5488727688789368 -6.284120559692383 1.1751418113708496 24.577701568603516 -4.509925842285156 0.3561
Pedestrian 1 1 1 253.92250061035156 166.36087036132812 278.3879089355469 207.11810302734375 0.8681090474128723 1.7761566638946533 0.6595221757888794 -15.229049682617188 1.4928929805755615 31.882911682128906 -7.838634967803955 0.3502
Car 1 1 1 431.6419372558594 182.9441680908203 520.3690795898438 215.03512573242188 4.1551361083984375 1.515001654624939 1.6457099914550781 -6.600657939910889 2.0268142223358154 35.647953033447266 -3.214865207672119 0.3363
Pedestrian 1 1 1 765.958251953125 156.53912353515625 811.8104858398438 243.86863708496094 0.6898735761642456 1.7709463834762573 0.6527748107910156 3.6910345554351807 1.4397988319396973 15.104373931884766 -3.8520898818969727 0.3315
Pedestrian 1 1 1 908.4661254882812 147.26214599609375 985.85302734375 296.79510498046875 0.7128936052322388 1.7379430532455444 0.6316022872924805 4.016525745391846 1.4402023553848267 8.760079383850098 -7.7964091300964355 0.3035
Cyclist 1 1 1 332.080322265625 169.81427001953125 405.6446838378906 238.09527587890625 1.7866034507751465 1.7885351181030273 0.5978096127510071 -6.495744705200195 1.708613395690918 19.31332015991211 -6.151571750640869 0.2967
Pedestrian 1 1 1 821.3209228515625 157.40792846679688 868.8565673828125 266.982666015625 0.804972767829895 1.6843268871307373 0.6725091338157654 3.6970934867858887 1.446597695350647 11.564128875732422 -7.604607105255127 0.2750
Car 1 1 1 498.8003234863281 179.92822265625 530.5753784179688 207.51744079589844 3.8707451820373535 1.4890729188919067 1.606286644935608 -5.629444599151611 1.9211586713790894 42.048770904541016 -4.903240203857422 0.2671
Car 1 1 1 103.32137298583984 180.7595977783203 205.5302734375 215.31170654296875 3.844696283340454 1.4753773212432861 1.572597861289978 -20.502748489379883 1.8429878950119019 32.45214080810547 -2.9564082622528076 0.2502
Car 1 1 1 304.7220458984375 183.92587280273438 365.2690124511719 205.15321350097656 3.981518507003784 1.5353323221206665 1.6149767637252808 -20.67635726928711 2.3838045597076416 54.28614807128906 -6.39639139175415 0.2451
Cyclist 1 1 1 440.3550109863281 159.2110137939453 467.8056335449219 201.6977996826172 1.6095449924468994 1.7276428937911987 0.551762044429779 -6.551482677459717 1.172577142715454 30.180835723876953 -4.534474849700928 0.2339
Pedestrian 1 1 1 79.94551849365234 161.42555236816406 119.25038146972656 222.92831420898438 0.8048409819602966 1.8002666234970093 0.6133968234062195 -15.267868041992188 1.4654412269592285 21.53013801574707 -4.736774444580078 0.2307
Car 1 1 1 843.830322265625 139.36239624023438 1241.0 374.0 3.9658679962158203 1.6513001918792725 1.610840082168579 4.054766654968262 1.4212747812271118 5.7647013664245605 -3.146697521209717 0.2279
Pedestrian 1 1 1 870.3180541992188 148.7663116455078 921.0029907226562 277.38250732421875 0.7470903396606445 1.752899408340454 0.6044619083404541 4.030367374420166 1.424310326576233 10.303977966308594 -7.381127834320068 0.2229
Pedestrian 1 1 1 275.5877380371094 170.02081298828125 294.53167724609375 204.4666748046875 0.7284994721412659 1.7963799238204956 0.6402022838592529 -17.15477180480957 1.648327112197876 38.0159797668457 -7.779027462005615 0.2216
Pedestrian 1 1 1 121.68734741210938 158.92483520507812 157.88482666015625 220.5142059326172 0.8102637529373169 1.8326140642166138 0.6080119013786316 -14.308527946472168 1.4178466796875 21.897876739501953 -4.792883396148682 0.2151
Pedestrian 1 1 1 792.0810546875 152.56094360351562 830.798095703125 250.01272583007812 0.700931966304779 1.7734935283660889 0.6806780099868774 3.7186310291290283 1.4038866758346558 13.553417205810547 -4.4680609703063965 0.2126
Pedestrian 1 1 1 32.825191497802734 167.89297485351562 73.66217803955078 227.43658447265625 0.7524349093437195 1.6933858394622803 0.5761699676513672 -16.18791961669922 1.5519973039627075 20.927467346191406 -4.595057964324951 0.2011
Cyclist 1 1 1 0.0 169.65792846679688 74.55130004882812 239.3941192626953 1.800590991973877 1.760742425918579 0.6074550747871399 -14.950560569763184 1.6797460317611694 18.646535873413086 -2.998851776123047 0.2000
Car 1 1 1 496.2521667480469 171.29257202148438 524.3226318359375 192.91539001464844 3.970285177230835 1.6549813747406006 1.6652532815933228 -7.8953142166137695 1.535170555114746 57.21382522583008 -7.850147724151611 0.1996
Pedestrian 1 1 1 480.4376525878906 166.7164306640625 496.2342834472656 199.66983032226562 0.8267888426780701 1.8303864002227783 0.6219385862350464 -6.870059013366699 1.4891773462295532 40.54391860961914 -7.656762599945068 0.1896
Pedestrian 1 1 1 199.8460235595703 166.93017578125 220.264892578125 205.37384033203125 0.7123143076896667 1.7788629531860352 0.6326467990875244 -18.764896392822266 1.5044562816619873 33.788978576660156 -4.87248420715332 0.1880
Car 1 1 1 651.701171875 174.23023986816406 727.76123046875 202.4180450439453 3.8196656703948975 1.484863519668579 1.6078462600708008 4.321686744689941 1.5625762939453125 39.521968841552734 -6.612617492675781 0.1791
Car 1 1 1 225.01657104492188 181.21337890625 281.6342468261719 212.83261108398438 3.8384573459625244 1.4811402559280396 1.5944117307662964 -18.201679229736328 1.9318878650665283 36.90216827392578 -4.889968395233154 0.1771
Pedestrian 1 1 1 747.0642700195312 146.45899963378906 801.9835205078125 266.71990966796875 0.7207555770874023 1.755790114402771 0.5667313933372498 2.428406238555908 1.3701273202896118 10.943132400512695 -4.90903902053833 0.1761
Pedestrian 1 1 1 4.404192924499512 162.55215454101562 43.2572021484375 226.4567108154297 0.7602410912513733 1.7891207933425903 0.6378059983253479 -16.823137283325195 1.500402808189392 20.66254234313965 -5.036121845245361 0.1724
Pedestrian 1 1 1 340.3382873535156 167.3366241455078 359.5511779785156 200.72325134277344 0.8088564872741699 1.8093589544296265 0.6075435876846313 -14.30413818359375 1.51004958152771 39.59186935424805 -4.328520774841309 0.1721
Car 1 1 1 901.511962890625 172.70724487304688 1241.0 374.0 4.002616882324219 1.494674801826477 1.6047343015670776 3.2950518131256104 1.4940389394760132 2.555185317993164 -3.090653896331787 0.1706
Car 1 1 1 264.5853271484375 173.34568786621094 287.6903381347656 195.41729736328125 4.232838153839111 1.9399363994598389 1.7078590393066406 -30.43257713317871 1.9860312938690186 65.8018798828125 -8.237942695617676 0.1659
Car 1 1 1 0.0 0.0 1241.0 374.0 3.848342180252075 1.5488375425338745 1.6386311054229736 -5.027546405792236 1.6435245275497437 1.6090035438537598 -7.887571811676025 0.1627
Car 1 1 1 556.7371826171875 177.59458923339844 592.2362060546875 201.13919067382812 3.8872480392456055 1.5289334058761597 1.6264839172363281 -2.4361956119537354 1.8689160346984863 49.73758316040039 -4.53846549987793 0.1622
Pedestrian 1 1 1 95.77827453613281 163.2981719970703 133.41812133789062 228.07827758789062 0.736600399017334 1.7865610122680664 0.5906894207000732 -13.973426818847656 1.5227221250534058 20.294391632080078 -7.951110363006592 0.1619
Pedestrian 1 1 1 405.1170654296875 171.81637573242188 419.49591064453125 196.89891052246094 0.865607738494873 1.8274732828140259 0.5786885619163513 -14.568116188049316 1.751572847366333 53.063011169433594 -6.9371256828308105 0.1618
Pedestrian 1 1 1 749.1680297851562 164.2845458984375 777.195068359375 220.6622772216797 0.7393954992294312 1.695099115371704 0.5774710178375244 4.658862590789795 1.4371428489685059 22.163434982299805 -4.051556587219238 0.1581
Car 1 1 1 356.2366638183594 181.05078125 418.7183837890625 221.03311157226562 3.9282455444335938 1.5000998973846436 1.5805974006652832 -9.17817211151123 1.8622539043426514 29.899826049804688 -4.7693562507629395 0.1581
Pedestrian 1 1 1 928.5316772460938 143.74256896972656 982.0380249023438 254.96054077148438 0.7162394523620605 1.7801446914672852 0.590178370475769 5.642113208770752 1.313889741897583 11.934846878051758 -7.7532429695129395 0.1577
Pedestrian 1 1 1 1113.7799072265625 149.70863342285156 1144.480224609375 203.4486541748047 0.6980104446411133 1.791692852973938 0.6038380861282349 17.538400650024414 1.019726037979126 24.45400047302246 -7.671817302703857 0.1552
Cyclist 1 1 1 394.5916442871094 155.90635681152344 430.5473327636719 208.88246154785156 1.6349022388458252 1.7561262845993042 0.5476850867271423 -6.806073188781738 1.1940221786499023 24.77088737487793 -4.539778709411621 0.1526
Pedestrian 1 1 1 59.54901885986328 167.13182067871094 95.39994812011719 231.56321716308594 0.6692392230033875 1.8101582527160645 0.5598998665809631 -15.26668930053711 1.649097204208374 20.630306243896484 -7.947000026702881 0.1481
Pedestrian 1 1 1 187.92466735839844 174.86228942871094 208.9120330810547 214.1757049560547 0.5470011830329895 1.7150951623916626 0.593043327331543 -18.213991165161133 1.804438829421997 31.860321044921875 -7.563717365264893 0.1473
Pedestrian 1 1 1 293.9968566894531 178.91380310058594 310.1673889160156 208.7437286376953 0.8093212246894836 1.7541910409927368 0.6502077579498291 -18.454710006713867 2.12070369720459 43.158756256103516 -8.609648704528809 0.1467
Pedestrian 1 1 1 66.33783721923828 165.61923217773438 103.51830291748047 230.9531707763672 0.7274466753005981 1.7708030939102173 0.602695107460022 -14.579937934875488 1.5744128227233887 19.98169708251953 -8.095420837402344 0.1461
Pedestrian 1 1 1 380.9405212402344 170.7584228515625 410.286376953125 231.6933135986328 0.6649681925773621 1.649787187576294 0.5860909223556519 -5.951377868652344 1.5927504301071167 19.883182525634766 -4.658294200897217 0.1444
Pedestrian 1 1 1 381.151611328125 173.91957092285156 404.2508850097656 229.5170135498047 0.6461667418479919 1.55838143825531 0.49384716153144836 -6.240297317504883 1.5889623165130615 20.574007034301758 -4.769246578216553 0.1441
Car 1 1 1 261.6401672363281 184.50636291503906 348.189453125 215.12803649902344 3.6883299350738525 1.4640743732452393 1.631545901298523 -15.307748794555664 2.0652506351470947 36.24982452392578 -6.382605075836182 0.1436
Car 1 1 1 295.852294921875 172.33445739746094 323.7349548339844 194.33102416992188 4.188841819763184 1.9736688137054443 1.6987704038619995 -27.842397689819336 1.926750898361206 66.97087860107422 -8.075922966003418 0.1421
Car 1 1 1 312.0208740234375 181.14756774902344 380.4997863769531 221.44393920898438 3.938098192214966 1.4963265657424927 1.5952328443527222 -10.78196907043457 1.8598685264587402 29.638389587402344 -4.775984287261963 0.1392
Cyclist 1 1 1 764.9345092773438 169.63185119628906 783.6502075195312 204.6937255859375 1.7178034782409668 1.7235617637634277 0.6177576780319214 8.22332763671875 1.564868450164795 36.34031677246094 -4.670246601104736 0.1391
Car 1 1 1 0.0 0.0 1241.0 374.0 3.826455593109131 1.546592354774475 1.6377590894699097 -2.4506757259368896 1.6018648147583008 0.8211624026298523 -7.893579006195068 0.1388
Cyclist 1 1 1 644.2022094726562 177.11050415039062 658.7694702148438 211.55441284179688 1.7123092412948608 1.7450603246688843 0.6254248023033142 2.1159191131591797 1.9718451499938965 37.63154602050781 -7.874858379364014 0.1384
Pedestrian 1 1 1 195.86880493164062 170.00367736816406 219.79083251953125 214.0457000732422 0.638592004776001 1.7448736429214478 0.6275802850723267 -16.162567138671875 1.631648302078247 28.927749633789062 -7.927929401397705 0.1380
Car 1 1 1 431.2390441894531 179.5135498046875 491.88287353515625 222.5470733642578 3.963404417037964 1.4985289573669434 1.620573878288269 -5.669731140136719 1.7728339433670044 27.749040603637695 -4.7400288581848145 0.1360
Pedestrian 1 1 1 345.17333984375 176.5811004638672 356.8264465332031 196.1933135986328 0.8673130869865417 1.7645257711410522 0.5441654324531555 -23.563570022583008 2.1054983139038086 65.58448791503906 -6.958471298217773 0.1357
Pedestrian 1 1 1 160.6146697998047 169.8431854248047 178.9484405517578 212.1457061767578 0.48090124130249023 1.8117402791976929 0.5708430409431458 -19.082204818725586 1.6824926137924194 31.212392807006836 -8.13527774810791 0.1352
Pedestrian 1 1 1 632.3444213867188 166.29722595214844 649.9595947265625 204.0245361328125 0.6348255276679993 1.7953965663909912 0.6128326654434204 1.4614770412445068 1.4830673933029175 34.7694091796875 -7.287099361419678 0.1314
Pedestrian 1 1 1 70.23314666748047 163.52064514160156 109.2796859741211 231.0971221923828 0.7201808094978333 1.7717493772506714 0.5939153432846069 -13.97200870513916 1.5267434120178223 19.323474884033203 -8.027207374572754 0.1304
Pedestrian 1 1 1 771.7254028320312 160.37265014648438 789.4917602539062 206.4393768310547 0.7539331912994385 1.7788879871368408 0.6047685742378235 6.635915279388428 1.2966152429580688 28.276033401489258 -7.721861362457275 0.1295
Pedestrian 1 1 1 185.01805114746094 165.05926513671875 214.9767303466797 218.79583740234375 0.7535343170166016 1.7936333417892456 0.6035797595977783 -13.944406509399414 1.5331588983535767 24.470924377441406 -4.7479352951049805 0.1290
Car 1 1 1 87.70474243164062 181.9749755859375 195.17630004882812 226.0206756591797 3.749338150024414 1.4658634662628174 1.6571649312973022 -17.248687744140625 1.8272994756698608 26.70940399169922 -4.752790451049805 0.1283
Car 1 1 1 378.1803283691406 180.989501953125 445.5330810546875 224.21043395996094 3.8963305950164795 1.4984021186828613 1.5990647077560425 -7.56586217880249 1.8328206539154053 27.720413208007812 -4.735058307647705 0.1273
Cyclist 1 1 1 242.56341552734375 168.18096923828125 275.3425598144531 212.52679443359375 1.7447847127914429 1.7097874879837036 0.5727910399436951 -13.993121147155762 1.52931547164917 28.711181640625 -4.788916110992432 0.1268
Pedestrian 1 1 1 124.7016372680664 164.697509765625 150.0263214111328 210.83346557617188 0.597409188747406 1.8066926002502441 0.5917165279388428 -18.785865783691406 1.486983060836792 28.61659812927246 -4.46973991394043 0.1266
Pedestrian 1 1 1 309.05828857421875 166.48828125 324.6424255371094 204.58309936523438 0.6834999322891235 1.828812837600708 0.5800280570983887 -14.268450736999512 1.5229146480560303 35.02937316894531 -8.045061111450195 0.1262
Car 1 1 1 505.4954528808594 174.3878173828125 533.4588623046875 197.34060668945312 3.856934070587158 1.5868037939071655 1.6526997089385986 -6.614668846130371 1.701892375946045 52.21961212158203 -4.930804252624512 0.1249
Cyclist 1 1 1 485.9576110839844 177.1279754638672 510.70880126953125 221.2788543701172 1.7231642007827759 1.7512142658233643 0.6084739565849304 -4.622577667236328 1.93194580078125 29.676342010498047 -7.763341426849365 0.1244
Car 1 1 1 0.0 180.83905029296875 6.773971080780029 248.5249786376953 3.663923978805542 1.5075966119766235 1.618159532546997 -17.85626983642578 1.7318507432937622 18.403675079345703 -4.637627601623535 0.1225
Car 1 1 1 365.10406494140625 181.20834350585938 414.8370361328125 211.4329071044922 3.7203786373138428 1.4962080717086792 1.5316046476364136 -11.747735023498535 1.964475154876709 38.60784149169922 -4.71323299407959 0.1211
Pedestrian 1 1 1 677.748291015625 166.31350708007812 686.8571166992188 192.09759521484375 0.6940242052078247 1.7786054611206055 0.6052640676498413 4.990298748016357 1.3271371126174927 50.13803482055664 -4.647777080535889 0.1200
Car 1 1 1 314.76983642578125 172.36575317382812 337.2164001464844 193.1231231689453 4.1717047691345215 1.7854737043380737 1.7031141519546509 -25.302743911743164 1.7431756258010864 64.31401062011719 -8.190014839172363 0.1197
Car 1 1 1 0.36210134625434875 175.05418395996094 122.98188781738281 222.94036865234375 3.7211968898773193 1.5481266975402832 1.6493257284164429 -19.193988800048828 1.6311213970184326 25.408950805664062 -4.772683143615723 0.1192
Car 1 1 1 726.9984130859375 166.81304931640625 756.2227172851562 188.87252807617188 3.9836909770965576 1.6897836923599243 1.6676558256149292 10.38006591796875 1.2267388105392456 57.27940368652344 -7.833256244659424 0.1191
Car 1 1 1 129.92791748046875 182.309814453125 201.9070281982422 214.26121520996094 4.029391765594482 1.5153858661651611 1.614580750465393 -23.043800354003906 2.034518241882324 37.54673385620117 -4.819037914276123 0.1187
Car 1 1 1 383.3647155761719 171.70018005371094 406.17230224609375 192.7063751220703 3.9112491607666016 1.64704430103302 1.6513718366622925 -17.55860137939453 1.5562747716903687 58.69040298461914 -8.175938606262207 0.1185
Car 1 1 1 285.9420471191406 178.85704040527344 323.9612731933594 205.9815673828125 3.9048831462860107 1.5919238328933716 1.5811501741409302 -19.1529483795166 1.986262321472168 45.35115051269531 -4.946733474731445 0.1170
Car 1 1 1 513.7030029296875 178.48214721679688 554.015380859375 212.07997131347656 3.8666632175445557 1.5298986434936523 1.6456596851348877 -3.727715015411377 1.8213708400726318 35.45707702636719 -7.872924327850342 0.1164
Car 1 1 1 0.0 0.0 932.2849731445312 374.0 3.7851951122283936 1.5389986038208008 1.6399401426315308 0.44024068117141724 1.5563429594039917 0.8693038821220398 -7.892529010772705 0.1159
Car 1 1 1 40.20438003540039 173.78646850585938 168.85342407226562 211.17042541503906 4.173511505126953 1.5235671997070312 1.6488512754440308 -21.34174156188965 1.5641300678253174 30.539695739746094 -3.267458915710449 0.1150
Pedestrian 1 1 1 575.6907348632812 169.0855712890625 592.1778564453125 201.6557159423828 0.8609358668327332 1.7933909893035889 0.5282248258590698 -1.488498568534851 1.5855921506881714 40.23463821411133 -7.297422885894775 0.1133
Car 1 1 1 206.21383666992188 179.35342407226562 275.56689453125 214.96571350097656 3.8455679416656494 1.4976000785827637 1.681329607963562 -16.879613876342773 1.813720703125 33.104434967041016 -4.855803966522217 0.1130
Pedestrian 1 1 1 551.5384521484375 172.97901916503906 562.9598999023438 199.01524353027344 0.7405670881271362 1.771108627319336 0.6427503824234009 -3.655226469039917 1.7794679403305054 49.53155517578125 -8.1346435546875 0.1130
Pedestrian 1 1 1 888.1732177734375 161.69371032714844 923.4887084960938 233.099365234375 0.6490269899368286 1.6540356874465942 0.5545964241027832 6.929812908172607 1.3952198028564453 17.047014236450195 -7.886515140533447 0.1125
Pedestrian 1 1 1 470.6823425292969 168.2231903076172 485.75140380859375 200.29188537597656 0.788536787033081 1.794682264328003 0.6194978356361389 -7.488110542297363 1.5352246761322021 40.814674377441406 -7.70946741104126 0.1121
Pedestrian 1 1 1 359.52764892578125 177.09754943847656 370.73492431640625 195.78988647460938 0.8601794242858887 1.755065679550171 0.5662620067596436 -23.26156234741211 2.160571575164795 68.48931121826172 -7.400335788726807 0.1117
Car 1 1 1 151.7393341064453 180.70602416992188 270.2622985839844 217.70468139648438 4.02061128616333 1.4705772399902344 1.6260124444961548 -16.637470245361328 1.8098461627960205 30.162250518798828 -3.2582297325134277 0.1117
Car 1 1 1 330.906005859375 172.24142456054688 374.9452209472656 200.3894500732422 4.238332748413086 1.8107924461364746 1.6916435956954956 -17.27661895751953 1.771085262298584 48.585243225097656 -7.916564464569092 0.1112
Car 1 1 1 341.27685546875 176.4268035888672 365.0402526855469 194.15696716308594 3.93228816986084 1.6084256172180176 1.6257566213607788 -24.33102798461914 1.9571418762207031 68.39201354980469 -8.065247535705566 0.1100
Car 1 1 1 322.0196533203125 181.0004425048828 388.2042541503906 229.21897888183594 3.8803579807281494 1.4985166788101196 1.5929697751998901 -8.844087600708008 1.805570125579834 25.16988754272461 -4.895186901092529 0.1099
Pedestrian 1 1 1 506.75396728515625 172.1260986328125 516.9257202148438 195.73541259765625 0.6272683143615723 1.7871421575546265 0.5525866746902466 -7.509519100189209 1.7317416667938232 55.00065612792969 -7.544929027557373 0.1092
Car 1 1 1 1147.9139404296875 158.7822265625 1222.9541015625 189.1914520263672 3.88877010345459 1.6774777173995972 1.6466732025146484 33.22645568847656 0.9009299278259277 41.84157180786133 -7.716127872467041 0.1077
Car 1 1 1 161.30992126464844 173.11997985839844 236.1663360595703 207.53952026367188 3.915375232696533 1.5866426229476929 1.6336997747421265 -20.055805206298828 1.6000944375991821 35.298221588134766 -7.918638706207275 0.1068
Car 1 1 1 28.583595275878906 178.8434295654297 142.9772491455078 230.27951049804688 3.531360387802124 1.4726927280426025 1.563490390777588 -16.58864974975586 1.678642749786377 22.97105598449707 -4.888962268829346 0.1066
Pedestrian 1 1 1 534.0975952148438 173.43701171875 543.0701293945312 198.53717041015625 0.707953155040741 1.719150424003601 0.6048363447189331 -4.959896564483643 1.7594057321548462 49.814247131347656 -7.935469150543213 0.1065
Car 1 1 1 340.6563415527344 180.82989501953125 398.56341552734375 215.8728790283203 3.7937192916870117 1.488555669784546 1.5221925973892212 -11.106332778930664 1.879132628440857 33.44178771972656 -4.742408752441406 0.1064
Car 1 1 1 112.62267303466797 180.4387664794922 239.46632385253906 237.832763671875 3.538292169570923 1.5196342468261719 1.5275273323059082 -12.754490852355957 1.7629811763763428 21.37896728515625 -4.671148300170898 0.1061
Car 1 1 1 244.2963409423828 181.67027282714844 283.09735107421875 203.20481872558594 3.8383595943450928 1.5042182207107544 1.555277705192566 -25.921289443969727 2.189049482345581 54.06011962890625 -4.858945369720459 0.1061
Car 1 1 1 775.408935546875 166.806884765625 868.966552734375 197.85348510742188 4.201594352722168 1.5203217267990112 1.651881456375122 10.585362434387207 1.2239004373550415 36.28488540649414 -6.343899250030518 0.1060
Car 1 1 1 1057.703369140625 169.89662170410156 1241.0 251.5819091796875 4.059866905212402 1.5260101556777954 1.6698201894760132 11.656983375549316 1.4704616069793701 15.517060279846191 -4.7031049728393555 0.1053
Car 1 1 1 680.1555786132812 175.59254455566406 805.0118408203125 220.2920684814453 4.043531894683838 1.5060635805130005 1.6098192930221558 4.558276176452637 1.6056475639343262 25.37180519104004 -6.353611469268799 0.1052
Pedestrian 1 1 1 814.2452392578125 153.01077270507812 848.1143798828125 244.34059143066406 0.7792682647705078 1.771769404411316 0.6292333602905273 4.367684364318848 1.3865172863006592 14.457579612731934 -4.439666271209717 0.1047
Car 1 1 1 656.1363525390625 175.73609924316406 770.0509033203125 216.81710815429688 4.076518535614014 1.512608528137207 1.6284347772598267 3.8458456993103027 1.6263307332992554 27.62120819091797 -6.337860584259033 0.1046
Car 1 1 1 1241.0 103.4668197631836 1241.0 374.0 3.947279214859009 1.5833702087402344 1.6324414014816284 6.8627543449401855 1.4033836126327515 3.8443126678466797 -7.851324558258057 0.1044
Car 1 1 1 391.8310852050781 179.60227966308594 441.0726013183594 211.81436157226562 3.7720000743865967 1.518532633781433 1.5476950407028198 -9.821521759033203 1.8792917728424072 36.70735168457031 -4.727817058563232 0.1041
Car 1 1 1 0.0 190.88624572753906 138.82420349121094 369.021484375 4.009511947631836 1.4934091567993164 1.6609172821044922 -7.615821838378906 1.7587674856185913 8.550066947937012 -4.8160319328308105 0.1038
Car 1 1 1 662.5531616210938 177.13302612304688 707.421142578125 209.10690307617188 3.7721400260925293 1.4889858961105347 1.632545828819275 3.649465799331665 1.7139381170272827 36.050437927246094 -4.773128032684326 0.1037
Car 1 1 1 892.1171264648438 172.306640625 1061.6146240234375 227.9663848876953 4.010431289672852 1.52203369140625 1.6149749755859375 10.308964729309082 1.5067660808563232 20.555397033691406 -6.291794776916504 0.1037
Pedestrian 1 1 1 831.8973999023438 159.6009521484375 854.4254150390625 221.08999633789062 0.7151808142662048 1.7202295064926147 0.5962352156639099 6.605007171630859 1.3491599559783936 20.61385726928711 -7.56358003616333 0.1035
Car 1 1 1 436.9920654296875 179.51254272460938 466.2774658203125 204.77330017089844 3.816617488861084 1.5143336057662964 1.5634866952896118 -10.157424926757812 1.9598464965820312 46.30943298339844 -4.855288028717041 0.1034
Pedestrian 1 1 1 523.1651000976562 174.65838623046875 534.7882080078125 201.64878845214844 0.7941991686820984 1.8332231044769287 0.658858060836792 -5.5979838371276855 1.9580185413360596 49.547237396240234 -8.149466514587402 0.1032
Pedestrian 1 1 1 949.2931518554688 144.55213928222656 1022.5533447265625 292.7364501953125 0.663038432598114 1.7831759452819824 0.5963965058326721 4.631768703460693 1.4423054456710815 9.032976150512695 -7.788383960723877 0.1029
Pedestrian 1 1 1 354.8293762207031 175.0912322998047 378.8919982910156 232.03753662109375 0.5289458632469177 1.5783593654632568 0.49572858214378357 -6.8812432289123535 1.6417852640151978 20.28597068786621 -4.704402446746826 0.1028
Pedestrian 1 1 1 660.6494140625 168.2893524169922 683.3934936523438 211.7903594970703 0.7294136881828308 1.7170002460479736 0.5942983031272888 2.4452245235443115 1.536531925201416 28.9495849609375 -7.1409478187561035 0.1023
Pedestrian 1 1 1 1136.62646484375 151.64691162109375 1171.24560546875 206.28506469726562 0.7138994932174683 1.7992591857910156 0.5935143828392029 18.156511306762695 1.1006001234054565 24.157562255859375 -4.861177444458008 0.1022
Pedestrian 1 1 1 765.8924560546875 163.51348876953125 790.795166015625 227.22616577148438 0.6462182402610779 1.6485750675201416 0.5241135954856873 4.377176284790039 1.4065881967544556 19.002302169799805 -7.817686557769775 0.1019
Pedestrian 1 1 1 211.30882263183594 168.38514709472656 231.8966827392578 204.9440460205078 0.7531723380088806 1.7418363094329834 0.617069661617279 -18.753503799438477 1.5286190509796143 34.7734260559082 -7.919606685638428 0.1016
Cyclist 1 1 1 429.8260803222656 158.04478454589844 464.3774719238281 211.08645629882812 1.6787548065185547 1.7598624229431152 0.5533686280250549 -5.630655765533447 1.2682095766067505 24.814586639404297 -4.536986351013184 0.1013
Pedestrian 1 1 1 790.3238525390625 166.8531494140625 804.0035400390625 199.69412231445312 0.7189139723777771 1.7655035257339478 0.6394051313400269 10.142683982849121 1.4426027536392212 39.24052429199219 -7.480932712554932 0.1011
Cyclist 1 1 1 1027.9620361328125 152.96893310546875 1109.2669677734375 239.67193603515625 1.7479076385498047 1.7122136354446411 0.5248972177505493 9.518487930297852 1.3192229270935059 15.134907722473145 -7.903889179229736 0.1008
Pedestrian 1 1 1 101.13069152832031 163.40806579589844 136.68157958984375 237.0545654296875 0.7619215846061707 1.7929692268371582 0.5894554853439331 -12.332605361938477 1.5627021789550781 18.042644500732422 -5.519218921661377 0.1007
Car 1 1 1 318.7142028808594 173.89767456054688 342.8713684082031 194.0013885498047 4.120850563049316 1.8459630012512207 1.675646424293518 -26.562156677246094 1.9482007026672363 68.68601989746094 -8.105703353881836 0.1001
Cyclist 1 1 1 0.0 0.0 1241.0 374.0 1.8141183853149414 1.689084768295288 0.5324631333351135 4.029167175292969 1.344255805015564 -0.258443683385849 -7.9543538093566895 0.1001
