Car 1 1 1 356.2250061035156 177.2240447998047 483.4388732910156 256.8607482910156 4.108562469482422 1.4784642457962036 1.645577073097229 -4.006185054779053 1.5856555700302124 15.684877395629883 -4.7016072273254395 0.7717
Car 1 1 1 1109.9158935546875 167.6037139892578 1241.0 208.3331756591797 3.962904691696167 1.4634922742843628 1.5980304479599 21.081066131591797 1.2745388746261597 26.962844848632812 -3.2648301124572754 0.7397
Cyclist 1 1 1 784.9043579101562 163.1692352294922 836.4443359375 209.76412963867188 1.782983660697937 1.7491967678070068 0.6267400979995728 7.564450263977051 1.38532555103302 27.402341842651367 -3.139266014099121 0.7236
Pedestrian 1 1 1 491.7537841796875 160.6292724609375 534.58642578125 237.78237915039062 0.8262088894844055 1.7992628812789917 0.6301404237747192 -2.374459981918335 1.5138740539550781 17.34553337097168 -4.114787578582764 0.5456
Pedestrian 1 1 1 526.2431640625 164.46612548828125 554.5089111328125 225.83563232421875 0.7781932950019836 1.7712918519973755 0.6305449604988098 -2.1097028255462646 1.5288950204849243 21.305702209472656 -8.24683666229248 0.4892
Pedestrian 1 1 1 543.1060791015625 164.9279022216797 564.5616455078125 224.2126922607422 0.8604046702384949 1.7831398248672485 0.6441770195960999 -1.774103045463562 1.5444424152374268 22.156543731689453 -4.792088985443115 0.4818
Cyclist 1 1 1 734.0347290039062 175.7206573486328 751.2351684570312 208.54159545898438 1.6628262996673584 1.6852365732192993 0.5630680322647095 6.942483425140381 1.839368224143982 38.03260040283203 -4.736216068267822 0.4138
Pedestrian 1 1 1 378.2578125 173.62759399414062 402.18353271484375 221.06570434570312 0.6709852814674377 1.7312095165252686 0.6449356079101562 -8.175009727478027 1.759928584098816 26.704816818237305 -4.629002094268799 0.3986
Pedestrian 1 1 1 627.046875 170.11607360839844 643.1097412109375 208.10208129882812 0.6062941551208496 1.7441991567611694 0.590770423412323 1.1252601146697998 1.6181824207305908 33.515159606933594 -7.5134358406066895 0.2787
Cyclist 1 1 1 647.7431640625 174.7087860107422 658.350830078125 204.34945678710938 1.6585583686828613 1.689003825187683 0.5665316581726074 2.4664995670318604 1.7989686727523804 42.05721664428711 -4.682898998260498 0.2621
Car 1 1 1 518.4264526367188 183.80255126953125 562.0198974609375 211.6459197998047 3.9032256603240967 1.484483003616333 1.6701873540878296 -4.0556745529174805 2.1545310020446777 42.128990173339844 -4.573032855987549 0.2299
Car 1 1 1 1124.51416015625 168.530517578125 1241.0 228.20159912109375 3.60514760017395 1.454846978187561 1.568663477897644 15.507415771484375 1.3491358757019043 18.943965911865234 -3.4896273612976074 0.2265
Pedestrian 1 1 1 1084.967529296875 155.9675750732422 1108.846923828125 197.36737060546875 0.660320520401001 1.8265609741210938 0.6623566150665283 21.686429977416992 1.0812309980392456 32.20882797241211 -4.567380428314209 0.2233
Car 1 1 1 660.3214111328125 167.7471923828125 680.3960571289062 190.2051239013672 4.171374797821045 1.9197331666946411 1.6875680685043335 5.285297870635986 1.4828954935073853 63.813697814941406 -7.789555072784424 0.2129
Pedestrian 1 1 1 984.0767822265625 165.42832946777344 1000.4381103515625 201.21603393554688 0.43961435556411743 1.7238221168518066 0.5500708818435669 18.520910263061523 1.3658421039581299 35.039459228515625 -8.12026309967041 0.2100
Cyclist 1 1 1 578.8286743164062 176.48179626464844 616.4218139648438 213.16859436035156 1.8022440671920776 1.8188238143920898 0.6364401578903198 -0.659512460231781 2.003676176071167 36.345821380615234 -2.955671787261963 0.2052
Pedestrian 1 1 1 789.5424194335938 162.88026428222656 800.778076171875 193.55535888671875 0.6646645069122314 1.8295974731445312 0.6266871690750122 11.105173110961914 1.2344199419021606 43.425682067871094 -4.5039544105529785 0.1954
Pedestrian 1 1 1 18.218276977539062 131.3626251220703 170.7017059326172 374.0 0.7410207986831665 1.7296454906463623 0.6098216772079468 -3.7062771320343018 1.4556957483291626 5.16464376449585 -7.979843616485596 0.1954
Car 1 1 1 0.0 185.72303771972656 96.73686981201172 374.0 3.845766544342041 1.5195677280426025 1.5995906591415405 -7.287074089050293 1.6799969673156738 7.068696975708008 -4.686392307281494 0.1925
Car 1 1 1 550.8529052734375 183.44261169433594 594.7105102539062 211.15274047851562 3.8489696979522705 1.4928135871887207 1.6974210739135742 -2.1755642890930176 2.1461844444274902 42.4911003112793 -4.518591403961182 0.1921
Cyclist 1 1 1 616.5062866210938 177.75115966796875 651.7933349609375 214.43017578125 1.6986138820648193 1.7611571550369263 0.6420384049415588 1.126363754272461 2.001124620437622 35.067222595214844 -3.127075433731079 0.1879
Car 1 1 1 721.7167358398438 181.1357879638672 758.5376586914062 207.79202270507812 3.929917812347412 1.5077978372573853 1.655167818069458 7.856642246246338 2.035851240158081 44.04122543334961 -4.679988861083984 0.1841
Pedestrian 1 1 1 521.1326293945312 167.04066467285156 533.0428466796875 200.74044799804688 0.7542873620986938 1.8461439609527588 0.6473132371902466 -4.630247116088867 1.5273772478103638 39.9416389465332 -7.978076457977295 0.1783
Car 1 1 1 397.3965759277344 177.85394287109375 424.8485412597656 197.2038116455078 4.013962268829346 1.5306648015975952 1.6169790029525757 -16.590211868286133 1.9622764587402344 60.242095947265625 -4.827741622924805 0.1778
Pedestrian 1 1 1 387.7700500488281 167.05796813964844 405.4920654296875 204.08212280273438 0.5938236117362976 1.7787283658981323 0.5866411924362183 -10.401888847351074 1.4999734163284302 35.04493713378906 -7.4978556632995605 0.1745
Car 1 1 1 609.3423461914062 177.05645751953125 649.3190307617188 205.93267822265625 3.938033103942871 1.521403431892395 1.6075676679611206 1.102508306503296 1.7703920602798462 40.712581634521484 -4.513833999633789 0.1744
Pedestrian 1 1 1 936.5682983398438 164.5417938232422 952.8417358398438 208.82424926757812 0.6241300702095032 1.8301130533218384 0.5901820659637451 13.982295989990234 1.486284613609314 30.233036041259766 -4.231289863586426 0.1706
Pedestrian 1 1 1 678.1773681640625 168.15431213378906 690.9679565429688 207.1407928466797 0.5628913044929504 1.7715944051742554 0.5769238471984863 3.3756980895996094 1.5577346086502075 33.094276428222656 -7.762162685394287 0.1677
Pedestrian 1 1 1 1002.6823120117188 168.99337768554688 1026.0323486328125 212.90399169921875 0.642299473285675 1.8162894248962402 0.596505343914032 16.90999412536621 1.6563011407852173 30.255800247192383 -3.606565475463867 0.1658
Car 1 1 1 705.4417724609375 169.39208984375 735.646240234375 189.6940155029297 4.1822991371154785 1.807274341583252 1.6635531187057495 10.111559867858887 1.4987956285476685 66.40996551513672 -7.979427814483643 0.1647
Car 1 1 1 0.0 0.0 1241.0 374.0 3.8172874450683594 1.5194048881530762 1.6365301609039307 -3.4228343963623047 1.5897624492645264 0.9153202176094055 -7.876236438751221 0.1638
Car 1 1 1 1183.622314453125 159.10531616210938 1241.0 191.22982788085938 4.25028657913208 1.539922833442688 1.6313186883926392 30.942169189453125 0.8805649280548096 35.60564041137695 -6.380342483520508 0.1634
Car 1 1 1 723.6446533203125 179.69505310058594 755.3441162109375 202.9271240234375 3.8959543704986572 1.544724941253662 1.6228731870651245 9.096519470214844 2.0475330352783203 51.09850311279297 -4.690470218658447 0.1632
Pedestrian 1 1 1 753.6060180664062 165.50840759277344 770.541015625 203.5977020263672 0.6238614320755005 1.8176443576812744 0.6281358003616333 7.286590576171875 1.4668080806732178 34.78160858154297 -4.840060710906982 0.1625
Pedestrian 1 1 1 936.4370727539062 159.7099609375 950.4193725585938 195.1189727783203 0.7121286988258362 1.809299349784851 0.61920565366745 17.199405670166016 1.137376308441162 37.314022064208984 -7.473869800567627 0.1605
Car 1 1 1 276.0237121582031 178.76992797851562 377.88079833984375 223.59262084960938 3.7216718196868896 1.4645435810089111 1.6348011493682861 -10.167069435119629 1.6945409774780273 26.095033645629883 -4.495229721069336 0.1601
Car 1 1 1 411.8795471191406 169.31362915039062 474.20660400390625 206.24908447265625 3.812089204788208 1.514544129371643 1.6155567169189453 -7.262052536010742 1.3690707683563232 31.543617248535156 -4.643918991088867 0.1595
Cyclist 1 1 1 820.6588134765625 171.93499755859375 839.3672485351562 207.01707458496094 1.7113834619522095 1.690826177597046 0.5269572734832764 10.81852912902832 1.6462334394454956 35.64924621582031 -4.633462429046631 0.1594
Cyclist 1 1 1 348.8053283691406 176.10545349121094 391.07257080078125 216.03656005859375 1.7223310470581055 1.8121626377105713 0.6598972082138062 -11.056097984313965 1.9626820087432861 33.13410186767578 -3.1470179557800293 0.1586
Car 1 1 1 766.9346923828125 178.2529754638672 813.3068237304688 209.62298583984375 3.7933833599090576 1.4932974576950073 1.6347397565841675 9.124051094055176 1.78407621383667 36.958309173583984 -4.6520562171936035 0.1566
Pedestrian 1 1 1 370.7139587402344 171.7877197265625 383.492919921875 212.96519470214844 0.4418698847293854 1.763980507850647 0.5328639149665833 -10.130499839782715 1.718002200126648 31.248212814331055 -3.6257410049438477 0.1552
Pedestrian 1 1 1 397.89251708984375 165.3445587158203 418.61444091796875 208.46739196777344 0.6082865595817566 1.7836824655532837 0.601077139377594 -8.492166519165039 1.4727708101272583 30.225749969482422 -4.404510021209717 0.1534
Car 1 1 1 957.2320556640625 172.92340087890625 1075.519287109375 220.5432586669922 3.8886942863464355 1.5201733112335205 1.606030821800232 13.917028427124023 1.5224785804748535 25.06161880493164 -4.82453727722168 0.1529
Car 1 1 1 0.0 0.0 1241.0 374.0 3.8176817893981934 1.537790298461914 1.6110056638717651 2.6863808631896973 1.553398609161377 0.6653432846069336 -7.865522861480713 0.1528
Pedestrian 1 1 1 710.8370361328125 168.54739379882812 728.6973266601562 209.48541259765625 0.7360015511512756 1.7434886693954468 0.6020402312278748 4.703797340393066 1.5597764253616333 31.185028076171875 -7.456546783447266 0.1524
Pedestrian 1 1 1 1019.633056640625 163.4444122314453 1037.46630859375 205.21331787109375 0.5124471187591553 1.7672063112258911 0.5878483057022095 17.861257553100586 1.3687950372695923 30.873046875 -4.341166973114014 0.1492
Car 1 1 1 1075.977294921875 167.6538848876953 1155.3538818359375 201.1820526123047 3.6668221950531006 1.504536509513855 1.6034433841705322 23.89527702331543 1.2708876132965088 34.30649185180664 -4.570521831512451 0.1485
Car 1 1 1 0.0 178.23635864257812 86.4129409790039 295.3369445800781 3.714942216873169 1.4763826131820679 1.584717035293579 -10.16767692565918 1.5741621255874634 11.211591720581055 -4.8281426429748535 0.1483
Car 1 1 1 0.0 177.82211303710938 189.1101531982422 291.9764099121094 3.870262622833252 1.4854495525360107 1.6416720151901245 -8.58090591430664 1.5787642002105713 11.580270767211914 -4.825987339019775 0.1474
Pedestrian 1 1 1 900.8106079101562 167.25262451171875 919.6287841796875 210.5235595703125 0.6467272043228149 1.7706902027130127 0.6083707809448242 12.393866539001465 1.541176676750183 29.904373168945312 -4.508265972137451 0.1460
Car 1 1 1 0.0 0.0 1241.0 374.0 3.8205831050872803 1.5467121601104736 1.6144102811813354 -1.806281566619873 1.5817934274673462 0.7193532586097717 -7.887695789337158 0.1457
Pedestrian 1 1 1 553.7514038085938 169.89349365234375 566.2537841796875 203.2701416015625 0.6493915915489197 1.7521390914916992 0.5986257791519165 -2.6914846897125244 1.5964242219924927 38.248416900634766 -8.02379322052002 0.1448
Pedestrian 1 1 1 1043.8221435546875 160.1569061279297 1063.8497314453125 202.31324768066406 0.6432696580886841 1.797033667564392 0.6494256854057312 19.13123321533203 1.2554837465286255 31.181026458740234 -7.449697017669678 0.1434
Car 1 1 1 202.67892456054688 185.30960083007812 375.8572692871094 291.66131591796875 3.947740077972412 1.470564603805542 1.6124168634414673 -5.3674540519714355 1.7215012311935425 12.5053129196167 -4.819103240966797 0.1422
Pedestrian 1 1 1 1065.607666015625 160.41802978515625 1085.9598388671875 202.3206024169922 0.5078484416007996 1.7947642803192139 0.617580235004425 20.114418029785156 1.2618087530136108 31.232820510864258 -7.5798773765563965 0.1416
Cyclist 1 1 1 643.828369140625 172.79473876953125 651.5789794921875 199.27316284179688 1.7465507984161377 1.6938292980194092 0.4798879325389862 2.429435968399048 1.6897379159927368 47.044254302978516 -7.78696870803833 0.1398
Car 1 1 1 508.7173156738281 172.1697235107422 536.7431640625 194.63441467285156 4.1251220703125 1.7766180038452148 1.7081108093261719 -7.229811191558838 1.7222017049789429 59.27690887451172 -8.11866569519043 0.1393
Pedestrian 1 1 1 449.047119140625 164.7481689453125 472.4281005859375 210.63787841796875 0.7968272566795349 1.7718663215637207 0.6155933737754822 -5.8983025550842285 1.45858895778656 28.320133209228516 -7.612083911895752 0.1387
Car 1 1 1 536.6384887695312 169.44757080078125 567.6428833007812 190.7572784423828 4.258565425872803 1.9047425985336304 1.6876916885375977 -5.333643913269043 1.5999619960784912 66.75493621826172 -7.6365790367126465 0.1374
Car 1 1 1 730.2158203125 173.36570739746094 748.701416015625 190.6448974609375 3.9343996047973633 1.555179476737976 1.6381044387817383 11.998201370239258 1.6039634943008423 67.13805389404297 -7.689812183380127 0.1368
Car 1 1 1 680.1701049804688 169.22760009765625 700.955810546875 190.96209716796875 4.086963176727295 1.857663631439209 1.6486040353775024 7.1295037269592285 1.5474120378494263 63.816993713378906 -7.698145389556885 0.1366
Pedestrian 1 1 1 366.0880432128906 169.10528564453125 389.6748046875 226.3922119140625 0.6544803380966187 1.6548402309417725 0.5781642198562622 -6.868287563323975 1.546251654624939 21.215961456298828 -8.030817985534668 0.1364
Car 1 1 1 986.7052612304688 172.6642303466797 1091.69482421875 216.55751037597656 3.9467740058898926 1.4857906103134155 1.6218112707138062 15.529280662536621 1.479067087173462 26.429241180419922 -4.671158313751221 0.1348
Pedestrian 1 1 1 1194.9759521484375 151.99697875976562 1241.0 227.40513610839844 0.7318034172058105 1.772722601890564 0.598909318447113 14.649274826049805 1.2821083068847656 17.381711959838867 -8.06053352355957 0.1340
Cyclist 1 1 1 581.4970092773438 174.2783203125 587.1249389648438 193.7095489501953 1.7106801271438599 1.738916277885437 0.45462560653686523 -2.3597850799560547 1.8697601556777954 65.5671615600586 -7.922130107879639 0.1327
Pedestrian 1 1 1 1058.2510986328125 160.27096557617188 1076.4881591796875 201.55307006835938 0.503034770488739 1.7986804246902466 0.6217864751815796 20.109004974365234 1.2501319646835327 31.79821014404297 -4.269587993621826 0.1325
Car 1 1 1 0.0 182.86363220214844 0.0 374.0 3.932671546936035 1.5289808511734009 1.6277601718902588 -5.041775226593018 1.5867153406143188 2.210918426513672 -7.861565113067627 0.1325
Pedestrian 1 1 1 1108.676513671875 152.96189880371094 1150.3106689453125 222.2390594482422 0.7196487188339233 1.7539470195770264 0.5932323336601257 13.369850158691406 1.2500224113464355 18.655792236328125 -4.610888481140137 0.1324
Car 1 1 1 0.0 0.0 1241.0 374.0 3.8679535388946533 1.525607943534851 1.6289135217666626 4.290337562561035 1.5343730449676514 0.964415967464447 -7.887588977813721 0.1322
Cyclist 1 1 1 809.3461303710938 168.66400146484375 831.4248657226562 204.613525390625 1.7514073848724365 1.7033189535140991 0.5713040232658386 10.169926643371582 1.504493236541748 35.0645751953125 -4.7060370445251465 0.1322
Pedestrian 1 1 1 474.8652648925781 170.02392578125 506.6460876464844 235.9639434814453 0.6766666173934937 1.6122941970825195 0.5731315612792969 -3.025718927383423 1.5427964925765991 18.034603118896484 -4.494227409362793 0.1319
Car 1 1 1 482.4108581542969 177.70748901367188 500.9845886230469 194.90843200683594 3.9003753662109375 1.537036657333374 1.6125401258468628 -11.144941329956055 2.0060906410217285 67.70878601074219 -4.902060508728027 0.1312
Pedestrian 1 1 1 590.181884765625 171.9052734375 602.3663330078125 195.54322814941406 0.7517884969711304 1.8068249225616455 0.5650895833969116 -1.0858306884765625 1.7340054512023926 55.61278533935547 -7.003172397613525 0.1304
Pedestrian 1 1 1 601.470458984375 167.27310180664062 616.6531372070312 205.2107391357422 0.5839530825614929 1.824871301651001 0.6212160587310791 -0.08859197050333023 1.5561197996139526 35.06246566772461 -8.084210395812988 0.1297
Pedestrian 1 1 1 614.5668334960938 169.027587890625 629.6021118164062 207.33377075195312 0.5820311307907104 1.7907609939575195 0.6075800657272339 0.5317118763923645 1.6115810871124268 34.080013275146484 -7.6389641761779785 0.1293
Car 1 1 1 1230.5899658203125 157.35467529296875 1241.0 204.6961212158203 4.086411952972412 1.5018936395645142 1.6317665576934814 23.148256301879883 1.009881854057312 23.75286293029785 -6.260368824005127 0.1292
Pedestrian 1 1 1 407.9997253417969 166.24520874023438 426.8195495605469 210.6834259033203 0.5977372527122498 1.7846099138259888 0.6092046499252319 -7.85529088973999 1.5189052820205688 29.27859878540039 -4.723108768463135 0.1287
Pedestrian 1 1 1 664.4833374023438 168.3942413330078 680.1002197265625 207.5254669189453 0.6042599081993103 1.759790301322937 0.5813661217689514 2.7860004901885986 1.5589277744293213 32.79091262817383 -8.004405975341797 0.1281
Cyclist 1 1 1 820.0639038085938 173.78543090820312 838.0955810546875 203.89064025878906 1.6881418228149414 1.7191095352172852 0.5911203026771545 12.738329887390137 1.774269461631775 42.108787536621094 -4.678074359893799 0.1274
Car 1 1 1 972.1453247070312 174.91395568847656 1117.0296630859375 238.6458740234375 3.842355728149414 1.4696990251541138 1.565263271331787 11.026836395263672 1.5284086465835571 18.71727180480957 -4.6709303855896 0.1272
Pedestrian 1 1 1 388.6861572265625 167.3553924560547 418.6184387207031 223.42210388183594 0.7250990867614746 1.7405147552490234 0.5530597567558289 -6.581990718841553 1.569517970085144 22.85509490966797 -4.049097537994385 0.1267
Car 1 1 1 0.0 0.0 1105.2606201171875 374.0 3.7729904651641846 1.5521949529647827 1.617169976234436 1.0668611526489258 1.5637969970703125 0.6533272862434387 -7.9336256980896 0.1267
Pedestrian 1 1 1 370.926025390625 168.0785369873047 397.6808776855469 226.5232391357422 0.6420594453811646 1.7441902160644531 0.5778838992118835 -6.885830402374268 1.6013742685317993 21.875202178955078 -4.636369228363037 0.1255
Car 1 1 1 697.3349609375 179.3681182861328 732.8231201171875 207.53549194335938 4.004127502441406 1.4916412830352783 1.6493200063705444 5.912692546844482 1.8817484378814697 41.19949722290039 -4.657827854156494 0.1248
Car 1 1 1 1084.8277587890625 161.66165161132812 1185.60546875 192.08102416992188 4.046638011932373 1.5181407928466797 1.6227566003799438 26.78571319580078 0.9592635631561279 36.920509338378906 -6.332788944244385 0.1247
Pedestrian 1 1 1 973.427490234375 168.1031036376953 993.3110961914062 212.0709991455078 0.5864574313163757 1.8172770738601685 0.5757319927215576 15.600613594055176 1.6206135749816895 30.23301124572754 -7.032055377960205 0.1246
Car 1 1 1 462.2336120605469 174.5607452392578 510.0242614746094 211.05023193359375 3.9454562664031982 1.4666587114334106 1.6224998235702515 -5.334152698516846 1.5449579954147339 31.209320068359375 -4.774025917053223 0.1239
Cyclist 1 1 1 832.0458374023438 172.56565856933594 851.303955078125 207.5494842529297 1.6866297721862793 1.6873987913131714 0.5267937183380127 11.399041175842285 1.673190712928772 35.663204193115234 -4.636871814727783 0.1229
Pedestrian 1 1 1 835.9129028320312 165.10289001464844 855.2481079101562 208.4683837890625 0.7203211188316345 1.7945752143859863 0.6347760558128357 9.827967643737793 1.473514437675476 30.251083374023438 -4.605350971221924 0.1227
Pedestrian 1 1 1 869.5133666992188 168.6026153564453 888.716064453125 211.8348388671875 0.6965558528900146 1.7685004472732544 0.6270932555198669 11.107342720031738 1.5942888259887695 29.912334442138672 -4.541991710662842 0.1220
Car 1 1 1 519.0435180664062 171.73106384277344 544.4644775390625 190.5149383544922 4.043625354766846 1.7098037004470825 1.6722220182418823 -7.3340301513671875 1.6072866916656494 67.75592803955078 -7.780240535736084 0.1218
Cyclist 1 1 1 336.0169677734375 154.328125 394.19720458984375 231.3782501220703 1.652847409248352 1.762080430984497 0.5634179711341858 -5.915990829467773 1.3381071090698242 17.36777114868164 -4.504932403564453 0.1217
Pedestrian 1 1 1 362.325927734375 174.20928955078125 378.93878173828125 210.7058563232422 0.6745662689208984 1.7491722106933594 0.6284686326980591 -11.675399780273438 1.8155879974365234 35.06663131713867 -8.405213356018066 0.1181
Pedestrian 1 1 1 783.2493896484375 171.3324737548828 803.9689331054688 210.15267944335938 0.7928073406219482 1.7887834310531616 0.6274224519729614 8.54781436920166 1.7183730602264404 33.7503662109375 -7.082418918609619 0.1176
Pedestrian 1 1 1 1056.752197265625 158.2138671875 1077.4239501953125 198.29920959472656 0.6183568835258484 1.8015021085739136 0.6563847661018372 20.743562698364258 1.1432503461837769 32.8201904296875 -7.550732135772705 0.1176
Pedestrian 1 1 1 858.1848754882812 170.9097137451172 935.4140014648438 327.19915771484375 0.7634127736091614 1.4499551057815552 0.4740149676799774 2.73686146736145 1.4316171407699585 7.083428859710693 -4.678771018981934 0.1169
Car 1 1 1 61.02549362182617 180.12899780273438 202.04251098632812 252.98684692382812 3.7258758544921875 1.5261250734329224 1.562793254852295 -11.455998420715332 1.7221440076828003 17.49016761779785 -4.911827564239502 0.1166
Car 1 1 1 1222.1612548828125 159.99539184570312 1241.0 342.20867919921875 3.995506525039673 1.5099976062774658 1.5892627239227295 8.431466102600098 1.4031386375427246 7.002077102661133 -6.4003472328186035 0.1160
Pedestrian 1 1 1 602.771728515625 171.1852264404297 613.6818237304688 201.2988739013672 0.792417585849762 1.7809712886810303 0.6217684745788574 -0.1388230174779892 1.6819769144058228 43.080135345458984 -7.817861080169678 0.1154
Car 1 1 1 1114.8121337890625 170.91452026367188 1241.0 264.9552307128906 4.011755466461182 1.5092883110046387 1.6221153736114502 11.660000801086426 1.477860927581787 13.592462539672852 -4.704412937164307 0.1151
Car 1 1 1 579.8654174804688 176.8217315673828 612.2538452148438 207.34494018554688 3.8525562286376953 1.5557516813278198 1.5610467195510864 -0.8387201428413391 1.7822566032409668 39.26757049560547 -4.783934116363525 0.1150
Car 1 1 1 705.107177734375 174.5820770263672 734.0869140625 199.43385314941406 3.943305253982544 1.5747082233428955 1.6520156860351562 7.222918510437012 1.6943306922912598 48.037620544433594 -4.626745700836182 0.1150
Pedestrian 1 1 1 1098.38232421875 141.2523651123047 1157.92138671875 294.3261413574219 0.6631790995597839 1.6873774528503418 0.5434632897377014 5.951829433441162 1.3387233018875122 8.381324768066406 -4.097685813903809 0.1141
Pedestrian 1 1 1 1085.1690673828125 154.7636260986328 1122.0399169921875 221.24436950683594 0.7523271441459656 1.7660640478134155 0.593167245388031 13.347830772399902 1.285192608833313 19.60106086730957 -4.484827995300293 0.1135
Car 1 1 1 745.1947631835938 168.22491455078125 798.3424072265625 195.57008361816406 3.9445531368255615 1.6467158794403076 1.6628090143203735 10.119172096252441 1.3676538467407227 45.56770324707031 -8.104947090148926 0.1133
Pedestrian 1 1 1 537.2381591796875 162.37200927734375 563.7293701171875 226.91688537597656 0.75105220079422 1.8046151399612427 0.6172534227371216 -1.7554771900177002 1.5112483501434326 20.620162963867188 -4.994706153869629 0.1132
Cyclist 1 1 1 1217.5504150390625 164.2490692138672 1241.0 202.34613037109375 1.737584114074707 1.6840778589248657 0.5687711834907532 28.446823120117188 1.3033976554870605 32.80399703979492 -4.50760555267334 0.1131
Pedestrian 1 1 1 813.4514770507812 164.548095703125 864.2822265625 282.93017578125 0.7535121440887451 1.571054220199585 0.5204121470451355 3.0937445163726807 1.4605261087417603 9.974608421325684 -4.62047004699707 0.1130
Pedestrian 1 1 1 944.1170654296875 167.11326599121094 962.4916381835938 208.32241821289062 0.5382282137870789 1.7780998945236206 0.5778914093971252 14.957616806030273 1.5300977230072021 31.52765464782715 -7.067709445953369 0.1129
Cyclist 1 1 1 0.0 0.0 1241.0 374.0 1.8643854856491089 1.6455312967300415 0.5128106474876404 6.899538516998291 1.304110050201416 -0.28966283798217773 -8.053528785705566 0.1125
Pedestrian 1 1 1 493.66802978515625 170.0426483154297 504.7442932128906 197.73716735839844 0.7652254700660706 1.7754020690917969 0.6013572216033936 -7.192276954650879 1.5948752164840698 46.6390495300293 -7.857602596282959 0.1125
Pedestrian 1 1 1 988.195556640625 169.10337829589844 1010.2837524414062 212.47222900390625 0.5610339641571045 1.797713041305542 0.59220290184021 16.269224166870117 1.6419435739517212 30.245450973510742 -8.065651893615723 0.1121
Cyclist 1 1 1 563.449462890625 175.22061157226562 578.8466796875 209.60350036621094 1.762892246246338 1.7627394199371338 0.5755043625831604 -2.07696795463562 1.8900971412658691 38.01829528808594 -7.770603656768799 0.1103
Car 1 1 1 397.4483642578125 178.42344665527344 416.4060974121094 195.7464599609375 3.758880853652954 1.4689534902572632 1.5862175226211548 -18.188640594482422 1.9822511672973633 64.51261901855469 -8.133927345275879 0.1102
Cyclist 1 1 1 660.63671875 175.4449462890625 673.9614868164062 207.2858123779297 1.705277681350708 1.703497290611267 0.5658640265464783 3.0988848209381104 1.8484727144241333 39.59952163696289 -4.729904651641846 0.1097
Pedestrian 1 1 1 974.0883178710938 160.1188507080078 1001.7119140625 215.17242431640625 0.7276210188865662 1.7335249185562134 0.5901690721511841 12.0958251953125 1.3322211503982544 23.185062408447266 -7.056926250457764 0.1094
Car 1 1 1 480.8687438964844 172.70997619628906 503.4808349609375 193.6802978515625 3.9753239154815674 1.6779826879501343 1.6867929697036743 -9.827157974243164 1.6661567687988281 59.852176666259766 -4.915440559387207 0.1093
Pedestrian 1 1 1 381.6296081542969 172.8187255859375 408.3887634277344 227.422119140625 0.6184532642364502 1.5576764345169067 0.523383378982544 -6.281808853149414 1.5563703775405884 20.933000564575195 -4.539584159851074 0.1088
Pedestrian 1 1 1 475.60662841796875 165.24815368652344 497.24346923828125 210.1609649658203 0.8100504279136658 1.7724663019180298 0.6044939160346985 -4.994492053985596 1.4720046520233154 28.9318904876709 -7.6554131507873535 0.1087
Car 1 1 1 415.480712890625 182.46786499023438 498.429443359375 233.27700805664062 3.88897442817688 1.4994937181472778 1.5477215051651 -5.049304008483887 1.8469758033752441 24.080411911010742 -4.59584379196167 0.1087
Car 1 1 1 603.7132568359375 170.65707397460938 640.39501953125 197.81597900390625 3.9378550052642822 1.6492867469787598 1.6352404356002808 0.7776908278465271 1.5155733823776245 45.91033935546875 -4.509523391723633 0.1086
Pedestrian 1 1 1 404.0893249511719 166.5897674560547 424.3249816894531 216.63211059570312 0.73991858959198 1.802733063697815 0.6293626427650452 -7.2050461769104 1.5767698287963867 26.403661727905273 -7.996340274810791 0.1085
Car 1 1 1 572.7410278320312 174.81919860839844 589.8955078125 191.87203979492188 3.943911552429199 1.556968331336975 1.5771034955978394 -2.7598514556884766 1.7483024597167969 68.35076141357422 -7.904707431793213 0.1084
Pedestrian 1 1 1 580.6461181640625 166.03451538085938 594.7002563476562 196.68026733398438 0.7806381583213806 1.8782621622085571 0.6167944669723511 -1.415485143661499 1.4599988460540771 44.69749069213867 -7.488220691680908 0.1084
Cyclist 1 1 1 369.6798095703125 174.51040649414062 410.35723876953125 213.15020751953125 1.7206836938858032 1.8068082332611084 0.6588982343673706 -10.43249225616455 1.8856067657470703 34.112091064453125 -3.125399112701416 0.1079
Car 1 1 1 0.0 183.88931274414062 0.0 374.0 3.89925479888916 1.5111057758331299 1.5938907861709595 -9.236589431762695 1.6542563438415527 7.423412799835205 -4.704289436340332 0.1076
Car 1 1 1 160.06869506835938 182.74066162109375 335.0968933105469 270.56683349609375 4.169333457946777 1.492266297340393 1.6360828876495361 -7.255147933959961 1.7243868112564087 14.848901748657227 -4.7491912841796875 0.1071
Car 1 1 1 1241.0 170.98793029785156 1241.0 374.0 3.9449257850646973 1.5103919506072998 1.6079002618789673 5.873414039611816 1.505184531211853 3.943364143371582 -7.749072551727295 0.1071
Pedestrian 1 1 1 582.31494140625 173.91632080078125 591.5647583007812 193.93222045898438 0.7629632353782654 1.7710000276565552 0.56807541847229 -2.081134080886841 1.8661384582519531 64.3570556640625 -8.294280052185059 0.1066
Cyclist 1 1 1 780.0009765625 168.43003845214844 803.6598510742188 211.7355499267578 1.77022123336792 1.6864562034606934 0.5183446407318115 7.245687484741211 1.5138731002807617 28.986452102661133 -7.8448100090026855 0.1063
Pedestrian 1 1 1 886.0184326171875 168.16038513183594 903.3590087890625 211.3983154296875 0.647506833076477 1.7685973644256592 0.6125537157058716 11.752830505371094 1.5763109922409058 29.910663604736328 -4.426492691040039 0.1061
Cyclist 1 1 1 722.2544555664062 175.65321350097656 739.2032470703125 207.6199188232422 1.642176866531372 1.6523950099945068 0.5552362203598022 6.356044769287109 1.8038157224655151 38.27554702758789 -4.756885528564453 0.1055
Cyclist 1 1 1 746.9423828125 175.21482849121094 765.0763549804688 208.57225036621094 1.6493473052978516 1.6966651678085327 0.560053825378418 7.569674015045166 1.8222858905792236 37.651397705078125 -4.746233940124512 0.1054
Pedestrian 1 1 1 654.5716552734375 173.00961303710938 672.2612915039062 211.64096069335938 0.6332938075065613 1.7852860689163208 0.5930003523826599 2.4601643085479736 1.7923624515533447 33.77558517456055 -7.272998809814453 0.1050
Pedestrian 1 1 1 523.6749877929688 171.29721069335938 544.4967041015625 213.58755493164062 0.7807556986808777 1.8001632690429688 0.6308004856109619 -3.329296588897705 1.733595848083496 31.20958137512207 -8.381294250488281 0.1044
Pedestrian 1 1 1 504.078369140625 164.63726806640625 518.4837646484375 197.7071533203125 0.7185050249099731 1.8260900974273682 0.655769944190979 -5.5381693840026855 1.3720694780349731 40.22785568237305 -7.7710862159729 0.1039
Car 1 1 1 748.91796875 174.55006408691406 768.9654541015625 193.27467346191406 4.105480194091797 1.6061527729034424 1.6663118600845337 13.311543464660645 1.7625499963760376 64.47513580322266 -4.48673677444458 0.1035
Car 1 1 1 234.7667999267578 180.45045471191406 346.9737854003906 241.347900390625 3.7298367023468018 1.5140953063964844 1.576101303100586 -8.877999305725098 1.747235894203186 20.291053771972656 -4.734550476074219 0.1034
Pedestrian 1 1 1 913.3314208984375 167.83164978027344 932.1036376953125 211.6268310546875 0.5901669859886169 1.813096284866333 0.6035630702972412 13.047574043273926 1.604873776435852 30.216073989868164 -4.530450344085693 0.1027
Car 1 1 1 791.9489135742188 172.55670166015625 845.3120727539062 202.48660278320312 3.9374876022338867 1.515072226524353 1.6580766439437866 11.022602081298828 1.4997223615646362 38.50503158569336 -4.726569652557373 0.1025
Pedestrian 1 1 1 721.8353271484375 170.4365234375 741.4063110351562 210.88121032714844 0.6846203804016113 1.7609421014785767 0.6121661067008972 5.319321155548096 1.655386209487915 31.830730438232422 -8.14294147491455 0.1024
Car 1 1 1 0.0 180.5203857421875 0.0 374.0 3.8786776065826416 1.544153094291687 1.634528398513794 -11.451556205749512 1.64786958694458 7.8218183517456055 -4.748952388763428 0.1024
Car 1 1 1 117.40557098388672 181.64471435546875 293.93182373046875 262.4881591796875 4.153022766113281 1.5340367555618286 1.6490429639816284 -8.888023376464844 1.7566795349121094 16.221179962158203 -4.713996410369873 0.1020
Pedestrian 1 1 1 589.5980834960938 175.67120361328125 604.2664184570312 205.60122680664062 0.8529263734817505 1.7496737241744995 0.6229983568191528 -0.8138653039932251 1.918404459953308 42.78388595581055 -8.207901000976562 0.1015
Pedestrian 1 1 1 679.1369018554688 172.08546447753906 692.8681030273438 211.12025451660156 0.6056679487228394 1.74054753780365 0.5939522385597229 3.385059356689453 1.7059783935546875 32.514793395996094 -7.712499141693115 0.1015
Pedestrian 1 1 1 1146.8765869140625 151.33287048339844 1192.9364013671875 224.6885528564453 0.7249883413314819 1.7638896703720093 0.5772606730461121 13.688201904296875 1.2460988759994507 17.721086502075195 -4.681623935699463 0.1010
Pedestrian 1 1 1 1172.27197265625 151.82447814941406 1226.555419921875 232.43157958984375 0.7576494216918945 1.7840771675109863 0.5843156576156616 13.344381332397461 1.3183307647705078 16.41274642944336 -4.981968402862549 0.1001
