Car 1 1 1 347.37445068359375 185.7091064453125 515.388427734375 304.6871337890625 4.005808353424072 1.521631121635437 1.647456169128418 -2.71724534034729 1.7655664682388306 11.686670303344727 -4.688661098480225 0.8370
Car 1 1 1 591.23046875 181.74899291992188 650.4077758789062 233.8754425048828 3.6797056198120117 1.4916646480560303 1.5791715383529663 0.37169572710990906 1.8011164665222168 23.21339225769043 -4.606750965118408 0.7908
Car 1 1 1 497.470703125 182.53695678710938 588.4991455078125 256.2109069824219 3.7277047634124756 1.5414079427719116 1.5835881233215332 -1.5658140182495117 1.8020532131195068 17.522920608520508 -4.631486415863037 0.7492
Car 1 1 1 801.229736328125 173.15638732910156 831.9645385742188 197.85813903808594 3.9665887355804443 1.6039917469024658 1.651391863822937 13.955035209655762 1.6251109838485718 49.00676345825195 -7.665948390960693 0.5557
Pedestrian 1 1 1 837.0570678710938 141.85885620117188 886.44677734375 259.1192626953125 0.7932633757591248 1.8169081211090088 0.6387551426887512 3.986863851547241 1.3363494873046875 11.628435134887695 -4.527987480163574 0.4040
Pedestrian 1 1 1 825.1654052734375 160.9034423828125 851.0169677734375 225.8179168701172 0.901429295539856 1.753109097480774 0.6690186858177185 6.275822162628174 1.4300669431686401 20.016801834106445 -4.405869007110596 0.3204
Car 1 1 1 1080.7735595703125 171.14837646484375 1241.0 372.4479064941406 3.928048610687256 1.5153461694717407 1.6233619451522827 6.889848709106445 1.5022066831588745 7.407073497772217 -4.726738929748535 0.3190
Car 1 1 1 882.54248046875 173.90467834472656 910.7709350585938 193.95858764648438 3.8582351207733154 1.5212863683700562 1.622735619544983 22.58749008178711 1.6070414781570435 57.02536392211914 -4.453690052032471 0.3093
Cyclist 1 1 1 896.1510009765625 158.4935760498047 934.7367553710938 214.58363342285156 1.7264031171798706 1.6899003982543945 0.49546530842781067 9.497658729553223 1.2569447755813599 22.604888916015625 -7.84183931350708 0.2787
Pedestrian 1 1 1 397.0733642578125 164.56613159179688 432.76727294921875 247.7275848388672 0.8633126616477966 1.7505735158920288 0.6689823865890503 -4.307271957397461 1.5758113861083984 15.71066665649414 -8.215630531311035 0.2706
Pedestrian 1 1 1 543.950927734375 163.33700561523438 558.0277099609375 199.193359375 0.6553966403007507 1.8047704696655273 0.629030704498291 -3.03517484664917 1.325448751449585 36.662353515625 -7.7974934577941895 0.2415
Car 1 1 1 523.7395629882812 177.08425903320312 583.7456665039062 219.4064178466797 3.662811756134033 1.4834460020065308 1.5673542022705078 -2.1253342628479004 1.656154990196228 27.59178924560547 -4.582250118255615 0.2411
Cyclist 1 1 1 535.4000854492188 158.1133575439453 566.5908813476562 210.6848602294922 1.625888705253601 1.7442690134048462 0.5535217523574829 -2.0593879222869873 1.2548894882202148 24.796785354614258 -4.450138568878174 0.2257
Pedestrian 1 1 1 620.611572265625 171.53184509277344 636.6676635742188 208.4925537109375 0.7117475867271423 1.709590196609497 0.6127831935882568 0.8344825506210327 1.6481351852416992 33.793453216552734 -7.610409259796143 0.2113
Car 1 1 1 0.0 186.89564514160156 229.46524047851562 363.9180603027344 3.8554749488830566 1.51259446144104 1.5972976684570312 -6.296720027923584 1.7133864164352417 8.402410507202148 -4.7162604331970215 0.2020
Pedestrian 1 1 1 215.0236053466797 175.85488891601562 272.69085693359375 283.1747131347656 0.6006841063499451 1.576139211654663 0.5072782635688782 -5.618804454803467 1.6230138540267944 10.979904174804688 -4.406109809875488 0.2001
Pedestrian 1 1 1 613.2376098632812 170.2742462158203 630.5098266601562 209.8714141845703 0.6974284648895264 1.7247905731201172 0.6201838254928589 0.4844323694705963 1.6121209859848022 31.842727661132812 -7.608226299285889 0.1976
Pedestrian 1 1 1 1198.220703125 130.32452392578125 1241.0 267.68804931640625 0.7260244488716125 1.8131163120269775 0.5912792086601257 8.538468360900879 1.2514528036117554 9.98546028137207 -3.8611693382263184 0.1927
Pedestrian 1 1 1 585.7887573242188 163.8340301513672 602.0319213867188 203.9725341796875 0.7849631905555725 1.8003019094467163 0.6177870035171509 -0.7695631384849548 1.3954360485076904 32.79507827758789 -7.710995197296143 0.1905
Pedestrian 1 1 1 384.3516540527344 164.854248046875 415.6545104980469 222.8519744873047 0.902746856212616 1.7502752542495728 0.6680966019630432 -6.512651443481445 1.5085561275482178 22.242511749267578 -7.803347110748291 0.1895
Car 1 1 1 649.032470703125 179.6074981689453 697.1171875 203.47654724121094 3.948610305786133 1.5447030067443848 1.6618140935897827 4.293807506561279 2.0329039096832275 50.049007415771484 -5.113821983337402 0.1888
Pedestrian 1 1 1 577.7935791015625 166.16574096679688 595.3220825195312 207.1140899658203 0.7853639721870422 1.7825185060501099 0.6233438849449158 -1.0735031366348267 1.491072654724121 31.850875854492188 -7.675844669342041 0.1840
Pedestrian 1 1 1 1071.9508056640625 152.41339111328125 1126.182373046875 263.8509216308594 0.6578031182289124 1.6808491945266724 0.5257283449172974 7.571014404296875 1.372236728668213 11.272966384887695 -4.425909519195557 0.1818
Car 1 1 1 806.2425537109375 177.3175811767578 857.8037109375 211.71371459960938 4.1058855056762695 1.4976246356964111 1.6248127222061157 10.377049446105957 1.7215224504470825 34.105979919433594 -4.5920891761779785 0.1811
Car 1 1 1 651.325439453125 184.35870361328125 698.1132202148438 210.72560119628906 4.066808223724365 1.5084199905395508 1.7473443746566772 3.976041555404663 2.2660505771636963 45.35698699951172 -4.939704418182373 0.1808
Pedestrian 1 1 1 1100.090576171875 153.0776824951172 1138.77587890625 228.8384552001953 0.7074592709541321 1.7124522924423218 0.5776476263999939 11.780560493469238 1.2651400566101074 16.758607864379883 -3.8489203453063965 0.1776
Car 1 1 1 0.0 0.0 1241.0 374.0 3.8910300731658936 1.565676212310791 1.655448317527771 -4.37725830078125 1.6429073810577393 1.6001954078674316 -7.889485836029053 0.1751
Pedestrian 1 1 1 599.48095703125 167.81089782714844 616.6224365234375 208.65765380859375 0.743828535079956 1.7412571907043457 0.6106901168823242 -0.12366343289613724 1.5259745121002197 31.18107032775879 -7.665121555328369 0.1642
Pedestrian 1 1 1 911.92333984375 159.02566528320312 937.4401245117188 222.28611755371094 0.777026355266571 1.681719422340393 0.5954869985580444 8.511236190795898 1.3138062953948975 19.649532318115234 -7.496556758880615 0.1604
Car 1 1 1 809.2870483398438 177.72979736328125 858.2432250976562 208.4026641845703 4.053422927856445 1.4968849420547485 1.6286181211471558 11.663924217224121 1.767247200012207 37.96487045288086 -4.62721586227417 0.1603
Pedestrian 1 1 1 201.45620727539062 182.48788452148438 258.3721618652344 290.5300598144531 0.5503258109092712 1.4414461851119995 0.4634096622467041 -5.306220054626465 1.5785205364227295 9.984702110290527 -4.576211929321289 0.1598
Pedestrian 1 1 1 104.05200958251953 166.765380859375 158.5458221435547 253.78358459472656 0.7225075960159302 1.6649527549743652 0.5554853677749634 -9.462725639343262 1.548156976699829 14.200628280639648 -4.5781779289245605 0.1577
Pedestrian 1 1 1 1053.18603515625 156.72593688964844 1118.59375 281.7508850097656 0.6938673257827759 1.5966261625289917 0.5231221318244934 6.295830726623535 1.390363335609436 9.631208419799805 -3.7804064750671387 0.1541
Pedestrian 1 1 1 502.6854248046875 167.02157592773438 532.5328979492188 226.53231811523438 0.6377214789390564 1.6902920007705688 0.6025617718696594 -2.724592685699463 1.524333119392395 20.91564178466797 -4.234444618225098 0.1537
Cyclist 1 1 1 898.6195678710938 158.96627807617188 948.9752807617188 228.58848571777344 1.710123062133789 1.686661958694458 0.5138612985610962 7.894789695739746 1.349919319152832 18.33857536315918 -4.726740837097168 0.1502
Car 1 1 1 626.317138671875 183.44117736816406 662.8829956054688 209.80111694335938 4.107000827789307 1.4843158721923828 1.7151451110839844 2.0465972423553467 2.16735577583313 44.45151901245117 -4.798275947570801 0.1500
Car 1 1 1 795.8873291015625 173.44857788085938 832.5897827148438 199.5453643798828 3.9199719429016113 1.5523189306259155 1.6404436826705933 12.66818904876709 1.5908385515213013 45.06083679199219 -4.585232734680176 0.1498
Car 1 1 1 805.6182250976562 178.02932739257812 832.0670776367188 199.9520263671875 4.074617385864258 1.510969638824463 1.6556495428085327 15.25008773803711 1.9058915376663208 52.92872619628906 -4.481626033782959 0.1491
Car 1 1 1 0.0 0.0 1241.0 374.0 3.853951930999756 1.5385292768478394 1.6313282251358032 3.0196125507354736 1.5373526811599731 0.9829321503639221 -7.909129619598389 0.1468
Pedestrian 1 1 1 502.8114013671875 170.88638305664062 526.574951171875 222.21031188964844 0.6053718328475952 1.5774825811386108 0.569386899471283 -3.020494222640991 1.516706109046936 22.530582427978516 -4.510861396789551 0.1463
Car 1 1 1 322.2241516113281 180.99835205078125 441.28497314453125 221.93930053710938 4.087268352508545 1.4989389181137085 1.6298391819000244 -8.831972122192383 1.8258953094482422 27.918628692626953 -3.010972023010254 0.1449
Car 1 1 1 881.7926635742188 170.75845336914062 912.5294189453125 189.40472412109375 4.07634162902832 1.6269277334213257 1.6136839389801025 25.833345413208008 1.443786382675171 65.08042907714844 -7.72561502456665 0.1449
Pedestrian 1 1 1 176.47999572753906 177.21701049804688 233.72509765625 284.8990173339844 0.5663366317749023 1.5806810855865479 0.5075518488883972 -6.195470809936523 1.6486748456954956 10.956525802612305 -4.459800720214844 0.1442
Car 1 1 1 826.8707275390625 175.8907012939453 872.0938720703125 204.32620239257812 4.130050182342529 1.5220264196395874 1.6338081359863281 13.577816009521484 1.7042405605316162 41.22256088256836 -4.5994343757629395 0.1438
Pedestrian 1 1 1 72.7439956665039 167.01002502441406 129.55125427246094 254.9730987548828 0.7304803729057312 1.6788312196731567 0.5512336492538452 -10.064009666442871 1.56699538230896 14.208512306213379 -4.363114833831787 0.1435
Pedestrian 1 1 1 133.5283203125 161.8274688720703 186.03643798828125 245.7178955078125 0.7140904664993286 1.7030949592590332 0.5977660417556763 -9.452686309814453 1.4789409637451172 15.078970909118652 -4.405075550079346 0.1417
Pedestrian 1 1 1 896.2745971679688 157.5987091064453 923.3745727539062 212.5541534423828 0.7248236536979675 1.7731231451034546 0.6387531757354736 9.828149795532227 1.2806150913238525 23.76308250427246 -7.160461902618408 0.1394
Pedestrian 1 1 1 355.2991027832031 161.23104858398438 409.3561706542969 253.31512451171875 0.8389007449150085 1.7844043970108032 0.6179937720298767 -4.620753288269043 1.558875322341919 14.499794006347656 -7.328842639923096 0.1386
Pedestrian 1 1 1 1081.1422119140625 156.21304321289062 1148.3636474609375 278.9952087402344 0.5609970092773438 1.6515100002288818 0.5289977192878723 6.928204536437988 1.4273768663406372 10.001472473144531 -4.774044036865234 0.1371
Cyclist 1 1 1 684.7240600585938 177.3019561767578 698.4576416015625 204.49722290039062 1.6944231986999512 1.7398865222930908 0.54997718334198 5.309555530548096 2.0366406440734863 47.317203521728516 -4.811612129211426 0.1351
Pedestrian 1 1 1 1106.4984130859375 159.7670440673828 1130.42041015625 209.9208526611328 0.5489578247070312 1.7396296262741089 0.5889555811882019 17.843698501586914 1.2853970527648926 25.396289825439453 -7.443985462188721 0.1351
Car 1 1 1 967.6795654296875 174.2196502685547 1025.4853515625 198.77891540527344 3.740009069442749 1.4926700592041016 1.5150713920593262 24.52606964111328 1.5830055475234985 45.97669219970703 -4.769828796386719 0.1333
Pedestrian 1 1 1 508.9290771484375 172.4523468017578 528.19287109375 215.5399169921875 0.7910110354423523 1.6791858673095703 0.6185039281845093 -3.671781539916992 1.6632329225540161 28.591476440429688 -8.170316696166992 0.1326
Pedestrian 1 1 1 770.172607421875 167.90586853027344 781.96728515625 194.60794067382812 0.7940897941589355 1.7805110216140747 0.5929610133171082 11.131072998046875 1.45026695728302 48.51726150512695 -7.880069255828857 0.1324
Car 1 1 1 0.0 0.0 1241.0 374.0 3.8268089294433594 1.5482356548309326 1.6439622640609741 -2.4463202953338623 1.6106748580932617 0.8490535616874695 -7.903367519378662 0.1306
Pedestrian 1 1 1 759.9865112304688 165.95846557617188 772.3074340820312 194.28369140625 0.745928943157196 1.7739276885986328 0.6280200481414795 9.847743034362793 1.3417799472808838 45.65519714355469 -7.443284034729004 0.1303
Pedestrian 1 1 1 633.4556274414062 175.15359497070312 643.5486450195312 197.52267456054688 0.7806945443153381 1.6873425245285034 0.5414518117904663 2.1452536582946777 1.863755464553833 54.98454284667969 -7.4780097007751465 0.1292
Pedestrian 1 1 1 791.3768310546875 167.6984405517578 803.257080078125 193.7470703125 0.7833743095397949 1.844988226890564 0.6255027651786804 13.337679862976074 1.4795258045196533 51.50663375854492 -7.884766101837158 0.1292
Pedestrian 1 1 1 65.85179901123047 157.2662353515625 102.17562103271484 232.77432250976562 0.7279030084609985 1.8085227012634277 0.5837021470069885 -12.967184066772461 1.434874415397644 17.733293533325195 -5.133607864379883 0.1287
Pedestrian 1 1 1 319.2524719238281 164.41392517089844 350.9494934082031 222.72744750976562 0.7679252028465271 1.7601268291473389 0.6506394147872925 -8.492191314697266 1.505072832107544 22.183029174804688 -7.789113521575928 0.1287
Car 1 1 1 700.98046875 168.70706176757812 762.9955444335938 191.77200317382812 4.096057891845703 1.535176157951355 1.6525112390518188 8.248416900634766 1.258860468864441 49.14710235595703 -2.9919559955596924 0.1282
Car 1 1 1 963.6488647460938 174.25909423828125 1016.63330078125 197.1797332763672 3.8031206130981445 1.4941176176071167 1.5584763288497925 25.81048011779785 1.593320608139038 49.182945251464844 -4.728363513946533 0.1277
Pedestrian 1 1 1 764.6474609375 165.4797821044922 774.7666625976562 192.96438598632812 0.7495515942573547 1.7976102828979492 0.6264873743057251 10.503695487976074 1.315004587173462 47.6174201965332 -7.670032978057861 0.1265
Pedestrian 1 1 1 174.3506317138672 170.68521118164062 218.4552001953125 255.18064880371094 0.5633679628372192 1.6223939657211304 0.5021289587020874 -8.180586814880371 1.580451488494873 14.189282417297363 -4.4622802734375 0.1240
Pedestrian 1 1 1 535.5338134765625 167.36073303222656 550.9154663085938 207.6995391845703 0.6091697216033936 1.7809540033340454 0.6177173256874084 -3.0162882804870605 1.5381271839141846 32.167144775390625 -7.831928730010986 0.1230
Pedestrian 1 1 1 338.14569091796875 164.20321655273438 385.2829284667969 249.93272399902344 0.7584435343742371 1.744020700454712 0.5971224308013916 -5.25148868560791 1.567735195159912 15.132619857788086 -4.390700340270996 0.1226
Car 1 1 1 910.347412109375 174.4485626220703 955.2847290039062 199.17652893066406 3.8908722400665283 1.538124918937683 1.6101983785629272 21.00840187072754 1.6465591192245483 47.172454833984375 -4.589034557342529 0.1216
Car 1 1 1 1072.209228515625 167.51820373535156 1241.0 241.705322265625 3.8043510913848877 1.5231378078460693 1.6393654346466064 12.947184562683105 1.4132888317108154 16.818721771240234 -4.865253448486328 0.1215
Car 1 1 1 642.7429809570312 171.783935546875 685.2141723632812 194.0510711669922 3.9603238105773926 1.7399400472640991 1.7348302602767944 4.310826778411865 1.656024694442749 58.54195785522461 -5.142807483673096 0.1209
Cyclist 1 1 1 575.4898681640625 160.02706909179688 602.9656372070312 209.5694122314453 1.6267741918563843 1.7322689294815063 0.5577183961868286 -0.783608615398407 1.2834699153900146 26.086435317993164 -4.455301284790039 0.1199
Pedestrian 1 1 1 141.89723205566406 169.75558471679688 187.3387451171875 255.82261657714844 0.5695387125015259 1.6499176025390625 0.5189523696899414 -8.813755989074707 1.5902209281921387 14.199586868286133 -4.277358055114746 0.1191
Pedestrian 1 1 1 264.4648132324219 172.4319610595703 305.9539794921875 257.2768859863281 0.5321123003959656 1.6603888273239136 0.541962742805481 -6.5627522468566895 1.6518296003341675 14.470024108886719 -4.317987442016602 0.1191
Pedestrian 1 1 1 588.9473266601562 162.82872009277344 602.6011962890625 198.7289581298828 0.6766483187675476 1.836922526359558 0.6472587585449219 -0.7714231014251709 1.3236550092697144 37.2795524597168 -7.783291339874268 0.1182
Pedestrian 1 1 1 914.2352905273438 157.901123046875 942.3716430664062 217.05592346191406 0.6730687618255615 1.6829168796539307 0.6056272983551025 9.16865062713623 1.2572170495986938 20.912721633911133 -7.6734843254089355 0.1178
Pedestrian 1 1 1 580.8897094726562 169.03125 599.5595703125 213.9173583984375 0.7482642531394958 1.7350592613220215 0.6133624315261841 -0.8249582052230835 1.5869922637939453 28.31818389892578 -8.052919387817383 0.1177
Pedestrian 1 1 1 950.5794067382812 163.2891082763672 982.2074584960938 236.1183319091797 0.593275249004364 1.5902862548828125 0.49218636751174927 7.889228820800781 1.3811289072036743 16.093124389648438 -7.66409158706665 0.1160
Car 1 1 1 445.8741760253906 180.15875244140625 514.0712280273438 222.55120849609375 3.890944004058838 1.4883959293365479 1.6113439798355103 -5.010715484619141 1.7923901081085205 28.042278289794922 -4.614686965942383 0.1159
Car 1 1 1 904.9757690429688 172.494140625 1003.1134643554688 220.19224548339844 4.002108097076416 1.5034613609313965 1.6237823963165283 11.630849838256836 1.4918185472488403 24.781879425048828 -4.662919521331787 0.1152
Car 1 1 1 0.0 184.0282745361328 0.0 362.83245849609375 4.039981842041016 1.5617001056671143 1.6224033832550049 -10.479077339172363 1.7276182174682617 8.647780418395996 -4.80307149887085 0.1136
Pedestrian 1 1 1 167.32888793945312 168.85401916503906 211.57119750976562 249.80039978027344 0.5822228789329529 1.651787281036377 0.5564215183258057 -8.848715782165527 1.56986403465271 15.099406242370605 -4.31741189956665 0.1136
Car 1 1 1 931.47021484375 173.2781219482422 973.6183471679688 197.29295349121094 3.9989356994628906 1.540857195854187 1.6316848993301392 22.926376342773438 1.5703060626983643 48.491310119628906 -4.515186786651611 0.1123
Car 1 1 1 0.0 0.0 929.482666015625 374.0 3.8401498794555664 1.5458316802978516 1.6557190418243408 0.4339088201522827 1.5593405961990356 0.8529402613639832 -7.895279407501221 0.1119
Pedestrian 1 1 1 711.7286376953125 169.9384765625 721.8575439453125 199.0668487548828 0.6761683821678162 1.803395390510559 0.6209054589271545 6.630792140960693 1.6225895881652832 45.05036163330078 -7.712418079376221 0.1116
Car 1 1 1 0.0 189.70863342285156 24.587244033813477 374.0 4.123138427734375 1.5103495121002197 1.6323708295822144 -6.325718879699707 1.6354128122329712 4.433127403259277 -3.0839478969573975 0.1112
Pedestrian 1 1 1 801.6321411132812 169.93557739257812 835.206787109375 241.04745483398438 0.6916405558586121 1.5843018293380737 0.5543023943901062 4.684693813323975 1.5189822912216187 16.426101684570312 -4.731151103973389 0.1110
Car 1 1 1 522.6300659179688 181.6326904296875 595.2437744140625 238.3357391357422 4.060716152191162 1.5066295862197876 1.6379822492599487 -1.499851942062378 1.798157811164856 21.901485443115234 -4.639767169952393 0.1104
Pedestrian 1 1 1 300.2279052734375 164.1433868408203 329.5224914550781 222.5810546875 0.730749785900116 1.7673383951187134 0.6154278516769409 -9.1192045211792 1.5036022663116455 22.194814682006836 -7.879960536956787 0.1100
Car 1 1 1 973.241455078125 174.3062744140625 1034.851318359375 200.77413940429688 3.78529953956604 1.4917926788330078 1.5756717920303345 23.240781784057617 1.5813910961151123 42.76997756958008 -4.714713096618652 0.1092
Pedestrian 1 1 1 252.6468963623047 166.10279846191406 286.9178466796875 229.53880310058594 0.7277974486351013 1.7220722436904907 0.5759819149971008 -9.458300590515137 1.538500189781189 19.97056007385254 -7.78358793258667 0.1090
Car 1 1 1 1241.0 109.69171142578125 1241.0 374.0 3.8724987506866455 1.5336494445800781 1.6267508268356323 4.929901599884033 1.5083839893341064 2.2314281463623047 -7.841522693634033 0.1084
Pedestrian 1 1 1 153.1822509765625 167.03692626953125 199.4638214111328 259.5790100097656 0.5379231572151184 1.6888465881347656 0.5191984176635742 -8.170660018920898 1.5823880434036255 13.512701988220215 -4.339879989624023 0.1082
Pedestrian 1 1 1 213.887939453125 162.4584503173828 252.65518188476562 233.88758850097656 0.6807119250297546 1.7477275133132935 0.5807603001594543 -9.452324867248535 1.4930692911148071 18.021753311157227 -7.75581693649292 0.1080
Car 1 1 1 770.5449829101562 176.75531005859375 804.1689453125 203.34523010253906 4.041354656219482 1.523371696472168 1.6553938388824463 10.751798629760742 1.77293062210083 44.08610916137695 -4.556365013122559 0.1076
Pedestrian 1 1 1 415.3984680175781 166.52955627441406 451.5915222167969 239.05032348632812 0.7267810702323914 1.7064628601074219 0.5860245823860168 -4.299972057342529 1.5573445558547974 17.396995544433594 -7.633280277252197 0.1074
Car 1 1 1 786.4884643554688 176.23643493652344 858.5764770507812 215.75064086914062 3.7602503299713135 1.4761370420455933 1.5842392444610596 8.470588684082031 1.621850848197937 29.21635627746582 -4.782756805419922 0.1074
Car 1 1 1 853.1781005859375 174.50079345703125 899.9362182617188 202.98825073242188 4.001441478729248 1.5454152822494507 1.635337233543396 15.215058326721191 1.6445157527923584 41.46782302856445 -4.592445373535156 0.1074
Pedestrian 1 1 1 299.6801452636719 165.969970703125 333.328125 227.28045654296875 0.7257689237594604 1.6620368957519531 0.5595223903656006 -8.165054321289062 1.4751211404800415 19.967830657958984 -7.669714450836182 0.1073
Pedestrian 1 1 1 599.63134765625 165.3131561279297 616.292724609375 205.904052734375 0.7602555155754089 1.784148097038269 0.6264304518699646 -0.1295700967311859 1.4523950815200806 32.140380859375 -7.692172527313232 0.1067
Pedestrian 1 1 1 95.3173828125 157.90798950195312 137.96963500976562 231.16635131835938 0.7661077380180359 1.7866748571395874 0.5821929574012756 -12.351428985595703 1.4218616485595703 18.006927490234375 -7.9514899253845215 0.1053
Car 1 1 1 757.2141723632812 179.0572967529297 792.5192260742188 202.3071746826172 3.8756370544433594 1.5679117441177368 1.66022527217865 11.720844268798828 2.0282647609710693 51.638240814208984 -4.706257343292236 0.1044
Car 1 1 1 299.16082763671875 180.59165954589844 425.3955383300781 225.49658203125 4.023580551147461 1.5208806991577148 1.6080009937286377 -8.92556095123291 1.8113878965377808 25.974708557128906 -2.966001510620117 0.1041
Cyclist 1 1 1 490.68017578125 159.47377014160156 518.3825073242188 207.392822265625 1.6114656925201416 1.7425711154937744 0.5536386370658875 -3.989642381668091 1.2557005882263184 27.079967498779297 -4.539586067199707 0.1039
Car 1 1 1 1056.6121826171875 170.152099609375 1181.5113525390625 219.5052032470703 3.8164713382720947 1.5172333717346191 1.572555422782898 16.799137115478516 1.4338704347610474 24.115324020385742 -4.678863048553467 0.1034
Car 1 1 1 873.2509155273438 172.44186401367188 905.8250732421875 194.4246063232422 3.946066379547119 1.5698457956314087 1.61602783203125 20.697372436523438 1.5401134490966797 53.62160873413086 -4.511271953582764 0.1032
Car 1 1 1 702.9425048828125 182.83596801757812 771.98291015625 208.84156799316406 3.9685630798339844 1.5129636526107788 1.648260474205017 7.63580322265625 2.1304256916046143 43.68734359741211 -3.068387985229492 0.1031
Pedestrian 1 1 1 799.2924194335938 163.73876953125 822.4368286132812 222.89418029785156 0.8449376225471497 1.6469825506210327 0.6232443451881409 5.677039623260498 1.392899751663208 20.579063415527344 -4.442388534545898 0.1029
Pedestrian 1 1 1 508.5062561035156 168.6892547607422 533.3428344726562 223.93853759765625 0.6030825972557068 1.6259490251541138 0.5917298197746277 -2.708763360977173 1.5030834674835205 21.579774856567383 -4.549983978271484 0.1016
Pedestrian 1 1 1 398.7137451171875 166.91867065429688 428.98968505859375 224.8724822998047 0.8425281643867493 1.7003289461135864 0.6570054888725281 -5.912558078765869 1.5258901119232178 21.60105323791504 -4.68030309677124 0.1014
Car 1 1 1 432.0601806640625 180.8724822998047 513.5560302734375 237.84701538085938 3.970228910446167 1.4958423376083374 1.5955684185028076 -4.02778959274292 1.7568347454071045 21.509765625 -4.690023899078369 0.1014
Pedestrian 1 1 1 865.2500610351562 164.98052978515625 889.2442016601562 209.78326416015625 0.7926950454711914 1.7860528230667114 0.600134015083313 10.789584159851074 1.4718784093856812 29.24909019470215 -6.985752582550049 0.1013
Car 1 1 1 598.7478637695312 178.9388427734375 636.5740966796875 202.76333618164062 3.984570264816284 1.5099172592163086 1.6620607376098633 0.44152528047561646 1.9403393268585205 48.94557571411133 -4.942375183105469 0.1004
