Car 1 1 1 698.4804077148438 175.2440643310547 823.4164428710938 263.41558837890625 3.9291341304779053 1.5726276636123657 1.651236891746521 2.910649061203003 1.628501534461975 14.967833518981934 -7.8867621421813965 0.8213
Car 1 1 1 84.23235321044922 185.64207458496094 397.06390380859375 361.26568603515625 4.098869323730469 1.499341368675232 1.63033127784729 -3.9708268642425537 1.6864620447158813 8.517182350158691 -4.7225260734558105 0.7865
Car 1 1 1 973.1076049804688 167.68301391601562 1190.7769775390625 256.64630126953125 3.637687921524048 1.5173509120941162 1.6243952512741089 8.892963409423828 1.4288551807403564 13.706298828125 -3.5008459091186523 0.7610
Car 1 1 1 435.9207458496094 178.29022216796875 520.0848388671875 243.4193878173828 3.7844388484954834 1.5523655414581299 1.6049851179122925 -3.491147518157959 1.7126442193984985 19.414133071899414 -4.721076965332031 0.7411
Car 1 1 1 872.1060791015625 170.5294647216797 1027.6361083984375 230.71437072753906 3.6536777019500732 1.5086146593093872 1.5574394464492798 9.034584999084473 1.450047254562378 19.342082977294922 -3.4232401847839355 0.7382
Car 1 1 1 680.7000732421875 179.0799560546875 758.5888671875 236.76876831054688 3.6568593978881836 1.4735971689224243 1.6047031879425049 2.9941861629486084 1.6675970554351807 20.67337417602539 -7.874344348907471 0.7218
Car 1 1 1 896.0438232421875 169.8881378173828 1071.26953125 242.97373962402344 3.5411789417266846 1.5153969526290894 1.5582212209701538 8.387943267822266 1.4536012411117554 16.320533752441406 -3.5065762996673584 0.6747
Car 1 1 1 839.936767578125 171.0968475341797 975.7578125 223.58084106445312 3.6962778568267822 1.5200974941253662 1.5757644176483154 9.088876724243164 1.4689050912857056 22.185964584350586 -3.4345457553863525 0.6324
Car 1 1 1 805.906982421875 173.593994140625 933.285400390625 218.77447509765625 4.0621562004089355 1.4960652589797974 1.6254891157150269 9.055456161499023 1.5231826305389404 25.33570098876953 -3.4539496898651123 0.6089
Car 1 1 1 1134.7410888671875 160.69667053222656 1241.0 264.2008361816406 3.695746660232544 1.554986596107483 1.582137107849121 10.92582893371582 1.372041940689087 12.155433654785156 -3.4505395889282227 0.5935
Car 1 1 1 787.955322265625 174.13465881347656 893.1868896484375 214.73294067382812 3.678934335708618 1.506636619567871 1.56047523021698 8.934826850891113 1.5585826635360718 28.14704704284668 -3.4415013790130615 0.5736
Car 1 1 1 0.0 191.43276977539062 121.37664031982422 374.0 3.9749910831451416 1.5314877033233643 1.6508737802505493 -4.027705192565918 1.6542575359344482 2.7557430267333984 -4.7591118812561035 0.5613
Car 1 1 1 731.99658203125 172.08055114746094 822.5575561523438 207.43617248535156 3.88671875 1.6235284805297852 1.639727234840393 7.780666828155518 1.5877114534378052 33.965354919433594 -3.135146141052246 0.4526
Car 1 1 1 529.3067016601562 180.66136169433594 566.8314819335938 213.59239196777344 4.096266269683838 1.503552794456482 1.620703935623169 -3.0756399631500244 1.915067434310913 35.99147415161133 -4.736998558044434 0.4105
Car 1 1 1 1103.4012451171875 167.7113037109375 1240.427978515625 216.78729248046875 3.9636104106903076 1.4794540405273438 1.5757911205291748 17.973773956298828 1.3241214752197266 23.15180778503418 -3.479409694671631 0.3967
Pedestrian 1 1 1 698.3513793945312 171.1512908935547 711.0715942382812 196.27500915527344 0.6784557700157166 1.7541176080703735 0.6654667854309082 6.634971618652344 1.6349343061447144 50.79942321777344 -5.011717319488525 0.3595
Car 1 1 1 796.1629028320312 175.25767517089844 839.166259765625 212.15072631835938 3.557140588760376 1.473441243171692 1.5578384399414062 8.813567161560059 1.5826621055603027 30.97061538696289 -4.493096828460693 0.3285
Car 1 1 1 564.1629028320312 182.49282836914062 584.0280151367188 201.3597412109375 3.867654323577881 1.5331079959869385 1.6536606550216675 -3.1116273403167725 2.3951282501220703 62.59212875366211 -4.743973731994629 0.3145
Car 1 1 1 668.6595458984375 177.06585693359375 692.5582275390625 194.84593200683594 3.8403570652008057 1.5140018463134766 1.5336800813674927 6.241703510284424 1.9006915092468262 64.33297729492188 -4.772726058959961 0.3097
Car 1 1 1 513.5418090820312 177.64471435546875 555.7078247070312 219.3421630859375 3.9251182079315186 1.614282488822937 1.6127958297729492 -3.1611740589141846 1.8292081356048584 30.405550003051758 -4.776157379150391 0.2971
Car 1 1 1 509.83489990234375 176.43788146972656 545.0860595703125 202.9591827392578 4.044831275939941 1.522188663482666 1.6501680612564087 -5.01853084564209 1.7504844665527344 43.992088317871094 -4.7022857666015625 0.2808
Pedestrian 1 1 1 33.481449127197266 149.54148864746094 99.61355590820312 256.8331298828125 0.7248005270957947 1.8577085733413696 0.6086061000823975 -9.77269458770752 1.4537625312805176 12.919817924499512 -4.460995674133301 0.2499
Car 1 1 1 703.610595703125 176.80250549316406 729.1397705078125 194.3736114501953 3.889490842819214 1.5014837980270386 1.5769671201705933 9.454660415649414 1.8650208711624146 64.51473999023438 -4.748298168182373 0.2200
Pedestrian 1 1 1 286.8647766113281 160.8390350341797 318.62237548828125 218.502685546875 0.7671496272087097 1.7923648357391357 0.6208292841911316 -9.770748138427734 1.418602705001831 22.84916877746582 -7.720231533050537 0.2085
Car 1 1 1 381.74786376953125 185.8950958251953 404.36907958984375 204.8657989501953 3.925095319747925 1.51287841796875 1.622857928276062 -18.78731918334961 2.6803336143493652 62.51518630981445 -4.938142776489258 0.2067
Car 1 1 1 730.8790893554688 173.86209106445312 771.5133666992188 204.2260284423828 3.782952070236206 1.4905463457107544 1.605022668838501 7.242312431335449 1.5453356504440308 37.48944854736328 -7.7872843742370605 0.2038
Pedestrian 1 1 1 1116.6148681640625 152.13246154785156 1142.1815185546875 197.14442443847656 0.6669589877128601 1.8049260377883911 0.6243298053741455 21.056285858154297 0.973717212677002 29.322036743164062 -4.510786056518555 0.2015
Car 1 1 1 335.45391845703125 185.4959259033203 362.5404968261719 203.3491973876953 4.019583225250244 1.5159960985183716 1.5901105403900146 -23.985820770263672 2.7152411937713623 66.35784912109375 -4.862794399261475 0.1985
Pedestrian 1 1 1 1104.0435791015625 158.3316650390625 1120.8033447265625 191.53912353515625 0.7490543723106384 1.7994816303253174 0.5924602746963501 27.500120162963867 1.0122296810150146 39.55552291870117 -7.485745906829834 0.1959
Car 1 1 1 498.66021728515625 179.75294494628906 539.3701171875 209.00234985351562 4.032417297363281 1.5001778602600098 1.6341654062271118 -5.026811599731445 1.9019421339035034 40.01011276245117 -4.681488513946533 0.1924
Car 1 1 1 471.3310852050781 179.8261260986328 512.4227905273438 208.81492614746094 3.690026044845581 1.5204763412475586 1.5026370286941528 -6.639647960662842 1.93113374710083 40.64137268066406 -4.6501922607421875 0.1923
Pedestrian 1 1 1 410.3386535644531 171.887939453125 419.4332580566406 198.5575408935547 0.8120331764221191 1.8388274908065796 0.5947081446647644 -13.614158630371094 1.771918535232544 50.221961975097656 -4.996345043182373 0.1895
Car 1 1 1 58.168827056884766 191.9868621826172 134.72230529785156 216.3657684326172 3.7284185886383057 1.5106747150421143 1.7389354705810547 -33.59675979614258 2.7887275218963623 47.22925567626953 -3.201734781265259 0.1886
Pedestrian 1 1 1 1200.4925537109375 148.70703125 1232.0494384765625 202.1324005126953 0.6794759631156921 1.8032829761505127 0.6387980580329895 20.768510818481445 0.9879429340362549 24.78426742553711 -4.355129241943359 0.1881
Car 1 1 1 1005.0595092773438 159.60281372070312 1111.646484375 192.94219970703125 4.023071765899658 1.5362483263015747 1.6250461339950562 21.066036224365234 0.9253458976745605 34.06438446044922 -6.285204887390137 0.1851
Pedestrian 1 1 1 751.340576171875 162.2729949951172 773.27001953125 203.52940368652344 0.8460201621055603 1.776201605796814 0.5791629552841187 6.622602462768555 1.3203603029251099 31.569854736328125 -7.088782787322998 0.1845
Car 1 1 1 831.0889282226562 165.7480926513672 889.194091796875 193.51223754882812 4.027572154998779 1.5517572164535522 1.6698217391967773 14.59207534790039 1.1543031930923462 42.41802215576172 -4.818327903747559 0.1834
Car 1 1 1 673.7269897460938 177.62644958496094 714.579345703125 204.5879669189453 3.8547284603118896 1.508408546447754 1.6112381219863892 4.936501979827881 1.806278944015503 43.078067779541016 -4.818264961242676 0.1824
Pedestrian 1 1 1 890.4617919921875 162.14785766601562 902.8668823242188 194.22967529296875 0.6951621174812317 1.79732346534729 0.640660285949707 16.20083236694336 1.1972317695617676 40.86709213256836 -7.457637310028076 0.1821
Car 1 1 1 637.9993896484375 178.49447631835938 659.6581420898438 196.63409423828125 3.8757128715515137 1.5044957399368286 1.5072795152664185 3.3402633666992188 2.0124073028564453 63.040504455566406 -4.758787155151367 0.1809
Pedestrian 1 1 1 712.4176025390625 164.15501403808594 723.8362426757812 195.8013916015625 0.7975453734397888 1.8301275968551636 0.6498587131500244 6.286160469055176 1.3267605304718018 42.172908782958984 -7.691888332366943 0.1808
Car 1 1 1 134.9706573486328 184.6042938232422 347.79583740234375 289.9355773925781 4.061352729797363 1.5119410753250122 1.6177259683609009 -6.335369110107422 1.7547682523727417 12.872698783874512 -4.678718090057373 0.1785
Pedestrian 1 1 1 651.9468383789062 167.20523071289062 664.1279907226562 198.8452911376953 0.7781057357788086 1.8168689012527466 0.5971057415008545 2.7540829181671143 1.4921987056732178 41.87675094604492 -7.6388020515441895 0.1780
Pedestrian 1 1 1 949.0750732421875 157.20547485351562 966.04052734375 198.42291259765625 0.6440983414649963 1.8311238288879395 0.6040305495262146 15.585718154907227 1.1356232166290283 32.453948974609375 -7.543365955352783 0.1762
Car 1 1 1 531.568115234375 180.92489624023438 551.9097900390625 199.91238403320312 4.012942314147949 1.5411640405654907 1.6684693098068237 -5.956963062286377 2.2625489234924316 62.42983627319336 -4.827093124389648 0.1637
Car 1 1 1 204.3359375 172.97323608398438 258.1754150390625 197.7906036376953 4.160482406616211 1.8558889627456665 1.6997708082199097 -29.418994903564453 1.8652199506759644 56.13344955444336 -7.753831386566162 0.1635
Pedestrian 1 1 1 895.7700805664062 143.66238403320312 942.427734375 255.23812866210938 0.7387595772743225 1.7770158052444458 0.6024267673492432 5.039350986480713 1.3117942810058594 11.924267768859863 -4.461136341094971 0.1634
Car 1 1 1 311.80877685546875 184.23355102539062 364.2618713378906 218.8401336669922 3.933281660079956 1.500454068183899 1.596394658088684 -13.04874324798584 2.08016037940979 34.70964050292969 -4.8678975105285645 0.1617
Pedestrian 1 1 1 267.83087158203125 161.98541259765625 296.8450927734375 220.35548400878906 0.7911451458930969 1.813826322555542 0.5948637127876282 -10.409794807434082 1.475789189338684 22.835325241088867 -7.918167591094971 0.1610
Car 1 1 1 661.2018432617188 173.59222412109375 699.4978637695312 196.98683166503906 4.067085266113281 1.6059787273406982 1.6514538526535034 4.9731011390686035 1.660899043083191 51.82035446166992 -4.902190208435059 0.1609
Cyclist 1 1 1 765.6923217773438 164.36195373535156 793.4727172851562 207.68252563476562 1.7375296354293823 1.727384328842163 0.5610560178756714 6.912161827087402 1.3884687423706055 29.665395736694336 -4.823272228240967 0.1601
Car 1 1 1 714.356689453125 169.85110473632812 762.9193115234375 196.6013641357422 3.9584038257598877 1.5656064748764038 1.6355234384536743 7.807125091552734 1.3895565271377563 44.325897216796875 -4.899074077606201 0.1579
Car 1 1 1 0.0 0.0 1241.0 374.0 3.8239493370056152 1.5267083644866943 1.618360161781311 3.977827310562134 1.548496127128601 0.9579426646232605 -7.867002964019775 0.1570
Car 1 1 1 727.4871826171875 177.85562133789062 806.382568359375 232.5494842529297 3.9174232482910156 1.4835706949234009 1.6154615879058838 4.608226299285889 1.6488250494003296 21.907960891723633 -7.833258152008057 0.1565
Cyclist 1 1 1 1013.6494140625 165.6074981689453 1052.507080078125 208.61940002441406 1.7289373874664307 1.6754289865493774 0.5531163215637207 16.92000961303711 1.3928583860397339 28.9718017578125 -4.706921577453613 0.1543
Car 1 1 1 271.6806945800781 183.348876953125 318.5701904296875 211.03330993652344 3.847276449203491 1.522111177444458 1.5065220594406128 -18.8143253326416 2.1788971424102783 43.17976379394531 -4.824524402618408 0.1523
Pedestrian 1 1 1 835.16748046875 160.7811279296875 867.4632568359375 228.8370819091797 0.6826900839805603 1.757220983505249 0.5737432837486267 6.297142505645752 1.4451966285705566 19.00042152404785 -7.961431980133057 0.1501
Car 1 1 1 471.8897399902344 174.045166015625 541.4383544921875 226.336669921875 3.956372022628784 1.5933172702789307 1.680445909500122 -3.4003407955169678 1.636048674583435 24.071025848388672 -4.691935062408447 0.1501
Car 1 1 1 281.2020263671875 186.7166290283203 323.8807067871094 209.68878173828125 3.8764758110046387 1.4834675788879395 1.7222700119018555 -21.72425079345703 2.5027425289154053 51.049407958984375 -4.818574905395508 0.1495
Pedestrian 1 1 1 246.9209442138672 170.21478271484375 275.40264892578125 220.5240478515625 0.7489071488380432 1.830565333366394 0.5974085330963135 -12.966229438781738 1.7342338562011719 26.730745315551758 -7.278597354888916 0.1483
Car 1 1 1 195.89639282226562 182.8044891357422 330.1996154785156 250.27391052246094 3.899135112762451 1.516098141670227 1.5520923137664795 -8.891281127929688 1.8016111850738525 18.759275436401367 -4.6908464431762695 0.1477
Pedestrian 1 1 1 396.36767578125 167.6770477294922 418.0412292480469 206.70069885253906 0.7367444038391113 1.783254861831665 0.6385273337364197 -9.444733619689941 1.5463850498199463 33.45939636230469 -4.007332801818848 0.1450
Car 1 1 1 358.65093994140625 186.65469360351562 402.970947265625 219.71275329589844 3.8270070552825928 1.4793528318405151 1.6655267477035522 -11.420165061950684 2.2069954872131348 36.02353286743164 -4.900068283081055 0.1449
Car 1 1 1 673.3328247070312 177.65501403808594 708.958251953125 202.6545867919922 3.802269697189331 1.53506600856781 1.5836901664733887 5.20967435836792 1.8607035875320435 47.02189254760742 -4.799633026123047 0.1448
Car 1 1 1 263.82275390625 182.44285583496094 311.65374755859375 212.8325958251953 3.7433743476867676 1.5215051174163818 1.464455485343933 -17.53814125061035 2.0699498653411865 39.32787322998047 -4.870886325836182 0.1443
Car 1 1 1 1164.65771484375 161.28585815429688 1241.0 197.345703125 4.084023475646973 1.533057451248169 1.627077341079712 26.916282653808594 1.0409467220306396 31.7882080078125 -6.4347662925720215 0.1434
Car 1 1 1 479.53643798828125 180.91278076171875 505.0939636230469 203.8975067138672 3.922626256942749 1.49855375289917 1.576725721359253 -8.233344078063965 2.085134983062744 50.5086784362793 -7.966342449188232 0.1433
Pedestrian 1 1 1 88.41840362548828 159.9238739013672 129.10128784179688 237.9154815673828 0.7615309357643127 1.8665860891342163 0.5690759420394897 -12.355100631713867 1.5568273067474365 17.712797164916992 -2.5770082473754883 0.1419
Pedestrian 1 1 1 889.7908325195312 151.18643188476562 934.206298828125 239.80548095703125 0.7247371673583984 1.802947759628296 0.5657409429550171 6.2758917808532715 1.3618229627609253 15.121929168701172 -6.915144443511963 0.1412
Car 1 1 1 455.62139892578125 180.6542510986328 506.62530517578125 213.53965759277344 4.034299373626709 1.4759382009506226 1.5910533666610718 -6.296470642089844 1.880726933479309 35.41520309448242 -4.659725666046143 0.1409
Pedestrian 1 1 1 84.63846588134766 159.76193237304688 120.13851928710938 243.47483825683594 0.7345992922782898 1.8148771524429321 0.5593736171722412 -11.382765769958496 1.5307440757751465 16.102603912353516 -5.4524312019348145 0.1401
Car 1 1 1 1241.0 168.2241668701172 1241.0 305.0755310058594 3.9704108238220215 1.4798109531402588 1.6000572443008423 10.379920959472656 1.4294472932815552 8.952796936035156 -6.467667579650879 0.1397
Pedestrian 1 1 1 184.73532104492188 175.4019317626953 206.57008361816406 214.1792449951172 0.6721915602684021 1.8452872037887573 0.6342982649803162 -19.997879028320312 1.9690604209899902 34.76035690307617 -7.720264911651611 0.1386
Car 1 1 1 513.119140625 179.80421447753906 538.9716796875 203.04429626464844 3.842850685119629 1.5313491821289062 1.577544093132019 -5.9720025062561035 2.03981614112854 50.78792190551758 -4.888293743133545 0.1376
Pedestrian 1 1 1 426.6241760253906 172.5793914794922 443.75628662109375 212.43186950683594 0.7737076878547668 1.749934434890747 0.620769739151001 -7.837055683135986 1.7375761270523071 32.160980224609375 -8.260400772094727 0.1376
Pedestrian 1 1 1 934.7847290039062 162.4897918701172 949.775390625 195.15701293945312 0.7208690643310547 1.8019554615020752 0.6610420346260071 18.488876342773438 1.2299559116363525 40.239654541015625 -7.568410396575928 0.1371
Car 1 1 1 979.947265625 167.70700073242188 1066.8837890625 210.3735809326172 3.83052396774292 1.4999269247055054 1.637258768081665 15.526134490966797 1.3186861276626587 27.390092849731445 -4.5453290939331055 0.1365
Pedestrian 1 1 1 111.65386962890625 159.45973205566406 149.12945556640625 239.0988006591797 0.7447201013565063 1.8336443901062012 0.5558085441589355 -11.39649772644043 1.5249489545822144 17.06619644165039 -2.4342269897460938 0.1365
Car 1 1 1 795.6417846679688 176.27944946289062 846.2538452148438 207.33242797851562 4.041697025299072 1.5309665203094482 1.6502494812011719 11.022767066955566 1.7212218046188354 38.082618713378906 -7.808950901031494 0.1351
Car 1 1 1 642.9713134765625 174.44558715820312 673.6849975585938 198.5210418701172 4.095540523529053 1.6257739067077637 1.6512593030929565 3.3490939140319824 1.742807388305664 51.09697341918945 -4.775382041931152 0.1349
Pedestrian 1 1 1 204.12127685546875 162.9608612060547 233.54335021972656 227.3665313720703 0.7637555599212646 1.8237372636795044 0.5915815830230713 -11.388961791992188 1.5432989597320557 20.91330909729004 -5.438313007354736 0.1348
Pedestrian 1 1 1 257.69781494140625 173.760498046875 275.1761779785156 217.29208374023438 0.6497573256492615 1.8175657987594604 0.5995934009552002 -14.584147453308105 1.856153130531311 30.5479793548584 -8.186188697814941 0.1344
Car 1 1 1 755.1360473632812 165.46371459960938 806.5636596679688 193.265380859375 3.911588191986084 1.5814614295959473 1.648345947265625 10.105154037475586 1.1607744693756104 43.10035705566406 -4.86171293258667 0.1342
Car 1 1 1 490.2099304199219 180.6763458251953 515.08056640625 200.72706604003906 3.96714186668396 1.4989159107208252 1.5537586212158203 -8.551325798034668 2.144101619720459 57.52560806274414 -4.754376411437988 0.1340
Car 1 1 1 575.7229614257812 179.4207305908203 615.5406494140625 207.13816833496094 3.9271209239959717 1.5145115852355957 1.6490490436553955 -0.832473635673523 1.9196910858154297 42.48050308227539 -4.54653787612915 0.1333
Car 1 1 1 618.9736328125 170.78271484375 647.611328125 198.51394653320312 3.690382719039917 1.613976001739502 1.6675323247909546 1.405499815940857 1.4931261539459229 43.875999450683594 -7.807424068450928 0.1331
Pedestrian 1 1 1 65.49198913574219 156.77310180664062 105.93014526367188 246.8454132080078 0.732709527015686 1.8358393907546997 0.5507498979568481 -11.067331314086914 1.5077811479568481 15.15660572052002 -2.4021410942077637 0.1331
Car 1 1 1 498.8096923828125 178.57321166992188 523.7560424804688 197.59707641601562 4.0491814613342285 1.5670746564865112 1.6578508615493774 -8.565958976745605 2.079817533493042 62.692237854003906 -4.723300457000732 0.1328
Car 1 1 1 615.3735961914062 177.8074951171875 641.3062133789062 198.2931365966797 3.816868305206299 1.5055547952651978 1.5998104810714722 1.4273122549057007 1.903396725654602 55.99478530883789 -7.717222690582275 0.1328
Pedestrian 1 1 1 198.23948669433594 176.64794921875 219.62171936035156 215.40362548828125 0.6889826655387878 1.8425450325012207 0.6244397163391113 -19.3477840423584 2.0268523693084717 34.74220275878906 -7.779902935028076 0.1318
Pedestrian 1 1 1 122.99311065673828 160.15126037597656 163.5057830810547 236.54946899414062 0.7654051184654236 1.8614808320999146 0.5786417126655579 -11.712128639221191 1.5516719818115234 18.028301239013672 -2.5859270095825195 0.1315
Pedestrian 1 1 1 143.0184783935547 162.5452423095703 178.69638061523438 229.51385498046875 0.7776299715042114 1.8399254083633423 0.5891315340995789 -12.67725944519043 1.5563983917236328 20.286684036254883 -2.540414810180664 0.1314
Car 1 1 1 565.908203125 178.56044006347656 608.4451293945312 210.0546112060547 4.023368835449219 1.5070158243179321 1.6752687692642212 -1.1650209426879883 1.8187810182571411 37.37049102783203 -4.608262062072754 0.1310
Pedestrian 1 1 1 214.40594482421875 164.15777587890625 243.8338623046875 230.24119567871094 0.7703294157981873 1.8116066455841064 0.6015120148658752 -10.751543045043945 1.5729089975357056 20.26886558532715 -5.379980564117432 0.1304
Car 1 1 1 647.4382934570312 177.41970825195312 666.8650512695312 194.21337890625 3.982093095779419 1.4825465679168701 1.5772050619125366 4.315964221954346 1.9174898862838745 66.78398132324219 -4.701646327972412 0.1295
Car 1 1 1 1185.116455078125 166.68130493164062 1241.0 217.54855346679688 4.008615493774414 1.4714879989624023 1.6145645380020142 19.930423736572266 1.2926243543624878 21.825851440429688 -3.215564727783203 0.1291
Car 1 1 1 0.0 189.46624755859375 19.956401824951172 374.0 3.9320309162139893 1.513322114944458 1.6267765760421753 -6.3168416023254395 1.6707255840301514 4.82620096206665 -4.790523052215576 0.1289
Cyclist 1 1 1 770.0096435546875 165.41244506835938 795.071533203125 210.82516479492188 1.7366950511932373 1.7041867971420288 0.5524437427520752 6.622415065765381 1.4246301651000977 27.9455509185791 -4.713550090789795 0.1287
Pedestrian 1 1 1 1210.7801513671875 147.33746337890625 1241.0 225.68173217773438 0.6604133248329163 1.7745381593704224 0.5914183259010315 14.31223201751709 1.1962757110595703 16.78626251220703 -4.012231349945068 0.1275
Car 1 1 1 281.16546630859375 183.6553192138672 321.7164001464844 209.6005096435547 3.9585065841674805 1.554495096206665 1.5881415605545044 -20.098857879638672 2.2899205684661865 47.0584602355957 -4.890705585479736 0.1272
Pedestrian 1 1 1 923.8779907226562 160.06439208984375 956.5293579101562 232.94500732421875 0.64336758852005 1.711519718170166 0.6374995112419128 7.907436370849609 1.4108701944351196 17.38629150390625 -4.1531877517700195 0.1263
Car 1 1 1 470.4137878417969 180.00123596191406 494.3235168457031 200.22645568847656 3.961963176727295 1.5124799013137817 1.6149667501449585 -10.158342361450195 2.101797580718994 57.467681884765625 -4.820183753967285 0.1263
Pedestrian 1 1 1 237.11204528808594 166.48031616210938 260.06182861328125 216.71669006347656 0.7259736061096191 1.850897192955017 0.6246657371520996 -13.602563858032227 1.6157667636871338 27.062896728515625 -8.540977478027344 0.1256
Car 1 1 1 453.9008483886719 180.63819885253906 513.2605590820312 219.8641357421875 4.026565074920654 1.5039490461349487 1.5966975688934326 -5.312935829162598 1.8552653789520264 30.536243438720703 -4.65464973449707 0.1256
Car 1 1 1 602.3179321289062 176.69488525390625 639.4683227539062 210.2386932373047 3.772397518157959 1.5358177423477173 1.6440174579620361 0.44579651951789856 1.7340552806854248 35.3851318359375 -4.744289398193359 0.1253
Car 1 1 1 538.9072875976562 178.44871520996094 571.6669311523438 206.96560668945312 4.0233330726623535 1.5149742364883423 1.6696192026138306 -3.1121716499328613 1.849608302116394 41.1627082824707 -4.738731861114502 0.1249
Car 1 1 1 686.418212890625 176.65467834472656 712.496337890625 194.76344299316406 3.959010124206543 1.5331315994262695 1.5812100172042847 7.872440814971924 1.8804304599761963 63.96379089355469 -4.776659965515137 0.1242
Pedestrian 1 1 1 222.50534057617188 165.52572631835938 249.8653106689453 226.51025390625 0.7818333506584167 1.808337688446045 0.6091352105140686 -11.392395973205566 1.5907368659973145 21.8908634185791 -8.508417129516602 0.1242
Car 1 1 1 248.1208953857422 185.36790466308594 422.7450256347656 288.8994445800781 3.950550079345703 1.4924579858779907 1.6292399168014526 -4.708191871643066 1.7495181560516357 12.859490394592285 -4.71775484085083 0.1238
Car 1 1 1 590.1757202148438 177.5745391845703 615.4934692382812 199.54974365234375 3.8970553874969482 1.537947177886963 1.610287070274353 -0.5260531902313232 1.8996871709823608 53.345699310302734 -7.795199871063232 0.1235
Pedestrian 1 1 1 169.35501098632812 163.05723571777344 201.7865753173828 227.8623809814453 0.7730586528778076 1.8361632823944092 0.5911983251571655 -12.355545997619629 1.5582859516143799 20.9196720123291 -2.4337058067321777 0.1235
Pedestrian 1 1 1 1050.7066650390625 156.0697021484375 1072.718505859375 211.60372924804688 0.6512734293937683 1.7723352909088135 0.5994908213615417 14.64283275604248 1.2363742589950562 23.46338653564453 -4.141967296600342 0.1231
Pedestrian 1 1 1 178.07164001464844 162.7781982421875 212.81488037109375 230.17156982421875 0.7732054591178894 1.850815773010254 0.5949224829673767 -11.705414772033691 1.5738054513931274 20.286727905273438 -2.4880096912384033 0.1231
Pedestrian 1 1 1 107.27935791015625 156.64256286621094 146.71334838867188 245.1187286376953 0.7378653883934021 1.8412156105041504 0.5647029876708984 -10.413628578186035 1.5035510063171387 15.475375175476074 -2.365186929702759 0.1230
Car 1 1 1 873.2174072265625 174.88101196289062 944.974853515625 211.9082489013672 3.918858051300049 1.4732649326324463 1.5631369352340698 12.671754837036133 1.5653830766677856 30.911867141723633 -4.677562236785889 0.1227
Pedestrian 1 1 1 121.6974105834961 157.86595153808594 158.62840270996094 240.9160919189453 0.7465887665748596 1.8382145166397095 0.5551156401634216 -10.752144813537598 1.5061724185943604 16.429759979248047 -2.367946147918701 0.1226
Car 1 1 1 583.6787109375 180.7501983642578 629.2876586914062 198.6742706298828 3.8884477615356445 1.5092426538467407 1.6236432790756226 -0.31637224555015564 2.2000670433044434 62.321048736572266 -6.272487640380859 0.1221
Car 1 1 1 540.8379516601562 178.8986358642578 561.935546875 199.48406982421875 3.797621250152588 1.543686032295227 1.5570130348205566 -4.703287124633789 2.0394279956817627 57.23889923095703 -7.963901042938232 0.1221
Car 1 1 1 231.754638671875 183.18252563476562 285.8273620605469 213.34190368652344 3.8003110885620117 1.5074955224990845 1.4841951131820679 -19.13759422302246 2.099306106567383 39.39065170288086 -4.828672885894775 0.1214
Car 1 1 1 939.2195434570312 173.81370544433594 1058.8203125 222.1358642578125 3.9626502990722656 1.4938263893127441 1.618254542350769 12.973283767700195 1.528765320777893 24.44029998779297 -4.814019203186035 0.1207
Car 1 1 1 564.1383056640625 177.39950561523438 592.6046752929688 199.21524047851562 3.9361696243286133 1.5521577596664429 1.6570080518722534 -2.4439966678619385 1.9069247245788574 54.282588958740234 -8.023466110229492 0.1206
Pedestrian 1 1 1 120.30738830566406 163.44874572753906 156.5035858154297 232.6625213623047 0.7524046301841736 1.809058427810669 0.5868127346038818 -12.676751136779785 1.5629308223724365 19.31875991821289 -2.5036754608154297 0.1202
Pedestrian 1 1 1 232.0115203857422 164.70330810546875 260.23968505859375 227.67506408691406 0.7660372853279114 1.809641718864441 0.6148536205291748 -10.7559232711792 1.5751125812530518 21.225994110107422 -5.358331203460693 0.1201
Car 1 1 1 282.1029052734375 182.78802490234375 333.72393798828125 214.75157165527344 3.7756145000457764 1.5135293006896973 1.491186499595642 -15.606297492980957 2.0544817447662354 37.349571228027344 -4.8318400382995605 0.1200
Car 1 1 1 0.0 0.0 1241.0 374.0 3.815770387649536 1.5498398542404175 1.612653136253357 1.3889573812484741 1.5895227193832397 0.13876566290855408 -7.864119052886963 0.1196
Pedestrian 1 1 1 159.16883850097656 160.42457580566406 194.2007598876953 234.82289123535156 0.7413443922996521 1.8437118530273438 0.5745115280151367 -11.067534446716309 1.5353906154632568 18.342817306518555 -2.403322219848633 0.1194
Pedestrian 1 1 1 170.52239990234375 178.63133239746094 265.6325988769531 356.8782958984375 0.5831034779548645 1.4413936138153076 0.4837164282798767 -3.382683038711548 1.4927747249603271 6.154340744018555 -4.675946235656738 0.1184
Car 1 1 1 934.4828491210938 174.97483825683594 996.0659790039062 205.70472717285156 4.0340189933776855 1.4746081829071045 1.6520355939865112 18.10196876525879 1.5893504619598389 37.02720642089844 -4.573571681976318 0.1184
Car 1 1 1 272.2562255859375 183.71966552734375 323.65679931640625 220.13507080078125 3.8427603244781494 1.5090930461883545 1.5413366556167603 -14.315144538879395 2.0391955375671387 33.17272186279297 -4.949988842010498 0.1181
Car 1 1 1 701.97412109375 177.26461791992188 764.7688598632812 213.5157012939453 4.149206161499023 1.4592841863632202 1.639256477355957 5.295156478881836 1.666042447090149 31.72095489501953 -4.822110652923584 0.1173
Car 1 1 1 0.0 192.2770538330078 63.66689682006836 219.95765686035156 3.8395187854766846 1.523165225982666 1.6881948709487915 -35.862815856933594 2.776942729949951 44.5645866394043 -4.859142780303955 0.1170
Car 1 1 1 1218.8548583984375 176.13099670410156 1241.0 374.0 4.031115531921387 1.5074388980865479 1.639164924621582 5.59207010269165 1.5340980291366577 3.8568811416625977 -4.62556266784668 0.1167
Car 1 1 1 235.52822875976562 188.60592651367188 284.4297180175781 212.626708984375 3.983574390411377 1.51309335231781 1.7187328338623047 -24.30976104736328 2.6532785892486572 50.19073486328125 -4.7876152992248535 0.1167
Pedestrian 1 1 1 206.83961486816406 162.94044494628906 239.00685119628906 232.44488525390625 0.7595788836479187 1.8150012493133545 0.5973595380783081 -10.418837547302246 1.5558241605758667 19.32404899597168 -5.4418840408325195 0.1162
Car 1 1 1 223.52972412109375 183.40573120117188 368.47186279296875 258.5162658691406 4.084175109863281 1.5007174015045166 1.5989294052124023 -7.266573905944824 1.7797536849975586 17.047382354736328 -4.697322368621826 0.1159
Car 1 1 1 491.7099609375 179.667724609375 535.2562255859375 213.34580993652344 4.028019905090332 1.5044664144515991 1.6275771856307983 -4.6715474128723145 1.854507327079773 35.075340270996094 -4.724693775177002 0.1158
Car 1 1 1 299.92718505859375 181.9109344482422 374.80316162109375 226.1587677001953 3.8525938987731934 1.4900492429733276 1.5457940101623535 -10.172064781188965 1.854230284690857 27.070056915283203 -4.7690653800964355 0.1153
Pedestrian 1 1 1 72.959716796875 161.9426727294922 114.70538330078125 242.77383422851562 0.7407907843589783 1.8256995677947998 0.5784788131713867 -12.031990051269531 1.5789499282836914 16.74746322631836 -2.523268222808838 0.1152
Car 1 1 1 349.3670349121094 183.22296142578125 382.80963134765625 201.84593200683594 3.8153374195098877 1.5304434299468994 1.618965744972229 -21.392375946044922 2.4679484367370605 63.34357452392578 -4.7033185958862305 0.1151
Car 1 1 1 209.8374786376953 190.89207458496094 258.7173156738281 214.40052795410156 3.858858346939087 1.540752649307251 1.6872938871383667 -27.187217712402344 2.8966565132141113 52.280338287353516 -4.762086391448975 0.1147
Car 1 1 1 0.0 187.03152465820312 196.0303955078125 360.39666748046875 3.956977367401123 1.520129680633545 1.643004059791565 -6.971667289733887 1.7284005880355835 8.632845878601074 -4.708125591278076 0.1142
Pedestrian 1 1 1 112.40092468261719 164.31117248535156 148.35670471191406 228.591064453125 0.7608361840248108 1.8254450559616089 0.5824922323226929 -13.959527969360352 1.5825426578521729 20.928987503051758 -2.6389851570129395 0.1139
Pedestrian 1 1 1 156.6571502685547 162.42967224121094 193.16995239257812 232.49034118652344 0.7715864181518555 1.8313102722167969 0.5880842804908752 -11.703847885131836 1.5585298538208008 19.326152801513672 -2.5039048194885254 0.1139
Pedestrian 1 1 1 302.9073791503906 163.09344482421875 333.8681335449219 221.5540313720703 0.764681875705719 1.7951066493988037 0.631441593170166 -9.156542778015137 1.4950965642929077 22.555639266967773 -7.796310901641846 0.1135
Pedestrian 1 1 1 859.1696166992188 158.9938201904297 897.1041870117188 234.2447967529297 0.7056085467338562 1.7319536209106445 0.5537327527999878 6.281618118286133 1.4126518964767456 17.04259490966797 -6.951351165771484 0.1130
Car 1 1 1 1241.0 162.9342498779297 1241.0 274.79718017578125 4.011180400848389 1.5127665996551514 1.6310094594955444 12.614884376525879 1.3783178329467773 10.919663429260254 -3.3219401836395264 0.1129
Car 1 1 1 0.0 185.46908569335938 62.29868698120117 362.8467102050781 4.014102458953857 1.5515698194503784 1.6439647674560547 -8.884593963623047 1.7385023832321167 8.65624713897705 -4.772457122802734 0.1129
Pedestrian 1 1 1 1094.1876220703125 149.9463348388672 1125.4481201171875 212.63832092285156 0.6401707530021667 1.809251308441162 0.6116888523101807 14.646896362304688 1.1478506326675415 21.227970123291016 -4.3663835525512695 0.1129
Pedestrian 1 1 1 148.0712432861328 160.3439483642578 183.97494506835938 237.8570098876953 0.7290322184562683 1.817789912223816 0.5711535215377808 -10.746650695800781 1.5241118669509888 17.379478454589844 -2.377243995666504 0.1124
Car 1 1 1 691.649169921875 177.17965698242188 746.9140625 220.86416625976562 3.924724817276001 1.4907509088516235 1.618393898010254 3.9688632488250732 1.6643235683441162 27.010055541992188 -7.814631938934326 0.1124
