Car 1 1 1 482.13458251953125 181.82618713378906 540.7155151367188 231.46788024902344 3.787932872772217 1.5477460622787476 1.6481516361236572 -3.3996126651763916 1.8836034536361694 25.11220359802246 -4.7469682693481445 0.8060
Car 1 1 1 0.0 190.6494140625 215.14784240722656 374.0 3.7463796138763428 1.5343397855758667 1.6059373617172241 -3.4109251499176025 1.652007818222046 2.8819453716278076 -4.748847961425781 0.6135
Pedestrian 1 1 1 425.7143249511719 168.88624572753906 445.4584655761719 211.9236602783203 1.0380133390426636 1.8124516010284424 0.6466624736785889 -7.510732650756836 1.6450564861297607 30.922706604003906 -7.909979343414307 0.4479
Car 1 1 1 444.8383483886719 179.27476501464844 484.0296936035156 209.8360137939453 3.9791831970214844 1.531204342842102 1.664587378501892 -7.991634845733643 1.8988672494888306 39.20188522338867 -8.161445617675781 0.3508
Pedestrian 1 1 1 282.04693603515625 169.12786865234375 312.2544860839844 224.8946990966797 0.7787849307060242 1.7117462158203125 0.6158705353736877 -9.814149856567383 1.5970739126205444 22.542226791381836 -7.871889591217041 0.3501
Car 1 1 1 406.974365234375 179.10299682617188 456.3959655761719 204.34689331054688 4.0074238777160645 1.5594100952148438 1.624283790588379 -11.771270751953125 1.9910385608673096 47.74812316894531 -7.6560444831848145 0.3282
Car 1 1 1 661.49853515625 171.3171844482422 721.6243896484375 209.46218872070312 3.8697946071624756 1.5070250034332275 1.6471521854400635 3.3321611881256104 1.4460092782974243 30.531282424926758 -4.841632843017578 0.3229
Pedestrian 1 1 1 735.6495971679688 166.30145263671875 747.8954467773438 202.52195739746094 0.741925835609436 1.8040064573287964 0.6000416278839111 6.595710277557373 1.4773485660552979 36.35388946533203 -4.540428638458252 0.3123
Pedestrian 1 1 1 451.68634033203125 171.67356872558594 465.972412109375 196.61572265625 0.9113699793815613 1.850967288017273 0.5239768028259277 -11.35311508178711 1.7630670070648193 54.05636215209961 -3.9519639015197754 0.3059
Pedestrian 1 1 1 233.80653381347656 161.56930541992188 268.1408386230469 221.86778259277344 0.7266654372215271 1.8167036771774292 0.6313406229019165 -11.06674861907959 1.4764124155044556 22.157238006591797 -7.655771732330322 0.2918
Car 1 1 1 648.9842529296875 177.41036987304688 683.742431640625 203.8146514892578 3.627168655395508 1.5122652053833008 1.5716941356658936 3.346724271774292 1.8005696535110474 43.83608627319336 -7.928131580352783 0.2850
Car 1 1 1 89.23726654052734 190.76499938964844 154.0889129638672 221.26773071289062 3.717776298522949 1.520277738571167 1.693171739578247 -27.214040756225586 2.5693910121917725 40.28641128540039 -4.9097490310668945 0.2768
Pedestrian 1 1 1 956.6072998046875 163.88722229003906 981.1038208007812 208.90725708007812 0.7481454014778137 1.742026448249817 0.6054090857505798 14.02574348449707 1.3947618007659912 28.304428100585938 -7.817367076873779 0.2759
Pedestrian 1 1 1 278.9392395019531 174.9108428955078 301.74078369140625 226.14064025878906 0.8145270347595215 1.7227829694747925 0.6160885095596313 -11.017858505249023 1.794485330581665 24.780426025390625 -4.999384880065918 0.2749
Pedestrian 1 1 1 213.67930603027344 171.17605590820312 233.5535125732422 210.2153778076172 0.5979816913604736 1.741550087928772 0.5856561660766602 -17.440153121948242 1.666396975517273 32.49687957763672 -7.888640880584717 0.2740
Car 1 1 1 651.9071044921875 175.5406494140625 679.1266479492188 197.00045776367188 3.8256306648254395 1.5962066650390625 1.6550098657608032 4.253606796264648 1.8120675086975098 56.10487747192383 -4.7575225830078125 0.2631
Car 1 1 1 732.3106689453125 174.21156311035156 834.6718139648438 211.511474609375 3.948552131652832 1.4965786933898926 1.6207841634750366 7.271634101867676 1.556237816810608 30.460329055786133 -6.613990783691406 0.2615
Pedestrian 1 1 1 72.73454284667969 167.31436157226562 108.06285095214844 243.4304656982422 0.4673074781894684 1.728314757347107 0.505327045917511 -12.072221755981445 1.6022300720214844 16.695831298828125 -7.462502956390381 0.2561
Car 1 1 1 927.7515869140625 173.37120056152344 1016.5719604492188 203.6910858154297 3.6763274669647217 1.471667766571045 1.5614120960235596 17.97361183166504 1.4978053569793701 35.96784973144531 -6.35726261138916 0.2490
Car 1 1 1 674.5850830078125 176.0273895263672 704.3963623046875 202.3409881591797 3.932164430618286 1.5747630596160889 1.65689218044281 4.956009864807129 1.7841689586639404 45.673370361328125 -4.65837287902832 0.2469
Pedestrian 1 1 1 270.2159118652344 175.22348022460938 289.6748962402344 219.6908721923828 0.7430863976478577 1.7516164779663086 0.6286981105804443 -13.291047096252441 1.847977638244629 28.953950881958008 -8.398152351379395 0.2408
Pedestrian 1 1 1 138.83360290527344 159.28172302246094 174.94483947753906 222.48779296875 0.7764540314674377 1.8547881841659546 0.6251450777053833 -13.593152046203613 1.4562087059020996 21.58421516418457 -7.929218769073486 0.2382
Cyclist 1 1 1 977.09228515625 153.20387268066406 1052.1136474609375 240.4750213623047 1.7369728088378906 1.6893062591552734 0.5047520399093628 8.227141380310059 1.3086390495300293 14.845733642578125 -7.898879528045654 0.2344
Car 1 1 1 171.97543334960938 185.7615203857422 230.35397338867188 220.54776000976562 3.9437408447265625 1.5384541749954224 1.6738560199737549 -20.137060165405273 2.2134411334991455 35.619808197021484 -5.003437042236328 0.2314
Car 1 1 1 401.0122375488281 182.55612182617188 448.31201171875 212.43577575683594 3.647815704345703 1.5126310586929321 1.5763763189315796 -10.142560958862305 2.0691709518432617 39.568058013916016 -4.686633586883545 0.2258
Cyclist 1 1 1 981.4760131835938 154.8476104736328 1054.359130859375 237.10353088378906 1.7499254941940308 1.7023781538009644 0.5145953893661499 8.849780082702637 1.329416036605835 15.823118209838867 -7.920280933380127 0.2204
Car 1 1 1 621.3986206054688 178.13482666015625 651.18359375 202.71896362304688 3.9542348384857178 1.6410853862762451 1.6377209424972534 1.7910807132720947 2.0295674800872803 51.08118438720703 -4.797467231750488 0.2184
Car 1 1 1 759.16455078125 174.59585571289062 794.5325927734375 204.76271057128906 3.6881253719329834 1.5211565494537354 1.5900461673736572 8.82906436920166 1.6186299324035645 38.5546760559082 -7.695291042327881 0.2163
Pedestrian 1 1 1 1058.2459716796875 148.4949951171875 1123.419921875 249.6845703125 0.7963885068893433 1.7465035915374756 0.5671178102493286 8.532665252685547 1.3257741928100586 12.907279968261719 -4.94995641708374 0.2161
Pedestrian 1 1 1 128.91989135742188 169.12193298339844 166.96810913085938 232.24537658691406 0.7171735167503357 1.7347280979156494 0.5521069765090942 -13.025867462158203 1.631865382194519 20.2716007232666 -7.407322406768799 0.2148
Pedestrian 1 1 1 337.7530822753906 171.5257568359375 362.7113952636719 222.3094024658203 0.796629011631012 1.7395657300949097 0.6300249695777893 -9.089466094970703 1.6937673091888428 25.137346267700195 -4.789780616760254 0.2121
Car 1 1 1 805.1639404296875 174.9428253173828 826.3682861328125 193.7949981689453 3.8283534049987793 1.5114408731460571 1.582526683807373 17.155420303344727 1.6917866468429565 60.351383209228516 -7.607907772064209 0.2087
Cyclist 1 1 1 104.0914306640625 181.60337829589844 157.07809448242188 226.87254333496094 1.7688795328140259 1.7603759765625 0.6194027662277222 -19.056865692138672 2.1121482849121094 28.625436782836914 -3.0267670154571533 0.2080
Car 1 1 1 0.0 171.36935424804688 91.11656188964844 246.63308715820312 3.5309033393859863 1.6203958988189697 1.6794204711914062 -14.695047378540039 1.5881320238113403 17.34443473815918 -7.797501087188721 0.2023
Car 1 1 1 490.2168273925781 178.2347869873047 515.9932250976562 197.8018341064453 3.8954646587371826 1.595990538597107 1.6478899717330933 -9.156327247619629 2.0716640949249268 61.87553405761719 -7.8573079109191895 0.2021
Pedestrian 1 1 1 783.6209716796875 173.01058959960938 800.8693237304688 216.36231994628906 0.6973559260368347 1.5610158443450928 0.5656343102455139 6.611732006072998 1.5665254592895508 26.377899169921875 -4.531749725341797 0.2011
Pedestrian 1 1 1 78.8125991821289 173.6216278076172 116.035400390625 241.6787872314453 0.6021909117698669 1.719727873802185 0.5496185421943665 -13.2865629196167 1.7396752834320068 18.63652801513672 -4.220694541931152 0.1988
Car 1 1 1 484.24969482421875 178.2245330810547 521.6904296875 205.7691192626953 3.815722942352295 1.5262501239776611 1.6173279285430908 -6.312192440032959 1.85759699344635 42.64226150512695 -7.845092296600342 0.1958
Pedestrian 1 1 1 208.84344482421875 169.70460510253906 235.22926330566406 216.83399963378906 0.6644980311393738 1.7453532218933105 0.6520204544067383 -14.59486198425293 1.6284208297729492 27.070655822753906 -7.909417629241943 0.1932
Pedestrian 1 1 1 1115.1878662109375 152.49404907226562 1159.36279296875 245.17381286621094 0.7561323046684265 1.6777700185775757 0.5541208386421204 9.831501960754395 1.3088964223861694 13.524612426757812 -3.9196434020996094 0.1930
Cyclist 1 1 1 158.64869689941406 176.0141143798828 193.04905700683594 219.48973083496094 1.790594220161438 1.7185453176498413 0.5620284080505371 -17.822120666503906 1.8518671989440918 29.58289909362793 -4.857882022857666 0.1918
Pedestrian 1 1 1 799.9968872070312 176.11041259765625 821.8702392578125 212.76705932617188 0.7910468578338623 1.7174699306488037 0.6549019813537598 9.535880088806152 1.8746329545974731 34.392173767089844 -3.771793842315674 0.1901
Pedestrian 1 1 1 246.69557189941406 164.26376342773438 276.3341064453125 218.35569763183594 0.7829878330230713 1.781161904335022 0.6308416128158569 -11.708162307739258 1.497998833656311 24.160629272460938 -7.88647985458374 0.1893
Pedestrian 1 1 1 802.2476196289062 172.25096130371094 812.0413818359375 191.91871643066406 0.6023504137992859 1.7682181596755981 0.607671856880188 17.8150634765625 1.713701844215393 65.2860336303711 -8.414290428161621 0.1822
Pedestrian 1 1 1 844.0711059570312 162.059814453125 869.4103393554688 219.5894012451172 0.6619771718978882 1.7361358404159546 0.6353877186775208 7.551412105560303 1.4100873470306396 22.217426300048828 -7.354109287261963 0.1805
Pedestrian 1 1 1 931.888427734375 158.26214599609375 956.909423828125 217.84591674804688 0.6493305563926697 1.7160979509353638 0.6263343691825867 9.785913467407227 1.2955321073532104 21.216354370117188 -7.354200839996338 0.1800
Pedestrian 1 1 1 745.0486450195312 170.50437927246094 757.9136352539062 199.71607971191406 0.6446372866630554 1.754382848739624 0.6469432711601257 8.54603385925293 1.6129698753356934 43.75680923461914 -7.452978610992432 0.1798
Pedestrian 1 1 1 848.9150390625 159.8160400390625 871.9017333984375 215.64483642578125 0.6653357744216919 1.7374647855758667 0.6230351328849792 7.8757734298706055 1.3314064741134644 22.850677490234375 -7.621497631072998 0.1762
Pedestrian 1 1 1 1220.4627685546875 160.87643432617188 1241.0 205.33346557617188 0.5010263323783875 1.741360068321228 0.5781728625297546 24.626239776611328 1.2719045877456665 28.644432067871094 -3.8113956451416016 0.1748
Pedestrian 1 1 1 180.1553192138672 164.22018432617188 217.98681640625 230.32156372070312 0.7461462020874023 1.7341011762619019 0.6077009439468384 -11.040719985961914 1.5073022842407227 19.31541633605957 -4.758264541625977 0.1715
Pedestrian 1 1 1 1118.12744140625 150.8468780517578 1152.5462646484375 231.82791137695312 0.7414403557777405 1.7206649780273438 0.5713192224502563 11.438274383544922 1.2527633905410767 15.797616958618164 -4.134593963623047 0.1714
Pedestrian 1 1 1 1057.6197509765625 169.2425994873047 1085.385986328125 212.60472106933594 0.7797524333000183 1.8033627271652222 0.6677698493003845 19.47169303894043 1.6528702974319458 30.51565170288086 -5.277101516723633 0.1710
Pedestrian 1 1 1 820.5075073242188 157.96705627441406 846.8207397460938 216.0713653564453 0.6921066045761108 1.77566397190094 0.6538362503051758 6.9324774742126465 1.3204199075698853 22.51195526123047 -7.342319965362549 0.1702
Cyclist 1 1 1 380.6390380859375 164.5805206298828 416.077880859375 213.09373474121094 1.613228440284729 1.7373427152633667 0.5562307834625244 -7.855662822723389 1.4407552480697632 26.68660545349121 -4.50028133392334 0.1697
Cyclist 1 1 1 372.1285095214844 160.71609497070312 411.56402587890625 212.73110961914062 1.6031994819641113 1.7302660942077637 0.5585050582885742 -7.5399885177612305 1.3262016773223877 24.847087860107422 -4.468352794647217 0.1690
Pedestrian 1 1 1 1145.12939453125 162.08132934570312 1164.5025634765625 207.93417358398438 0.4805864989757538 1.7545323371887207 0.5612346529960632 21.078388214111328 1.34202241897583 27.975427627563477 -3.981980800628662 0.1689
Car 1 1 1 305.0531311035156 188.22023010253906 347.76373291015625 216.11024475097656 4.052536964416504 1.4878548383712769 1.6984714269638062 -16.881275177001953 2.4496612548828125 43.021724700927734 -4.9133758544921875 0.1688
Car 1 1 1 106.2770767211914 183.08013916015625 198.2520294189453 218.0648651123047 3.967531442642212 1.5583637952804565 1.6464985609054565 -22.399070739746094 2.089639663696289 35.430599212646484 -7.719131946563721 0.1675
Cyclist 1 1 1 404.920166015625 175.3291473388672 421.96099853515625 214.0131072998047 1.808566689491272 1.7361652851104736 0.6011670231819153 -9.142038345336914 1.853833556175232 33.44657897949219 -8.028816223144531 0.1648
Cyclist 1 1 1 358.6962890625 181.85440063476562 374.5652160644531 217.72369384765625 1.7541186809539795 1.7884016036987305 0.6344302296638489 -12.633058547973633 2.265794277191162 37.367897033691406 -8.095029830932617 0.1640
Pedestrian 1 1 1 833.3338623046875 169.80880737304688 849.1995239257812 206.20924377441406 0.5059173107147217 1.7381035089492798 0.5700880885124207 11.090200424194336 1.5923973321914673 34.736053466796875 -4.823367595672607 0.1639
Car 1 1 1 544.6182861328125 181.91522216796875 580.7597045898438 211.47048950195312 3.7677438259124756 1.530836820602417 1.6370925903320312 -2.7419960498809814 2.0653698444366455 40.59238052368164 -4.883938789367676 0.1626
Pedestrian 1 1 1 1195.3642578125 143.5102081298828 1241.0 221.97364807128906 0.7578688263893127 1.8111339807510376 0.5957170128822327 14.357340812683105 1.1335053443908691 17.110057830810547 -4.381519317626953 0.1625
Car 1 1 1 959.1122436523438 170.04368591308594 1043.9652099609375 211.32174682617188 3.8506672382354736 1.5032566785812378 1.6723005771636963 15.192122459411621 1.4006116390228271 28.298185348510742 -4.575611591339111 0.1617
Car 1 1 1 575.2058715820312 183.56600952148438 607.0503540039062 212.26560974121094 3.8783347606658936 1.5107355117797852 1.6468355655670166 -1.1626970767974854 2.15562105178833 41.46421432495117 -7.927089214324951 0.1616
Pedestrian 1 1 1 140.91683959960938 169.41635131835938 175.7317657470703 233.26747131347656 0.7429231405258179 1.7013249397277832 0.5789082050323486 -12.338674545288086 1.60942804813385 19.6467342376709 -4.910788059234619 0.1595
Car 1 1 1 524.5971069335938 179.85267639160156 555.1528930664062 205.5425262451172 3.8259940147399902 1.5075491666793823 1.582276701927185 -4.397245407104492 1.965343952178955 45.307952880859375 -7.862965106964111 0.1591
Car 1 1 1 808.3143920898438 179.2298583984375 873.133056640625 209.43299865722656 3.8014345169067383 1.4719196557998657 1.6367067098617554 12.04688549041748 1.8255809545516968 38.03655242919922 -4.9004669189453125 0.1590
Car 1 1 1 116.45238494873047 184.5473175048828 159.5899200439453 207.8084716796875 3.863387107849121 1.5545175075531006 1.6504157781600952 -34.25246810913086 2.437513828277588 52.41291427612305 -5.020636558532715 0.1574
Pedestrian 1 1 1 444.7597961425781 174.9226837158203 457.2298583984375 196.8333282470703 0.8139390349388123 1.7694671154022217 0.5716626048088074 -12.995943069458008 1.9393408298492432 58.859405517578125 -7.158721446990967 0.1568
Pedestrian 1 1 1 787.2974853515625 170.92498779296875 814.175537109375 236.06890869140625 0.782575249671936 1.5882474184036255 0.5327062606811523 4.701416492462158 1.5409170389175415 18.007917404174805 -4.610273361206055 0.1553
Car 1 1 1 724.5808715820312 173.34933471679688 752.361083984375 190.17733764648438 3.959653615951538 1.5326701402664185 1.5937731266021729 12.028575897216797 1.5803697109222412 67.87870025634766 -7.941442966461182 0.1552
Pedestrian 1 1 1 912.3958129882812 157.0037841796875 953.1197509765625 242.19078063964844 0.6256996989250183 1.7135813236236572 0.5572097301483154 6.570633888244629 1.3944460153579712 14.827413558959961 -7.852355480194092 0.1547
Pedestrian 1 1 1 875.0225830078125 160.24252319335938 909.733154296875 227.92893981933594 0.8051015734672546 1.7157398462295532 0.5799285769462585 7.255720138549805 1.3957594633102417 18.69426727294922 -7.860616207122803 0.1542
Pedestrian 1 1 1 1174.545654296875 148.2194366455078 1217.5589599609375 238.63192749023438 0.752575695514679 1.7165446281433105 0.5721812844276428 11.454535484313965 1.2485401630401611 14.166402816772461 -3.914034843444824 0.1539
Pedestrian 1 1 1 259.0535583496094 168.25672912597656 289.9683532714844 226.52587890625 0.7557973265647888 1.7133550643920898 0.6106294393539429 -10.090438842773438 1.577876329421997 21.61458969116211 -7.924183368682861 0.1533
Pedestrian 1 1 1 120.03699493408203 180.3282012939453 167.21420288085938 262.822998046875 0.5855974555015564 1.5065972805023193 0.47854119539260864 -8.80933952331543 1.6500929594039917 13.558753967285156 -4.574790954589844 0.1533
Pedestrian 1 1 1 947.87353515625 160.67381286621094 969.0836791992188 211.8490447998047 0.7395903468132019 1.7466479539871216 0.6040592193603516 12.077407836914062 1.3306291103363037 25.09869956970215 -4.1776323318481445 0.1530
Car 1 1 1 0.0 170.08900451660156 57.39638900756836 207.8274688720703 4.146231651306152 1.8776293992996216 1.678572654724121 -31.66282844543457 1.7397605180740356 38.01858901977539 -7.794435977935791 0.1526
Car 1 1 1 1194.3873291015625 155.5675506591797 1241.0 218.93592834472656 3.5986993312835693 1.5914525985717773 1.6638292074203491 18.41200065612793 1.1570155620574951 19.937753677368164 -7.875503063201904 0.1526
Car 1 1 1 446.7904968261719 181.94679260253906 479.0784912109375 209.8032684326172 3.961773633956909 1.5269259214401245 1.6561651229858398 -8.851802825927734 2.0961520671844482 43.06625747680664 -4.972304821014404 0.1517
Pedestrian 1 1 1 923.3807373046875 157.5235137939453 957.6300048828125 226.28738403320312 0.715942919254303 1.7372715473175049 0.5860922932624817 8.51061725616455 1.3496575355529785 18.68865394592285 -7.051748752593994 0.1515
Car 1 1 1 490.7359619140625 181.76431274414062 529.078125 214.2024688720703 3.8172519207000732 1.4987412691116333 1.6500129699707031 -5.033630847930908 1.9718115329742432 36.37309265136719 -7.920760631561279 0.1506
Pedestrian 1 1 1 1160.7254638671875 128.93515014648438 1241.0 374.0 0.7267106175422668 1.7169855833053589 0.5864505171775818 3.7326154708862305 1.4877949953079224 4.205042839050293 -5.081148624420166 0.1497
Car 1 1 1 454.0346984863281 179.30075073242188 492.4439392089844 202.98028564453125 4.013345718383789 1.5491536855697632 1.6324137449264526 -9.531881332397461 2.017583131790161 50.395362854003906 -4.6313652992248535 0.1474
Pedestrian 1 1 1 317.23980712890625 168.9499969482422 344.70843505859375 222.3538360595703 0.7597364187240601 1.709153175354004 0.605935275554657 -9.118692398071289 1.5839080810546875 23.475345611572266 -7.864486217498779 0.1470
Car 1 1 1 546.290283203125 178.998779296875 569.9052124023438 201.4615936279297 3.91886830329895 1.5133509635925293 1.624346375465393 -3.7173070907592773 1.970440149307251 51.70689392089844 -7.908904552459717 0.1467
Pedestrian 1 1 1 768.8395385742188 168.38735961914062 796.4993896484375 221.72064208984375 0.7294809818267822 1.7273260354995728 0.609784722328186 5.643166542053223 1.582363247871399 23.801862716674805 -8.125439643859863 0.1462
Car 1 1 1 709.0698852539062 173.4291229248047 759.4158325195312 200.00270080566406 4.10964822769165 1.6136153936386108 1.6519240140914917 7.841800212860107 1.6518094539642334 46.10209274291992 -8.098246574401855 0.1462
Pedestrian 1 1 1 1121.7530517578125 158.9938507080078 1140.0513916015625 190.68124389648438 0.6960753798484802 1.7757266759872437 0.6088900566101074 29.439464569091797 0.9987189769744873 40.837284088134766 -7.647340297698975 0.1459
Car 1 1 1 0.0 0.0 1241.0 374.0 3.827758550643921 1.5289559364318848 1.6248177289962769 3.0122110843658447 1.5601986646652222 0.9954831004142761 -7.90576696395874 0.1456
Pedestrian 1 1 1 781.3866577148438 168.95217895507812 796.70361328125 197.62828063964844 0.7490170001983643 1.7582741975784302 0.5902152061462402 11.058914184570312 1.518734097480774 44.7066650390625 -3.82755708694458 0.1452
Pedestrian 1 1 1 91.1784439086914 166.86053466796875 127.00857543945312 231.2869415283203 0.6507267355918884 1.7489968538284302 0.5244007706642151 -13.929903984069824 1.585991382598877 19.99923324584961 -4.20883846282959 0.1449
Pedestrian 1 1 1 50.16269302368164 166.0448760986328 87.73358154296875 242.6428680419922 0.4853048026561737 1.7451964616775513 0.5112180709838867 -12.599991798400879 1.5897587537765503 16.73971939086914 -7.59338903427124 0.1428
Pedestrian 1 1 1 764.4398803710938 165.4981231689453 784.3181762695312 209.14553833007812 0.7596521973609924 1.732552170753479 0.6272497177124023 6.561895370483398 1.4402663707733154 29.021371841430664 -7.851973056793213 0.1427
Pedestrian 1 1 1 865.9556884765625 165.7406005859375 882.3967895507812 209.06431579589844 0.690136730670929 1.752549409866333 0.5990983247756958 10.790874481201172 1.4644955396652222 29.606266021728516 -7.553267955780029 0.1422
Car 1 1 1 375.9639587402344 177.41151428222656 408.0524597167969 204.45750427246094 3.846381187438965 1.542301058769226 1.6288948059082031 -13.342940330505371 1.8326942920684814 43.93553161621094 -8.210602760314941 0.1415
Pedestrian 1 1 1 1070.330322265625 150.5341796875 1109.711181640625 242.19178771972656 0.7211930155754089 1.7005220651626587 0.5765041708946228 9.162124633789062 1.2861229181289673 13.848292350769043 -4.049647331237793 0.1403
Car 1 1 1 773.426025390625 173.0635528564453 804.2670288085938 194.65829467773438 3.865051031112671 1.634324073791504 1.6623258590698242 13.965120315551758 1.6510428190231323 56.6225700378418 -7.79655122756958 0.1402
Pedestrian 1 1 1 162.0603790283203 170.5849151611328 182.30804443359375 204.4704132080078 0.7463068962097168 1.779538869857788 0.6521484851837158 -23.26652717590332 1.6600749492645264 38.2894172668457 -7.9305033683776855 0.1401
Car 1 1 1 560.7080078125 178.73681640625 580.4337158203125 197.23953247070312 4.046699047088623 1.5108932256698608 1.6364225149154663 -3.3993022441864014 2.035092830657959 62.27789306640625 -4.750585079193115 0.1395
Pedestrian 1 1 1 55.091976165771484 166.41757202148438 94.45045471191406 247.982177734375 0.4973542392253876 1.7913193702697754 0.5284096002578735 -12.041570663452148 1.649662733078003 16.1680908203125 -7.519053936004639 0.1391
Car 1 1 1 507.382080078125 180.56741333007812 544.4893188476562 209.9420166015625 3.8893978595733643 1.517364501953125 1.6232404708862305 -4.675698757171631 1.9680299758911133 40.239044189453125 -4.713630676269531 0.1389
Pedestrian 1 1 1 114.85762023925781 165.7939910888672 144.02566528320312 233.86990356445312 0.7562863826751709 1.747772216796875 0.5730049014091492 -12.69121265411377 1.5662147998809814 18.993616104125977 -8.350297927856445 0.1384
Car 1 1 1 0.0 187.0068817138672 91.46002960205078 240.88653564453125 3.5655291080474854 1.5430409908294678 1.657443642616272 -18.839820861816406 2.042429208755493 23.569828033447266 -8.039630889892578 0.1380
Pedestrian 1 1 1 188.7989044189453 164.3129425048828 227.6578826904297 232.76304626464844 0.7574736475944519 1.7341046333312988 0.6015031337738037 -10.435970306396484 1.5174269676208496 18.669557571411133 -7.893181324005127 0.1371
Cyclist 1 1 1 380.402587890625 172.04348754882812 426.9413146972656 216.30642700195312 1.7164027690887451 1.7740064859390259 0.611611008644104 -8.397607803344727 1.7412221431732178 29.249147415161133 -3.170841693878174 0.1369
Car 1 1 1 343.9512023925781 184.60325622558594 378.2510070800781 212.7191619873047 3.91959810256958 1.5440173149108887 1.6493148803710938 -14.986313819885254 2.2860779762268066 43.48582077026367 -4.964737415313721 0.1367
Pedestrian 1 1 1 884.6180419921875 155.64878845214844 925.1179809570312 242.3621368408203 0.7078494429588318 1.7394120693206787 0.5324040651321411 5.9989495277404785 1.3939869403839111 14.833202362060547 -7.875765323638916 0.1364
Pedestrian 1 1 1 1087.89892578125 159.1472930908203 1123.337890625 222.49940490722656 0.7735893130302429 1.8019393682479858 0.5432177186012268 14.332417488098145 1.4117761850357056 20.939912796020508 -3.610304832458496 0.1364
Pedestrian 1 1 1 867.0078735351562 163.7706298828125 884.5069580078125 205.38160705566406 0.7259882092475891 1.7717294692993164 0.5799850821495056 11.444099426269531 1.3846737146377563 31.182861328125 -7.305791854858398 0.1362
Pedestrian 1 1 1 946.3085327148438 157.88168334960938 974.4132690429688 219.9253692626953 0.6638179421424866 1.7103540897369385 0.6081506013870239 9.79681396484375 1.2973134517669678 20.29438591003418 -7.570052623748779 0.1361
Car 1 1 1 533.1231689453125 184.2109832763672 555.3963623046875 201.69107055664062 3.9035534858703613 1.5404800176620483 1.6485360860824585 -6.276658058166504 2.6490960121154785 68.3716812133789 -4.9220991134643555 0.1359
Cyclist 1 1 1 1011.227783203125 152.54019165039062 1086.6575927734375 235.5606689453125 1.742433786392212 1.715686321258545 0.5159034729003906 9.511481285095215 1.2955849170684814 15.794954299926758 -7.9075751304626465 0.1356
Car 1 1 1 748.5919189453125 172.18873596191406 768.4725952148438 189.71022033691406 4.0148515701293945 1.594318151473999 1.63258957862854 13.899585723876953 1.5334827899932861 67.76329040527344 -7.6996941566467285 0.1353
Car 1 1 1 66.22946166992188 187.55810546875 141.54165649414062 216.9921417236328 4.183122158050537 1.5389827489852905 1.665715217590332 -29.391902923583984 2.438455820083618 42.009681701660156 -4.779475688934326 0.1353
Pedestrian 1 1 1 710.4489135742188 177.0356903076172 742.42041015625 231.13404846191406 0.865876317024231 1.7187974452972412 0.587350606918335 3.7434141635894775 1.8574939966201782 23.491941452026367 -6.908237457275391 0.1350
Cyclist 1 1 1 670.5167846679688 175.36277770996094 681.1002197265625 201.34356689453125 1.6895418167114258 1.7110484838485718 0.44993436336517334 4.388774871826172 1.8825129270553589 48.54256820678711 -7.919710636138916 0.1347
Cyclist 1 1 1 931.5466918945312 156.49620056152344 990.6555786132812 232.0753631591797 1.7538739442825317 1.694520354270935 0.5080468654632568 8.213942527770996 1.327471137046814 17.059877395629883 -7.877469539642334 0.1341
Car 1 1 1 745.421875 168.27651977539062 773.9226684570312 191.7454071044922 3.9488024711608887 1.7137752771377563 1.6785253286361694 11.376215934753418 1.3792120218276978 54.82725524902344 -7.533934116363525 0.1339
Cyclist 1 1 1 413.662841796875 177.11007690429688 422.63812255859375 198.8794403076172 1.731554627418518 1.7979334592819214 0.43076905608177185 -16.190011978149414 2.161557674407959 60.81640625 -7.934885501861572 0.1331
Car 1 1 1 0.0 188.93946838378906 139.28321838378906 374.0 3.877324104309082 1.5091891288757324 1.6024802923202515 -5.343390464782715 1.6693174839019775 5.183493614196777 -4.818739414215088 0.1327
Pedestrian 1 1 1 1154.86083984375 164.17941284179688 1179.325439453125 210.7022247314453 0.5233573317527771 1.7441085577011108 0.5813426375389099 21.08946418762207 1.4186041355133057 27.38084602355957 -4.436836242675781 0.1322
Cyclist 1 1 1 406.9119873046875 159.80252075195312 442.2236328125 210.6538543701172 1.5928860902786255 1.7332683801651 0.5470578074455261 -6.564488410949707 1.2881088256835938 25.430187225341797 -4.496424198150635 0.1321
Cyclist 1 1 1 328.0821228027344 180.65228271484375 350.6861267089844 219.7291259765625 1.7068933248519897 1.7100462913513184 0.5963344573974609 -12.335342407226562 2.0739667415618896 32.81413269042969 -7.986881732940674 0.1316
Cyclist 1 1 1 804.0390014648438 169.64260864257812 842.6366577148438 206.69586181640625 1.7264643907546997 1.7908856868743896 0.6532570123672485 10.42559814453125 1.6353702545166016 35.40691375732422 -6.53712272644043 0.1314
Pedestrian 1 1 1 1012.264892578125 155.513916015625 1038.693603515625 214.3623809814453 0.6963347792625427 1.7752820253372192 0.6140134334564209 12.729235649108887 1.2518833875656128 22.20443344116211 -7.470165729522705 0.1314
Pedestrian 1 1 1 361.2099609375 175.05392456054688 384.0728759765625 220.4469757080078 0.6452987790107727 1.593253254890442 0.5724115371704102 -8.496113777160645 1.6723542213439941 25.700294494628906 -4.642425060272217 0.1308
Pedestrian 1 1 1 999.812744140625 154.95294189453125 1036.24169921875 226.36117553710938 0.7483248114585876 1.7419416904449463 0.592410147190094 10.132890701293945 1.304961085319519 18.028087615966797 -7.648157596588135 0.1307
Car 1 1 1 132.86390686035156 182.95838928222656 174.32373046875 206.97789001464844 3.919424295425415 1.5388418436050415 1.6305137872695923 -31.680330276489258 2.2702524662017822 50.13020706176758 -5.059274673461914 0.1303
Pedestrian 1 1 1 20.082956314086914 165.90069580078125 76.84046173095703 255.84190368652344 0.7579787373542786 1.7120368480682373 0.5797070860862732 -11.050257682800293 1.5793805122375488 14.15108871459961 -4.855988502502441 0.1303
Pedestrian 1 1 1 133.7306671142578 160.04360961914062 171.8090362548828 236.01263427734375 0.6615729928016663 1.7930692434310913 0.5472001433372498 -11.063834190368652 1.490410566329956 17.3931941986084 -4.840359687805176 0.1300
Car 1 1 1 34.2262077331543 174.4647979736328 86.71116638183594 200.5279083251953 4.043347358703613 1.7217217683792114 1.6735022068023682 -38.121315002441406 1.8381749391555786 50.11626052856445 -5.030585765838623 0.1296
Car 1 1 1 193.4178924560547 178.3304901123047 267.5509948730469 218.35951232910156 3.8909430503845215 1.4740991592407227 1.644099235534668 -15.30150032043457 1.7112208604812622 29.209352493286133 -4.915708065032959 0.1295
Car 1 1 1 432.0262145996094 176.1510009765625 456.83966064453125 196.92149353027344 3.870363473892212 1.6777948141098022 1.6435438394546509 -13.97479248046875 1.965200662612915 60.944427490234375 -7.973169803619385 0.1294
Pedestrian 1 1 1 1210.4755859375 151.77572631835938 1241.0 219.7711181640625 0.7334377765655518 1.7813165187835693 0.5713097453117371 16.57683563232422 1.228816270828247 19.327159881591797 -7.6114068031311035 0.1287
Pedestrian 1 1 1 725.222900390625 166.8474578857422 737.5260009765625 203.60511779785156 0.763117253780365 1.796692967414856 0.5783458948135376 5.959061145782471 1.5027965307235718 35.6861686706543 -7.715425968170166 0.1274
Pedestrian 1 1 1 950.885986328125 156.68089294433594 983.2315063476562 225.95298767089844 0.7204100489616394 1.7536144256591797 0.58664870262146 9.18280029296875 1.3438944816589355 18.677677154541016 -7.650527477264404 0.1272
Cyclist 1 1 1 745.6879272460938 174.78564453125 756.1841430664062 200.14634704589844 1.6956998109817505 1.6835169792175293 0.468696266412735 9.510642051696777 1.8163973093032837 48.8881950378418 -7.798740863800049 0.1268
Car 1 1 1 905.6088256835938 170.4051055908203 984.8392333984375 212.39601135253906 3.869694948196411 1.525369644165039 1.6788218021392822 12.959534645080566 1.4361106157302856 28.22942543029785 -7.738455295562744 0.1267
Car 1 1 1 657.4635009765625 178.54373168945312 694.0897216796875 210.31268310546875 3.6642837524414062 1.5422732830047607 1.6278780698776245 3.335639476776123 1.8525075912475586 37.53464889526367 -4.695723056793213 0.1267
Cyclist 1 1 1 351.6967468261719 163.73963928222656 384.9008483886719 211.3115692138672 1.6213335990905762 1.7292860746383667 0.554434061050415 -9.0938720703125 1.3976699113845825 27.06450080871582 -4.6039934158325195 0.1264
Car 1 1 1 944.1102294921875 169.74864196777344 1116.381103515625 226.07460021972656 3.9830899238586426 1.544079065322876 1.6254310607910156 11.969807624816895 1.4586513042449951 20.857189178466797 -6.145978927612305 0.1263
Pedestrian 1 1 1 910.08203125 160.4483642578125 933.7749633789062 211.38522338867188 0.6867569088935852 1.7423361539840698 0.6372247934341431 10.790979385375977 1.3176915645599365 25.08487892150879 -7.636232852935791 0.1263
Car 1 1 1 592.5000610351562 178.3651885986328 624.5792236328125 201.65550231933594 3.9858570098876953 1.5680238008499146 1.6490280628204346 -0.17573948204517365 1.9785139560699463 51.677513122558594 -4.883243083953857 0.1262
Car 1 1 1 190.0699462890625 182.87940979003906 233.66122436523438 205.72647094726562 3.9440314769744873 1.4930367469787598 1.636587142944336 -28.16083335876465 2.2318472862243652 51.094627380371094 -4.923912525177002 0.1262
Pedestrian 1 1 1 844.9954223632812 164.63592529296875 871.854248046875 225.26914978027344 0.7055897116661072 1.6649999618530273 0.5879859924316406 6.93080997467041 1.4390301704406738 20.26630973815918 -7.3275227546691895 0.1259
Car 1 1 1 1241.0 169.85806274414062 1241.0 374.0 4.052121639251709 1.4982365369796753 1.5999675989151 6.2982072830200195 1.4859912395477295 3.8075923919677734 -6.3485822677612305 0.1255
Car 1 1 1 279.3222961425781 183.41993713378906 314.4449157714844 206.02195739746094 3.8523335456848145 1.4670675992965698 1.6729528903961182 -22.044795989990234 2.2416555881500244 50.84400939941406 -4.959733009338379 0.1251
Pedestrian 1 1 1 1039.54248046875 153.57769775390625 1083.51220703125 225.35745239257812 0.7741284370422363 1.7838904857635498 0.580409824848175 11.429545402526855 1.3045306205749512 18.361984252929688 -8.021925926208496 0.1251
Pedestrian 1 1 1 55.358795166015625 171.20840454101562 88.57893371582031 226.89715576171875 0.661867618560791 1.8109681606292725 0.5905967950820923 -17.798328399658203 1.7571544647216797 23.814510345458984 -4.6434326171875 0.1244
Car 1 1 1 818.3681030273438 173.70355224609375 843.6276245117188 195.21340942382812 3.926591396331787 1.578949213027954 1.5708996057510376 16.848033905029297 1.6461249589920044 55.21954345703125 -4.486286163330078 0.1242
Pedestrian 1 1 1 888.5216674804688 174.1717529296875 911.58837890625 213.4852752685547 0.7498635649681091 1.7962697744369507 0.6483757495880127 13.389174461364746 1.8577741384506226 33.41842269897461 -3.448806047439575 0.1241
Cyclist 1 1 1 405.1913146972656 176.30072021484375 420.7928466796875 205.49386596679688 1.7023861408233643 1.687788724899292 0.5760231018066406 -11.710132598876953 1.8960504531860352 42.79059982299805 -4.784811496734619 0.1238
Pedestrian 1 1 1 826.4711303710938 158.44442749023438 849.7294311523438 214.5726318359375 0.6839407086372375 1.7697200775146484 0.6259209513664246 7.261237144470215 1.315086841583252 23.14097023010254 -7.68027925491333 0.1237
Pedestrian 1 1 1 859.2427978515625 176.99566650390625 876.4646606445312 205.1425018310547 0.7850374579429626 1.7172034978866577 0.6507163643836975 15.931224822998047 1.976294755935669 44.679908752441406 -5.42259407043457 0.1229
Pedestrian 1 1 1 875.6328125 159.24620056152344 899.8358764648438 217.02711486816406 0.6508206725120544 1.7438280582427979 0.6091223955154419 8.502232551574707 1.3328449726104736 22.20868682861328 -7.3440165519714355 0.1228
Pedestrian 1 1 1 29.6783504486084 172.83734130859375 47.900047302246094 201.69676208496094 0.7346963286399841 1.7730203866958618 0.5929044485092163 -35.441749572753906 1.77169668674469 44.731441497802734 -7.984189510345459 0.1224
Pedestrian 1 1 1 222.19186401367188 166.3120880126953 253.2614288330078 220.9111785888672 0.7731503844261169 1.771816611289978 0.604438304901123 -12.327741622924805 1.5592224597930908 23.816696166992188 -7.80187463760376 0.1223
Pedestrian 1 1 1 30.919706344604492 167.4259490966797 66.74085235595703 243.94476318359375 0.5765909552574158 1.7679368257522583 0.5670703649520874 -13.307050704956055 1.6422240734100342 17.055604934692383 -8.318448066711426 0.1222
Car 1 1 1 723.8838500976562 170.1742401123047 749.8348999023438 192.7663116455078 3.954418897628784 1.6689878702163696 1.660742163658142 9.747198104858398 1.4707207679748535 55.425540924072266 -4.459939479827881 0.1219
Car 1 1 1 511.0787353515625 180.00375366210938 538.4161987304688 203.5769805908203 3.943044424057007 1.5451743602752686 1.5973823070526123 -5.961375713348389 2.0652079582214355 50.51005172729492 -4.7511701583862305 0.1218
Pedestrian 1 1 1 171.7295379638672 166.452392578125 201.76356506347656 230.9690704345703 0.7615603804588318 1.7433878183364868 0.5668830871582031 -11.741776466369629 1.5701017379760742 19.94744110107422 -5.027329921722412 0.1217
Pedestrian 1 1 1 1151.0101318359375 154.26295471191406 1184.8328857421875 218.61949157714844 0.7235010862350464 1.7692954540252686 0.5611692667007446 15.626066207885742 1.2578891515731812 20.27366065979004 -3.7506051063537598 0.1215
Pedestrian 1 1 1 1025.4207763671875 169.23629760742188 1055.0577392578125 216.4064483642578 0.76352858543396 1.7548691034317017 0.5993062853813171 16.24147605895996 1.6199800968170166 27.32101058959961 -8.341702461242676 0.1209
Cyclist 1 1 1 926.7890625 158.91464233398438 995.7479248046875 240.85067749023438 1.7768127918243408 1.6876364946365356 0.535097599029541 7.581890106201172 1.400227665901184 15.766901016235352 -7.926162242889404 0.1206
Car 1 1 1 278.18536376953125 181.74337768554688 333.41326904296875 219.859619140625 3.8812732696533203 1.5164320468902588 1.6209865808486938 -13.348780632019043 1.9328479766845703 31.749061584472656 -4.944939613342285 0.1201
Cyclist 1 1 1 0.0 95.95467376708984 266.95208740234375 374.0 1.8311831951141357 1.7095266580581665 0.5653588175773621 -2.079087257385254 1.4949978590011597 2.9537839889526367 -4.837434768676758 0.1196
Pedestrian 1 1 1 222.91656494140625 169.87197875976562 243.40982055664062 209.6531524658203 0.558845579624176 1.757873773574829 0.6026018857955933 -16.85204315185547 1.6258025169372559 32.19231414794922 -7.752254009246826 0.1190
Pedestrian 1 1 1 1118.9306640625 149.2869873046875 1159.3326416015625 252.0693817138672 0.7322736978530884 1.7281949520111084 0.5549951791763306 9.170860290527344 1.3316365480422974 12.591300010681152 -4.08762264251709 0.1182
Cyclist 1 1 1 1058.041748046875 151.10438537597656 1139.8377685546875 237.03298950195312 1.7306879758834839 1.6983791589736938 0.5165655016899109 10.151679992675781 1.2681978940963745 15.131109237670898 -7.872238636016846 0.1181
Pedestrian 1 1 1 1213.1219482421875 148.502685546875 1241.0 240.76658630371094 0.7524039149284363 1.7174071073532104 0.5514125823974609 12.024337768554688 1.2638299465179443 13.867432594299316 -3.720925807952881 0.1180
