Car 1 1 1 541.7405395507812 178.91204833984375 567.4098510742188 203.20321655273438 3.9401743412017822 1.5302088260650635 1.6504849195480347 -3.758530378341675 1.9540746212005615 48.49215316772461 -4.78955602645874 0.6348
Pedestrian 1 1 1 529.5303344726562 169.5342254638672 542.4488525390625 201.08419799804688 0.8718875050544739 1.807089924812317 0.5723231434822083 -4.330262660980225 1.6166430711746216 41.83094024658203 -8.170490264892578 0.3421
Pedestrian 1 1 1 484.37286376953125 161.6729736328125 509.64447021484375 217.65196228027344 0.7195793986320496 1.793168544769287 0.6467601656913757 -3.723264217376709 1.4347083568572998 23.506568908691406 -7.742152690887451 0.3245
Car 1 1 1 0.0 181.03720092773438 374.30279541015625 374.0 3.713768720626831 1.5436431169509888 1.618329405784607 -3.9960384368896484 1.6449182033538818 6.992772102355957 -4.549749851226807 0.3116
Pedestrian 1 1 1 521.3682250976562 166.6006622314453 538.4458618164062 200.67987060546875 0.7554495930671692 1.7855015993118286 0.5761856436729431 -4.284708499908447 1.45757257938385 38.271724700927734 -4.22813081741333 0.2868
Car 1 1 1 0.0 182.10560607910156 187.7598876953125 333.71038818359375 3.7637929916381836 1.4928561449050903 1.5775994062423706 -7.288661003112793 1.6358922719955444 9.259089469909668 -4.763564586639404 0.2779
Pedestrian 1 1 1 499.669677734375 163.44557189941406 524.8336791992188 220.93252563476562 0.8456290364265442 1.737796664237976 0.599741518497467 -3.0570757389068604 1.4530853033065796 22.258447647094727 -4.627187728881836 0.2651
Pedestrian 1 1 1 506.879150390625 160.4015655517578 523.2933349609375 202.85073852539062 0.6807745099067688 1.8749687671661377 0.6646777391433716 -4.277055740356445 1.324648380279541 32.221717834472656 -7.888281345367432 0.2535
Car 1 1 1 421.20416259765625 178.1951904296875 499.48724365234375 239.16148376464844 3.986276865005493 1.4977816343307495 1.638758897781372 -4.11471700668335 1.6616884469985962 20.1339111328125 -4.786989688873291 0.2501
Pedestrian 1 1 1 406.28662109375 156.13096618652344 461.54248046875 245.3876495361328 0.9116951823234558 1.7667099237442017 0.6387040019035339 -3.668036460876465 1.4354010820388794 14.821637153625488 -3.855226993560791 0.2301
Pedestrian 1 1 1 425.70159912109375 157.7416229248047 469.5955810546875 267.41259765625 0.8637450337409973 1.7457149028778076 0.6245934963226318 -2.729778528213501 1.5048600435256958 11.951051712036133 -7.972606182098389 0.2226
Pedestrian 1 1 1 479.53338623046875 159.544189453125 497.23651123046875 205.15309143066406 0.7085216045379639 1.8300386667251587 0.6168667078018188 -4.9806694984436035 1.2956880331039429 29.313888549804688 -7.881032466888428 0.2220
Pedestrian 1 1 1 457.6025695800781 161.06788635253906 508.4556884765625 246.2683868408203 0.8837285041809082 1.7260918617248535 0.5885114669799805 -2.712585210800171 1.4870151281356812 15.146810531616211 -4.041892051696777 0.2171
Pedestrian 1 1 1 641.5115356445312 170.8591766357422 657.0266723632812 198.82559204101562 0.7403702735900879 1.764024019241333 0.6536720395088196 2.469118356704712 1.637897253036499 45.99869918823242 -6.959611415863037 0.1993
Car 1 1 1 536.1160888671875 179.33612060546875 563.9813232421875 206.59347534179688 3.86376690864563 1.5773550271987915 1.6326431035995483 -3.7084438800811768 1.9961421489715576 44.67222213745117 -4.77212381362915 0.1955
Pedestrian 1 1 1 491.2742919921875 161.12950134277344 507.9660339355469 203.1232147216797 0.6654955744743347 1.8530654907226562 0.6635651588439941 -4.961953163146973 1.33539617061615 32.18372344970703 -7.889358997344971 0.1935
Car 1 1 1 658.9618530273438 173.1676483154297 781.8297729492188 239.18264770507812 3.9848175048828125 1.5249851942062378 1.6155544519424438 2.6873669624328613 1.5338006019592285 18.828699111938477 -5.003448009490967 0.1850
Car 1 1 1 246.0330352783203 181.00094604492188 406.093994140625 235.65945434570312 4.054372787475586 1.511871576309204 1.6484333276748657 -8.303921699523926 1.761268973350525 21.17612648010254 -3.084564685821533 0.1796
Pedestrian 1 1 1 761.05224609375 143.3479766845703 814.8090209960938 278.428955078125 0.7702869176864624 1.782143473625183 0.5898494124412537 2.416499614715576 1.3925660848617554 9.99229907989502 -4.283147811889648 0.1785
Pedestrian 1 1 1 534.6002807617188 174.08180236816406 546.813232421875 197.731689453125 0.6730685830116272 1.7762765884399414 0.6483985185623169 -5.282964706420898 1.8698647022247314 54.70821762084961 -8.587722778320312 0.1770
Pedestrian 1 1 1 501.4860534667969 168.9884796142578 524.5852661132812 213.63014221191406 0.7150324583053589 1.7834296226501465 0.5989018678665161 -3.9797961711883545 1.6287026405334473 29.287872314453125 -7.028318881988525 0.1748
Pedestrian 1 1 1 890.8862915039062 121.47508239746094 983.0678100585938 368.3631896972656 0.6318275928497314 1.7338099479675293 0.5564923882484436 2.4333722591400146 1.3726935386657715 5.482808589935303 -4.148853302001953 0.1651
Pedestrian 1 1 1 685.6410522460938 162.98785400390625 698.47802734375 199.4226531982422 0.736660897731781 1.7828301191329956 0.5963268876075745 4.024611473083496 1.299759030342102 35.7180061340332 -7.691622257232666 0.1627
Car 1 1 1 622.4798583984375 180.4685821533203 658.7410278320312 208.0396728515625 4.001830577850342 1.5277413129806519 1.6567633152008057 1.7482255697250366 2.0050368309020996 43.18914794921875 -4.801226615905762 0.1603
Pedestrian 1 1 1 28.223941802978516 154.37615966796875 126.3930892944336 317.2647399902344 0.6617769002914429 1.7235536575317383 0.5800588726997375 -5.968333721160889 1.5277363061904907 8.029191017150879 -4.451660633087158 0.1580
Car 1 1 1 0.0 184.49851989746094 40.046756744384766 371.74761962890625 3.841283082962036 1.5435315370559692 1.6032742261886597 -8.864001274108887 1.7062264680862427 8.145319938659668 -4.667810440063477 0.1534
Car 1 1 1 632.0406494140625 179.78506469726562 689.2470092773438 212.95025634765625 3.756843328475952 1.5071353912353516 1.6626951694488525 2.4002718925476074 1.8690022230148315 35.67033004760742 -4.981924533843994 0.1525
Pedestrian 1 1 1 383.6915588378906 158.76513671875 432.07318115234375 271.2001953125 0.8801137804985046 1.7365013360977173 0.5939369201660156 -3.2908596992492676 1.5186063051223755 11.606793403625488 -7.936427593231201 0.1496
Pedestrian 1 1 1 129.73599243164062 158.52195739746094 183.80308532714844 247.07540893554688 0.7015437483787537 1.7273045778274536 0.5965626835823059 -9.144128799438477 1.4474470615386963 14.488282203674316 -4.460115909576416 0.1496
Pedestrian 1 1 1 342.31463623046875 144.2940673828125 417.033447265625 327.1253662109375 0.8920718431472778 1.7557810544967651 0.5897339582443237 -2.3986217975616455 1.4812119007110596 7.411839008331299 -7.993499279022217 0.1446
Car 1 1 1 480.1575622558594 181.93020629882812 514.9674072265625 213.23304748535156 3.9780452251434326 1.5315879583358765 1.6618627309799194 -5.999136924743652 2.0424695014953613 38.57014846801758 -4.821475505828857 0.1420
Car 1 1 1 431.400390625 174.43931579589844 496.44122314453125 213.6876678466797 3.5694122314453125 1.504446029663086 1.6079685688018799 -5.9752044677734375 1.5734305381774902 29.67108154296875 -4.601029872894287 0.1419
Car 1 1 1 491.837890625 179.39559936523438 519.5466918945312 205.5614776611328 4.052860260009766 1.528200626373291 1.6470962762832642 -6.605735778808594 1.9581940174102783 45.33322525024414 -4.865200996398926 0.1403
Car 1 1 1 566.419677734375 178.43692016601562 595.3865966796875 205.52244567871094 4.034592151641846 1.5554025173187256 1.6516058444976807 -1.8631395101547241 1.9143627882003784 44.359764099121094 -4.783989429473877 0.1376
Pedestrian 1 1 1 503.7308044433594 163.84921264648438 528.5878295898438 219.60772705078125 0.7214385271072388 1.761165976524353 0.6240593791007996 -3.0586674213409424 1.4764447212219238 23.190492630004883 -4.574096202850342 0.1371
Pedestrian 1 1 1 0.0 152.5345001220703 39.50139236450195 250.07298278808594 0.7424598932266235 1.7859970331192017 0.5975636839866638 -11.39245319366455 1.4136329889297485 13.588583946228027 -4.6937575340271 0.1363
Car 1 1 1 661.3932495117188 177.1426544189453 723.138671875 226.03948974609375 3.823225259780884 1.505614995956421 1.598091959953308 2.6625351905822754 1.6622507572174072 24.47914695739746 -4.728524684906006 0.1362
Pedestrian 1 1 1 35.40816116333008 156.04315185546875 92.6971435546875 248.18702697753906 0.7589570879936218 1.7561991214752197 0.572894275188446 -10.743595123291016 1.4354959726333618 14.14909553527832 -7.9182047843933105 0.1341
Pedestrian 1 1 1 612.5485229492188 163.19993591308594 636.5096435546875 211.78785705566406 0.7508237361907959 1.8306946754455566 0.6087675094604492 0.5091467499732971 1.466649055480957 27.665355682373047 -8.406001091003418 0.1339
Car 1 1 1 584.4906616210938 176.29208374023438 608.8568115234375 197.16754150390625 3.9804301261901855 1.7319303750991821 1.6540485620498657 -1.2120893001556396 2.040006160736084 62.633358001708984 -7.990803241729736 0.1337
Pedestrian 1 1 1 758.257080078125 146.040283203125 836.1360473632812 301.0326232910156 0.8010541796684265 1.6952308416366577 0.5617759823799133 2.121612548828125 1.4016555547714233 8.376372337341309 -3.9626832008361816 0.1259
Car 1 1 1 566.0869140625 177.89222717285156 594.2181396484375 201.7738494873047 4.04897928237915 1.5622190237045288 1.6814981698989868 -2.14520001411438 1.9270787239074707 50.19145202636719 -4.8217597007751465 0.1244
Pedestrian 1 1 1 611.8245849609375 162.3070831298828 640.2330322265625 216.64112854003906 0.794080376625061 1.8290386199951172 0.5798586010932922 0.5042644143104553 1.4736995697021484 24.770593643188477 -7.020667552947998 0.1222
Pedestrian 1 1 1 418.53607177734375 155.09783935546875 477.4881286621094 255.2848663330078 0.8483487963676453 1.7602901458740234 0.6231868863105774 -3.013446092605591 1.4480136632919312 13.201229095458984 -7.122161388397217 0.1221
Pedestrian 1 1 1 650.6483764648438 173.1536865234375 684.947509765625 246.7399444580078 0.670255184173584 1.5016429424285889 0.5202451348304749 1.1520670652389526 1.5077849626541138 15.118797302246094 -4.977049350738525 0.1217
Pedestrian 1 1 1 67.52510070800781 159.77337646484375 125.33200073242188 250.3383331298828 0.735187292098999 1.7294167280197144 0.5912594795227051 -10.123946189880371 1.4793307781219482 14.167704582214355 -4.635124206542969 0.1216
Car 1 1 1 219.75762939453125 183.28057861328125 379.8656921386719 279.98150634765625 3.9532084465026855 1.4893206357955933 1.603068232536316 -5.669615268707275 1.71481454372406 13.588591575622559 -4.796182632446289 0.1206
Car 1 1 1 0.0 0.0 1241.0 374.0 3.8339593410491943 1.5446194410324097 1.606675386428833 -5.036895751953125 1.6221585273742676 0.6674621105194092 -7.90455961227417 0.1203
Pedestrian 1 1 1 639.8623046875 165.04803466796875 666.45849609375 225.9423065185547 0.7322108149528503 1.6744495630264282 0.574950635433197 1.1563738584518433 1.4595037698745728 20.256990432739258 -8.056238174438477 0.1199
Pedestrian 1 1 1 883.3095703125 114.79032135009766 997.1400756835938 374.0 0.6329542398452759 1.6974012851715088 0.5578915476799011 2.1310691833496094 1.336098551750183 4.848137378692627 -4.528824806213379 0.1199
Pedestrian 1 1 1 449.2492370605469 154.45335388183594 514.660888671875 269.7127380371094 0.9128532409667969 1.7702635526657104 0.5829471349716187 -2.1067357063293457 1.4873489141464233 11.623344421386719 -4.1757917404174805 0.1198
Pedestrian 1 1 1 0.0 43.645172119140625 197.3807830810547 374.0 0.817841649055481 1.7684171199798584 0.5991178750991821 -2.0717294216156006 1.3782925605773926 2.5889174938201904 -4.72283935546875 0.1195
Car 1 1 1 261.3608703613281 180.91822814941406 435.42041015625 241.7937774658203 4.052830696105957 1.5278520584106445 1.6448920965194702 -6.954672336578369 1.753395915031433 19.280826568603516 -3.0897774696350098 0.1179
Pedestrian 1 1 1 826.2512817382812 133.94210815429688 908.0191040039062 346.170166015625 0.6006039977073669 1.6806944608688354 0.5427778959274292 2.12612247467041 1.3722401857376099 6.111547946929932 -4.167442321777344 0.1167
Car 1 1 1 505.471435546875 173.9793243408203 551.9735717773438 191.36228942871094 4.178114891052246 1.623920202255249 1.593759536743164 -7.706597805023193 1.7317579984664917 68.43009948730469 -3.0885443687438965 0.1165
Car 1 1 1 115.51944732666016 183.87994384765625 307.2214660644531 278.7076416015625 4.178804874420166 1.5200482606887817 1.6443252563476562 -7.61096715927124 1.7691651582717896 14.191577911376953 -4.765706539154053 0.1144
Car 1 1 1 0.0 0.0 1241.0 374.0 3.860741138458252 1.5528446435928345 1.6204544305801392 2.6820263862609863 1.5145446062088013 0.645856499671936 -7.954325199127197 0.1136
Pedestrian 1 1 1 494.6309814453125 165.6943359375 515.8457641601562 226.25827026367188 0.6871851682662964 1.6984367370605469 0.5666597485542297 -3.035620927810669 1.4973536729812622 20.603437423706055 -7.9486985206604 0.1133
Car 1 1 1 611.3065185546875 179.20452880859375 652.8334350585938 209.46340942382812 3.984347105026245 1.522251009941101 1.6438642740249634 1.1086640357971191 1.885756492614746 39.253746032714844 -4.841320514678955 0.1117
Pedestrian 1 1 1 528.2063598632812 163.66134643554688 543.287353515625 204.88189697265625 0.6631832122802734 1.8362497091293335 0.6447967290878296 -3.3823108673095703 1.4264452457427979 32.490936279296875 -7.908405780792236 0.1109
Pedestrian 1 1 1 676.8367309570312 160.93661499023438 704.0986328125 237.19265747070312 0.6757659316062927 1.6924904584884644 0.5882847905158997 1.7815067768096924 1.427686095237732 16.393110275268555 -7.701259136199951 0.1105
Pedestrian 1 1 1 525.2647705078125 162.9508514404297 553.5978393554688 218.3404541015625 0.7954061627388 1.8133974075317383 0.5960071682929993 -2.408489227294922 1.4888789653778076 24.118499755859375 -8.555933952331543 0.1104
Car 1 1 1 106.59845733642578 180.5845184326172 278.7605285644531 239.6667938232422 3.904618501663208 1.5179702043533325 1.635812759399414 -11.46844482421875 1.7416908740997314 19.8608455657959 -3.020146369934082 0.1101
Cyclist 1 1 1 0.0 148.9177703857422 160.7994842529297 344.4690246582031 1.759000301361084 1.6918085813522339 0.5540998578071594 -5.302572727203369 1.4844247102737427 7.128206729888916 -4.736148834228516 0.1099
Car 1 1 1 700.0911865234375 176.6765594482422 808.8294067382812 235.75914001464844 4.091925621032715 1.4900637865066528 1.6158605813980103 3.942927598953247 1.6105629205703735 20.639373779296875 -4.903985977172852 0.1099
Pedestrian 1 1 1 1034.6082763671875 100.18584442138672 1170.310791015625 374.0 0.6878819465637207 1.7387456893920898 0.6071518659591675 2.7693872451782227 1.3611443042755127 4.198042869567871 -4.164374828338623 0.1073
Car 1 1 1 937.4039916992188 173.43408203125 1241.0 311.5230712890625 3.9872848987579346 1.5158544778823853 1.6276549100875854 6.237608909606934 1.525185227394104 9.958272933959961 -4.747129917144775 0.1071
Car 1 1 1 686.3717651367188 176.29782104492188 710.6825561523438 194.92355346679688 3.902634859085083 1.5236966609954834 1.4836276769638062 7.516792297363281 1.8274428844451904 61.729408264160156 -4.743570804595947 0.1070
Pedestrian 1 1 1 88.4291000366211 162.53439331054688 140.2326202392578 245.90823364257812 0.7246374487876892 1.6994730234146118 0.5287558436393738 -10.436236381530762 1.4888206720352173 15.129165649414062 -7.572427272796631 0.1051
Pedestrian 1 1 1 471.9356689453125 163.1974334716797 510.2828369140625 242.20387268066406 0.8229677081108093 1.713236927986145 0.6266118884086609 -2.6952013969421387 1.5035364627838135 16.097896575927734 -4.571068286895752 0.1039
Cyclist 1 1 1 91.22032928466797 160.52256774902344 223.42196655273438 295.7887878417969 1.848541259765625 1.7007498741149902 0.5696391463279724 -6.256871223449707 1.5454024076461792 10.015135765075684 -4.637503147125244 0.1034
Car 1 1 1 544.2843627929688 178.4982452392578 565.7591552734375 197.6060028076172 3.996657609939575 1.5292880535125732 1.5719362497329712 -4.705842018127441 2.023012161254883 61.06758117675781 -4.848752021789551 0.1031
Car 1 1 1 199.925048828125 179.364013671875 285.55389404296875 233.87596130371094 3.8285155296325684 1.5163049697875977 1.594279170036316 -11.43624496459961 1.7385375499725342 22.61240577697754 -4.962486267089844 0.1022
Pedestrian 1 1 1 491.9367370605469 162.1939239501953 508.82513427734375 205.77340698242188 0.7037800550460815 1.8033372163772583 0.6115338802337646 -4.629885196685791 1.3619189262390137 30.21472930908203 -7.871495723724365 0.1011
Pedestrian 1 1 1 631.3546752929688 161.84942626953125 656.406982421875 215.22427368164062 0.7822582125663757 1.8449597358703613 0.6113708019256592 1.1425509452819824 1.4642748832702637 25.417606353759766 -8.23580265045166 0.1005
Car 1 1 1 584.6860961914062 179.94239807128906 605.7039794921875 200.6104278564453 3.775369644165039 1.5716511011123657 1.6361042261123657 -1.1972652673721313 2.1603708267211914 58.06232452392578 -7.862926959991455 0.1004
Car 1 1 1 637.5217895507812 176.6213836669922 689.887939453125 217.08270263671875 3.6480188369750977 1.497382402420044 1.6052192449569702 2.0440001487731934 1.6578649282455444 28.922216415405273 -4.775893688201904 0.1001
