Cyclist 1 1 1 496.2535400390625 163.72610473632812 528.6085205078125 219.5399627685547 1.8919559717178345 1.7615325450897217 0.5976654887199402 -3.0632171630859375 1.2324143648147583 23.29128074645996 -7.727050304412842 0.7791
Cyclist 1 1 1 822.7879028320312 144.39344787597656 892.1640625 262.1165771484375 1.7243977785110474 1.7774958610534668 0.44228580594062805 4.0319294929504395 1.2327136993408203 11.547382354736328 -7.901217937469482 0.7595
Cyclist 1 1 1 332.054931640625 153.5629119873047 422.13067626953125 297.5415344238281 1.8872084617614746 1.7118176221847534 0.5848874449729919 -3.0063259601593018 1.3919622898101807 9.35006046295166 -4.712143898010254 0.6472
Pedestrian 1 1 1 681.3511962890625 159.6513671875 701.7867431640625 206.39259338378906 0.7415767908096313 1.7560052871704102 0.6658642292022705 3.281414031982422 0.9729901552200317 27.011690139770508 -7.5719990730285645 0.5973
Pedestrian 1 1 1 697.0634765625 152.2036590576172 749.9691162109375 265.1547546386719 0.8146398663520813 1.6745867729187012 0.6517765522003174 1.7999569177627563 1.255462408065796 10.981972694396973 -7.4721198081970215 0.5757
Pedestrian 1 1 1 980.47705078125 154.9067840576172 1003.4404907226562 197.02308654785156 0.7530252933502197 1.8121917247772217 0.5918010473251343 16.872560501098633 0.7111638784408569 30.875755310058594 -3.7137937545776367 0.4744
Pedestrian 1 1 1 721.1876831054688 158.2993927001953 748.24072265625 203.87545776367188 0.9420683979988098 1.8145500421524048 0.5843214392662048 5.230765342712402 0.9308873414993286 28.6588191986084 -3.7483291625976562 0.4585
Pedestrian 1 1 1 688.8788452148438 162.58041381835938 709.5292358398438 204.2191619873047 0.7756513953208923 1.7499020099639893 0.5902676582336426 4.000624656677246 0.9970275163650513 30.200942993164062 -4.1165056228637695 0.4436
Pedestrian 1 1 1 998.4848022460938 156.8412322998047 1014.7548217773438 198.67137145996094 0.5300624966621399 1.729919195175171 0.5590524077415466 16.796907424926758 0.7517067193984985 29.615684509277344 -7.271554470062256 0.3306
Car 1 1 1 804.776123046875 169.29359436035156 936.6610717773438 215.15985107421875 3.8437492847442627 1.4884090423583984 1.5886845588684082 8.827961921691895 1.125023365020752 23.790090560913086 -6.25637149810791 0.3273
Cyclist 1 1 1 869.9537963867188 148.35690307617188 940.8880004882812 236.79286193847656 1.7805559635162354 1.7421553134918213 0.4793846309185028 6.220919609069824 1.1093066930770874 14.846753120422363 -8.025784492492676 0.3052
Pedestrian 1 1 1 0.0 160.2129669189453 29.971284866333008 252.21676635742188 0.7908143997192383 1.7395906448364258 0.5462499260902405 -11.743995666503906 1.3563706874847412 13.846966743469238 -8.359431266784668 0.3044
Pedestrian 1 1 1 1165.020263671875 137.29869079589844 1219.8287353515625 219.0143280029297 0.8285413980484009 1.809050440788269 0.6176472902297974 13.32059097290039 0.8529865741729736 16.107133865356445 -4.568718433380127 0.2762
Car 1 1 1 482.8175964355469 176.267578125 532.5321655273438 195.37376403808594 3.9006872177124023 1.5043691396713257 1.6183220148086548 -7.813045501708984 1.1710890531539917 56.775596618652344 -3.2987589836120605 0.2724
Car 1 1 1 759.2103271484375 173.2700653076172 871.5234985351562 213.3070068359375 3.8330636024475098 1.4788676500320435 1.6145261526107788 8.044330596923828 1.2120556831359863 27.25564956665039 -6.464115142822266 0.2648
Pedestrian 1 1 1 668.605224609375 164.1577606201172 683.20947265625 205.90553283691406 0.6157190203666687 1.7653207778930664 0.6133027672767639 3.0098938941955566 1.0744917392730713 30.23871612548828 -7.739523410797119 0.2599
Car 1 1 1 954.5567626953125 174.93605041503906 1047.4788818359375 215.1616668701172 3.6219944953918457 1.4848741292953491 1.643445611000061 15.486595153808594 1.2797324657440186 27.91329574584961 -4.709285259246826 0.2452
Pedestrian 1 1 1 45.15269088745117 163.0057830810547 97.96424102783203 245.4940185546875 0.6989457011222839 1.7196660041809082 0.6007264852523804 -11.416645050048828 1.3553078174591064 15.089682579040527 -7.8541951179504395 0.2434
Pedestrian 1 1 1 424.2292785644531 175.26126098632812 449.0841979980469 227.50550842285156 0.7096287608146667 1.517024040222168 0.5362949371337891 -5.007596969604492 1.3652029037475586 20.899446487426758 -4.65852165222168 0.2389
Cyclist 1 1 1 935.2764892578125 154.25279235839844 1000.739990234375 232.404296875 1.7547138929367065 1.6817673444747925 0.5201877951622009 8.184054374694824 1.1172915697097778 16.103729248046875 -7.900519847869873 0.2358
Car 1 1 1 1026.0357666015625 161.82046508789062 1085.71875 188.11460876464844 3.697561502456665 1.568627119064331 1.611919641494751 28.029712677001953 0.4543581008911133 44.093441009521484 -7.765048503875732 0.2332
Cyclist 1 1 1 0.0 164.96302795410156 114.63151550292969 293.56011962890625 1.8548027276992798 1.808367371559143 0.5920597910881042 -8.289299011230469 1.590277910232544 10.253509521484375 -6.2672295570373535 0.2248
Car 1 1 1 634.6072998046875 174.0939178466797 761.3674926757812 220.34967041015625 4.008499622344971 1.5079258680343628 1.6300312280654907 3.1442465782165527 1.2993625402450562 24.348522186279297 -6.540876865386963 0.2243
Cyclist 1 1 1 399.63555908203125 164.0721435546875 426.8801574707031 207.01766967773438 1.742205262184143 1.7182714939117432 0.527567446231842 -7.9234490394592285 1.0612086057662964 29.179025650024414 -7.77271032333374 0.2227
Pedestrian 1 1 1 220.7753143310547 159.33570861816406 259.8714904785156 222.68231201171875 0.8437855839729309 1.7697978019714355 0.6320395469665527 -10.450750350952148 1.178807020187378 20.208332061767578 -7.742011547088623 0.2211
Pedestrian 1 1 1 0.0 170.31939697265625 105.49893188476562 369.0 0.7773160934448242 1.52309250831604 0.4979522228240967 -4.6483659744262695 1.4462087154388428 5.760065078735352 -4.71778678894043 0.2168
Car 1 1 1 680.1414794921875 174.8098907470703 751.24853515625 237.771240234375 3.760402202606201 1.4842109680175781 1.6189498901367188 2.9673101902008057 1.3504085540771484 18.679218292236328 -7.633571147918701 0.2163
Pedestrian 1 1 1 710.1510009765625 158.7410125732422 731.2083740234375 201.68508911132812 0.7735651135444641 1.8049063682556152 0.6045964956283569 4.918732166290283 0.89060378074646 30.207355499267578 -4.083082675933838 0.2162
Cyclist 1 1 1 908.8297729492188 156.0390167236328 955.3384399414062 217.7242431640625 1.752554178237915 1.7198888063430786 0.5215398073196411 9.459939002990723 1.0381793975830078 20.59341812133789 -7.867332935333252 0.2161
Pedestrian 1 1 1 192.2165985107422 177.4999542236328 263.4685363769531 304.2987976074219 0.798931360244751 1.4833590984344482 0.45988860726356506 -4.660681247711182 1.4486743211746216 8.675230979919434 -4.731557369232178 0.2131
Pedestrian 1 1 1 454.7502746582031 175.31594848632812 474.1396789550781 216.2451171875 0.7122436761856079 1.5215678215026855 0.5352692008018494 -5.326381206512451 1.329089879989624 26.665258407592773 -4.615861892700195 0.2108
Pedestrian 1 1 1 371.4982604980469 162.30126953125 397.6959228515625 209.06307983398438 0.7718684077262878 1.7726476192474365 0.5961112380027771 -8.529775619506836 1.0830076932907104 27.281911849975586 -7.384047031402588 0.2104
Pedestrian 1 1 1 774.6647338867188 164.4065399169922 801.2647094726562 220.38162231445312 0.6197426915168762 1.679311990737915 0.5964640378952026 5.536800384521484 1.1967812776565552 21.557838439941406 -4.84114933013916 0.2096
Pedestrian 1 1 1 150.37411499023438 161.6707763671875 191.75189208984375 235.9600067138672 0.6069831252098083 1.7484818696975708 0.5941841006278992 -10.47822093963623 1.305647611618042 17.01369857788086 -4.4387431144714355 0.2087
Cyclist 1 1 1 702.6317749023438 167.15208435058594 715.4666137695312 197.79098510742188 1.6777139902114868 1.7055224180221558 0.4585796296596527 5.895751476287842 0.962627649307251 40.20001983642578 -7.8677449226379395 0.2081
Pedestrian 1 1 1 761.5764770507812 160.58255004882812 774.634521484375 193.0584716796875 0.808072030544281 1.794212818145752 0.6375501155853271 9.095866203308105 0.6939469575881958 39.50564193725586 -7.720229625701904 0.2057
Cyclist 1 1 1 938.5181274414062 148.7814178466797 1031.9742431640625 257.0270690917969 1.6453291177749634 1.5985054969787598 0.5064553618431091 5.963472366333008 1.1304960250854492 11.280397415161133 -4.786335468292236 0.2002
Cyclist 1 1 1 912.1082153320312 148.47946166992188 977.4517211914062 231.9881591796875 1.74783194065094 1.680748462677002 0.506502628326416 7.177242279052734 1.0366384983062744 15.112165451049805 -7.886317729949951 0.1969
Pedestrian 1 1 1 469.27227783203125 178.91693115234375 485.6382751464844 219.1945037841797 0.7848944664001465 1.6605080366134644 0.6098247170448303 -5.355286121368408 1.5954596996307373 29.568313598632812 -7.946962833404541 0.1923
Pedestrian 1 1 1 673.0397338867188 146.31666564941406 703.7168579101562 229.81968688964844 0.7394740581512451 1.739672064781189 0.5739482045173645 1.7278348207473755 1.0278598070144653 15.103034973144531 -4.702264308929443 0.1919
Pedestrian 1 1 1 1073.1646728515625 146.30419921875 1112.8541259765625 214.7635498046875 0.7646223902702332 1.7922165393829346 0.5990502238273621 13.01555347442627 0.8973106741905212 18.93282127380371 -7.7039875984191895 0.1891
Pedestrian 1 1 1 612.139892578125 165.88706970214844 625.2926635742188 190.9886932373047 0.9166852831840515 1.8187800645828247 0.6236189603805542 1.0095268487930298 0.7599858641624451 51.78065872192383 -7.378259181976318 0.1885
Car 1 1 1 1031.28662109375 174.3390350341797 1121.8797607421875 204.31369018554688 3.8423056602478027 1.4893181324005127 1.6204286813735962 24.163339614868164 1.1833648681640625 36.29548645019531 -3.3354268074035645 0.1854
Pedestrian 1 1 1 305.86151123046875 175.90248107910156 350.64324951171875 269.38360595703125 0.7837068438529968 1.51780366897583 0.46077606081962585 -4.685549259185791 1.4435374736785889 11.877095222473145 -7.877254009246826 0.1811
Pedestrian 1 1 1 881.1024169921875 156.6610870361328 893.1946411132812 188.11265563964844 0.7024495005607605 1.7820371389389038 0.6311071515083313 16.146371841430664 0.43144503235816956 40.501712799072266 -4.348730087280273 0.1792
Pedestrian 1 1 1 441.6933898925781 172.97157287597656 471.46173095703125 224.5328369140625 0.7888099551200867 1.6985199451446533 0.6080276966094971 -5.0246052742004395 1.4507910013198853 23.77617835998535 -3.824357032775879 0.1761
Pedestrian 1 1 1 210.91806030273438 162.1728973388672 234.21755981445312 207.70962524414062 0.6725863814353943 1.7956727743148804 0.6174258589744568 -15.30361270904541 1.073198676109314 28.253202438354492 -7.977550029754639 0.1758
Pedestrian 1 1 1 741.3772583007812 162.97445678710938 753.1212768554688 195.28134155273438 0.7065427899360657 1.8307573795318604 0.6533134579658508 8.12975025177002 0.8377388119697571 40.477176666259766 -7.657190799713135 0.1755
Car 1 1 1 0.0 0.0 1223.0 369.0 3.8324716091156006 1.5338958501815796 1.635353684425354 -3.438976764678955 1.618871808052063 0.8812222480773926 -7.873323917388916 0.1750
Pedestrian 1 1 1 1034.48583984375 160.8411407470703 1073.6041259765625 219.701904296875 0.8160673975944519 1.7508760690689087 0.5883777141571045 13.627217292785645 1.1663944721221924 21.52556610107422 -8.284948348999023 0.1737
Pedestrian 1 1 1 775.8137817382812 165.88436889648438 789.1204223632812 192.7306365966797 0.5685605406761169 1.7536028623580933 0.6321125030517578 11.687710762023926 0.7989645600318909 46.58556365966797 -8.354125022888184 0.1736
Pedestrian 1 1 1 781.57958984375 151.4299774169922 879.5262451171875 355.728271484375 0.7732385396957397 1.559870719909668 0.5125820636749268 1.768746018409729 1.3383516073226929 5.803313255310059 -4.787703037261963 0.1714
Pedestrian 1 1 1 615.3533325195312 167.49429321289062 629.0382080078125 195.45726013183594 0.6483389139175415 1.7370924949645996 0.6092430353164673 1.0728098154067993 0.929240882396698 44.360504150390625 -7.278191089630127 0.1696
Pedestrian 1 1 1 40.7425422668457 160.5576934814453 73.6585922241211 229.2686767578125 0.7479580044746399 1.8259449005126953 0.5946609973907471 -14.963842391967773 1.296305537223816 19.261634826660156 -2.3939292430877686 0.1655
Car 1 1 1 338.6711730957031 180.8174591064453 428.14263916015625 239.95632934570312 3.838239908218384 1.4638855457305908 1.5918124914169312 -6.02748966217041 1.4738227128982544 19.50725555419922 -4.805083274841309 0.1654
Pedestrian 1 1 1 906.9972534179688 157.10154724121094 931.4468994140625 206.32867431640625 0.7394642233848572 1.7621482610702515 0.6293940544128418 11.391091346740723 0.9248224496841431 25.718080520629883 -7.7204155921936035 0.1652
Pedestrian 1 1 1 1077.010009765625 126.05467224121094 1155.3883056640625 285.62548828125 0.6951836347579956 1.7777165174484253 0.6095219850540161 5.934751033782959 1.1715772151947021 8.316749572753906 -7.4473395347595215 0.1630
Pedestrian 1 1 1 773.9375610351562 159.42990112304688 787.0834350585938 191.59422302246094 0.80105060338974 1.8207712173461914 0.6375340223312378 10.027546882629395 0.6281405687332153 40.46157455444336 -7.730926036834717 0.1614
Cyclist 1 1 1 887.3854370117188 154.2254180908203 939.1363525390625 224.72061157226562 1.6599386930465698 1.6527642011642456 0.5097535848617554 7.519756317138672 1.0370886325836182 17.41345977783203 -7.881394863128662 0.1583
Cyclist 1 1 1 436.8817443847656 178.47254943847656 460.2831726074219 217.92066955566406 1.768773078918457 1.7795592546463013 0.63968825340271 -7.261899948120117 1.6882878541946411 32.79104232788086 -7.818814754486084 0.1578
Car 1 1 1 859.4968872070312 173.9165496826172 955.6365966796875 205.53591918945312 4.097735404968262 1.5125195980072021 1.645157814025879 14.868964195251465 1.1977709531784058 34.97453308105469 -2.974076271057129 0.1577
Cyclist 1 1 1 398.5227966308594 163.54104614257812 425.21954345703125 210.77745056152344 1.664660930633545 1.723494052886963 0.5558103322982788 -7.2884955406188965 1.1049671173095703 26.630651473999023 -4.714254856109619 0.1570
Pedestrian 1 1 1 951.0575561523438 167.15847778320312 971.3363647460938 199.25439453125 0.8309556841850281 1.821970820426941 0.6279821991920471 20.412128448486328 1.0647332668304443 40.54745101928711 -3.403228521347046 0.1561
Cyclist 1 1 1 1003.7891235351562 146.48843383789062 1087.05126953125 239.09521484375 1.7368266582489014 1.6918694972991943 0.5084679126739502 8.4929780960083 1.0708668231964111 13.791263580322266 -7.876436710357666 0.1548
Car 1 1 1 771.78515625 170.51736450195312 897.1175537109375 213.60667419433594 4.0232954025268555 1.4971874952316284 1.612269401550293 8.245526313781738 1.1505879163742065 25.646427154541016 -6.423314094543457 0.1544
Car 1 1 1 545.2464599609375 174.4333038330078 565.0686645507812 193.0707550048828 3.8958957195281982 1.5129016637802124 1.6066631078720093 -4.158152103424072 1.020388126373291 59.38849639892578 -4.773675441741943 0.1529
Pedestrian 1 1 1 960.2947998046875 45.250404357910156 1215.63818359375 369.0 0.744574248790741 1.8003497123718262 0.6115610599517822 2.0655078887939453 1.2866380214691162 3.1608076095581055 -5.207159519195557 0.1522
Pedestrian 1 1 1 652.5074462890625 172.03411865234375 674.6396484375 230.2369384765625 0.654005765914917 1.4530987739562988 0.49514040350914 1.4434820413589478 1.2420622110366821 17.98443031311035 -4.733464241027832 0.1519
Cyclist 1 1 1 665.9016723632812 167.72364807128906 681.734375 198.46961975097656 1.7084178924560547 1.7179136276245117 0.48728999495506287 3.909698963165283 1.00416100025177 40.387569427490234 -8.009062767028809 0.1514
Pedestrian 1 1 1 463.487548828125 168.82290649414062 479.0160827636719 201.0788116455078 0.7594034075737 1.7395877838134766 0.6374494433403015 -7.3021321296691895 1.1099644899368286 38.54460144042969 -7.7423176765441895 0.1507
Pedestrian 1 1 1 642.6160278320312 171.36883544921875 664.7251586914062 221.53379821777344 0.6709713339805603 1.4788687229156494 0.5264111757278442 1.4186879396438599 1.209974765777588 21.21558380126953 -4.865391254425049 0.1506
Pedestrian 1 1 1 661.0382690429688 162.87518310546875 670.035888671875 188.4070281982422 0.7011883854866028 1.7847682237625122 0.6204541921615601 4.2663421630859375 0.5527572631835938 49.805755615234375 -7.751524448394775 0.1502
Pedestrian 1 1 1 279.9107666015625 161.1865997314453 313.3766174316406 217.48770141601562 0.8730746507644653 1.75381338596344 0.6623191237449646 -9.826796531677246 1.152471661567688 22.4740047454834 -7.815413951873779 0.1498
Cyclist 1 1 1 1007.2540283203125 161.51841735839844 1057.597900390625 205.24046325683594 1.7348651885986328 1.7674345970153809 0.642422080039978 17.495281219482422 1.000337839126587 28.998546600341797 -6.395659923553467 0.1485
Pedestrian 1 1 1 864.527099609375 160.94903564453125 887.4450073242188 213.89361572265625 0.6719409227371216 1.632819414138794 0.5664783716201782 8.462749481201172 1.0301493406295776 22.19069480895996 -7.655714511871338 0.1479
Pedestrian 1 1 1 861.3864135742188 158.69757080078125 886.0471801757812 216.79653930664062 0.6745738387107849 1.7392606735229492 0.6150057911872864 8.151750564575195 1.0868700742721558 21.56374168395996 -7.629000186920166 0.1477
Pedestrian 1 1 1 114.64642333984375 160.0400390625 141.33534240722656 228.3587188720703 0.7524181604385376 1.815401554107666 0.5935452580451965 -13.038496017456055 1.2720412015914917 19.266223907470703 -5.31397008895874 0.1457
Car 1 1 1 781.9537963867188 159.3550567626953 843.5396118164062 190.85227966308594 4.33473014831543 1.9143846035003662 1.7375156879425049 13.222692489624023 0.6292930245399475 45.29625701904297 -8.130434036254883 0.1442
Car 1 1 1 915.5487670898438 166.7235107421875 1061.97021484375 225.8934326171875 3.926823854446411 1.5054446458816528 1.6327444314956665 10.651969909667969 1.155253529548645 20.04631805419922 -4.850399494171143 0.1434
Pedestrian 1 1 1 759.3814697265625 165.14048767089844 784.1780395507812 218.13511657714844 0.5929130911827087 1.6621962785720825 0.5750396251678467 5.273148059844971 1.1807206869125366 22.522930145263672 -4.905220985412598 0.1433
Pedestrian 1 1 1 150.48643493652344 159.27615356445312 176.55810546875 222.43418884277344 0.773007333278656 1.8192869424819946 0.5997998714447021 -13.046562194824219 1.2082257270812988 20.848703384399414 -8.341102600097656 0.1431
Pedestrian 1 1 1 0.0 161.81971740722656 22.083303451538086 228.7841339111328 0.7331297993659973 1.8088657855987549 0.5787760019302368 -16.573278427124023 1.3045775890350342 19.565692901611328 -5.339499473571777 0.1429
Pedestrian 1 1 1 0.0 161.07992553710938 25.533517837524414 230.9930419921875 0.7458505034446716 1.8249170780181885 0.5819457173347473 -15.932997703552246 1.3183180093765259 18.928638458251953 -5.406125068664551 0.1414
Cyclist 1 1 1 866.1410522460938 153.04116821289062 928.6351928710938 231.87620544433594 1.767027735710144 1.6934131383895874 0.523125171661377 6.574540138244629 1.1039313077926636 16.095081329345703 -7.9667582511901855 0.1414
Pedestrian 1 1 1 404.21429443359375 163.46412658691406 420.2160949707031 196.61402893066406 0.6999058127403259 1.7891451120376587 0.645392894744873 -10.51754093170166 0.8698273301124573 38.533416748046875 -7.779443264007568 0.1400
Car 1 1 1 1159.8319091796875 151.78343200683594 1223.0 369.0 4.031064510345459 1.5135494470596313 1.6234945058822632 4.535777568817139 1.4477295875549316 2.5126473903656006 -6.31749153137207 0.1395
Pedestrian 1 1 1 809.4649658203125 163.90213012695312 832.0093383789062 217.6185302734375 0.6823699474334717 1.6052230596542358 0.6053311824798584 6.525570869445801 1.1095149517059326 21.52796173095703 -4.492481231689453 0.1392
Pedestrian 1 1 1 519.2349243164062 170.9409942626953 531.3903198242188 194.30422973632812 0.7115058302879333 1.7671048641204834 0.5953435897827148 -6.073205947875977 1.044087529182434 53.94178009033203 -4.063799858093262 0.1390
Cyclist 1 1 1 966.2312622070312 154.07235717773438 1038.0216064453125 233.66746520996094 1.7408154010772705 1.6782240867614746 0.5177182555198669 8.784494400024414 1.1213595867156982 15.79538631439209 -7.930225849151611 0.1387
Pedestrian 1 1 1 160.48316955566406 162.21823120117188 188.60604858398438 216.5976104736328 0.8016101717948914 1.8142656087875366 0.6068372130393982 -14.667052268981934 1.2045968770980835 24.051654815673828 -8.098230361938477 0.1385
Car 1 1 1 707.5768432617188 174.58180236816406 750.9864501953125 201.62506103515625 3.6591644287109375 1.4816287755966187 1.609248161315918 7.0738067626953125 1.1575125455856323 40.62005615234375 -7.925922870635986 0.1371
Pedestrian 1 1 1 748.4821166992188 166.822021484375 766.9595947265625 213.8791961669922 0.6328898668289185 1.5165611505508423 0.5436165928840637 4.958373069763184 1.0760221481323242 23.137359619140625 -4.575713157653809 0.1365
Pedestrian 1 1 1 118.43058013916016 162.31016540527344 162.33409118652344 238.78919982910156 0.6181944012641907 1.734472632408142 0.5911921262741089 -10.796819686889648 1.322283148765564 16.377201080322266 -4.593456268310547 0.1365
Car 1 1 1 457.001708984375 176.9244842529297 513.66455078125 209.3968963623047 3.837141513824463 1.4828336238861084 1.6137789487838745 -5.754278659820557 1.319746732711792 34.30188751220703 -4.567654132843018 0.1359
Car 1 1 1 602.5262451171875 174.4338836669922 631.0175170898438 201.3698272705078 3.960646629333496 1.5034682750701904 1.590431809425354 0.667103111743927 1.1649986505508423 41.45458984375 -4.700519561767578 0.1358
Pedestrian 1 1 1 114.76971435546875 161.80831909179688 157.32598876953125 233.3975372314453 0.7134696841239929 1.7486422061920166 0.5628909468650818 -11.739510536193848 1.2924052476882935 17.651840209960938 -4.619044780731201 0.1339
Car 1 1 1 735.0707397460938 163.91796875 760.1729125976562 185.87342834472656 4.166650772094727 1.9124352931976318 1.68791663646698 12.834275245666504 0.4679672122001648 63.724525451660156 -7.784547328948975 0.1337
Pedestrian 1 1 1 1100.2200927734375 143.9794921875 1167.7568359375 248.4561767578125 0.7270743250846863 1.6994004249572754 0.5807622075080872 8.81673526763916 1.1057450771331787 11.873017311096191 -4.743066310882568 0.1336
Pedestrian 1 1 1 0.0 156.57876586914062 46.07192611694336 233.531982421875 0.7244665026664734 1.8055524826049805 0.5816999673843384 -14.022765159606934 1.2446223497390747 16.999794006347656 -4.900824069976807 0.1336
Pedestrian 1 1 1 142.0898895263672 161.5101776123047 182.10272216796875 233.8679656982422 0.6168767809867859 1.7666990756988525 0.5822106599807739 -11.090087890625 1.3033679723739624 17.646642684936523 -4.398680686950684 0.1328
Pedestrian 1 1 1 178.76336669921875 159.95921325683594 211.46478271484375 217.90908813476562 0.796599805355072 1.8073980808258057 0.6065868139266968 -13.050736427307129 1.1670342683792114 22.467687606811523 -7.9131178855896 0.1323
Cyclist 1 1 1 695.49658203125 161.0142059326172 721.4241943359375 207.5858917236328 1.7482407093048096 1.7419872283935547 0.5364841222763062 3.9573254585266113 1.0133731365203857 27.34814453125 -7.983100414276123 0.1320
Pedestrian 1 1 1 826.8465576171875 158.14598083496094 857.01708984375 221.31207275390625 0.7555713057518005 1.7182230949401855 0.6090365052223206 6.52846097946167 1.110465168952942 19.624114990234375 -7.80867338180542 0.1297
Pedestrian 1 1 1 204.661865234375 162.03257751464844 232.97125244140625 215.2667236328125 0.7901670932769775 1.8053293228149414 0.6182454824447632 -13.357710838317871 1.1793080568313599 24.4116153717041 -7.9903998374938965 0.1296
Car 1 1 1 1188.3011474609375 165.30136108398438 1223.0 261.49755859375 3.7590599060058594 1.4896299839019775 1.595235824584961 12.913450241088867 1.2546603679656982 12.840147972106934 -4.727351188659668 0.1294
Car 1 1 1 0.0 192.74964904785156 30.954431533813477 369.0 4.073403835296631 1.5070551633834839 1.6268326044082642 -6.327018737792969 1.5979772806167603 4.389909744262695 -6.29268741607666 0.1289
Pedestrian 1 1 1 440.5601806640625 168.1070098876953 455.26483154296875 200.42498779296875 0.7104126811027527 1.7444329261779785 0.6504710912704468 -8.569774627685547 1.0756258964538574 38.52323913574219 -7.864851474761963 0.1278
Car 1 1 1 462.9341125488281 175.94252014160156 486.5488586425781 193.08804321289062 3.9733965396881104 1.484372854232788 1.5663269758224487 -11.598479270935059 1.0897259712219238 63.235050201416016 -7.902415752410889 0.1267
Car 1 1 1 854.6973266601562 166.03445434570312 933.4769287109375 202.4019317626953 4.054166316986084 1.5300636291503906 1.6126924753189087 12.883816719055176 0.9216752648353577 31.83445167541504 -4.795854091644287 0.1264
Pedestrian 1 1 1 1124.68798828125 147.82192993164062 1194.29931640625 259.6054382324219 0.6599860191345215 1.6736174821853638 0.565606951713562 8.501129150390625 1.1847527027130127 10.925768852233887 -4.676751136779785 0.1256
Car 1 1 1 0.0 0.0 1223.0 369.0 3.8100852966308594 1.5421351194381714 1.6478723287582397 -1.536031723022461 1.5939183235168457 0.8127195835113525 -7.900706768035889 0.1255
Car 1 1 1 951.8269653320312 172.4226837158203 1055.4791259765625 205.35198974609375 4.081159591674805 1.5244492292404175 1.6189225912094116 18.91953468322754 1.1506956815719604 33.67963409423828 -3.2100048065185547 0.1247
Pedestrian 1 1 1 453.6893005371094 166.16697692871094 468.034423828125 198.30685424804688 0.7384697198867798 1.7483108043670654 0.6404810547828674 -7.92669153213501 0.9687672853469849 38.83171844482422 -7.857615947723389 0.1245
Pedestrian 1 1 1 1150.9176025390625 148.54637145996094 1222.9515380859375 274.1624755859375 0.731632649898529 1.6365373134613037 0.5660497546195984 7.873193740844727 1.2206451892852783 9.656867980957031 -7.468665599822998 0.1237
Car 1 1 1 628.8380126953125 171.16949462890625 657.6620483398438 197.954833984375 3.9384398460388184 1.5417826175689697 1.6335070133209229 2.2595977783203125 1.0048205852508545 42.690120697021484 -4.683646202087402 0.1235
Pedestrian 1 1 1 1001.369873046875 146.673095703125 1059.8897705078125 242.14666748046875 0.7263899445533752 1.719792366027832 0.5880520343780518 7.878256797790527 1.1108283996582031 13.182088851928711 -5.088537693023682 0.1228
Pedestrian 1 1 1 106.76834106445312 160.4339141845703 133.56192016601562 226.13278198242188 0.7407400608062744 1.8047088384628296 0.5873835682868958 -13.683280944824219 1.253812313079834 19.894794464111328 -5.360440254211426 0.1224
Car 1 1 1 962.5194702148438 158.02113342285156 1028.60595703125 188.06280517578125 4.031191349029541 1.8000030517578125 1.6773604154586792 24.45176887512207 0.4532322287559509 44.44255447387695 -7.937283992767334 0.1221
Car 1 1 1 488.25311279296875 175.38711547851562 526.2357177734375 204.1060333251953 4.0399932861328125 1.5213028192520142 1.6513980627059937 -5.418699741363525 1.2506005764007568 39.49134063720703 -4.734080791473389 0.1218
Pedestrian 1 1 1 204.2759552001953 166.15213012695312 238.55172729492188 230.0982208251953 0.6292019486427307 1.6522613763809204 0.5256365537643433 -10.132094383239746 1.2818541526794434 18.613861083984375 -7.729165554046631 0.1218
Car 1 1 1 378.35302734375 179.0540771484375 445.085205078125 215.2959442138672 3.8325958251953125 1.5239781141281128 1.6186710596084595 -8.608647346496582 1.463387370109558 31.720495223999023 -4.610110282897949 0.1217
Car 1 1 1 0.0 183.3384552001953 14.208671569824219 279.49578857421875 3.9609854221343994 1.5188734531402588 1.6246366500854492 -13.419767379760742 1.5813705921173096 13.386919021606445 -4.895193576812744 0.1216
Car 1 1 1 467.1887512207031 176.85870361328125 529.426025390625 219.5788116455078 3.892727851867676 1.5520555973052979 1.6376959085464478 -4.122292995452881 1.4200127124786377 27.67997169494629 -7.793491840362549 0.1208
Pedestrian 1 1 1 169.34396362304688 162.89645385742188 207.85008239746094 230.86734008789062 0.6327314376831055 1.7226622104644775 0.5920560956001282 -10.796985626220703 1.2768369913101196 18.27608299255371 -4.564464092254639 0.1207
Car 1 1 1 573.6906127929688 175.5944366455078 601.5523681640625 198.28128051757812 4.027187347412109 1.567986249923706 1.6238775253295898 -1.2886031866073608 1.2289735078811646 50.963951110839844 -4.833042621612549 0.1205
Pedestrian 1 1 1 68.62582397460938 162.4395294189453 101.08488464355469 228.01443481445312 0.7391735911369324 1.8007960319519043 0.5921584367752075 -14.666669845581055 1.305132508277893 19.883310317993164 -2.418372631072998 0.1203
Car 1 1 1 1045.2303466796875 157.20896911621094 1102.24755859375 186.0076141357422 4.30037260055542 1.886690378189087 1.712264895439148 32.12028121948242 0.36087751388549805 48.590919494628906 -7.6713690757751465 0.1191
Car 1 1 1 1128.32421875 150.2057647705078 1223.0 222.3978729248047 3.540757656097412 1.5293179750442505 1.5722198486328125 14.519124984741211 0.8879133462905884 16.778011322021484 -4.751655101776123 0.1182
Pedestrian 1 1 1 0.0 160.41693115234375 39.70414352416992 234.35617065429688 0.725902259349823 1.8352758884429932 0.5929416418075562 -14.952629089355469 1.3371105194091797 17.97959327697754 -2.6666789054870605 0.1177
Car 1 1 1 917.5081787109375 173.10850524902344 983.1409301757812 208.90869140625 3.988039493560791 1.5063031911849976 1.6806687116622925 15.442584037780762 1.1955143213272095 31.867605209350586 -4.51914119720459 0.1175
Pedestrian 1 1 1 20.990280151367188 161.5384063720703 62.53156280517578 229.68504333496094 0.73600834608078 1.8415131568908691 0.5745294690132141 -15.62159538269043 1.3294278383255005 19.56761360168457 -4.205925941467285 0.1175
Pedestrian 1 1 1 979.514892578125 159.10723876953125 1008.3389892578125 208.77976989746094 0.7339240908622742 1.7987829446792603 0.6103700399398804 14.286235809326172 1.0243397951126099 26.0325927734375 -6.703366756439209 0.1171
Pedestrian 1 1 1 693.6846313476562 162.68833923339844 736.1475830078125 259.28033447265625 0.8029189109802246 1.5505682229995728 0.5605115294456482 1.7970622777938843 1.2650243043899536 11.82262897491455 -7.509373188018799 0.1171
Car 1 1 1 936.9415893554688 168.1070098876953 1048.1951904296875 215.89151000976562 3.628514051437378 1.4850119352340698 1.567388653755188 12.895730018615723 1.1001547574996948 23.839139938354492 -4.784448146820068 0.1167
Car 1 1 1 579.9029541015625 173.78282165527344 642.0670776367188 226.0999298095703 3.8025929927825928 1.5216219425201416 1.594796061515808 0.075371652841568 1.326552152633667 22.532148361206055 -7.9482197761535645 0.1162
Pedestrian 1 1 1 292.5711669921875 163.40953063964844 324.8417663574219 219.99803161621094 0.7957766056060791 1.7152905464172363 0.6524618268013 -9.178422927856445 1.1975384950637817 21.837114334106445 -4.689389705657959 0.1161
Cyclist 1 1 1 793.93896484375 165.13865661621094 812.504150390625 195.61044311523438 1.6948963403701782 1.706561803817749 0.4772607386112213 11.320011138916016 0.8463735580444336 40.460227966308594 -7.924617290496826 0.1160
Pedestrian 1 1 1 1100.95947265625 147.0580596923828 1141.486083984375 216.64920043945312 0.7412747740745544 1.7982732057571411 0.5852013230323792 13.585810661315918 0.9344331622123718 18.679378509521484 -4.568199157714844 0.1159
Car 1 1 1 815.8123168945312 171.58157348632812 887.5950317382812 207.26730346679688 4.014196395874023 1.5023494958877563 1.6050472259521484 10.980879783630371 1.1270984411239624 31.821760177612305 -4.777979373931885 0.1158
Pedestrian 1 1 1 680.9668579101562 163.4333953857422 697.148193359375 204.0599365234375 0.7409504652023315 1.7461979389190674 0.6172512769699097 3.6430001258850098 1.0128504037857056 30.822940826416016 -7.616100788116455 0.1156
Pedestrian 1 1 1 68.78529357910156 159.45115661621094 98.85957336425781 233.9779815673828 0.7390729188919067 1.8118617534637451 0.5644811987876892 -13.044370651245117 1.3004599809646606 17.65318489074707 -5.290988922119141 0.1153
Cyclist 1 1 1 0.0 0.0 1223.0 369.0 1.8550821542739868 1.6560395956039429 0.5143493413925171 6.8844733238220215 1.3069720268249512 -0.3171229958534241 -8.055537223815918 0.1146
Pedestrian 1 1 1 5.37907600402832 159.12255859375 50.91337966918945 238.7132568359375 0.7202890515327454 1.7922275066375732 0.5732855796813965 -13.364472389221191 1.3111889362335205 16.34421730041504 -4.978468418121338 0.1145
Pedestrian 1 1 1 78.62460327148438 163.2036895751953 127.26502227783203 240.7216796875 0.6989430785179138 1.7173206806182861 0.5966160893440247 -11.411404609680176 1.33448326587677 16.025293350219727 -4.67125940322876 0.1144
Pedestrian 1 1 1 18.090394973754883 165.31527709960938 152.02078247070312 369.0 0.7499319911003113 1.4958914518356323 0.49068766832351685 -4.047603130340576 1.3868706226348877 5.474448204040527 -4.723048210144043 0.1139
Car 1 1 1 498.234619140625 174.12860107421875 523.5039672851562 197.87063598632812 3.891401767730713 1.557736873626709 1.6474326848983765 -6.438626289367676 1.1397590637207031 48.424442291259766 -7.980907917022705 0.1136
Pedestrian 1 1 1 124.49164581298828 161.83827209472656 166.53932189941406 236.5927734375 0.6282047629356384 1.7621707916259766 0.5850342512130737 -11.086498260498047 1.3225951194763184 17.007240295410156 -4.618555068969727 0.1134
Pedestrian 1 1 1 67.49256134033203 161.31500244140625 99.26283264160156 230.3622283935547 0.7550029158592224 1.803722620010376 0.5689839720726013 -14.012412071228027 1.302868366241455 18.937389373779297 -2.370417594909668 0.1133
Car 1 1 1 467.1981201171875 172.6492462158203 499.363037109375 198.98275756835938 4.136547088623047 1.6749465465545654 1.684714674949646 -8.061896324157715 1.175666332244873 47.08954620361328 -4.775942802429199 0.1133
Car 1 1 1 948.9324340820312 165.42950439453125 987.3174438476562 185.47894287109375 3.929222345352173 1.6476870775222778 1.5776113271713257 30.84515953063965 0.40912219882011414 60.14077377319336 -7.752098560333252 0.1131
Pedestrian 1 1 1 888.5955200195312 156.833740234375 913.0620727539062 205.8555145263672 0.7487852573394775 1.7561742067337036 0.6182659864425659 10.726223945617676 0.9085972309112549 25.727590560913086 -4.632083415985107 0.1122
Pedestrian 1 1 1 189.56378173828125 165.85179138183594 225.36412048339844 231.44906616210938 0.6314273476600647 1.6352286338806152 0.5148916840553284 -10.141273498535156 1.2703977823257446 17.9758358001709 -7.705652713775635 0.1121
Car 1 1 1 648.23046875 168.5869903564453 676.5971069335938 191.74305725097656 3.904979705810547 1.6436645984649658 1.6421184539794922 4.200575828552246 0.7980754971504211 52.16737747192383 -4.746836185455322 0.1118
Pedestrian 1 1 1 955.7075805664062 156.98170471191406 981.884765625 213.42176818847656 0.7348714470863342 1.733580231666565 0.5763865113258362 11.380003929138184 1.011491298675537 22.183866500854492 -7.145719051361084 0.1115
Pedestrian 1 1 1 193.02590942382812 160.59832763671875 226.23069763183594 219.00341796875 0.7763254642486572 1.7965521812438965 0.6046741604804993 -12.406378746032715 1.184658169746399 22.138463973999023 -7.849623203277588 0.1111
Pedestrian 1 1 1 897.0647583007812 157.0569610595703 917.0286254882812 205.342041015625 0.757368266582489 1.7903019189834595 0.5992697477340698 11.353321075439453 0.9213303327560425 26.661693572998047 -7.57850980758667 0.1105
Pedestrian 1 1 1 898.2200927734375 160.3012237548828 925.0167236328125 220.7781219482422 0.6257496476173401 1.646932601928711 0.5865388512611389 8.466012954711914 1.0971794128417969 19.629058837890625 -7.610311031341553 0.1099
Car 1 1 1 710.742431640625 173.54052734375 770.8194580078125 206.7760467529297 3.9708807468414307 1.5052417516708374 1.5833574533462524 6.451566219329834 1.1902353763580322 34.10759735107422 -4.8702826499938965 0.1096
Pedestrian 1 1 1 924.6260986328125 156.96812438964844 955.7669677734375 218.79721069335938 0.6123203039169312 1.6628704071044922 0.5608059167861938 9.114086151123047 1.0303000211715698 19.322677612304688 -7.851534366607666 0.1094
Pedestrian 1 1 1 1144.4593505859375 130.7784423828125 1223.0 288.4957580566406 0.6924492716789246 1.6953320503234863 0.5797857642173767 6.544475078582764 1.1612834930419922 8.026476860046387 -4.351566314697266 0.1092
Cyclist 1 1 1 970.9031982421875 146.64096069335938 1074.6563720703125 258.4842224121094 1.7005691528320312 1.635810375213623 0.5224589109420776 6.513759613037109 1.140982747077942 11.211092948913574 -7.941409587860107 0.1091
Car 1 1 1 767.5096435546875 167.04318237304688 791.843505859375 190.5186767578125 3.8593909740448 1.6254159212112427 1.6371856927871704 12.570374488830566 0.693712592124939 51.01933288574219 -7.627965450286865 0.1087
Pedestrian 1 1 1 33.22004699707031 161.81121826171875 72.15185546875 233.9691925048828 0.7367495894432068 1.8217893838882446 0.5844646096229553 -14.331921577453613 1.3502709865570068 18.296321868896484 -2.5685856342315674 0.1082
Car 1 1 1 849.9224243164062 171.93592834472656 902.7828369140625 201.55906677246094 4.028202533721924 1.504773497581482 1.6480000019073486 14.491499900817871 1.0698949098587036 38.00298309326172 -4.611515998840332 0.1078
Cyclist 1 1 1 690.989501953125 169.5023956298828 706.0969848632812 199.9114227294922 1.6632702350616455 1.6805534362792969 0.46019187569618225 5.260944843292236 1.07289457321167 39.92681884765625 -7.963319301605225 0.1078
Car 1 1 1 280.7789001464844 177.85560607910156 405.49713134765625 220.8826446533203 3.952580690383911 1.5061333179473877 1.5749790668487549 -9.4479341506958 1.4138253927230835 25.63657569885254 -3.1923656463623047 0.1077
Cyclist 1 1 1 656.0808715820312 167.26736450195312 671.9099731445312 198.44432067871094 1.7774323225021362 1.7437392473220825 0.5342631936073303 3.354449510574341 1.0037518739700317 40.46159362792969 -4.8437323570251465 0.1075
Pedestrian 1 1 1 720.2623901367188 158.74722290039062 742.2413330078125 202.6304168701172 0.875412106513977 1.7989360094070435 0.6015453338623047 5.247025489807129 0.9074258208274841 29.51565170288086 -4.120190143585205 0.1075
Pedestrian 1 1 1 84.02023315429688 162.25526428222656 133.67333984375 243.04505920410156 0.696626603603363 1.7160241603851318 0.568264365196228 -10.83552074432373 1.3288432359695435 15.393465995788574 -7.752482891082764 0.1074
Pedestrian 1 1 1 420.2294006347656 166.24078369140625 443.8932800292969 208.773193359375 0.8235564231872559 1.8250577449798584 0.5992290377616882 -7.565565586090088 1.2134019136428833 30.832700729370117 -6.974416255950928 0.1072
Car 1 1 1 56.06411361694336 180.94638061523438 172.19644165039062 228.55812072753906 3.681765079498291 1.4972373247146606 1.5658966302871704 -16.645471572875977 1.5139169692993164 24.150697708129883 -4.767913341522217 0.1070
Pedestrian 1 1 1 766.9315185546875 167.0080108642578 784.8952026367188 213.81541442871094 0.5959852933883667 1.5074163675308228 0.5599833726882935 5.559171676635742 1.073187232017517 23.12967872619629 -4.455293655395508 0.1069
Pedestrian 1 1 1 624.1528930664062 158.5730743408203 645.5438842773438 206.50592041015625 0.7173766493797302 1.7775245904922485 0.6246899366378784 1.0990182161331177 0.9646376371383667 26.661865234375 -7.516311168670654 0.1068
Pedestrian 1 1 1 613.8040161132812 168.8471221923828 626.3272094726562 194.16567993164062 0.757417619228363 1.7323522567749023 0.6189389824867249 1.0373820066452026 0.9350728988647461 48.84393310546875 -8.231082916259766 0.1063
Pedestrian 1 1 1 265.712646484375 163.57061767578125 299.8738708496094 221.11326599121094 0.8181588053703308 1.7173960208892822 0.6628293991088867 -9.831271171569824 1.2124195098876953 21.514543533325195 -7.844465732574463 0.1061
Pedestrian 1 1 1 862.2557983398438 152.85523986816406 892.1364135742188 223.47242736816406 0.7505596280097961 1.7529287338256836 0.6240187287330627 6.875667095184326 1.0670281648635864 17.991621017456055 -7.605193614959717 0.1059
Pedestrian 1 1 1 613.0000610351562 165.5257568359375 627.8406982421875 193.17042541503906 0.8744544386863708 1.8370517492294312 0.6080446243286133 1.0351909399032593 0.8420281410217285 47.51747512817383 -4.085284233093262 0.1059
Car 1 1 1 417.7956848144531 178.39559936523438 442.1171569824219 197.56906127929688 4.030490398406982 1.5297678709030151 1.6721900701522827 -14.444803237915039 1.3618296384811401 58.540157318115234 -4.882500648498535 0.1056
Cyclist 1 1 1 288.45233154296875 149.28086853027344 379.76043701171875 285.8855285644531 1.836604118347168 1.6899932622909546 0.5493573546409607 -3.6961617469787598 1.3041752576828003 9.66590404510498 -4.713852882385254 0.1051
Car 1 1 1 1196.88671875 156.70086669921875 1223.0 287.928955078125 4.030893802642822 1.4876556396484375 1.5697681903839111 10.036235809326172 1.2182724475860596 8.947811126708984 -6.3575263023376465 0.1050
Pedestrian 1 1 1 629.2186889648438 165.54525756835938 640.6466064453125 197.52438354492188 0.8397712707519531 1.7835285663604736 0.6181615591049194 1.6783798933029175 0.9495973587036133 39.875057220458984 -7.779390811920166 0.1046
Pedestrian 1 1 1 0.0 159.71377563476562 4.413877964019775 238.4923095703125 0.7265627980232239 1.808692216873169 0.5909748077392578 -14.629742622375488 1.3317941427230835 16.701025009155273 -5.443365097045898 0.1045
Pedestrian 1 1 1 997.9210815429688 156.05313110351562 1014.2200927734375 197.95440673828125 0.556501567363739 1.7679933309555054 0.5693379640579224 17.11902618408203 0.7366851568222046 30.22256088256836 -7.269371509552002 0.1044
Car 1 1 1 0.0 184.8199920654297 0.0 369.0 4.063578128814697 1.5493727922439575 1.6188544034957886 -11.159333229064941 1.6114321947097778 7.9911956787109375 -4.810783386230469 0.1043
Car 1 1 1 1197.975341796875 148.15570068359375 1223.0 350.2147521972656 4.046892166137695 1.5198813676834106 1.5700397491455078 7.81044864654541 1.2770274877548218 6.319511413574219 -6.392512798309326 0.1042
Pedestrian 1 1 1 237.66592407226562 163.3107147216797 275.6178894042969 225.08395385742188 0.8215341567993164 1.7013415098190308 0.5968255996704102 -9.846015930175781 1.2282254695892334 19.924901962280273 -7.700555324554443 0.1042
Car 1 1 1 763.456298828125 172.67227172851562 819.4378051757812 208.1736602783203 3.8412933349609375 1.5190887451171875 1.5689120292663574 8.387466430664062 1.1843492984771729 32.18366622924805 -4.701151371002197 0.1041
Car 1 1 1 293.21527099609375 182.24029541015625 413.1249694824219 259.99969482421875 3.856037139892578 1.4666352272033691 1.6096563339233398 -5.369555950164795 1.5098594427108765 15.426998138427734 -4.817692756652832 0.1038
