Car 1 1 1 128.33123779296875 176.84654235839844 393.96466064453125 342.81988525390625 3.882068157196045 1.622580647468567 1.6332615613937378 -4.104947566986084 1.6837177276611328 9.125984191894531 -4.7590436935424805 0.7641
Car 1 1 1 655.0027465820312 174.41708374023438 698.0607299804688 206.49021911621094 3.9131243228912354 1.5203468799591064 1.6216017007827759 3.2586159706115723 1.6032058000564575 36.39203643798828 -7.904342174530029 0.5959
Pedestrian 1 1 1 869.1943969726562 159.5342254638672 893.8128051757812 215.42315673828125 0.6181045770645142 1.741637110710144 0.6389746069908142 8.544106483459473 1.3262603282928467 22.851232528686523 -7.6541008949279785 0.3149
Pedestrian 1 1 1 0.0 142.9770050048828 72.63835144042969 330.2892150878906 0.9034809470176697 1.8022007942199707 0.6031138896942139 -6.192990303039551 1.514443278312683 7.429872512817383 -3.6679582595825195 0.3115
Pedestrian 1 1 1 730.42822265625 164.32196044921875 744.7733154296875 196.4331817626953 0.8339468240737915 1.813564658164978 0.6635165810585022 7.239761829376221 1.3313959836959839 41.170936584472656 -7.863842487335205 0.3077
Pedestrian 1 1 1 392.2338562011719 163.79539489746094 409.7656555175781 203.20005798339844 0.65450519323349 1.8101415634155273 0.6412978768348694 -9.736486434936523 1.393714189529419 33.48371887207031 -7.888930797576904 0.2776
Pedestrian 1 1 1 781.2092895507812 158.57467651367188 797.6901245117188 199.30810546875 0.7231347560882568 1.8643426895141602 0.6491559743881226 8.265213966369629 1.2104872465133667 33.419097900390625 -7.744785785675049 0.2525
Pedestrian 1 1 1 447.5948791503906 163.2235565185547 464.3706359863281 202.6913604736328 0.6471611857414246 1.8117506504058838 0.6691340804100037 -7.180726528167725 1.3693695068359375 33.46324920654297 -7.908783435821533 0.2450
Pedestrian 1 1 1 1014.8372802734375 165.4763641357422 1059.8709716796875 247.44227600097656 0.6286007761955261 1.610202431678772 0.5475773215293884 8.525294303894043 1.464970588684082 14.501195907592773 -4.665666103363037 0.2258
Pedestrian 1 1 1 777.3741455078125 166.97418212890625 794.2654418945312 203.32608032226562 0.6210129857063293 1.7492953538894653 0.66147780418396 8.493209838867188 1.4660520553588867 35.03683090209961 -7.869510173797607 0.2255
Car 1 1 1 649.0469360351562 175.57186889648438 667.0584716796875 192.79510498046875 3.8956708908081055 1.4895823001861572 1.5713598728179932 4.315339088439941 1.7417738437652588 65.03289031982422 -7.783059597015381 0.2243
Cyclist 1 1 1 671.8626708984375 159.5561981201172 702.0908813476562 208.55010986328125 1.6755167245864868 1.719041109085083 0.5477544069290161 2.732855796813965 1.2521634101867676 26.195621490478516 -4.9570207595825195 0.2142
Pedestrian 1 1 1 938.3533935546875 171.72479248046875 975.2850952148438 250.6078643798828 0.5485095977783203 1.548064947128296 0.5469844341278076 6.89928674697876 1.525604486465454 14.481635093688965 -4.519476413726807 0.2106
Pedestrian 1 1 1 406.89776611328125 165.62417602539062 432.92218017578125 220.42677307128906 0.7964605689048767 1.7549433708190918 0.64248126745224 -6.233295440673828 1.5231229066848755 23.506061553955078 -7.860339641571045 0.2063
Cyclist 1 1 1 735.9326171875 165.11192321777344 754.6444702148438 200.91012573242188 1.725781798362732 1.7303506135940552 0.5062598586082458 6.652381896972656 1.3558276891708374 35.75293731689453 -7.913990497589111 0.2060
Pedestrian 1 1 1 1101.94580078125 134.60653686523438 1189.633056640625 303.40679931640625 0.8381915092468262 1.7802917957305908 0.582329511642456 5.956001281738281 1.3766059875488281 8.095939636230469 -6.937342166900635 0.2010
Pedestrian 1 1 1 788.3284912109375 168.6387939453125 809.0692138671875 218.61392211914062 0.7220502495765686 1.5767470598220825 0.5534151196479797 6.002539157867432 1.443454623222351 23.157438278198242 -7.730040073394775 0.1973
Car 1 1 1 661.2828369140625 178.74066162109375 692.8018188476562 207.78086853027344 3.8279969692230225 1.5110629796981812 1.6173756122589111 3.6637449264526367 1.8554798364639282 40.29510498046875 -7.7963175773620605 0.1876
Pedestrian 1 1 1 1048.75244140625 138.9879150390625 1129.10888671875 288.5294494628906 0.7843896746635437 1.7787636518478394 0.5590264797210693 5.93248987197876 1.3756340742111206 9.02580451965332 -3.6915230751037598 0.1775
Pedestrian 1 1 1 943.69189453125 152.817138671875 971.4999389648438 208.7474365234375 0.7233107686042786 1.8181116580963135 0.6209219098091125 11.433218002319336 1.1664785146713257 23.847537994384766 -7.747131824493408 0.1734
Car 1 1 1 0.0 0.0 1241.0 374.0 3.7864341735839844 1.524975061416626 1.6206915378570557 3.0240163803100586 1.5544180870056152 0.9568347334861755 -7.881338596343994 0.1727
Cyclist 1 1 1 676.7820434570312 156.0778045654297 709.7644653320312 208.26637268066406 1.6470381021499634 1.6944501399993896 0.5466520190238953 2.739622116088867 1.149463415145874 24.292484283447266 -4.965232849121094 0.1725
Pedestrian 1 1 1 475.5931091308594 166.6678009033203 491.3214416503906 205.21803283691406 0.6270349621772766 1.7681690454483032 0.6601064801216125 -5.901364803314209 1.4841285943984985 33.43208694458008 -7.929731845855713 0.1719
Car 1 1 1 540.5213623046875 171.87074279785156 565.7240600585938 196.4963836669922 3.9852406978607178 1.6469612121582031 1.6780178546905518 -4.031337261199951 1.5808994770050049 50.32076644897461 -4.809163570404053 0.1713
Pedestrian 1 1 1 26.435470581054688 148.0400848388672 129.99710083007812 311.8484802246094 0.9153744578361511 1.7837785482406616 0.5738883018493652 -6.224195957183838 1.5132694244384766 8.376887321472168 -3.8764357566833496 0.1693
Cyclist 1 1 1 703.722900390625 157.00860595703125 739.1611938476562 208.3180694580078 1.5911160707473755 1.6823296546936035 0.5431086421012878 3.7198760509490967 1.1624923944473267 24.498048782348633 -5.015166282653809 0.1681
Pedestrian 1 1 1 714.9013671875 162.44293212890625 732.8185424804688 211.80433654785156 0.7737872004508972 1.7535426616668701 0.6209355592727661 4.060324668884277 1.3833940029144287 26.057077407836914 -7.720550060272217 0.1652
Pedestrian 1 1 1 997.7945556640625 156.12677001953125 1027.721923828125 212.9074249267578 0.6695719957351685 1.7719762325286865 0.5800203084945679 12.70343017578125 1.249663233757019 22.857070922851562 -7.836641788482666 0.1640
Car 1 1 1 1113.0 170.385498046875 1241.0 258.95831298828125 3.8247170448303223 1.5037115812301636 1.6139639616012573 12.024557113647461 1.4615037441253662 14.188791275024414 -4.7470269203186035 0.1639
Car 1 1 1 705.3651123046875 170.6177978515625 735.6836547851562 193.3035430908203 3.796719551086426 1.6810909509658813 1.682305932044983 8.415287971496582 1.515079379081726 55.381004333496094 -4.729691505432129 0.1603
Car 1 1 1 708.6128540039062 167.9617919921875 784.1974487304688 194.4413604736328 4.118081092834473 1.5155389308929443 1.6196069717407227 8.026488304138184 1.2352365255355835 42.69011306762695 -6.589744567871094 0.1600
Pedestrian 1 1 1 517.1407470703125 166.64476013183594 529.4295043945312 196.3791961669922 0.7588565945625305 1.7731013298034668 0.6284451484680176 -5.250136852264404 1.402536392211914 43.414920806884766 -7.823911190032959 0.1593
Cyclist 1 1 1 368.63970947265625 165.42724609375 409.0907897949219 229.06536865234375 1.8415451049804688 1.709077000617981 0.5789576172828674 -6.245194435119629 1.5093225240707397 20.29924774169922 -4.714910984039307 0.1576
Pedestrian 1 1 1 740.1415405273438 161.93545532226562 759.6141357421875 201.4121551513672 0.6960379481315613 1.7701178789138794 0.5740163922309875 6.317320346832275 1.2802351713180542 32.801734924316406 -3.9114041328430176 0.1560
Car 1 1 1 0.0 0.0 1241.0 374.0 3.88923716545105 1.5382307767868042 1.6490967273712158 -3.4361801147460938 1.6304736137390137 0.9347253441810608 -7.893592357635498 0.1540
Cyclist 1 1 1 750.601806640625 169.8877716064453 771.944091796875 206.59437561035156 1.749151587486267 1.7241921424865723 0.5063148736953735 7.239833354949951 1.5845617055892944 34.787235260009766 -7.950911045074463 0.1525
Pedestrian 1 1 1 1177.301025390625 125.84793853759766 1241.0 336.3038330078125 0.8096505999565125 1.7479609251022339 0.5334866642951965 5.640199184417725 1.3572478294372559 6.463197231292725 -8.192203521728516 0.1499
Pedestrian 1 1 1 1004.8992309570312 150.9912872314453 1044.6331787109375 230.52113342285156 0.6720708608627319 1.7290968894958496 0.6006293892860413 9.182100296020508 1.2534693479537964 16.083450317382812 -4.480076789855957 0.1466
Pedestrian 1 1 1 120.22647857666016 150.32968139648438 183.30715942382812 294.8976135253906 0.8224474787712097 1.772684931755066 0.5691863298416138 -5.965433120727539 1.4961928129196167 9.338077545166016 -5.1227521896362305 0.1458
Pedestrian 1 1 1 802.2338256835938 160.90945434570312 824.6748046875 212.55027770996094 0.718346357345581 1.7430472373962402 0.6357625126838684 6.925168037414551 1.339579463005066 24.748271942138672 -7.736307621002197 0.1431
Pedestrian 1 1 1 666.6187744140625 168.4403076171875 675.6339111328125 193.76364135742188 0.7571616768836975 1.8027535676956177 0.5731155276298523 4.358977794647217 1.4882442951202393 51.790382385253906 -7.670444965362549 0.1420
Car 1 1 1 531.7453002929688 176.7294158935547 557.9035034179688 197.60629272460938 3.9691717624664307 1.583202838897705 1.6670125722885132 -5.263162612915039 1.903655767440796 57.60999298095703 -4.908557891845703 0.1417
Car 1 1 1 816.336181640625 173.47825622558594 938.258544921875 233.59341430664062 3.8778133392333984 1.4902175664901733 1.5784739255905151 7.183140277862549 1.5089168548583984 19.944005966186523 -4.825622081756592 0.1397
Car 1 1 1 0.0 0.0 1235.510009765625 374.0 3.8080215454101562 1.5398691892623901 1.607692003250122 1.405155062675476 1.5616707801818848 0.67091304063797 -7.86837911605835 0.1379
Car 1 1 1 927.8658447265625 157.9459686279297 1029.3194580078125 204.4380340576172 3.5815422534942627 1.4948909282684326 1.5811588764190674 12.610870361328125 1.0152431726455688 25.02021026611328 -4.751222133636475 0.1375
Pedestrian 1 1 1 842.71533203125 159.69639587402344 866.9991455078125 214.69813537597656 0.6431339383125305 1.7602509260177612 0.6463443040847778 7.90697717666626 1.338861107826233 23.459238052368164 -7.699492931365967 0.1354
Car 1 1 1 54.059261322021484 180.98182678222656 234.03546142578125 238.83419799804688 3.9638736248016357 1.4969857931137085 1.6417378187179565 -12.798068046569824 1.7311702966690063 19.87541961669922 -3.0803487300872803 0.1327
Pedestrian 1 1 1 668.1458129882812 166.13619995117188 679.9229125976562 197.76409912109375 0.8328644633293152 1.8532987833023071 0.5999727845191956 3.76064395904541 1.4593557119369507 42.74943923950195 -7.6453471183776855 0.1304
Pedestrian 1 1 1 404.3525085449219 165.31785583496094 429.2364807128906 213.89059448242188 0.7918224334716797 1.7693250179290771 0.6134207844734192 -7.196502685546875 1.4945114850997925 26.726226806640625 -7.678926944732666 0.1297
Pedestrian 1 1 1 208.73890686035156 162.79530334472656 241.52224731445312 223.30331420898438 0.7345291972160339 1.7497003078460693 0.5918826460838318 -11.372000694274902 1.4585349559783936 21.24368667602539 -7.895004749298096 0.1292
Pedestrian 1 1 1 292.03155517578125 162.99307250976562 317.845458984375 213.1599884033203 0.7316445112228394 1.788539171218872 0.612543523311615 -11.073873519897461 1.4366800785064697 26.09793472290039 -7.827383518218994 0.1277
Pedestrian 1 1 1 0.0 153.1761016845703 31.862279891967773 247.44696044921875 0.6954964995384216 1.7587761878967285 0.5895294547080994 -11.699335098266602 1.3913531303405762 13.834052085876465 -4.801471710205078 0.1275
Car 1 1 1 0.0 190.8500518798828 0.0 374.0 3.870706796646118 1.5446016788482666 1.6236540079116821 -5.34012508392334 1.6448147296905518 2.0808029174804688 -7.871378421783447 0.1275
Car 1 1 1 837.5218505859375 165.29141235351562 910.225830078125 200.12635803222656 3.8439624309539795 1.504568338394165 1.6232417821884155 11.991936683654785 1.177630066871643 33.157691955566406 -4.812540054321289 0.1266
Pedestrian 1 1 1 514.9869384765625 168.35287475585938 526.4618530273438 198.87765502929688 0.7780652046203613 1.7652597427368164 0.6264859437942505 -5.246808052062988 1.5046578645706177 42.137332916259766 -7.925791263580322 0.1259
Pedestrian 1 1 1 360.3874816894531 165.51263427734375 384.992919921875 214.56031799316406 0.8026062250137329 1.7855467796325684 0.6032123565673828 -8.817681312561035 1.5179892778396606 26.69015121459961 -7.7778449058532715 0.1254
Car 1 1 1 1095.9635009765625 170.60531616210938 1241.0 276.8818664550781 4.052702903747559 1.5124598741531372 1.6365009546279907 10.380060195922852 1.4801579713821411 12.319137573242188 -4.6814751625061035 0.1244
Car 1 1 1 892.4974975585938 173.10995483398438 1021.8719482421875 229.3850555419922 3.910409927368164 1.5067099332809448 1.5975664854049683 10.06989860534668 1.5147148370742798 21.373733520507812 -4.8323540687561035 0.1242
Pedestrian 1 1 1 845.7009887695312 172.96841430664062 876.3929443359375 237.72146606445312 0.613818883895874 1.444006085395813 0.5106887817382812 5.651571273803711 1.4463595151901245 16.41276741027832 -4.65438175201416 0.1241
Pedestrian 1 1 1 303.96441650390625 162.3739776611328 344.14697265625 233.55487060546875 0.8663111925125122 1.7344082593917847 0.6664140820503235 -7.179306983947754 1.4787497520446777 18.017457962036133 -4.721949577331543 0.1239
Car 1 1 1 829.6834716796875 170.0108642578125 917.8576049804688 211.54989624023438 3.605619430541992 1.4974980354309082 1.645647644996643 10.062342643737793 1.3947021961212158 27.923828125 -4.874752521514893 0.1235
Pedestrian 1 1 1 490.82159423828125 167.0392303466797 505.375732421875 204.8670196533203 0.6463346481323242 1.7505440711975098 0.6357244849205017 -5.2709784507751465 1.4811553955078125 33.74205780029297 -7.948409557342529 0.1222
Pedestrian 1 1 1 138.3148651123047 170.8618621826172 197.59329223632812 286.3282775878906 0.5433937907218933 1.6454588174819946 0.5118319392204285 -6.557281494140625 1.6167696714401245 10.623808860778809 -4.372256278991699 0.1197
Pedestrian 1 1 1 765.697998046875 165.00364685058594 781.9939575195312 204.18115234375 0.6924630999565125 1.7259849309921265 0.6151169538497925 7.255556106567383 1.379833698272705 32.15736770629883 -7.7741570472717285 0.1194
Car 1 1 1 944.1913452148438 171.910400390625 1079.4080810546875 226.669921875 3.7815346717834473 1.4722903966903687 1.59820556640625 11.681892395019531 1.4466204643249512 21.367393493652344 -4.8236165046691895 0.1186
Pedestrian 1 1 1 1018.23876953125 157.53785705566406 1044.315673828125 213.06101989746094 0.6287328600883484 1.781248688697815 0.5753615498542786 13.67785930633545 1.2895888090133667 23.519996643066406 -7.621367931365967 0.1183
Pedestrian 1 1 1 836.3201293945312 166.36695861816406 851.3414916992188 202.4171600341797 0.4818553924560547 1.7493829727172852 0.5531426668167114 11.424274444580078 1.4342910051345825 35.37749099731445 -3.9832544326782227 0.1181
Car 1 1 1 0.0 184.9547576904297 17.47821617126465 331.32794189453125 3.9512646198272705 1.5336687564849854 1.6044162511825562 -10.499993324279785 1.7344964742660522 9.945658683776855 -4.814422130584717 0.1178
Pedestrian 1 1 1 442.50323486328125 165.72410583496094 463.7471008300781 213.48704528808594 0.7912233471870422 1.761128306388855 0.6139469146728516 -5.9112372398376465 1.4979327917099 27.00482177734375 -7.839263439178467 0.1173
Pedestrian 1 1 1 858.3901977539062 161.1732635498047 881.13720703125 212.8904266357422 0.7215262651443481 1.7449949979782104 0.6414394378662109 8.862018585205078 1.3505738973617554 24.764793395996094 -7.64561128616333 0.1173
Pedestrian 1 1 1 485.407958984375 164.980712890625 502.2678527832031 203.0407257080078 0.5488100051879883 1.7957199811935425 0.5913136601448059 -5.579777717590332 1.4239485263824463 34.412715911865234 -4.301560401916504 0.1163
Car 1 1 1 0.0 0.0 1241.0 374.0 3.8777177333831787 1.5334038734436035 1.6160191297531128 4.612799644470215 1.5277376174926758 1.2982933521270752 -7.909051418304443 0.1160
Pedestrian 1 1 1 821.9386596679688 164.74798583984375 840.2310180664062 210.4062957763672 0.7465718388557434 1.7426005601882935 0.6034115552902222 8.537213325500488 1.432925820350647 28.000032424926758 -7.450718402862549 0.1159
Pedestrian 1 1 1 908.5235595703125 172.003173828125 946.915283203125 247.9680633544922 0.6101357340812683 1.4908356666564941 0.5215983986854553 6.313540458679199 1.473837971687317 14.478300094604492 -4.661708354949951 0.1147
Car 1 1 1 580.7181396484375 176.03977966308594 605.1646118164062 196.57106018066406 3.872525691986084 1.591827154159546 1.6322157382965088 -1.4424580335617065 1.8591068983078003 58.58591842651367 -4.828319072723389 0.1132
Pedestrian 1 1 1 880.0716552734375 158.22381591796875 904.1013793945312 211.33010864257812 0.7632664442062378 1.7671122550964355 0.6088876724243164 9.498197555541992 1.2799928188323975 24.43400001525879 -7.695790767669678 0.1126
Car 1 1 1 507.754150390625 171.97372436523438 540.967041015625 196.4727783203125 4.1446099281311035 1.6280556917190552 1.7032175064086914 -5.924282073974609 1.5692576169967651 50.044586181640625 -4.684019088745117 0.1124
Car 1 1 1 0.0 191.1432647705078 24.321943283081055 374.0 4.113641262054443 1.502870798110962 1.637054681777954 -6.896197319030762 1.652051568031311 5.07379150390625 -3.139204740524292 0.1124
Car 1 1 1 1241.0 159.89918518066406 1241.0 374.0 4.072131633758545 1.5049289464950562 1.5801758766174316 7.230778694152832 1.4268609285354614 5.1246724128723145 -6.284744739532471 0.1119
Pedestrian 1 1 1 514.7736206054688 170.13345336914062 528.2316284179688 201.21632385253906 0.7283321022987366 1.715324878692627 0.6330829858779907 -4.964450359344482 1.564889907836914 40.19609451293945 -7.810266971588135 0.1114
Car 1 1 1 722.3125610351562 168.970458984375 756.7599487304688 191.42376708984375 3.956183433532715 1.6996512413024902 1.699872612953186 10.099065780639648 1.4053781032562256 56.65974426269531 -4.794864654541016 0.1105
Car 1 1 1 691.50244140625 177.43927001953125 742.3745727539062 211.53350830078125 3.9617655277252197 1.4929693937301636 1.680116057395935 4.951027870178223 1.7224535942077637 34.14775466918945 -4.749979496002197 0.1104
Car 1 1 1 619.6192016601562 176.3407745361328 685.20556640625 221.9437713623047 3.860764503479004 1.495894193649292 1.597503900527954 1.4009394645690918 1.631061315536499 26.005605697631836 -4.860884189605713 0.1099
Car 1 1 1 242.7655792236328 170.41932678222656 329.84173583984375 213.7670440673828 3.7233803272247314 1.5163880586624146 1.5959070920944214 -12.092947959899902 1.4309186935424805 27.104347229003906 -4.7100677490234375 0.1098
Pedestrian 1 1 1 415.14825439453125 168.4883270263672 439.5950012207031 217.71458435058594 0.7010483145713806 1.6419618129730225 0.5858144164085388 -6.231278896331787 1.4960432052612305 24.452945709228516 -4.581490516662598 0.1096
Pedestrian 1 1 1 892.9884033203125 135.9878692626953 992.8387451171875 331.7101745605469 0.777547299861908 1.7155858278274536 0.54457026720047 3.068636894226074 1.392139196395874 6.774704456329346 -3.778651237487793 0.1093
Car 1 1 1 0.0 0.0 1241.0 374.0 3.8192481994628906 1.554505467414856 1.6154884099960327 -1.1787569522857666 1.6130073070526123 0.12047335505485535 -7.9067511558532715 0.1084
Pedestrian 1 1 1 421.0903625488281 165.02793884277344 446.5725402832031 213.57785034179688 0.8064738512039185 1.7650763988494873 0.6135352253913879 -6.558428764343262 1.4802526235580444 26.69672393798828 -7.614165782928467 0.1077
Pedestrian 1 1 1 922.1087036132812 158.3658905029297 948.3702392578125 212.26246643066406 0.6909657120704651 1.7758206129074097 0.5719814300537109 10.819856643676758 1.298156499862671 24.122989654541016 -7.840606212615967 0.1065
Car 1 1 1 654.6535034179688 168.4285888671875 682.4843139648438 191.9725799560547 3.9619970321655273 1.7016708850860596 1.6591711044311523 4.328917503356934 1.3815184831619263 54.1533317565918 -7.881779193878174 0.1061
Pedestrian 1 1 1 1135.813720703125 146.3146209716797 1215.2646484375 280.03814697265625 0.6114721894264221 1.6625138521194458 0.5481775403022766 7.261260032653809 1.3322638273239136 9.350076675415039 -8.193609237670898 0.1052
Pedestrian 1 1 1 442.88421630859375 169.95240783691406 466.9320983886719 213.4794158935547 0.8005192875862122 1.794563889503479 0.5856001377105713 -6.5413665771484375 1.6746344566345215 30.232913970947266 -3.8688740730285645 0.1047
Pedestrian 1 1 1 816.4977416992188 163.8823699951172 833.1655883789062 206.05775451660156 0.5153579115867615 1.7847962379455566 0.5819976329803467 9.158577919006348 1.404830813407898 30.902517318725586 -4.19270658493042 0.1045
Car 1 1 1 688.0205688476562 177.4057159423828 726.413330078125 206.52748107910156 4.029670238494873 1.4882380962371826 1.6220699548721313 5.234865188598633 1.7501356601715088 39.535484313964844 -4.69572114944458 0.1041
Car 1 1 1 303.09185791015625 176.01480102539062 381.4487609863281 218.95567321777344 3.617692470550537 1.466745376586914 1.5466512441635132 -9.864434242248535 1.5914610624313354 26.725439071655273 -4.707284927368164 0.1036
Cyclist 1 1 1 503.5616455078125 175.50706481933594 517.618896484375 208.72633361816406 1.6569709777832031 1.7030009031295776 0.5682277679443359 -5.2609968185424805 1.8453660011291504 37.961761474609375 -4.747499465942383 0.1029
Pedestrian 1 1 1 0.0 159.62979125976562 23.767797470092773 249.66029357910156 0.7048527598381042 1.755173683166504 0.5725932717323303 -12.331058502197266 1.4970637559890747 14.492758750915527 -5.0421576499938965 0.1027
Car 1 1 1 0.0 182.57022094726562 0.0 298.4647521972656 3.9342212677001953 1.5299886465072632 1.5945420265197754 -12.421030044555664 1.7191444635391235 11.973034858703613 -4.939584732055664 0.1024
Cyclist 1 1 1 346.0468444824219 167.77774047851562 387.7602233886719 237.81466674804688 1.8637830018997192 1.697786808013916 0.5684410929679871 -6.23668098449707 1.5744318962097168 18.441635131835938 -4.787619590759277 0.1022
Car 1 1 1 499.0710754394531 177.8632354736328 532.033935546875 204.1536102294922 3.9919097423553467 1.570282220840454 1.643872857093811 -5.992873668670654 1.9024090766906738 45.872859954833984 -4.730377197265625 0.1019
Pedestrian 1 1 1 47.03908157348633 154.08973693847656 136.84107971191406 298.85821533203125 0.7482486367225647 1.7301472425460815 0.5441515445709229 -6.524580955505371 1.5055930614471436 9.036502838134766 -4.549419403076172 0.1018
Car 1 1 1 136.5451202392578 184.1632537841797 322.6952209472656 281.7889404296875 3.863269567489624 1.5069448947906494 1.6126453876495361 -6.949382781982422 1.7500512599945068 13.561518669128418 -4.760185718536377 0.1018
Car 1 1 1 290.4248962402344 179.10316467285156 391.9156799316406 239.9947509765625 4.032323837280273 1.5198396444320679 1.5706008672714233 -7.53796911239624 1.71477210521698 20.48655891418457 -7.9075093269348145 0.1015
Pedestrian 1 1 1 767.9107666015625 167.343994140625 785.2717895507812 205.0006103515625 0.6420688629150391 1.7781403064727783 0.6638312935829163 7.898073196411133 1.5176584720611572 34.40245056152344 -7.886165142059326 0.1015
Car 1 1 1 551.20166015625 176.43698120117188 573.0322875976562 195.94654846191406 3.7376155853271484 1.5531857013702393 1.5369292497634888 -4.041539669036865 1.8611524105072021 60.12040710449219 -7.995301723480225 0.1012
Pedestrian 1 1 1 529.9017944335938 169.52926635742188 542.5631713867188 196.61180114746094 0.7981669306755066 1.78096342086792 0.6250160932540894 -4.927477836608887 1.5620267391204834 47.90299987792969 -7.649511814117432 0.1010
Car 1 1 1 607.6365966796875 173.42587280273438 639.3059692382812 193.89662170410156 4.09454870223999 1.6698437929153442 1.6518043279647827 1.0781843662261963 1.719757080078125 61.16782760620117 -8.104743957519531 0.1010
Car 1 1 1 392.9352722167969 180.55926513671875 458.0636291503906 220.01266479492188 3.7949185371398926 1.4884891510009766 1.5677531957626343 -7.608513355255127 1.8282581567764282 29.911081314086914 -4.663139820098877 0.1004
Pedestrian 1 1 1 988.3623657226562 165.98605346679688 1027.6781005859375 247.64625549316406 0.5778146386146545 1.6027705669403076 0.5418246388435364 7.935067176818848 1.467671513557434 14.498077392578125 -4.5159454345703125 0.1004
Car 1 1 1 1004.4212646484375 158.15313720703125 1140.2423095703125 210.02227783203125 3.7850868701934814 1.5837292671203613 1.662400484085083 15.199475288391113 1.1345654726028442 24.045413970947266 -8.042061805725098 0.1002
