Car 1 1 1 615.58203125 176.67604064941406 671.8333129882812 228.63214111328125 3.511521339416504 1.5765634775161743 1.6497124433517456 1.002015233039856 1.7123416662216187 23.921890258789062 -7.868323802947998 0.8048
Car 1 1 1 479.0690002441406 180.09146118164062 539.2899780273438 228.06019592285156 3.842054843902588 1.5056880712509155 1.649078607559204 -3.483259677886963 1.7773385047912598 25.172760009765625 -4.735103130340576 0.7691
Car 1 1 1 432.8082580566406 181.40269470214844 492.8385009765625 220.79933166503906 4.064366817474365 1.4622187614440918 1.605563759803772 -6.019211292266846 1.8380507230758667 29.70621109008789 -4.70181941986084 0.7451
Pedestrian 1 1 1 178.55494689941406 165.67269897460938 199.35562133789062 216.98834228515625 0.5201169848442078 1.7856519222259521 0.5425360202789307 -14.917362213134766 1.535461187362671 25.483434677124023 -3.9106287956237793 0.3270
Pedestrian 1 1 1 180.1091766357422 161.68356323242188 203.296630859375 206.54466247558594 0.6525902152061462 1.8160761594772339 0.629791259765625 -17.1870059967041 1.3635722398757935 29.580785751342773 -8.0103120803833 0.2730
Pedestrian 1 1 1 136.61245727539062 176.27098083496094 148.60964965820312 201.32443237304688 0.8843035697937012 1.8092923164367676 0.5423619747161865 -34.197105407714844 2.061211347579956 52.75249099731445 -8.189229011535645 0.2730
Car 1 1 1 0.0 180.87608337402344 77.92362213134766 205.1658935546875 4.1369194984436035 1.555208444595337 1.6656187772750854 -38.55192565917969 2.109206199645996 48.48095703125 -6.564784526824951 0.2602
Car 1 1 1 927.3262329101562 169.65985107421875 995.5812377929688 202.3332061767578 3.6990954875946045 1.4941579103469849 1.5769835710525513 16.853910446166992 1.3477890491485596 34.86680221557617 -4.68458890914917 0.2284
Car 1 1 1 465.5846252441406 178.54644775390625 506.4127197265625 201.98509216308594 4.041720390319824 1.5181822776794434 1.6431077718734741 -8.549701690673828 1.9280405044555664 49.87577819824219 -4.576768398284912 0.2191
Pedestrian 1 1 1 237.67738342285156 163.86001586914062 257.52191162109375 203.2599334716797 0.6751897931098938 1.8078399896621704 0.624144971370697 -16.849910736083984 1.3948569297790527 33.47510528564453 -7.956661701202393 0.2189
Cyclist 1 1 1 356.6766662597656 178.39697265625 378.1293029785156 211.0133514404297 1.650951623916626 1.6912533044815063 0.5625869631767273 -12.980125427246094 1.9933083057403564 38.52711486816406 -4.692527770996094 0.2160
Car 1 1 1 478.0694274902344 180.1876220703125 517.2760620117188 209.01400756835938 3.6849281787872314 1.5078163146972656 1.5214180946350098 -6.301868438720703 1.9387011528015137 40.55708694458008 -4.679894924163818 0.2037
Pedestrian 1 1 1 1011.3009033203125 155.74038696289062 1032.16650390625 199.63186645507812 0.6294448971748352 1.814163327217102 0.6480364799499512 17.197471618652344 1.1065078973770142 30.224260330200195 -7.5324387550354 0.2012
Car 1 1 1 662.5849609375 177.05767822265625 714.3511352539062 210.2586212158203 3.778972864151001 1.5011210441589355 1.6131460666656494 3.7146530151367188 1.7169420719146729 35.110843658447266 -7.996937274932861 0.2011
Car 1 1 1 393.3800354003906 172.0196990966797 437.1432189941406 197.22682189941406 4.141796112060547 1.906914472579956 1.69821035861969 -15.293978691101074 1.8434983491897583 56.775997161865234 -7.668869495391846 0.1941
Car 1 1 1 862.302978515625 171.2943572998047 920.4091796875 195.59580993652344 3.548347234725952 1.562612533569336 1.669183611869812 18.767009735107422 1.4620251655578613 48.35150909423828 -5.081228256225586 0.1924
Car 1 1 1 671.621337890625 175.9416046142578 707.7454833984375 199.5837860107422 3.9327571392059326 1.6085292100906372 1.6300753355026245 5.632449150085449 1.8382656574249268 51.69346618652344 -4.857640743255615 0.1903
Pedestrian 1 1 1 75.42705535888672 177.6077423095703 90.9691162109375 201.52310180664062 0.7250597476959229 1.7501177787780762 0.5905904769897461 -39.03139114379883 2.104710102081299 53.422576904296875 -4.346895217895508 0.1880
Pedestrian 1 1 1 132.2445831298828 184.48687744140625 144.4258575439453 205.45220947265625 0.8585413098335266 1.7150686979293823 0.6677147746086121 -39.35148239135742 2.693336009979248 60.159080505371094 -5.5275163650512695 0.1870
Car 1 1 1 1070.7626953125 175.97235107421875 1241.0 374.0 3.764284372329712 1.5099115371704102 1.600733757019043 3.9835753440856934 1.5315406322479248 3.1899290084838867 -7.856419086456299 0.1846
Car 1 1 1 442.9978942871094 180.6559600830078 488.1606750488281 213.1370086669922 3.8591620922088623 1.5081337690353394 1.5700169801712036 -7.260546684265137 1.922204613685608 36.378517150878906 -4.730075359344482 0.1824
Car 1 1 1 615.4945678710938 179.8802947998047 652.113037109375 211.1602020263672 3.9802348613739014 1.4724466800689697 1.641264796257019 1.1269971132278442 1.8508323431015015 36.877838134765625 -4.737132549285889 0.1744
Pedestrian 1 1 1 195.94773864746094 164.5089111328125 225.24134826660156 217.47262573242188 0.7439324855804443 1.81516432762146 0.6345669031143188 -13.943551063537598 1.528862714767456 25.119169235229492 -4.773819446563721 0.1715
Car 1 1 1 1199.15673828125 151.16720581054688 1241.0 213.689208984375 3.6029322147369385 1.6171773672103882 1.6663345098495483 19.054372787475586 1.0559325218200684 20.5056095123291 -7.906217098236084 0.1639
Car 1 1 1 476.9664001464844 180.30612182617188 520.0283813476562 212.2711181640625 3.7415781021118164 1.5025261640548706 1.5676735639572144 -5.651638984680176 1.900423526763916 36.67388153076172 -4.699441909790039 0.1610
Pedestrian 1 1 1 343.7676086425781 174.5404052734375 361.8795471191406 209.567138671875 0.6954782009124756 1.7000658512115479 0.6400243043899536 -12.654763221740723 1.783325433731079 35.402835845947266 -7.851431369781494 0.1604
Car 1 1 1 720.391357421875 177.18179321289062 743.7485961914062 197.46408081054688 4.007309913635254 1.494271159172058 1.6405706405639648 9.436836242675781 1.8432821035385132 56.14478302001953 -7.723849773406982 0.1600
Pedestrian 1 1 1 1011.4736938476562 159.13577270507812 1030.910888671875 204.27178955078125 0.5711109638214111 1.7643636465072632 0.6209179759025574 16.264192581176758 1.2278192043304443 28.616588592529297 -7.245828151702881 0.1596
Car 1 1 1 743.6292114257812 177.1985626220703 773.6553955078125 197.8535919189453 4.129818439483643 1.5044587850570679 1.6613205671310425 11.370989799499512 1.85129976272583 55.54670333862305 -7.8012471199035645 0.1590
Pedestrian 1 1 1 979.0094604492188 159.9313507080078 996.614501953125 202.4326629638672 0.5484590530395508 1.7758067846298218 0.5815170407295227 15.94902229309082 1.2355680465698242 30.54114532470703 -7.214422702789307 0.1589
Car 1 1 1 703.0953979492188 175.39315795898438 746.0178833007812 208.6464385986328 3.9726450443267822 1.5332552194595337 1.6384724378585815 5.550929069519043 1.6653212308883667 35.59540557861328 -4.671361446380615 0.1567
Pedestrian 1 1 1 1078.110595703125 156.2008056640625 1111.408203125 214.09249877929688 0.750440776348114 1.800801157951355 0.595848023891449 15.294401168823242 1.2824805974960327 22.850587844848633 -7.742015361785889 0.1544
Car 1 1 1 822.719482421875 173.73561096191406 864.9136962890625 193.74977111816406 3.8704702854156494 1.4944157600402832 1.6017433404922485 18.09164047241211 1.5651087760925293 56.07880401611328 -7.987657070159912 0.1539
Pedestrian 1 1 1 906.8145141601562 163.14361572265625 922.3692016601562 196.4196014404297 0.8472005724906921 1.7866864204406738 0.6303035616874695 16.513702392578125 1.2650073766708374 39.22154998779297 -7.643778324127197 0.1524
Car 1 1 1 0.0 0.0 1241.0 374.0 3.8886935710906982 1.5396145582199097 1.6450321674346924 -3.4221272468566895 1.622807264328003 0.947475254535675 -7.9072184562683105 0.1512
Car 1 1 1 544.2914428710938 178.5716094970703 573.5070190429688 203.4453887939453 3.8334109783172607 1.568554162979126 1.5982836484909058 -3.416782855987549 1.966533899307251 48.325801849365234 -4.688238143920898 0.1499
Car 1 1 1 601.1788940429688 178.50668334960938 621.6090698242188 198.54737854003906 4.272275447845459 1.5058493614196777 1.5698726177215576 0.11087799817323685 1.9734315872192383 57.57535934448242 -4.697293758392334 0.1486
Car 1 1 1 474.2301025390625 179.8307647705078 509.6853332519531 206.27125549316406 3.6648709774017334 1.5230680704116821 1.4754809141159058 -7.253969669342041 1.9699974060058594 44.39738845825195 -4.680296897888184 0.1479
Pedestrian 1 1 1 1035.6636962890625 160.50221252441406 1056.008056640625 212.42529296875 0.7418578863143921 1.7948558330535889 0.6055999994277954 15.304572105407715 1.3675845861434937 25.41609764099121 -7.307474613189697 0.1476
Car 1 1 1 1051.0029296875 165.5172882080078 1179.30712890625 213.87802124023438 3.5383212566375732 1.4757614135742188 1.5733264684677124 16.496517181396484 1.251576542854309 23.846420288085938 -4.795240879058838 0.1466
Pedestrian 1 1 1 137.83294677734375 176.45860290527344 155.83651733398438 204.78085327148438 0.8012137413024902 1.7704946994781494 0.541647732257843 -29.373779296875 2.0009608268737793 45.71039581298828 -7.327169418334961 0.1466
Pedestrian 1 1 1 1055.88427734375 158.1407470703125 1079.9864501953125 206.79208374023438 0.6039477586746216 1.773352861404419 0.6273875832557678 16.884973526000977 1.2367511987686157 26.686962127685547 -7.526862621307373 0.1451
Car 1 1 1 868.314697265625 168.23690795898438 911.0172729492188 191.246826171875 3.7887961864471436 1.6224504709243774 1.6556519269943237 20.368087768554688 1.296594262123108 52.77155303955078 -4.711331367492676 0.1445
Pedestrian 1 1 1 387.8279724121094 173.53128051757812 403.4171447753906 203.75885009765625 0.7600630521774292 1.7195591926574707 0.6246057748794556 -12.354179382324219 1.75856614112854 41.469696044921875 -7.768444538116455 0.1440
Car 1 1 1 0.0 182.3041229248047 49.130393981933594 208.9038848876953 3.759352922439575 1.5566582679748535 1.5691379308700562 -37.50242614746094 2.1797401905059814 45.61506652832031 -4.874328136444092 0.1412
Pedestrian 1 1 1 1166.224609375 153.29042053222656 1201.212890625 215.82675170898438 0.7175328135490417 1.7747611999511719 0.5817864537239075 16.565675735473633 1.2192531824111938 20.909135818481445 -7.533566951751709 0.1410
Car 1 1 1 768.46484375 175.43959045410156 796.2026977539062 193.9865264892578 3.8947298526763916 1.5126744508743286 1.624307632446289 14.600055694580078 1.7394956350326538 61.39179611206055 -7.798910617828369 0.1403
Pedestrian 1 1 1 0.0 156.8654022216797 29.226064682006836 246.98428344726562 0.7423097491264343 1.8324179649353027 0.564799427986145 -12.679972648620605 1.5070165395736694 15.13106918334961 -5.194638252258301 0.1385
Car 1 1 1 645.20947265625 178.47821044921875 673.0380859375 199.37142944335938 3.988924264907837 1.4970344305038452 1.6414011716842651 3.6666219234466553 1.9399728775024414 54.82923126220703 -4.764492988586426 0.1383
Car 1 1 1 563.2869262695312 178.46359252929688 592.4000854492188 197.03826904296875 3.9573678970336914 1.500123143196106 1.5232971906661987 -2.7356021404266357 1.9952852725982666 61.63380432128906 -4.497775554656982 0.1379
Cyclist 1 1 1 646.606689453125 172.48939514160156 670.725341796875 213.1282958984375 1.6863501071929932 1.7650095224380493 0.6212753653526306 2.118607759475708 1.7488744258880615 32.22814178466797 -8.074114799499512 0.1379
Car 1 1 1 448.3165283203125 180.9070587158203 490.673583984375 210.1222686767578 3.838681697845459 1.5200903415679932 1.5723105669021606 -7.87600040435791 1.9938395023345947 40.54082489013672 -4.694615840911865 0.1369
Pedestrian 1 1 1 260.5299377441406 165.81610107421875 283.8450927734375 212.17381286621094 0.6798051595687866 1.7953739166259766 0.6510270237922668 -13.298535346984863 1.5225054025650024 28.321683883666992 -7.977682590484619 0.1366
Pedestrian 1 1 1 230.55393981933594 169.07623291015625 247.69692993164062 201.81292724609375 0.660984218120575 1.808806300163269 0.6270303726196289 -20.700414657592773 1.5997726917266846 40.20741271972656 -7.8853020668029785 0.1348
Car 1 1 1 145.775634765625 184.1355438232422 181.7058868408203 202.95361328125 3.971903085708618 1.5300177335739136 1.619307518005371 -39.14891815185547 2.553439140319824 63.34596252441406 -4.977029800415039 0.1348
Car 1 1 1 675.7236938476562 176.83265686035156 711.1251831054688 195.87608337402344 3.8731470108032227 1.5181621313095093 1.6350265741348267 6.926080703735352 1.8628039360046387 60.47390365600586 -8.115673065185547 0.1341
Pedestrian 1 1 1 313.7247314453125 165.36328125 333.0191650390625 203.61569213867188 0.6631786823272705 1.7898516654968262 0.6353634595870972 -13.584510803222656 1.4390568733215332 34.103431701660156 -7.819748401641846 0.1340
Car 1 1 1 500.29913330078125 179.81173706054688 535.536376953125 205.98300170898438 3.6989941596984863 1.5076571702957153 1.4908576011657715 -5.665423393249512 1.954352855682373 44.46324157714844 -4.651256084442139 0.1330
Cyclist 1 1 1 329.5511779785156 175.6190948486328 351.1468200683594 210.1348876953125 1.6824028491973877 1.6915491819381714 0.5581799745559692 -13.613983154296875 1.8338600397109985 36.35597610473633 -4.777067184448242 0.1329
Car 1 1 1 0.0 185.62454223632812 0.0 374.0 3.916764974594116 1.555137038230896 1.6247676610946655 -5.340815544128418 1.6269780397415161 2.0862820148468018 -7.894515514373779 0.1326
Car 1 1 1 659.3348388671875 177.1564483642578 726.1151123046875 226.63929748535156 3.6894822120666504 1.5288749933242798 1.5984233617782593 2.6816093921661377 1.6861014366149902 24.520551681518555 -7.925637722015381 0.1305
Pedestrian 1 1 1 408.9050598144531 172.1862030029297 421.6540832519531 201.0796356201172 0.7820421457290649 1.7609800100326538 0.6427541375160217 -12.013101577758789 1.7199792861938477 44.398563385009766 -7.95943021774292 0.1303
Car 1 1 1 590.7625122070312 179.0443115234375 610.2955932617188 196.9281005859375 3.794471025466919 1.5139226913452148 1.5561997890472412 -0.8420955538749695 2.0821080207824707 64.33759307861328 -4.675528526306152 0.1300
Car 1 1 1 616.220458984375 179.17698669433594 665.2706298828125 221.5897674560547 3.897954225540161 1.5290261507034302 1.6036356687545776 1.108457326889038 1.7966166734695435 28.58674430847168 -7.899189472198486 0.1293
Car 1 1 1 440.5768127441406 180.1463623046875 480.4292297363281 205.66348266601562 4.106186866760254 1.5118608474731445 1.6515893936157227 -9.506534576416016 1.9972128868103027 45.99065399169922 -4.701638698577881 0.1275
Car 1 1 1 790.9502563476562 175.850341796875 820.5427856445312 196.56809997558594 4.066860198974609 1.5081708431243896 1.607696771621704 14.917238235473633 1.7460906505584717 55.250736236572266 -7.735653400421143 0.1274
Car 1 1 1 851.00634765625 176.6134033203125 914.841796875 204.771240234375 3.908249616622925 1.5136858224868774 1.6122448444366455 15.549605369567871 1.739952564239502 41.41286849975586 -4.903829574584961 0.1273
Car 1 1 1 1147.39892578125 170.62937927246094 1241.0 305.52850341796875 4.053873062133789 1.4983952045440674 1.5758694410324097 9.15752124786377 1.4733853340148926 8.93107795715332 -6.347501754760742 0.1269
Car 1 1 1 890.1768798828125 165.7468719482422 940.49853515625 189.25894165039062 3.9103589057922363 1.6791788339614868 1.6979656219482422 22.57988929748535 1.1713021993637085 53.5784912109375 -4.841011047363281 0.1260
Pedestrian 1 1 1 162.9168243408203 173.0826416015625 173.42816162109375 201.51829528808594 0.8301792144775391 1.8051955699920654 0.5691813826560974 -28.396955490112305 1.8197309970855713 46.3166389465332 -8.410713195800781 0.1254
Car 1 1 1 904.0726318359375 176.7335968017578 952.8739624023438 204.9421844482422 3.824125289916992 1.5107417106628418 1.6665328741073608 18.090452194213867 1.7429908514022827 41.22496032714844 -4.543009281158447 0.1252
Car 1 1 1 582.4755859375 178.4897918701172 607.8002319335938 200.28585815429688 3.994934558868408 1.509499430656433 1.630366563796997 -1.1570781469345093 1.9399216175079346 53.089027404785156 -4.791336536407471 0.1246
Car 1 1 1 0.0 0.0 1241.0 374.0 3.8173837661743164 1.5563106536865234 1.6107462644577026 -1.1786452531814575 1.620835542678833 0.12428674101829529 -7.914771556854248 0.1244
Car 1 1 1 489.42779541015625 180.4204864501953 537.01953125 220.01345825195312 4.000357151031494 1.5077929496765137 1.6441808938980103 -4.03953742980957 1.846519947052002 30.29288101196289 -4.759431838989258 0.1235
Car 1 1 1 618.810302734375 178.43356323242188 640.6912231445312 196.2863006591797 3.920841932296753 1.4849061965942383 1.5766490697860718 1.738118290901184 1.9900803565979004 63.32786560058594 -4.595202922821045 0.1234
Car 1 1 1 0.0 183.48617553710938 3.890387773513794 210.81500244140625 3.9120967388153076 1.5481561422348022 1.609744906425476 -39.35364532470703 2.2367236614227295 44.634483337402344 -5.0792765617370605 0.1232
Car 1 1 1 615.5346069335938 179.2382049560547 647.3798828125 207.89593505859375 3.9664337635040283 1.5058481693267822 1.6297581195831299 1.1324082612991333 1.8841495513916016 40.795677185058594 -4.725292205810547 0.1230
Car 1 1 1 0.0 185.2086944580078 40.38088607788086 268.60906982421875 3.5197713375091553 1.473365068435669 1.5167933702468872 -14.007173538208008 1.7630988359451294 15.11307430267334 -4.810034275054932 0.1230
Pedestrian 1 1 1 722.5167236328125 174.47865295410156 750.4446411132812 228.16470336914062 0.8313948512077332 1.6858460903167725 0.5594251155853271 4.0196661949157715 1.738882303237915 23.187755584716797 -7.19185209274292 0.1229
Pedestrian 1 1 1 66.77360534667969 161.93760681152344 105.58940124511719 239.17471313476562 0.7397468090057373 1.8126832246780396 0.5854268074035645 -12.679341316223145 1.5561856031417847 17.394058227539062 -2.461041212081909 0.1223
Car 1 1 1 834.2260131835938 170.7995147705078 886.4266357421875 189.33572387695312 4.028076171875 1.5410341024398804 1.6302191019058228 21.265913009643555 1.3699301481246948 61.3836784362793 -6.59738302230835 0.1221
Pedestrian 1 1 1 1011.9970703125 157.2754364013672 1033.0587158203125 201.883544921875 0.6339386105537415 1.806596279144287 0.6494303941726685 16.89020347595215 1.1753756999969482 29.629541397094727 -7.5106120109558105 0.1218
Car 1 1 1 23.256025314331055 177.1455841064453 94.78944396972656 198.8522491455078 3.915874719619751 1.530614972114563 1.6062920093536377 -39.72295379638672 1.844725251197815 52.03353500366211 -3.1542916297912598 0.1214
Pedestrian 1 1 1 347.6592712402344 172.52955627441406 365.2763671875 206.0050506591797 0.7622585892677307 1.7727363109588623 0.6609509587287903 -13.59720516204834 1.7552554607391357 38.59993362426758 -7.826681613922119 0.1212
Pedestrian 1 1 1 295.40826416015625 165.64599609375 315.96807861328125 206.61846923828125 0.6461583375930786 1.8077361583709717 0.6577093005180359 -13.6051607131958 1.4894132614135742 32.168941497802734 -7.8882670402526855 0.1207
Car 1 1 1 236.49942016601562 174.8763885498047 321.4327697753906 202.3288116455078 3.9901278018951416 1.4861629009246826 1.6603792905807495 -18.425617218017578 1.6011536121368408 40.16807556152344 -3.073087692260742 0.1198
Car 1 1 1 621.4484252929688 178.2900848388672 641.9918823242188 198.31056213378906 4.2498979568481445 1.5050225257873535 1.5777525901794434 1.71950101852417 1.9546229839324951 57.56306838989258 -4.675037384033203 0.1180
Car 1 1 1 254.0122528076172 174.5133514404297 344.7222900390625 204.97390747070312 3.9534988403320312 1.5160918235778809 1.6349061727523804 -15.901040077209473 1.6028978824615479 36.94527816772461 -3.083298444747925 0.1175
Pedestrian 1 1 1 997.4663696289062 161.7229461669922 1021.4531860351562 207.78799438476562 0.6040056347846985 1.7861838340759277 0.6288617849349976 15.619051933288574 1.3542742729187012 28.30328369140625 -7.776377201080322 0.1175
Pedestrian 1 1 1 436.67596435546875 169.66781616210938 448.9495849609375 196.58436584472656 0.798434317111969 1.8096606731414795 0.6170952320098877 -11.365232467651367 1.5951461791992188 48.9242057800293 -7.805884838104248 0.1172
Cyclist 1 1 1 0.0 0.0 1241.0 374.0 1.857590675354004 1.643930435180664 0.5155375599861145 6.901763439178467 1.2930688858032227 -0.28495171666145325 -8.064190864562988 0.1167
Car 1 1 1 381.9781799316406 180.2908172607422 445.74639892578125 219.49530029296875 3.9317147731781006 1.503182053565979 1.6079641580581665 -8.215224266052246 1.8362963199615479 30.38031768798828 -4.70934534072876 0.1160
Pedestrian 1 1 1 1054.775634765625 156.5011444091797 1084.8135986328125 211.93408203125 0.760064959526062 1.8216568231582642 0.5975930690765381 15.324019432067871 1.2839635610580444 24.13567352294922 -7.687734127044678 0.1159
Pedestrian 1 1 1 220.05303955078125 165.876220703125 245.24697875976562 217.30160522460938 0.6671532988548279 1.7847599983215332 0.6093387603759766 -13.334505081176758 1.5422908067703247 25.42061424255371 -4.877227783203125 0.1158
Car 1 1 1 641.472900390625 177.7731475830078 661.1446533203125 195.42555236816406 3.7872748374938965 1.4869630336761475 1.5936399698257446 3.6560213565826416 1.9352271556854248 63.833778381347656 -4.616306304931641 0.1146
Car 1 1 1 508.2578125 180.37521362304688 543.4230346679688 208.89166259765625 3.7804148197174072 1.4876015186309814 1.5566366910934448 -4.719081401824951 1.9295687675476074 40.53382873535156 -4.717879295349121 0.1144
Pedestrian 1 1 1 508.8385009765625 171.24896240234375 518.5614624023438 192.6405487060547 0.889136016368866 1.873092532157898 0.5354703068733215 -8.520153999328613 1.7322512865066528 63.68144607543945 -4.425863265991211 0.1140
Car 1 1 1 923.2666015625 175.4242706298828 1113.75830078125 255.79432678222656 3.9932241439819336 1.4796339273452759 1.6220848560333252 8.444902420043945 1.5416979789733887 15.460853576660156 -4.779156684875488 0.1138
Car 1 1 1 703.6409301757812 175.51785278320312 727.9861450195312 199.20709228515625 3.9095685482025146 1.5953422784805298 1.6418195962905884 7.482099533081055 1.7913470268249512 51.11326217651367 -7.697933673858643 0.1134
Pedestrian 1 1 1 1223.248046875 147.82797241210938 1241.0 231.83470153808594 0.7529621720314026 1.7887749671936035 0.5815929770469666 13.997450828552246 1.2555900812149048 15.796327590942383 -4.940337181091309 0.1133
Pedestrian 1 1 1 1140.048095703125 155.39889526367188 1176.942138671875 218.4553680419922 0.722897469997406 1.7669398784637451 0.5732186436653137 15.618730545043945 1.277521014213562 20.625106811523438 -7.675893306732178 0.1119
Pedestrian 1 1 1 318.65411376953125 166.5084228515625 338.3911437988281 205.84127807617188 0.667360246181488 1.787154197692871 0.6415890455245972 -12.95833969116211 1.4985321760177612 33.12141036987305 -7.843120098114014 0.1115
Car 1 1 1 487.2497863769531 179.40135192871094 526.2968139648438 203.55384826660156 3.8380236625671387 1.5224779844284058 1.6173651218414307 -6.93450927734375 1.981269121170044 48.583038330078125 -4.57764196395874 0.1112
Car 1 1 1 504.1056823730469 180.06495666503906 546.552490234375 213.56898498535156 3.94974946975708 1.4794622659683228 1.6109049320220947 -4.054173469543457 1.8457093238830566 34.6957893371582 -4.720582962036133 0.1110
Car 1 1 1 420.88433837890625 171.00344848632812 454.52740478515625 196.64752197265625 4.069758415222168 1.9242429733276367 1.7270498275756836 -13.398425102233887 1.785083532333374 56.194007873535156 -7.874659061431885 0.1108
Car 1 1 1 513.0231323242188 174.02081298828125 536.0882568359375 194.8276824951172 4.035144329071045 1.7054731845855713 1.6471006870269775 -7.265430927276611 1.8078128099441528 61.421627044677734 -7.894932270050049 0.1095
Car 1 1 1 915.1820068359375 173.10572814941406 1033.0328369140625 223.49322509765625 3.6965231895446777 1.5028176307678223 1.547168254852295 11.665689468383789 1.511391520500183 23.487518310546875 -4.872697353363037 0.1091
Car 1 1 1 973.6178588867188 168.5525665283203 1086.364501953125 215.14324951171875 3.469747304916382 1.4817074537277222 1.5749726295471191 14.238624572753906 1.3446108102798462 24.761524200439453 -4.828980922698975 0.1091
Car 1 1 1 91.05939483642578 180.71139526367188 198.72874450683594 226.5823974609375 3.719553232192993 1.516539454460144 1.6370919942855835 -16.915197372436523 1.8241504430770874 26.388206481933594 -4.747038841247559 0.1086
Car 1 1 1 597.7709350585938 177.91725158691406 626.4551391601562 204.22018432617188 3.9111077785491943 1.5492955446243286 1.6056461334228516 0.13599151372909546 1.8806318044662476 45.264137268066406 -4.658766269683838 0.1082
Pedestrian 1 1 1 104.49497985839844 163.32644653320312 139.46751403808594 235.06478881835938 0.7461809515953064 1.8101650476455688 0.587605357170105 -12.682188034057617 1.5694574117660522 18.674484252929688 -2.4081997871398926 0.1081
Pedestrian 1 1 1 1128.4827880859375 155.6708526611328 1162.635498046875 216.1039581298828 0.722920835018158 1.7692581415176392 0.6033898591995239 15.939682006835938 1.2658990621566772 21.554662704467773 -7.574254512786865 0.1080
Car 1 1 1 605.5045776367188 179.24673461914062 653.8141479492188 216.02191162109375 3.846689462661743 1.5166290998458862 1.6213302612304688 0.7814584374427795 1.8217130899429321 32.46127700805664 -7.974613666534424 0.1074
Car 1 1 1 647.7861938476562 176.77301025390625 681.3539428710938 200.98544311523438 4.006457328796387 1.5809340476989746 1.6539989709854126 3.6943509578704834 1.862682819366455 49.85608673095703 -7.949178218841553 0.1073
Car 1 1 1 578.435791015625 178.06031799316406 604.5873413085938 197.6103973388672 3.9477715492248535 1.5179671049118042 1.5165890455245972 -1.5089654922485352 1.9595615863800049 59.18156814575195 -4.57242488861084 0.1073
Pedestrian 1 1 1 34.474327087402344 158.6751708984375 75.4864273071289 241.31521606445312 0.7434472441673279 1.8289953470230103 0.570651113986969 -12.684627532958984 1.5148886442184448 16.422422409057617 -2.4817357063293457 0.1061
Pedestrian 1 1 1 1048.018798828125 160.14833068847656 1074.6744384765625 209.52737426757812 0.6917481422424316 1.7556920051574707 0.6380205154418945 16.253530502319336 1.303636908531189 26.069622039794922 -7.599503993988037 0.1050
Car 1 1 1 136.04385375976562 176.59423828125 176.97579956054688 202.82754516601562 3.796534776687622 1.6424826383590698 1.63634192943573 -30.03658103942871 1.90083646774292 47.831321716308594 -5.090631008148193 0.1048
Car 1 1 1 446.043701171875 173.44004821777344 481.13385009765625 196.1145782470703 3.749483346939087 1.6170639991760254 1.6388438940048218 -10.836697578430176 1.6617600917816162 53.477821350097656 -7.793144702911377 0.1048
Car 1 1 1 71.96703338623047 0.0 1052.2947998046875 374.0 3.8186755180358887 1.5527470111846924 1.609453797340393 0.4266185760498047 1.5949606895446777 0.004947662353515625 -7.903671741485596 0.1046
Cyclist 1 1 1 679.8878173828125 175.59494018554688 694.396728515625 216.69326782226562 1.7841694355010986 1.7577202320098877 0.6200578212738037 3.362420082092285 1.8820933103561401 31.90062713623047 -7.75265645980835 0.1041
Pedestrian 1 1 1 1205.0491943359375 151.500732421875 1240.1048583984375 217.546875 0.6222190260887146 1.791506052017212 0.5742294192314148 16.893285751342773 1.211997389793396 19.96834945678711 -7.466162204742432 0.1034
Pedestrian 1 1 1 74.61991882324219 161.50160217285156 113.2551040649414 241.55160522460938 0.730583131313324 1.8072960376739502 0.583911657333374 -12.033620834350586 1.550692081451416 16.751338958740234 -2.412116050720215 0.1031
Pedestrian 1 1 1 1005.5130615234375 161.92742919921875 1031.5361328125 209.17799377441406 0.669222354888916 1.7894140481948853 0.6374386548995972 15.618653297424316 1.3753167390823364 27.67687225341797 -7.798741817474365 0.1030
Car 1 1 1 0.0 185.54541015625 0.0 374.0 4.083980083465576 1.5730879306793213 1.6333990097045898 -11.132990837097168 1.751624584197998 8.041443824768066 -4.833769798278809 0.1029
Car 1 1 1 497.1255187988281 177.1919708251953 521.0946655273438 199.8186492919922 4.071205139160156 1.6082741022109985 1.6721285581588745 -7.57427978515625 1.9466264247894287 54.212711334228516 -7.964738368988037 0.1027
Car 1 1 1 708.88232421875 177.17312622070312 730.1607055664062 195.61767578125 3.9540791511535645 1.5230463743209839 1.5710389614105225 9.44376277923584 1.9094973802566528 62.57207107543945 -7.767654895782471 0.1025
Car 1 1 1 556.6470336914062 178.59576416015625 582.1954956054688 199.3557891845703 3.9788308143615723 1.4898650646209717 1.6053287982940674 -3.081859588623047 1.9425241947174072 54.908267974853516 -4.681945323944092 0.1024
Car 1 1 1 526.486572265625 180.0570068359375 561.644287109375 206.50555419921875 3.8198344707489014 1.517938494682312 1.5478007793426514 -4.051201820373535 1.9808907508850098 44.44223403930664 -4.6372175216674805 0.1018
Car 1 1 1 638.945556640625 177.5404510498047 662.9661254882812 196.7458038330078 4.030102729797363 1.5114946365356445 1.600677728652954 3.337531566619873 1.9130918979644775 59.831058502197266 -4.753401279449463 0.1018
Pedestrian 1 1 1 211.41290283203125 164.70481872558594 238.06436157226562 214.7999267578125 0.6695172190666199 1.7833551168441772 0.6161125302314758 -13.939002990722656 1.4929492473602295 26.030960083007812 -4.7451324462890625 0.1016
Car 1 1 1 426.8938903808594 175.65036010742188 458.9422607421875 194.99827575683594 3.8718957901000977 1.5567128658294678 1.6106795072555542 -14.016554832458496 1.7989425659179688 60.602569580078125 -7.799501895904541 0.1012
Car 1 1 1 398.9258728027344 179.56353759765625 440.5511169433594 204.8339080810547 3.927534818649292 1.540312647819519 1.6410435438156128 -12.370428085327148 1.9954025745391846 46.999900817871094 -4.701727390289307 0.1010
Pedestrian 1 1 1 1097.1220703125 155.77940368652344 1134.6944580078125 216.7347412109375 0.7969804406166077 1.81502103805542 0.5988907217979431 15.29304313659668 1.306303858757019 21.896154403686523 -7.809277057647705 0.1005
Pedestrian 1 1 1 1127.68017578125 148.67242431640625 1188.6055908203125 242.17861938476562 0.7413346767425537 1.7409542798995972 0.5695499181747437 10.453174591064453 1.2904270887374878 13.84811782836914 -4.885133266448975 0.1004
Pedestrian 1 1 1 172.7477264404297 164.7487030029297 201.49468994140625 217.04702758789062 0.6059381365776062 1.7762131690979004 0.6281226873397827 -14.585697174072266 1.500632405281067 24.816675186157227 -7.828044414520264 0.1004
Cyclist 1 1 1 700.0841064453125 176.6050262451172 740.4812622070312 215.72006225585938 1.7225699424743652 1.7660236358642578 0.6301710605621338 5.020033836364746 1.9405052661895752 33.144500732421875 -6.478362083435059 0.1002
