Pedestrian 1 1 1 716.5521240234375 165.63623046875 738.685791015625 218.55242919921875 0.86365807056427 1.8305743932724 0.6648582220077515 4.0876851081848145 1.5805844068527222 25.403949737548828 -4.677415370941162 0.6213
Pedestrian 1 1 1 533.6445922851562 170.78184509277344 555.3832397460938 225.07212829589844 0.8051406741142273 1.6567679643630981 0.59712815284729 -2.092970609664917 1.5932326316833496 22.470670700073242 -8.043540954589844 0.6174
Pedestrian 1 1 1 514.69677734375 168.6417236328125 538.7125854492188 229.46298217773438 0.8723985552787781 1.688294768333435 0.586552083492279 -2.4243862628936768 1.571069359779358 20.519107818603516 -8.077969551086426 0.5802
Pedestrian 1 1 1 1174.0531005859375 144.00381469726562 1241.0 290.56939697265625 0.6377431750297546 1.7479490041732788 0.6955819129943848 7.558390140533447 1.4035801887512207 9.076176643371582 -6.968292713165283 0.5347
Pedestrian 1 1 1 491.188720703125 164.86285400390625 528.3356323242188 239.119140625 0.7351588010787964 1.7403827905654907 0.6093626618385315 -2.457418441772461 1.5527902841567993 17.362001419067383 -4.3549017906188965 0.4931
Pedestrian 1 1 1 469.2497253417969 166.56924438476562 501.1457214355469 234.0441131591797 0.676508367061615 1.7048710584640503 0.6317427754402161 -3.281256914138794 1.5457760095596313 18.657798767089844 -3.5645737648010254 0.4865
Pedestrian 1 1 1 962.1016235351562 156.68016052246094 1014.9179077148438 269.2167663574219 0.8369154334068298 1.7313032150268555 0.6149738430976868 6.00817346572876 1.4821792840957642 11.59248161315918 -7.5453267097473145 0.4725
Pedestrian 1 1 1 1126.483642578125 149.89649963378906 1196.6107177734375 279.81854248046875 0.6534645557403564 1.7080734968185425 0.6595908403396606 7.548253536224365 1.405953288078308 9.949719429016113 -7.016879081726074 0.4702
Pedestrian 1 1 1 730.6845703125 167.6657257080078 743.1376953125 204.6739959716797 0.7979384064674377 1.8099409341812134 0.5757600665092468 6.24862003326416 1.5559014081954956 35.739013671875 -7.638988018035889 0.3592
Pedestrian 1 1 1 743.1651000976562 172.30198669433594 765.5814819335938 216.3544158935547 0.8512054681777954 1.721417784690857 0.6378376483917236 5.683238506317139 1.6995471715927124 28.656293869018555 -7.975342273712158 0.3359
Cyclist 1 1 1 699.43359375 175.08404541015625 722.9461669921875 211.43634033203125 1.7702443599700928 1.776755690574646 0.6051907539367676 5.038851737976074 1.8915424346923828 36.308265686035156 -8.061365127563477 0.3109
Cyclist 1 1 1 611.4739379882812 176.6478271484375 629.446533203125 211.3642578125 1.7534735202789307 1.7778080701828003 0.6297034621238708 0.5028835535049438 1.9824962615966797 38.06816482543945 -8.027995109558105 0.2935
Pedestrian 1 1 1 740.4385375976562 163.75917053222656 764.0952758789062 217.11460876464844 0.8468802571296692 1.8482260704040527 0.6721594333648682 4.9585371017456055 1.5328822135925293 25.420318603515625 -4.703729152679443 0.2885
Pedestrian 1 1 1 750.2581787109375 168.21832275390625 775.7842407226562 215.01939392089844 0.7305586934089661 1.721400260925293 0.6155993938446045 5.682447910308838 1.5505949258804321 27.009727478027344 -6.982465744018555 0.2881
Car 1 1 1 1089.8026123046875 171.95079040527344 1241.0 277.8741149902344 3.9169092178344727 1.476949691772461 1.5678170919418335 9.637632369995117 1.4640556573867798 10.846363067626953 -3.140754222869873 0.2843
Car 1 1 1 694.4977416992188 178.21353149414062 756.4014892578125 236.58770751953125 3.705190896987915 1.4997020959854126 1.6143125295639038 3.336611747741699 1.6690582036972046 20.86966896057129 -7.666346073150635 0.2832
Pedestrian 1 1 1 657.1383666992188 178.84402465820312 673.4893798828125 221.99371337890625 0.6071170568466187 1.435665249824524 0.5108513832092285 1.8292033672332764 1.6410502195358276 24.43834114074707 -4.565099716186523 0.2814
Pedestrian 1 1 1 443.3843078613281 169.33824157714844 478.5045471191406 241.70909118652344 0.6408922672271729 1.7030378580093384 0.5869256854057312 -3.635852575302124 1.6200047731399536 17.375608444213867 -4.393383502960205 0.2773
Pedestrian 1 1 1 765.9117431640625 169.0691375732422 792.7427368164062 218.5823974609375 0.739402174949646 1.7155261039733887 0.6025424599647522 5.930664539337158 1.5840891599655151 25.46932601928711 -3.85361909866333 0.2706
Car 1 1 1 1045.4508056640625 169.17678833007812 1241.0 374.0 3.9843029975891113 1.5111678838729858 1.61885666847229 4.512815475463867 1.4982389211654663 3.8132848739624023 -6.567196846008301 0.2685
Pedestrian 1 1 1 599.4242553710938 173.26260375976562 617.0075073242188 203.74264526367188 0.8755941390991211 1.7746962308883667 0.5529811382293701 -0.14139516651630402 1.7987185716629028 42.48719024658203 -3.686258316040039 0.2658
Pedestrian 1 1 1 517.9573364257812 167.07847595214844 541.4059448242188 221.0417938232422 0.6018685698509216 1.7748117446899414 0.5849010944366455 -2.7362165451049805 1.5845590829849243 24.13839340209961 -8.384893417358398 0.2627
Cyclist 1 1 1 765.6966552734375 157.0290069580078 792.951904296875 202.46987915039062 1.6312304735183716 1.737350583076477 0.5705297589302063 6.610328197479248 1.132010579109192 28.422931671142578 -4.794321060180664 0.2514
Pedestrian 1 1 1 641.2546997070312 171.9658966064453 656.7199096679688 215.21249389648438 0.7916852235794067 1.691493272781372 0.592886209487915 1.5068002939224243 1.6564574241638184 28.63964080810547 -7.773814678192139 0.2434
Cyclist 1 1 1 722.9255981445312 159.29710388183594 751.0070190429688 199.01197814941406 1.625849962234497 1.733850121498108 0.5827463865280151 5.638671398162842 1.1416908502578735 32.362396240234375 -4.994574546813965 0.2430
Pedestrian 1 1 1 905.7776489257812 159.28680419921875 931.6666870117188 217.93983459472656 0.7242433428764343 1.7181142568588257 0.6075851917266846 9.16910457611084 1.320392370223999 21.562198638916016 -7.602592945098877 0.2336
Pedestrian 1 1 1 988.8052368164062 156.8098602294922 1023.3474731445312 229.73690795898438 0.7433826327323914 1.7120167016983032 0.5885733366012573 9.47824764251709 1.3350688219070435 17.37980842590332 -4.41752815246582 0.2231
Car 1 1 1 799.27734375 178.65673828125 890.2380981445312 230.69676208496094 3.8430497646331787 1.458935022354126 1.5888278484344482 7.177056312561035 1.6556881666183472 22.579710006713867 -4.713886737823486 0.2209
Car 1 1 1 662.3504028320312 175.26571655273438 698.8663330078125 201.25877380371094 3.902095079421997 1.6282050609588623 1.6369316577911377 4.578132152557373 1.793784260749817 47.600589752197266 -7.9609456062316895 0.2193
Pedestrian 1 1 1 418.9181213378906 175.0718231201172 453.6286315917969 250.34042358398438 0.6062155365943909 1.543153166770935 0.5200473666191101 -3.694495439529419 1.5904613733291626 15.15070629119873 -4.5656890869140625 0.2138
Pedestrian 1 1 1 503.5035400390625 172.2940673828125 517.5470581054688 205.53323364257812 0.5579638481140137 1.7318919897079468 0.5809748768806458 -5.265450477600098 1.7024171352386475 37.92521286010742 -7.657832622528076 0.2077
Cyclist 1 1 1 745.8468627929688 160.11221313476562 774.1256103515625 202.5535430908203 1.660200595855713 1.7431765794754028 0.5743803381919861 6.282617568969727 1.2195382118225098 30.504905700683594 -4.902908802032471 0.2068
Pedestrian 1 1 1 643.0623779296875 174.00302124023438 657.826416015625 199.80673217773438 0.8494142889976501 1.74154794216156 0.5565518140792847 2.7273576259613037 1.8203977346420288 49.221797943115234 -6.946691989898682 0.2043
Pedestrian 1 1 1 1099.934814453125 148.34490966796875 1149.813720703125 249.68389892578125 0.6493343710899353 1.746692180633545 0.6311379075050354 9.143562316894531 1.3239502906799316 12.889269828796387 -3.9348692893981934 0.2000
Car 1 1 1 561.9271850585938 178.22315979003906 612.1375122070312 209.81997680664062 3.9159207344055176 1.513445258140564 1.6454216241836548 -1.1689348220825195 1.806777000427246 37.366031646728516 -4.482964992523193 0.1954
Car 1 1 1 61.420719146728516 185.56394958496094 359.88018798828125 360.0169677734375 3.9453155994415283 1.5047327280044556 1.6037498712539673 -4.36848783493042 1.6907509565353394 8.548210144042969 -4.790149688720703 0.1951
Pedestrian 1 1 1 831.6979370117188 171.71978759765625 892.3357543945312 308.0061950683594 0.7603970766067505 1.4465270042419434 0.48276951909065247 2.742042303085327 1.4341886043548584 8.06322193145752 -4.599803447723389 0.1935
Pedestrian 1 1 1 564.6302490234375 179.65225219726562 574.6073608398438 201.3242950439453 0.7055851221084595 1.7661329507827759 0.6323599815368652 -3.3585314750671387 2.3308377265930176 59.52326202392578 -8.228412628173828 0.1906
Car 1 1 1 594.925537109375 178.97821044921875 628.4706420898438 203.63812255859375 3.8481414318084717 1.5428366661071777 1.5995386838912964 0.1214330643415451 1.96881103515625 48.187923431396484 -7.677383899688721 0.1882
Pedestrian 1 1 1 903.0390014648438 162.85177612304688 929.3939208984375 216.0030517578125 0.7833992838859558 1.7450391054153442 0.6098066568374634 10.177631378173828 1.4163504838943481 24.111509323120117 -7.745889186859131 0.1877
Pedestrian 1 1 1 483.4071044921875 162.2601318359375 504.0226745605469 208.5248565673828 0.6659930348396301 1.7896827459335327 0.5507776737213135 -4.605090618133545 1.3795746564865112 28.31573486328125 -4.38341760635376 0.1863
Pedestrian 1 1 1 467.6370544433594 176.82046508789062 479.23187255859375 200.02468872070312 0.7804310917854309 1.7976192235946655 0.6828984022140503 -10.737403869628906 2.111123561859131 56.57720947265625 -8.359840393066406 0.1823
Pedestrian 1 1 1 480.95794677734375 161.026611328125 505.6895446777344 211.07945251464844 0.7441887855529785 1.7991442680358887 0.6080795526504517 -4.309061050415039 1.37371027469635 26.38898468017578 -7.5065083503723145 0.1803
Pedestrian 1 1 1 448.4263610839844 170.22650146484375 478.2471923828125 229.78762817382812 0.6820499300956726 1.5604043006896973 0.5455514192581177 -3.967451572418213 1.491268277168274 19.298065185546875 -4.478557586669922 0.1787
Pedestrian 1 1 1 677.7616577148438 173.94004821777344 698.5028686523438 229.8341522216797 0.663959264755249 1.542180061340332 0.5384034514427185 2.1520140171051025 1.5729910135269165 20.295860290527344 -4.5395588874816895 0.1775
Pedestrian 1 1 1 929.5350341796875 161.88543701171875 956.4429931640625 215.9575958251953 0.802097499370575 1.7759346961975098 0.5958872437477112 11.080733299255371 1.4153856039047241 24.13055419921875 -4.597652435302734 0.1754
Cyclist 1 1 1 693.781494140625 173.6864471435547 706.3298950195312 203.90679931640625 1.6788688898086548 1.658539056777954 0.4613131582736969 5.008823394775391 1.7059258222579956 40.48946762084961 -7.8739800453186035 0.1737
Pedestrian 1 1 1 935.2387084960938 159.47129821777344 965.0501708984375 221.64260864257812 0.6986707448959351 1.711226463317871 0.5840215682983398 9.488525390625 1.342576265335083 20.250469207763672 -7.69741678237915 0.1714
Cyclist 1 1 1 262.1210021972656 146.77523803710938 372.67059326171875 251.03904724121094 1.757351040840149 1.8253093957901 0.5411708354949951 -5.270610332489014 1.3684579133987427 12.916915893554688 -3.15828275680542 0.1682
Pedestrian 1 1 1 481.46588134765625 173.68948364257812 505.6566467285156 231.455322265625 0.7253659963607788 1.5937708616256714 0.5276418328285217 -3.319199323654175 1.6174089908599854 20.295717239379883 -7.795742511749268 0.1650
Car 1 1 1 619.7019653320312 178.23097229003906 668.8997192382812 209.10719299316406 3.8117153644561768 1.505113959312439 1.6143039464950562 1.7064664363861084 1.802586555480957 37.9202766418457 -4.937383651733398 0.1648
Car 1 1 1 0.0 0.0 1241.0 374.0 3.835987091064453 1.5374231338500977 1.6034959554672241 2.6731669902801514 1.5445653200149536 0.7045210599899292 -7.875694751739502 0.1636
Cyclist 1 1 1 484.6202392578125 159.2025604248047 515.2284545898438 212.78591918945312 1.6238855123519897 1.7128804922103882 0.5291234254837036 -3.6789729595184326 1.2761898040771484 23.909086227416992 -4.550686836242676 0.1613
Car 1 1 1 531.4653930664062 176.58111572265625 562.16064453125 197.43441772460938 3.880903482437134 1.5424364805221558 1.5989346504211426 -4.984396457672119 1.8432649374008179 56.20626449584961 -5.011817455291748 0.1611
Car 1 1 1 469.17706298828125 179.0334930419922 493.0337829589844 201.5838623046875 3.878281593322754 1.5125172138214111 1.5272172689437866 -9.202630996704102 1.9708902835845947 51.53091049194336 -4.849529266357422 0.1610
Pedestrian 1 1 1 465.3775329589844 166.0303192138672 490.9178466796875 223.62677001953125 0.6844424605369568 1.6923760175704956 0.6200429201126099 -3.9817426204681396 1.491573452949524 21.55333137512207 -7.8213934898376465 0.1595
Car 1 1 1 613.7549438476562 178.85086059570312 694.9815673828125 237.67140197753906 3.76900577545166 1.4913681745529175 1.5835100412368774 1.123354434967041 1.6793646812438965 20.676721572875977 -7.998621463775635 0.1554
Pedestrian 1 1 1 1058.82763671875 158.70506286621094 1098.60205078125 229.37461853027344 0.7862001061439514 1.688164234161377 0.5864332318305969 11.425302505493164 1.3498725891113281 17.686233520507812 -4.480103969573975 0.1550
Car 1 1 1 598.7034912109375 176.74403381347656 644.7316284179688 217.63702392578125 3.873758316040039 1.5065326690673828 1.617194414138794 0.4853428900241852 1.6730825901031494 28.95458221435547 -4.63547945022583 0.1531
Car 1 1 1 1217.4119873046875 165.98931884765625 1241.0 325.92919921875 3.9752039909362793 1.4895193576812744 1.5831634998321533 9.107150077819824 1.4252885580062866 7.661968231201172 -6.206100940704346 0.1514
Cyclist 1 1 1 735.6419067382812 159.44329833984375 762.1397705078125 198.84170532226562 1.6268706321716309 1.7472587823867798 0.5865278244018555 6.2691569328308105 1.1522151231765747 32.85669708251953 -4.930318355560303 0.1465
Car 1 1 1 705.64111328125 173.59400939941406 751.6743774414062 205.31886291503906 4.09727144241333 1.5856785774230957 1.6669930219650269 6.183424472808838 1.6267086267471313 38.229591369628906 -7.8792195320129395 0.1458
Car 1 1 1 615.7593994140625 177.11080932617188 642.66064453125 198.1393280029297 3.569180488586426 1.5633646249771118 1.6223419904708862 1.4386495351791382 1.9059699773788452 56.260128021240234 -7.964415073394775 0.1456
Car 1 1 1 534.2879638671875 179.134521484375 565.6178588867188 204.01983642578125 3.920436382293701 1.5336833000183105 1.584958553314209 -4.0325446128845215 1.9658277034759521 47.60019302368164 -4.919394016265869 0.1420
Pedestrian 1 1 1 739.5538940429688 168.8947296142578 760.05908203125 214.44244384765625 0.6938623785972595 1.7192065715789795 0.609325110912323 5.3207221031188965 1.5694631338119507 27.680891036987305 -7.392241954803467 0.1401
Car 1 1 1 679.1725463867188 176.9722442626953 719.0487670898438 203.70138549804688 3.8322181701660156 1.5083454847335815 1.609299659729004 5.261760234832764 1.7665114402770996 43.305633544921875 -7.9411702156066895 0.1388
Pedestrian 1 1 1 1193.4027099609375 149.83448791503906 1241.0 279.8669128417969 0.6075009703636169 1.668798565864563 0.6438530683517456 8.203482627868652 1.373072862625122 9.697956085205078 -7.1847052574157715 0.1388
Pedestrian 1 1 1 1099.6197509765625 150.0142364501953 1133.78466796875 223.3952178955078 0.7523365020751953 1.7526129484176636 0.5963965058326721 12.370881080627441 1.206813931465149 17.70502471923828 -7.366820812225342 0.1371
Pedestrian 1 1 1 395.7866516113281 169.93849182128906 430.9833984375 249.05690002441406 0.5842435359954834 1.6574941873550415 0.5366075038909912 -4.255349636077881 1.5961159467697144 15.444995880126953 -4.5616021156311035 0.1366
Car 1 1 1 615.440673828125 172.68333435058594 637.6322631835938 192.6477508544922 3.8106508255004883 1.6385700702667236 1.651407241821289 1.347946286201477 1.6242622137069702 61.15475845336914 -4.749785900115967 0.1338
Car 1 1 1 0.0 0.0 1241.0 374.0 3.897775650024414 1.5450286865234375 1.6233896017074585 -2.161341428756714 1.5748291015625 0.7739594578742981 -4.828253746032715 0.1330
Car 1 1 1 491.3326416015625 177.74887084960938 511.77630615234375 195.92543029785156 3.872298240661621 1.4635907411575317 1.5388401746749878 -9.192139625549316 1.8919565677642822 61.183475494384766 -4.815192699432373 0.1326
Car 1 1 1 555.9568481445312 179.12513732910156 591.0111083984375 201.63345336914062 3.9688668251037598 1.5302702188491821 1.6429494619369507 -2.721632957458496 2.003812551498413 52.38227844238281 -5.00304651260376 0.1305
Car 1 1 1 0.0 183.84426879882812 183.7603759765625 353.509521484375 4.138059139251709 1.5451713800430298 1.630074381828308 -7.288101673126221 1.713508129119873 8.958179473876953 -4.771022796630859 0.1300
Pedestrian 1 1 1 221.90321350097656 144.7341766357422 327.52459716796875 341.7845764160156 0.671200156211853 1.6573164463043213 0.5417736768722534 -3.0552260875701904 1.4205113649368286 6.482168674468994 -7.462351322174072 0.1295
Pedestrian 1 1 1 0.0 95.31178283691406 106.97209167480469 374.0 0.7995228171348572 1.7857128381729126 0.601369321346283 -3.3613526821136475 1.4087367057800293 3.9140219688415527 -7.8854146003723145 0.1283
Cyclist 1 1 1 680.924072265625 171.08566284179688 694.4322509765625 201.32168579101562 1.689151644706726 1.6915476322174072 0.47289398312568665 4.393491268157959 1.5923188924789429 41.22567367553711 -7.925914287567139 0.1271
Pedestrian 1 1 1 79.35536193847656 142.2026824951172 207.06625366210938 361.8525085449219 0.7299275994300842 1.7194167375564575 0.5844160318374634 -3.9992940425872803 1.479178547859192 6.112629413604736 -7.293900012969971 0.1263
Pedestrian 1 1 1 938.9144897460938 115.36272430419922 1115.7794189453125 374.0 0.683454692363739 1.6632353067398071 0.5524870753288269 2.145364761352539 1.3809118270874023 3.8842034339904785 -4.723216533660889 0.1249
Car 1 1 1 509.9363708496094 179.36436462402344 540.198974609375 205.56796264648438 3.9306561946868896 1.5104113817214966 1.6116876602172852 -5.334187984466553 1.9322009086608887 44.70152282714844 -4.893576145172119 0.1244
Car 1 1 1 445.1094055175781 179.54856872558594 472.2012023925781 201.8587646484375 3.8263299465179443 1.4943492412567139 1.5592621564865112 -10.798787117004395 1.9904911518096924 51.515174865722656 -4.829530715942383 0.1230
Car 1 1 1 558.0281372070312 178.5749969482422 591.4313354492188 203.2292938232422 3.9355788230895996 1.5476570129394531 1.6507066488265991 -2.4373109340667725 1.9473919868469238 48.359291076660156 -4.914982795715332 0.1227
Pedestrian 1 1 1 673.52685546875 179.1849365234375 689.1041259765625 221.51248168945312 0.5792165398597717 1.4097352027893066 0.4983806312084198 2.3721134662628174 1.6268031597137451 24.450565338134766 -4.565852642059326 0.1226
Car 1 1 1 691.451171875 177.96078491210938 749.1688232421875 215.33102416992188 3.9675450325012207 1.4780077934265137 1.6133930683135986 4.639585971832275 1.7124708890914917 31.13184928894043 -4.786106109619141 0.1225
Cyclist 1 1 1 1015.997802734375 153.24171447753906 1098.917236328125 242.1937255859375 1.7639402151107788 1.6722829341888428 0.5012044906616211 8.862358093261719 1.303275465965271 14.45737361907959 -7.900091648101807 0.1221
Pedestrian 1 1 1 431.66058349609375 170.85678100585938 463.89581298828125 246.11285400390625 0.5721354484558105 1.645646333694458 0.5383968949317932 -3.6656789779663086 1.6016727685928345 16.096338272094727 -4.583654403686523 0.1215
Pedestrian 1 1 1 754.8512573242188 165.4038543701172 781.3599243164062 214.4481658935547 0.7173883318901062 1.7412323951721191 0.6064449548721313 5.664540767669678 1.4764281511306763 26.066877365112305 -6.861150741577148 0.1208
Pedestrian 1 1 1 801.0709228515625 173.15475463867188 824.2403564453125 222.4980010986328 0.6179153919219971 1.4527326822280884 0.5004561543464661 6.003202438354492 1.4615542888641357 21.565427780151367 -4.751433372497559 0.1205
Car 1 1 1 776.5366821289062 175.0366973876953 844.5100708007812 216.27944946289062 3.9716637134552 1.508299469947815 1.6111688613891602 7.806861400604248 1.6005089282989502 28.589588165283203 -4.705581188201904 0.1204
Car 1 1 1 559.1592407226562 177.78684997558594 583.6633911132812 198.5772247314453 3.9008662700653076 1.5511085987091064 1.6184042692184448 -3.0983738899230957 1.9533581733703613 56.841068267822266 -4.8459343910217285 0.1202
Car 1 1 1 977.3536987304688 174.43299865722656 1108.1529541015625 228.6555633544922 3.7611727714538574 1.4963855743408203 1.5743107795715332 12.946280479431152 1.5483098030090332 21.94429588317871 -4.766080856323242 0.1197
Car 1 1 1 489.7071228027344 179.0128631591797 514.6931762695312 203.39244079589844 3.914551019668579 1.5260337591171265 1.5516794919967651 -7.2751569747924805 1.9553382396697998 48.26820373535156 -4.88618803024292 0.1188
Car 1 1 1 0.0 187.44151306152344 0.0 374.0 3.8527133464813232 1.5303159952163696 1.6126463413238525 -5.670849800109863 1.6431690454483032 3.61531662940979 -4.787663459777832 0.1184
Car 1 1 1 362.5606384277344 179.7124786376953 465.1307678222656 246.16188049316406 4.037688255310059 1.5158864259719849 1.6472549438476562 -5.047173023223877 1.7146422863006592 18.910425186157227 -4.727410793304443 0.1179
Car 1 1 1 668.0433959960938 171.0107421875 701.659912109375 194.0636444091797 4.103471279144287 1.7662386894226074 1.6765769720077515 5.887085914611816 1.62471342086792 57.43696975708008 -8.006163597106934 0.1162
Pedestrian 1 1 1 854.5169677734375 163.6361541748047 877.937744140625 214.66378784179688 0.7250783443450928 1.6798458099365234 0.5982092022895813 8.522431373596191 1.376091480255127 24.150924682617188 -7.726285457611084 0.1161
Pedestrian 1 1 1 318.85162353515625 153.5189971923828 382.8597412109375 272.9373779296875 0.7124406695365906 1.7350122928619385 0.571431040763855 -3.9756710529327393 1.4537967443466187 10.935018539428711 -4.180639743804932 0.1154
Cyclist 1 1 1 481.40179443359375 164.00091552734375 516.0164184570312 223.86087036132812 1.737512469291687 1.7123256921768188 0.5403046607971191 -3.351384401321411 1.4587785005569458 21.538211822509766 -4.570392608642578 0.1148
Car 1 1 1 652.8391723632812 176.5465545654297 696.7383422851562 217.03968811035156 3.9366495609283447 1.5244324207305908 1.6343929767608643 2.6696219444274902 1.6861320734024048 29.597034454345703 -4.581482887268066 0.1145
Pedestrian 1 1 1 892.8595581054688 162.61416625976562 921.7342529296875 222.448974609375 0.736883819103241 1.7034640312194824 0.5847041606903076 8.569140434265137 1.4116417169570923 20.936256408691406 -7.759117603302002 0.1128
Car 1 1 1 0.0 183.999755859375 0.0 374.0 4.065642356872559 1.5775561332702637 1.6239594221115112 -8.88735294342041 1.7252371311187744 7.42227840423584 -4.922591686248779 0.1116
Car 1 1 1 0.0 0.0 1241.0 374.0 3.9220399856567383 1.5508757829666138 1.6175647974014282 4.607663154602051 1.5026817321777344 0.7550234198570251 -7.9073100090026855 0.1095
Car 1 1 1 464.03271484375 177.36654663085938 490.9814758300781 197.70860290527344 3.9770689010620117 1.5783812999725342 1.5946365594863892 -10.802830696105957 1.9589948654174805 58.89280700683594 -4.745403289794922 0.1095
Pedestrian 1 1 1 385.0123291015625 166.14019775390625 424.98541259765625 260.4501953125 0.7081024050712585 1.637739896774292 0.5346291661262512 -3.707496404647827 1.520851492881775 12.893548965454102 -4.74937105178833 0.1093
Pedestrian 1 1 1 867.9761352539062 161.52072143554688 904.6624755859375 232.74998474121094 0.7002747654914856 1.6813892126083374 0.5703709721565247 6.607880592346191 1.413563847541809 17.410484313964844 -7.960033893585205 0.1093
Pedestrian 1 1 1 521.47900390625 169.8295440673828 541.09765625 225.93136596679688 0.7996141910552979 1.6447933912277222 0.570793628692627 -2.397188901901245 1.555822491645813 21.57846450805664 -7.946310520172119 0.1086
Pedestrian 1 1 1 923.912109375 162.5780792236328 954.4810180664062 218.4769287109375 0.719291627407074 1.642025351524353 0.5609867572784424 9.784764289855957 1.3398709297180176 21.569726943969727 -7.909285068511963 0.1084
Cyclist 1 1 1 0.0 0.0 1241.0 374.0 1.8594138622283936 1.6434603929519653 0.5146017074584961 6.898534774780273 1.2945786714553833 -0.2869722545146942 -8.063995361328125 0.1080
Pedestrian 1 1 1 402.5809326171875 165.76979064941406 436.35345458984375 245.29969787597656 0.5959059000015259 1.7371878623962402 0.5695212483406067 -4.290779113769531 1.582146167755127 16.075515747070312 -4.6511616706848145 0.1079
Car 1 1 1 518.717041015625 177.66366577148438 552.4019165039062 207.77268981933594 3.975010633468628 1.5355138778686523 1.646386981010437 -4.063320159912109 1.8118786811828613 39.47525405883789 -7.908680438995361 0.1077
Car 1 1 1 1241.0 159.71714782714844 1241.0 371.4053039550781 4.107821464538574 1.50899338722229 1.5956782102584839 8.169869422912598 1.4150490760803223 6.0553083419799805 -6.339367866516113 0.1075
Pedestrian 1 1 1 1119.7049560546875 150.997314453125 1165.3067626953125 224.6545867919922 0.7518996596336365 1.768843412399292 0.5947886109352112 13.018575668334961 1.2436658143997192 17.726648330688477 -4.629518985748291 0.1073
Pedestrian 1 1 1 791.5785522460938 166.76963806152344 815.067138671875 215.35382080078125 0.7338579297065735 1.6418265104293823 0.5852824449539185 6.581779479980469 1.4359153509140015 24.762245178222656 -7.896382808685303 0.1067
Pedestrian 1 1 1 451.0640869140625 166.3385772705078 472.0243835449219 223.05226135253906 0.7009674906730652 1.7144123315811157 0.6225103139877319 -4.620642185211182 1.5171562433242798 22.21843910217285 -8.060632705688477 0.1061
Car 1 1 1 551.9349975585938 180.09584045410156 574.7734375 199.32408142089844 3.957876682281494 1.5479862689971924 1.6057542562484741 -4.044272422790527 2.188117504119873 61.731239318847656 -4.865013599395752 0.1059
Cyclist 1 1 1 1053.784912109375 154.53216552734375 1141.03076171875 245.22909545898438 1.7411434650421143 1.6768100261688232 0.49650663137435913 9.498927116394043 1.3377749919891357 14.218123435974121 -7.886991024017334 0.1044
Car 1 1 1 417.211181640625 176.77337646484375 491.5220031738281 220.6159210205078 3.6996238231658936 1.4693001508712769 1.5648744106292725 -5.661407470703125 1.6231472492218018 26.451507568359375 -4.5995659828186035 0.1044
Pedestrian 1 1 1 1014.1085205078125 157.12457275390625 1050.209716796875 230.05653381347656 0.7361724376678467 1.7137101888656616 0.5907150506973267 10.112560272216797 1.343809962272644 17.390756607055664 -4.426126003265381 0.1042
Pedestrian 1 1 1 378.0025939941406 160.90493774414062 459.3709716796875 343.9908142089844 0.7905712127685547 1.5314780473709106 0.5069547295570374 -1.7422415018081665 1.4312266111373901 6.43447732925415 -4.697751522064209 0.1040
Car 1 1 1 810.971923828125 174.73715209960938 881.4742431640625 215.03623962402344 3.752434253692627 1.5187355279922485 1.588016152381897 9.442081451416016 1.599709153175354 29.254432678222656 -4.724733352661133 0.1034
Pedestrian 1 1 1 957.9066772460938 161.5021209716797 992.3133544921875 229.50274658203125 0.760159969329834 1.6263647079467773 0.5578750967979431 8.885184288024902 1.3545631170272827 17.680559158325195 -4.533699035644531 0.1031
Car 1 1 1 529.0105590820312 178.8685302734375 560.6589965820312 201.63998413085938 3.990417003631592 1.5203956365585327 1.6197975873947144 -4.714197635650635 1.9666531085968018 51.43721008300781 -4.965194225311279 0.1026
Car 1 1 1 466.2942199707031 183.1568603515625 528.207763671875 219.63967895507812 3.934950113296509 1.480299949645996 1.6657196283340454 -5.044474124908447 1.9737732410430908 32.512428283691406 -4.566052436828613 0.1025
Cyclist 1 1 1 537.0603637695312 161.42002868652344 559.2738647460938 215.47702026367188 1.7460881471633911 1.722528100013733 0.5298641324043274 -2.080134391784668 1.357884407043457 23.873245239257812 -4.678920269012451 0.1025
Pedestrian 1 1 1 461.2259216308594 169.23153686523438 493.8604431152344 242.14527893066406 0.6220358610153198 1.6231497526168823 0.5439993739128113 -3.060302734375 1.5422093868255615 16.417993545532227 -4.5277099609375 0.1018
Pedestrian 1 1 1 409.7295837402344 169.93026733398438 445.4188537597656 242.29612731933594 0.6137158870697021 1.6413081884384155 0.5408517122268677 -4.28371524810791 1.5746958255767822 16.754575729370117 -4.299354553222656 0.1014
Pedestrian 1 1 1 498.9769592285156 163.99179077148438 518.3245849609375 212.9900360107422 0.741851270198822 1.748337745666504 0.6081690788269043 -3.7103099822998047 1.4318196773529053 26.121774673461914 -7.871296405792236 0.1006
Car 1 1 1 748.820068359375 178.55540466308594 860.8858642578125 243.88124084472656 3.987532615661621 1.5023902654647827 1.643471121788025 4.928643703460693 1.6683272123336792 18.99448013305664 -7.919881343841553 0.1004
