Car 1 1 1 12.235118865966797 185.75743103027344 265.8993835449219 273.5422668457031 3.6750409603118896 1.50181245803833 1.580461859703064 -8.700020790100098 1.758419394493103 13.484435081481934 -3.1917452812194824 0.7721
Car 1 1 1 258.6538391113281 178.88714599609375 409.7646789550781 234.8810272216797 3.99896502494812 1.6345270872116089 1.6617511510849 -8.40943431854248 1.8263050317764282 22.109941482543945 -3.15706729888916 0.6824
Car 1 1 1 136.4947509765625 182.4425811767578 339.38958740234375 254.55223083496094 3.829097270965576 1.5492427349090576 1.630871057510376 -8.506712913513184 1.7820652723312378 16.641883850097656 -3.186464309692383 0.6615
Car 1 1 1 0.0 191.68641662597656 74.67438507080078 346.9214782714844 3.9100120067596436 1.4943909645080566 1.6067577600479126 -8.58279800415039 1.7262518405914307 8.02587604522705 -3.175421714782715 0.5660
Car 1 1 1 361.035400390625 180.74241638183594 453.1228942871094 216.6485137939453 3.702643632888794 1.5322362184524536 1.5944041013717651 -9.017979621887207 1.8932844400405884 32.12481689453125 -3.212867259979248 0.5554
Car 1 1 1 413.904541015625 180.30026245117188 491.99285888671875 208.62643432617188 4.0878167152404785 1.5444525480270386 1.6825908422470093 -8.859971046447754 1.9744985103607178 40.76617431640625 -3.1874237060546875 0.4976
Car 1 1 1 340.2417297363281 182.02471923828125 445.9195861816406 220.343505859375 3.821779727935791 1.492727518081665 1.5948809385299683 -8.86984920501709 1.8796077966690063 29.512680053710938 -3.0602517127990723 0.4929
Car 1 1 1 305.66015625 182.5835418701172 430.8525695800781 228.2284698486328 3.819429874420166 1.5063272714614868 1.5914984941482544 -8.356369972229004 1.854859471321106 25.02110481262207 -3.169167995452881 0.4626
Pedestrian 1 1 1 1179.5279541015625 139.63995361328125 1240.123779296875 252.77320861816406 0.7824090123176575 1.7370370626449585 0.583418607711792 9.544391632080078 1.2267718315124512 11.547175407409668 -6.931549549102783 0.4623
Car 1 1 1 404.9098815917969 178.53553771972656 482.82708740234375 209.4053497314453 3.7541966438293457 1.5698219537734985 1.6246607303619385 -8.718809127807617 1.874984622001648 37.90582275390625 -3.1817197799682617 0.4368
Car 1 1 1 208.63021850585938 182.82955932617188 380.89306640625 241.7981414794922 3.939150333404541 1.475433349609375 1.5830734968185425 -8.405529975891113 1.7548562288284302 19.30057716369629 -6.210793972015381 0.4271
Pedestrian 1 1 1 81.04259490966797 174.62342834472656 120.29407501220703 233.46066284179688 0.7084845304489136 1.721786379814148 0.6511400938034058 -15.235034942626953 1.775222659111023 21.52527618408203 -7.74612283706665 0.3976
Pedestrian 1 1 1 733.12451171875 169.0142364501953 746.8067626953125 199.3584747314453 0.7530757784843445 1.6753426790237427 0.5818262100219727 7.2060394287109375 1.4630446434020996 40.23358154296875 -7.926402568817139 0.3810
Car 1 1 1 861.0372314453125 175.50209045410156 922.7919921875 209.5178680419922 3.6540353298187256 1.5130881071090698 1.619949221611023 13.25791072845459 1.645272135734558 34.241539001464844 -7.815257549285889 0.3649
Car 1 1 1 521.7342529296875 178.37693786621094 540.0481567382812 195.46127319335938 3.8726296424865723 1.5406358242034912 1.6138542890548706 -7.543466567993164 2.0794830322265625 68.40752410888672 -4.8501482009887695 0.3073
Car 1 1 1 444.961669921875 179.2125701904297 511.1111755371094 205.26589965820312 3.875399589538574 1.5588009357452393 1.661536455154419 -8.323464393615723 1.9700846672058105 45.284122467041016 -3.4757797718048096 0.2978
Car 1 1 1 159.53115844726562 182.14349365234375 246.45664978027344 221.45399475097656 3.6836612224578857 1.4645495414733887 1.5566555261611938 -16.639616012573242 1.869512915611267 29.618959426879883 -4.7348737716674805 0.2952
Pedestrian 1 1 1 513.9675903320312 174.00804138183594 526.2501220703125 198.8041229248047 0.8699434399604797 1.7808890342712402 0.6004084944725037 -6.551243305206299 1.8651405572891235 52.36648941040039 -7.589780330657959 0.2835
Pedestrian 1 1 1 719.864990234375 163.27691650390625 736.6717529296875 201.58860778808594 0.7971653342247009 1.840386986732483 0.6814489364624023 5.70157527923584 1.380030870437622 35.061283111572266 -4.71837043762207 0.2788
Car 1 1 1 381.7732849121094 181.35426330566406 467.9154052734375 212.8762664794922 3.8340423107147217 1.5007929801940918 1.616808533668518 -9.133170127868652 1.929793119430542 35.61863327026367 -3.1344187259674072 0.2773
Car 1 1 1 334.8847351074219 173.1154327392578 372.3692932128906 195.2862548828125 3.7934682369232178 1.5456498861312866 1.6344932317733765 -18.563732147216797 1.5650088787078857 52.30376052856445 -7.932955265045166 0.2665
Car 1 1 1 838.7261962890625 173.0096435546875 894.1751098632812 202.29859924316406 3.7236742973327637 1.5291129350662231 1.5926166772842407 13.960115432739258 1.53775954246521 39.582122802734375 -7.893833637237549 0.2414
Pedestrian 1 1 1 137.05958557128906 166.51588439941406 163.68594360351562 216.28363037109375 0.5909749269485474 1.7938133478164673 0.6656575202941895 -16.838777542114258 1.5650641918182373 26.372333526611328 -8.091328620910645 0.2349
Pedestrian 1 1 1 798.8811645507812 164.2021484375 810.7246704101562 194.23426818847656 0.7630211114883423 1.7900609970092773 0.611996054649353 11.686917304992676 1.274067997932434 43.43254852294922 -7.69409704208374 0.2295
Car 1 1 1 263.1412353515625 176.66357421875 322.1346435546875 207.20445251464844 4.038516521453857 1.5524570941925049 1.6774834394454956 -17.225011825561523 1.770429253578186 39.267757415771484 -7.924371242523193 0.2258
Pedestrian 1 1 1 269.1155090332031 159.9517059326172 299.8245849609375 214.03024291992188 0.7702735662460327 1.8436386585235596 0.6274598240852356 -11.342477798461914 1.4034754037857056 25.050565719604492 -4.456571578979492 0.2230
Car 1 1 1 1006.73291015625 165.93832397460938 1132.96044921875 218.8372344970703 3.785865068435669 1.5248358249664307 1.622570276260376 14.257862091064453 1.3251882791519165 22.709869384765625 -4.689241409301758 0.2217
Car 1 1 1 893.223388671875 169.52679443359375 1002.3082885742188 206.1190643310547 3.8209524154663086 1.4919922351837158 1.6052273511886597 14.052172660827637 1.3560307025909424 30.238643646240234 -6.291813850402832 0.1942
Pedestrian 1 1 1 1057.2874755859375 156.5172882080078 1098.3892822265625 225.5384979248047 0.8087207078933716 1.7474644184112549 0.6067659258842468 12.067516326904297 1.3335552215576172 18.709136962890625 -4.577861785888672 0.1930
Pedestrian 1 1 1 909.20458984375 155.12237548828125 933.2103881835938 203.44847106933594 0.7548723816871643 1.808779239654541 0.6202182173728943 11.76736831665039 1.1448092460632324 27.40342140197754 -7.787320613861084 0.1918
Pedestrian 1 1 1 828.4080810546875 165.71511840820312 842.6103515625 203.36170959472656 0.6894661784172058 1.7890205383300781 0.6154335141181946 10.812292098999023 1.4494707584381104 34.719234466552734 -7.495871067047119 0.1880
Pedestrian 1 1 1 6.396449565887451 169.97911071777344 37.35221481323242 228.3748016357422 0.49363547563552856 1.7742854356765747 0.562057614326477 -18.155261993408203 1.6866354942321777 22.218994140625 -7.662023067474365 0.1847
Car 1 1 1 933.5457153320312 163.69947814941406 1056.50244140625 203.4503936767578 4.038103103637695 1.5194752216339111 1.6287723779678345 15.121109962463379 1.1692442893981934 28.528982162475586 -3.2088704109191895 0.1765
Pedestrian 1 1 1 460.8565979003906 169.3944091796875 470.983642578125 193.4433135986328 0.7466804385185242 1.8297152519226074 0.5921671986579895 -11.065790176391602 1.5661978721618652 55.2866325378418 -7.796055316925049 0.1758
Pedestrian 1 1 1 32.56698226928711 170.2719268798828 74.22319030761719 232.27976989746094 0.7189945578575134 1.7625508308410645 0.6315463185310364 -16.173460006713867 1.6888567209243774 20.913400650024414 -4.557335376739502 0.1756
Pedestrian 1 1 1 1014.0540771484375 166.7344512939453 1032.01416015625 199.41726684570312 0.7608451247215271 1.7562412023544312 0.6382625102996826 22.400482177734375 1.4271016120910645 39.20809555053711 -7.656644344329834 0.1752
Car 1 1 1 321.5588073730469 180.74679565429688 378.5140686035156 211.0833282470703 4.052051544189453 1.4698314666748047 1.5991549491882324 -13.67020034790039 1.9081257581710815 38.05729675292969 -4.727392196655273 0.1732
Pedestrian 1 1 1 1209.90478515625 156.0836181640625 1241.0 232.61099243164062 0.5841341614723206 1.736453652381897 0.5263783931732178 14.362959861755371 1.355623483657837 16.746925354003906 -5.138922214508057 0.1701
Car 1 1 1 1160.822509765625 159.0447998046875 1241.0 193.30416870117188 3.819138526916504 1.592889428138733 1.6266638040542603 29.324092864990234 0.9505306482315063 35.46769332885742 -7.866749286651611 0.1697
Pedestrian 1 1 1 862.4275512695312 163.72300720214844 878.4035034179688 204.249755859375 0.5233907699584961 1.7686185836791992 0.5944374799728394 11.432838439941406 1.3698354959487915 31.805309295654297 -7.6484761238098145 0.1683
Car 1 1 1 1022.3632202148438 164.5445098876953 1147.915283203125 211.74842834472656 3.793768882751465 1.463855504989624 1.600124716758728 15.799389839172363 1.2058675289154053 24.30965805053711 -4.761435508728027 0.1680
Pedestrian 1 1 1 972.7052001953125 152.75096130371094 1004.0184326171875 211.10191345214844 0.7589526176452637 1.789011001586914 0.626117467880249 11.757159233093262 1.172361969947815 22.530160903930664 -7.756383419036865 0.1679
Car 1 1 1 532.7930297851562 177.38900756835938 561.6862182617188 203.97018432617188 4.013848781585693 1.617706060409546 1.671838641166687 -4.050136089324951 1.9233859777450562 46.645050048828125 -4.750948429107666 0.1677
Pedestrian 1 1 1 405.10906982421875 166.49691772460938 419.9040832519531 199.02207946777344 0.7388486266136169 1.8395529985427856 0.6532410383224487 -11.305727005004883 1.4797102212905884 41.18403625488281 -7.872544765472412 0.1667
Car 1 1 1 0.0 0.0 1241.0 374.0 3.8059818744659424 1.5251694917678833 1.6253248453140259 3.018967628479004 1.5564358234405518 0.9552798867225647 -7.867543697357178 0.1608
Car 1 1 1 780.5452880859375 169.8286895751953 856.891845703125 196.13336181640625 4.218013286590576 1.5909454822540283 1.664345622062683 12.822319984436035 1.4076696634292603 44.57950210571289 -6.334778308868408 0.1607
Pedestrian 1 1 1 176.31459045410156 167.119873046875 198.8832244873047 209.6292266845703 0.6434645056724548 1.7976467609405518 0.6317986249923706 -18.110437393188477 1.5548605918884277 30.87151336669922 -7.980142116546631 0.1595
Pedestrian 1 1 1 661.3150024414062 166.35760498046875 676.3596801757812 201.2294158935547 0.8770917057991028 1.8245707750320435 0.5435500144958496 3.075965166091919 1.4843653440475464 38.24341583251953 -8.096355438232422 0.1584
Car 1 1 1 0.0 0.0 1241.0 374.0 3.896759510040283 1.5394574403762817 1.64726984500885 -3.4320693016052246 1.6276650428771973 0.953796923160553 -7.897935390472412 0.1579
Car 1 1 1 537.589599609375 177.82662963867188 561.0537719726562 194.85791015625 4.002060890197754 1.5260541439056396 1.6353439092636108 -5.698866844177246 2.0077924728393555 67.89643096923828 -4.6496429443359375 0.1549
Car 1 1 1 77.9193344116211 180.20736694335938 181.02711486816406 230.4801025390625 3.7245569229125977 1.4683972597122192 1.5919013023376465 -15.655808448791504 1.7294247150421143 23.650144577026367 -4.935458183288574 0.1543
Car 1 1 1 261.65008544921875 181.89584350585938 335.42047119140625 222.01614379882812 3.917865037918091 1.4890084266662598 1.565711259841919 -12.757262229919434 1.8858880996704102 29.688953399658203 -4.7778544425964355 0.1537
Pedestrian 1 1 1 991.2222290039062 159.61610412597656 1021.5397338867188 220.31069946289062 0.6980628967285156 1.723710536956787 0.6219419836997986 11.428526878356934 1.347458004951477 20.909406661987305 -7.590750217437744 0.1480
Car 1 1 1 0.0 187.8387908935547 0.0 374.0 3.8939712047576904 1.5478692054748535 1.6262619495391846 -5.3413777351379395 1.631333589553833 2.072373628616333 -7.8715739250183105 0.1467
Pedestrian 1 1 1 1026.6004638671875 155.3975830078125 1067.5189208984375 222.91085815429688 0.7919917106628418 1.7392301559448242 0.6179865598678589 11.4454345703125 1.2892299890518188 18.99783706665039 -7.806938648223877 0.1462
Car 1 1 1 729.8131103515625 174.48126220703125 757.0030517578125 192.69068908691406 3.9403045177459717 1.5022149085998535 1.5709052085876465 11.37503719329834 1.6458683013916016 61.85392761230469 -7.861953258514404 0.1454
Pedestrian 1 1 1 1153.98046875 155.21139526367188 1204.234375 250.80722045898438 0.6995177865028381 1.6028848886489868 0.5740930438041687 9.822773933410645 1.3067659139633179 12.542435646057129 -4.216743469238281 0.1447
Pedestrian 1 1 1 256.4557189941406 166.12759399414062 273.5652770996094 204.73350524902344 0.5459501147270203 1.7901132106781006 0.5974714756011963 -16.18755340576172 1.4779175519943237 33.77695846557617 -8.025885581970215 0.1445
Pedestrian 1 1 1 521.7680053710938 175.11293029785156 532.543212890625 197.6080780029297 0.8327051401138306 1.7572022676467896 0.5847564339637756 -6.561986446380615 1.936640739440918 56.93480682373047 -4.4588470458984375 0.1391
Pedestrian 1 1 1 133.7753448486328 172.97802734375 183.3619384765625 253.2747344970703 0.6638841032981873 1.575452208518982 0.5800968408584595 -9.10799789428711 1.5777003765106201 14.490582466125488 -4.709749221801758 0.1372
Car 1 1 1 0.0 181.03665161132812 48.52963638305664 245.0325927734375 3.438467025756836 1.4616981744766235 1.4908608198165894 -16.610652923583984 1.6932077407836914 18.68497657775879 -4.764497756958008 0.1371
Car 1 1 1 481.85296630859375 177.85067749023438 506.2557373046875 200.46401977539062 3.9535770416259766 1.6233338117599487 1.6350401639938354 -8.869206428527832 2.0172946453094482 54.829524993896484 -8.062834739685059 0.1352
Pedestrian 1 1 1 334.94769287109375 168.2129669189453 350.9451599121094 198.7174072265625 0.8218595385551453 1.8295053243637085 0.6126160621643066 -16.210079193115234 1.550858736038208 43.71267318725586 -7.757959842681885 0.1351
Pedestrian 1 1 1 723.992919921875 168.55828857421875 738.005126953125 199.59190368652344 0.7386054396629333 1.7004497051239014 0.5946298241615295 6.655232906341553 1.4647711515426636 39.93125915527344 -7.947554111480713 0.1333
Car 1 1 1 296.1744384765625 177.0260009765625 355.47833251953125 207.02967834472656 4.109986782073975 1.5080748796463013 1.653344988822937 -15.279385566711426 1.744756817817688 38.91411590576172 -4.7327561378479 0.1326
Car 1 1 1 0.0 189.9375762939453 18.082168579101562 374.0 4.100327014923096 1.4994845390319824 1.6326801776885986 -6.891064167022705 1.6422080993652344 5.09033203125 -3.075291633605957 0.1321
Car 1 1 1 0.0 0.0 1235.917724609375 374.0 3.817105770111084 1.5409340858459473 1.6101163625717163 1.4003113508224487 1.560942530632019 0.6713821291923523 -7.864711284637451 0.1319
Car 1 1 1 675.0007934570312 178.5618896484375 713.7158813476562 207.92115783691406 3.9397759437561035 1.521703839302063 1.6158031225204468 4.6047468185424805 1.8547742366790771 40.15568161010742 -4.7327141761779785 0.1311
Pedestrian 1 1 1 269.0942077636719 171.58433532714844 289.564453125 207.1051788330078 0.6930065751075745 1.7869864702224731 0.651320219039917 -16.867637634277344 1.7228120565414429 36.726470947265625 -7.553989887237549 0.1303
Pedestrian 1 1 1 16.64407730102539 165.1034393310547 52.92603302001953 225.62789916992188 0.6114615797996521 1.8078140020370483 0.6347646117210388 -17.493854522705078 1.5760116577148438 21.893497467041016 -4.833303928375244 0.1283
Pedestrian 1 1 1 1232.895263671875 140.19644165039062 1241.0 253.97332763671875 0.708157479763031 1.756474494934082 0.5826289057731628 10.402703285217285 1.2520108222961426 11.590316772460938 -3.8463258743286133 0.1277
Car 1 1 1 1231.8570556640625 167.19674682617188 1241.0 315.8547668457031 3.9077696800231934 1.5107765197753906 1.6219271421432495 9.673070907592773 1.4529832601547241 8.312150001525879 -6.3710713386535645 0.1274
Pedestrian 1 1 1 0.0 170.42221069335938 18.925870895385742 229.4999542236328 0.5039791464805603 1.7932441234588623 0.5607936382293701 -18.715503692626953 1.7191295623779297 22.196762084960938 -7.686404705047607 0.1263
Pedestrian 1 1 1 251.24734497070312 161.53932189941406 281.625244140625 214.19467163085938 0.7921102643013 1.8001364469528198 0.6316326856613159 -11.988837242126465 1.4130196571350098 25.09592056274414 -7.742990016937256 0.1262
Car 1 1 1 114.96669006347656 181.38792419433594 233.7393798828125 238.3489532470703 3.664001226425171 1.487215518951416 1.5351146459579468 -12.750652313232422 1.761117935180664 21.294313430786133 -4.795373439788818 0.1258
Pedestrian 1 1 1 944.2196655273438 158.7391357421875 972.56884765625 214.32984924316406 0.7327675223350525 1.753069519996643 0.6269504427909851 11.127355575561523 1.3076531887054443 23.161205291748047 -7.711045742034912 0.1251
Pedestrian 1 1 1 0.6430554986000061 172.39059448242188 20.68636131286621 220.8762664794922 0.47708860039711 1.7500723600387573 0.5400177836418152 -21.974836349487305 1.7330461740493774 26.400127410888672 -4.010439395904541 0.1244
Pedestrian 1 1 1 171.0623016357422 169.2300262451172 195.83860778808594 216.7435302734375 0.6936461329460144 1.772469401359558 0.6450965404510498 -16.197755813598633 1.6369789838790894 27.3348331451416 -4.972864151000977 0.1238
Pedestrian 1 1 1 1060.595458984375 157.77838134765625 1100.093994140625 220.74996948242188 0.7947621941566467 1.7644801139831543 0.5865333080291748 13.394251823425293 1.3417574167251587 20.62948989868164 -6.633420944213867 0.1238
Car 1 1 1 444.4327392578125 180.0104522705078 515.5862426757812 206.409423828125 3.982279062271118 1.53801429271698 1.654266595840454 -7.8009490966796875 1.975830078125 43.33238220214844 -3.148024082183838 0.1233
Car 1 1 1 195.30172729492188 182.166015625 282.368896484375 222.768310546875 3.85904860496521 1.4902691841125488 1.5745365619659424 -15.002646446228027 1.8931546211242676 29.305763244628906 -4.719249725341797 0.1206
Pedestrian 1 1 1 1084.1336669921875 154.18603515625 1125.812255859375 230.4212646484375 0.7772837281227112 1.721551775932312 0.5946077108383179 11.427485466003418 1.2996900081634521 16.753259658813477 -4.410755157470703 0.1202
Pedestrian 1 1 1 794.5493774414062 171.38465881347656 817.0784301757812 215.75830078125 0.6601630449295044 1.5602161884307861 0.5680463314056396 6.932230472564697 1.5082528591156006 25.73201560974121 -7.97564172744751 0.1201
Car 1 1 1 166.95530700683594 0.0 1241.0 374.0 3.8170385360717773 1.552142858505249 1.6522451639175415 -0.863422155380249 1.591392159461975 0.847226083278656 -7.880039691925049 0.1198
Car 1 1 1 360.4922790527344 179.78919982910156 412.9246826171875 210.360595703125 3.9502251148223877 1.4917782545089722 1.596796989440918 -11.75606632232666 1.8767319917678833 38.09568405151367 -4.726345539093018 0.1195
Car 1 1 1 527.8572387695312 178.10284423828125 561.3895874023438 210.0657501220703 3.8204469680786133 1.539428472518921 1.6413465738296509 -3.3860414028167725 1.8251827955245972 37.35947036743164 -4.782846450805664 0.1195
Car 1 1 1 384.96710205078125 177.656005859375 409.0743713378906 195.0537567138672 3.7805588245391846 1.491972804069519 1.5780787467956543 -19.1637020111084 1.9372141361236572 64.95958709716797 -8.002789497375488 0.1189
Pedestrian 1 1 1 192.57350158691406 169.84925842285156 220.81674194335938 219.20489501953125 0.7979628443717957 1.7529633045196533 0.6120333671569824 -14.597620010375977 1.6459436416625977 26.048044204711914 -4.788896560668945 0.1187
Car 1 1 1 556.972412109375 178.69992065429688 575.9212646484375 196.02003479003906 4.060426235198975 1.5220863819122314 1.615338683128357 -4.029160499572754 2.0799596309661865 66.84285736083984 -4.738105297088623 0.1183
Car 1 1 1 0.0 181.04989624023438 140.75933837890625 246.8513641357422 3.56248140335083 1.5022321939468384 1.541788935661316 -14.022576332092285 1.7367509603500366 18.805173873901367 -4.844829082489014 0.1176
Car 1 1 1 1236.1715087890625 163.3313751220703 1241.0 198.9453887939453 4.19012451171875 1.4760338068008423 1.6253687143325806 29.554508209228516 1.0810657739639282 30.823116302490234 -3.0904321670532227 0.1175
Car 1 1 1 742.8884887695312 170.37554931640625 799.6659545898438 190.5453338623047 4.049759387969971 1.5543594360351562 1.6374027729034424 12.578302383422852 1.3630601167678833 56.523738861083984 -3.1918365955352783 0.1154
Pedestrian 1 1 1 978.7730712890625 159.24838256835938 1012.6603393554688 221.16104125976562 0.6924217343330383 1.7076115608215332 0.6294381022453308 10.782930374145508 1.3320553302764893 20.280820846557617 -7.738735675811768 0.1150
Pedestrian 1 1 1 520.6671142578125 174.13963317871094 534.4354858398438 199.24534606933594 0.9038780331611633 1.793299913406372 0.5243446826934814 -5.983133792877197 1.886783480644226 52.1137580871582 -4.111908435821533 0.1148
Pedestrian 1 1 1 874.3423461914062 166.1290740966797 890.5327758789062 207.99269104003906 0.5603271126747131 1.790303349494934 0.6089655160903931 11.73681354522705 1.502411127090454 31.209028244018555 -7.578754901885986 0.1137
Car 1 1 1 762.4794921875 175.81149291992188 805.8862915039062 200.6498260498047 3.9806909561157227 1.5490148067474365 1.6389445066452026 11.38303279876709 1.7519190311431885 47.53030014038086 -4.786144733428955 0.1136
Pedestrian 1 1 1 1092.298828125 157.82249450683594 1160.379150390625 285.7624816894531 0.5655069947242737 1.5974794626235962 0.5238644480705261 6.607574462890625 1.4094936847686768 9.3338041305542 -4.534861087799072 0.1135
Pedestrian 1 1 1 337.18084716796875 170.92442321777344 365.74371337890625 224.26687622070312 0.690788209438324 1.7082031965255737 0.582171618938446 -8.470049858093262 1.6461114883422852 23.518978118896484 -4.429405212402344 0.1122
Car 1 1 1 1241.0 168.32850646972656 1241.0 374.0 4.116006851196289 1.4945353269577026 1.6078083515167236 5.8392744064331055 1.484044075012207 2.557892084121704 -6.21962833404541 0.1120
Car 1 1 1 592.07177734375 177.71714782714844 614.7036743164062 197.14915466308594 4.12650728225708 1.5167227983474731 1.6346848011016846 -0.5391247272491455 1.9313981533050537 59.46931076049805 -4.664402961730957 0.1119
Pedestrian 1 1 1 114.09860229492188 166.7667694091797 141.81512451171875 217.9971923828125 0.6092226505279541 1.8236836194992065 0.6724980473518372 -17.45309066772461 1.6066923141479492 26.066076278686523 -8.114814758300781 0.1116
Car 1 1 1 501.1199645996094 178.69142150878906 529.4144897460938 199.67649841308594 3.8859288692474365 1.5960172414779663 1.6206324100494385 -7.597503185272217 2.0804975032806396 57.94801330566406 -4.672748565673828 0.1108
Pedestrian 1 1 1 219.12998962402344 167.20204162597656 239.93722534179688 208.38206481933594 0.6279608607292175 1.7960765361785889 0.6334628462791443 -16.817684173583984 1.5492652654647827 31.822593688964844 -7.98453950881958 0.1105
Pedestrian 1 1 1 1133.455078125 164.375732421875 1149.6524658203125 205.28952026367188 0.3747642934322357 1.7331496477127075 0.5173582434654236 22.704458236694336 1.373701572418213 30.878711700439453 -3.958925724029541 0.1101
Pedestrian 1 1 1 1098.3299560546875 155.15548706054688 1133.6546630859375 214.8163299560547 0.7513504028320312 1.7741879224777222 0.6184314489364624 15.285709381103516 1.2475714683532715 21.881616592407227 -7.675516605377197 0.1100
Pedestrian 1 1 1 1159.890869140625 152.33091735839844 1206.33935546875 225.74351501464844 0.825381875038147 1.7537672519683838 0.583986759185791 13.993412017822266 1.2631876468658447 17.70081329345703 -4.50553560256958 0.1096
Pedestrian 1 1 1 808.218017578125 165.0453338623047 833.66357421875 222.2500457763672 0.75246262550354 1.6009312868118286 0.5456305146217346 5.96179723739624 1.3820979595184326 20.586105346679688 -4.647428035736084 0.1092
Pedestrian 1 1 1 358.8047180175781 170.63587951660156 383.6237487792969 222.7727813720703 0.680298924446106 1.6769269704818726 0.585860013961792 -7.834903240203857 1.6052836179733276 23.547985076904297 -4.713605880737305 0.1088
Car 1 1 1 301.2996520996094 180.95834350585938 365.1331481933594 215.5491485595703 3.8098273277282715 1.500747799873352 1.5468438863754272 -13.040331840515137 1.904954433441162 34.10597610473633 -4.708859920501709 0.1080
Car 1 1 1 182.3316192626953 180.40452575683594 274.0096435546875 227.60096740722656 3.8220458030700684 1.4927946329116821 1.5545505285263062 -13.38305950164795 1.7794638872146606 25.439769744873047 -4.819855690002441 0.1075
Car 1 1 1 778.569091796875 178.20266723632812 828.4992065429688 212.63392639160156 3.8117387294769287 1.5182185173034668 1.6342629194259644 9.115479469299316 1.787426471710205 34.39148712158203 -7.773671627044678 0.1074
Pedestrian 1 1 1 1196.6456298828125 152.1221160888672 1241.0 241.4063720703125 0.7623699307441711 1.7119665145874023 0.5682886242866516 12.066120147705078 1.3141463994979858 14.162307739257812 -3.2603421211242676 0.1074
Pedestrian 1 1 1 157.6582489013672 166.5180206298828 181.72447204589844 211.22373962402344 0.6014038920402527 1.813791036605835 0.6381524801254272 -18.099685668945312 1.556429147720337 29.596677780151367 -7.925039768218994 0.1072
Car 1 1 1 1241.0 167.08319091796875 1241.0 364.4643249511719 3.948423385620117 1.4886680841445923 1.590808629989624 8.456783294677734 1.4448442459106445 6.374054431915283 -6.353501796722412 0.1070
Car 1 1 1 630.8291625976562 179.23831176757812 654.0111694335938 202.391845703125 3.8836352825164795 1.6044503450393677 1.6409990787506104 2.3562233448028564 2.0912110805511475 53.068477630615234 -4.665788173675537 0.1055
Car 1 1 1 459.84075927734375 179.46768188476562 485.6756286621094 203.64816284179688 3.7652595043182373 1.5144975185394287 1.6030412912368774 -9.177749633789062 1.9748270511627197 48.26645278930664 -8.016009330749512 0.1049
Car 1 1 1 585.17822265625 177.8897247314453 604.045166015625 195.06849670410156 4.11568021774292 1.512388825416565 1.6125818490982056 -1.4733794927597046 1.993295669555664 66.85116577148438 -4.766144275665283 0.1047
Car 1 1 1 632.1708374023438 178.3974151611328 664.8873291015625 209.14353942871094 3.7735865116119385 1.5145448446273804 1.604426383972168 2.041759967803955 1.8226691484451294 38.19529342651367 -7.7666754722595215 0.1043
