Car 1 1 1 337.91888427734375 185.54647827148438 427.4057312011719 240.1582489013672 3.511223077774048 1.4817876815795898 1.605666995048523 -6.923845291137695 1.902443528175354 22.16438865661621 -7.8409104347229 0.7818
Car 1 1 1 0.0 176.05625915527344 304.4231872558594 374.0 3.9975717067718506 1.603570580482483 1.6600334644317627 -4.056164264678955 1.6376668214797974 5.707962989807129 -4.768578052520752 0.7177
Car 1 1 1 257.971923828125 186.47450256347656 370.1544494628906 241.37921142578125 4.001081466674805 1.4898958206176758 1.6122381687164307 -9.194591522216797 1.9563634395599365 22.664714813232422 -7.768613338470459 0.5951
Pedestrian 1 1 1 126.31503295898438 172.42347717285156 144.20082092285156 210.03590393066406 0.8348283767700195 1.7862883806228638 0.5704359412193298 -22.90650177001953 1.7655420303344727 34.7615852355957 -8.242392539978027 0.4221
Pedestrian 1 1 1 1091.2874755859375 137.73873901367188 1157.1959228515625 287.7799987792969 0.6606021523475647 1.773148775100708 0.6234458088874817 6.3170671463012695 1.357865810394287 8.971576690673828 -7.302818775177002 0.3381
Car 1 1 1 0.0 184.579833984375 21.2956600189209 329.84320068359375 4.016510963439941 1.5208089351654053 1.610252022743225 -10.513961791992188 1.7155951261520386 9.945433616638184 -4.781428813934326 0.3203
Car 1 1 1 0.0 191.46031188964844 108.20885467529297 374.0 4.166974067687988 1.4918793439865112 1.6459028720855713 -7.870147705078125 1.7660890817642212 8.443216323852539 -4.9039306640625 0.3031
Pedestrian 1 1 1 218.26222229003906 161.14610290527344 242.75543212890625 209.03773498535156 0.6513345837593079 1.8573334217071533 0.6585773229598999 -14.945115089416504 1.4029775857925415 28.34188461303711 -7.961768627166748 0.2717
Pedestrian 1 1 1 721.7400512695312 159.61898803710938 736.2108764648438 198.0320587158203 0.6427711844444275 1.8161866664886475 0.6246435046195984 5.637154579162598 1.1901296377182007 34.4572868347168 -7.7832207679748535 0.2591
Car 1 1 1 0.0 183.871337890625 47.348045349121094 235.1459503173828 4.139349460601807 1.4972261190414429 1.6367437839508057 -21.33359146118164 1.8969277143478394 24.086204528808594 -4.659130573272705 0.2573
Pedestrian 1 1 1 174.06065368652344 161.2890167236328 199.884765625 209.09124755859375 0.674638569355011 1.8734468221664429 0.6585474014282227 -16.830820083618164 1.4198964834213257 28.642452239990234 -7.9395270347595215 0.2395
Pedestrian 1 1 1 405.0577087402344 163.77125549316406 425.08465576171875 206.12985229492188 0.6832489967346191 1.8136489391326904 0.6572681665420532 -8.481709480285645 1.4244571924209595 31.252573013305664 -4.658568859100342 0.2375
Pedestrian 1 1 1 861.7942504882812 155.4537353515625 880.8934936523438 201.32958984375 0.6614164710044861 1.8154823780059814 0.6326547861099243 10.433388710021973 1.1265877485275269 28.942310333251953 -7.648436069488525 0.2368
Pedestrian 1 1 1 486.0615234375 153.97378540039062 510.8272399902344 221.60707092285156 0.7444750070571899 1.7773246765136719 0.6002401113510132 -3.0359947681427 1.2808746099472046 19.354740142822266 -4.786958694458008 0.2315
Car 1 1 1 67.75624084472656 183.7410430908203 299.8542175292969 302.64825439453125 4.061786651611328 1.5146986246109009 1.5939764976501465 -6.605393409729004 1.7217350006103516 11.657065391540527 -4.786174297332764 0.2287
Pedestrian 1 1 1 478.2317810058594 161.9777069091797 497.64727783203125 205.38111877441406 0.708246648311615 1.8347907066345215 0.6592826843261719 -5.2636942863464355 1.3747177124023438 30.884937286376953 -4.618777751922607 0.2212
Cyclist 1 1 1 854.2637329101562 153.7194061279297 907.6956176757812 220.3291778564453 1.6267483234405518 1.7138516902923584 0.540461003780365 7.215087890625 1.2212238311767578 19.417919158935547 -4.934763431549072 0.2139
Pedestrian 1 1 1 693.2307739257812 165.35670471191406 712.1300048828125 209.5930633544922 0.6852324604988098 1.7958637475967407 0.6689702868461609 3.7595229148864746 1.491195797920227 29.64558982849121 -4.744958400726318 0.2129
Pedestrian 1 1 1 861.6184692382812 165.73094177246094 892.5225830078125 233.12881469726562 0.6226431727409363 1.6554045677185059 0.575434148311615 6.624346733093262 1.4801504611968994 18.054214477539062 -7.7788405418396 0.2076
Car 1 1 1 0.0 184.94476318359375 126.50701904296875 241.10995483398438 3.797428846359253 1.483681321144104 1.5787992477416992 -16.576364517211914 1.8838661909103394 21.908634185791016 -4.8537797927856445 0.2006
Pedestrian 1 1 1 761.1690063476562 176.125732421875 784.5198974609375 228.19229125976562 0.5683917999267578 1.4853004217147827 0.5296220779418945 4.666671276092529 1.5811793804168701 20.915681838989258 -4.755302906036377 0.1985
Pedestrian 1 1 1 734.5343627929688 160.45217895507812 749.9434204101562 200.4535675048828 0.6597775816917419 1.8001943826675415 0.6497743725776672 5.972282886505127 1.2417714595794678 32.837806701660156 -7.734625339508057 0.1984
Pedestrian 1 1 1 731.0932006835938 161.9234619140625 752.2041015625 211.33477783203125 0.6984183192253113 1.759850025177002 0.6333485245704651 4.701287269592285 1.3702441453933716 26.048234939575195 -7.85556173324585 0.1964
Car 1 1 1 269.1575012207031 181.52487182617188 378.13665771484375 220.1278076171875 3.7419395446777344 1.4827044010162354 1.5778958797454834 -11.452314376831055 1.8395525217056274 28.900653839111328 -3.1577529907226562 0.1883
Pedestrian 1 1 1 344.193603515625 166.26454162597656 368.318603515625 212.6935272216797 0.7998287081718445 1.7536441087722778 0.6184026002883911 -9.768342971801758 1.5044571161270142 27.66651725769043 -7.807967662811279 0.1802
Pedestrian 1 1 1 440.87335205078125 166.29083251953125 460.63372802734375 207.99937438964844 0.665022611618042 1.7665270566940308 0.6646865606307983 -6.862349510192871 1.4882498979568481 30.9158992767334 -7.7810893058776855 0.1760
Pedestrian 1 1 1 748.4146118164062 175.94442749023438 772.25537109375 229.9032745361328 0.5825902819633484 1.4453084468841553 0.5126902461051941 4.041499137878418 1.5304994583129883 19.660478591918945 -4.745038986206055 0.1688
Car 1 1 1 73.03633117675781 182.06005859375 178.83164978027344 236.41249084472656 3.781294107437134 1.4925669431686401 1.555824875831604 -15.009942054748535 1.8054403066635132 22.522380828857422 -4.957825660705566 0.1680
Car 1 1 1 718.4341430664062 168.28292846679688 783.2025146484375 205.63368225097656 3.560178518295288 1.4866507053375244 1.5970914363861084 5.854216575622559 1.3044109344482422 30.597089767456055 -4.859916687011719 0.1668
Pedestrian 1 1 1 591.2759399414062 169.21044921875 608.2476196289062 210.11373901367188 0.7367748022079468 1.6898900270462036 0.6187565922737122 -0.46854087710380554 1.5390591621398926 30.212270736694336 -4.5936126708984375 0.1668
Pedestrian 1 1 1 834.4256591796875 157.347900390625 862.5623168945312 218.0480499267578 0.8589621782302856 1.7467440366744995 0.673294186592102 6.964015007019043 1.3002313375473022 21.246183395385742 -7.674111843109131 0.1654
Pedestrian 1 1 1 628.0877075195312 169.04644775390625 646.1229858398438 218.70408630371094 0.6579214930534363 1.5739578008651733 0.5385178923606873 0.819734513759613 1.4529728889465332 23.205852508544922 -4.738437652587891 0.1637
Pedestrian 1 1 1 823.3458862304688 160.67112731933594 840.4954223632812 206.41419982910156 0.6658266186714172 1.8107396364212036 0.6231827735900879 8.871908187866211 1.3281805515289307 28.982192993164062 -7.500899791717529 0.1611
Pedestrian 1 1 1 196.9263153076172 165.4530029296875 220.23056030273438 206.39646911621094 0.7252224683761597 1.8234336376190186 0.6385130882263184 -18.119831085205078 1.4935271739959717 32.503849029541016 -7.830908298492432 0.1590
Car 1 1 1 0.0 0.0 1241.0 374.0 3.799046754837036 1.5276702642440796 1.6283355951309204 3.021699905395508 1.5547617673873901 0.960630476474762 -7.875290393829346 0.1579
Pedestrian 1 1 1 418.7691650390625 168.61569213867188 440.1280212402344 215.39476013183594 0.7325223684310913 1.7461751699447632 0.6191624402999878 -6.87225341796875 1.5876671075820923 27.303247451782227 -4.701560974121094 0.1572
Pedestrian 1 1 1 235.98492431640625 166.17930603027344 258.8107604980469 207.42721557617188 0.7632663249969482 1.8196600675582886 0.6323414444923401 -16.225872039794922 1.524904727935791 32.21503829956055 -7.845658779144287 0.1571
Pedestrian 1 1 1 687.4362182617188 163.61050415039062 709.8029174804688 213.6875 0.8334088325500488 1.7327895164489746 0.6089721322059631 3.0687220096588135 1.4126415252685547 25.413490295410156 -7.959561824798584 0.1569
Pedestrian 1 1 1 836.4114379882812 156.8906707763672 864.7369995117188 232.46188354492188 0.866065502166748 1.7376518249511719 0.6213217973709106 5.639739036560059 1.370298147201538 17.097312927246094 -7.54750394821167 0.1563
Pedestrian 1 1 1 754.8692626953125 170.48880004882812 776.9427490234375 221.7427215576172 0.594806969165802 1.5333502292633057 0.5129866003990173 4.678596019744873 1.4622913599014282 21.898422241210938 -4.7728424072265625 0.1529
Pedestrian 1 1 1 883.9757690429688 164.0377655029297 917.2028198242188 231.9400634765625 0.678252637386322 1.6633254289627075 0.5890225172042847 7.203197956085205 1.4470645189285278 18.033166885375977 -7.785532474517822 0.1510
Car 1 1 1 0.0 184.26272583007812 81.03872680664062 240.15478515625 3.8908188343048096 1.4750534296035767 1.6427992582321167 -18.471139907836914 1.8528093099594116 21.88861656188965 -4.606592178344727 0.1505
Car 1 1 1 261.3457336425781 175.43751525878906 332.0353088378906 212.1631317138672 3.7680599689483643 1.5775384902954102 1.644586205482483 -14.344555854797363 1.7027156352996826 33.15177917480469 -7.86393404006958 0.1495
Car 1 1 1 0.0 0.0 1241.0 374.0 3.8578433990478516 1.5381923913955688 1.6410032510757446 -3.4231462478637695 1.623696208000183 0.9193511605262756 -7.905240535736084 0.1492
Car 1 1 1 333.5647277832031 167.38442993164062 390.6140441894531 200.16696166992188 3.7692768573760986 1.6445780992507935 1.634910225868225 -13.05687427520752 1.3698899745941162 38.102745056152344 -7.827169895172119 0.1488
Pedestrian 1 1 1 456.6665344238281 163.3163604736328 475.5436706542969 203.55001831054688 0.6824067234992981 1.8059734106063843 0.6157736778259277 -6.577800750732422 1.3775559663772583 32.78927993774414 -7.627915859222412 0.1479
Pedestrian 1 1 1 714.5415649414062 163.82327270507812 736.6910400390625 214.13551330566406 0.6896426677703857 1.7468215227127075 0.6307005882263184 4.0211501121521 1.4329782724380493 25.417158126831055 -7.922661304473877 0.1474
Pedestrian 1 1 1 993.1173706054688 150.57122802734375 1055.2791748046875 279.8380432128906 0.6757975220680237 1.7172623872756958 0.5410934686660767 5.6466546058654785 1.4209438562393188 9.962533950805664 -4.550116539001465 0.1467
Cyclist 1 1 1 833.812744140625 153.52769470214844 886.9252319335938 220.02943420410156 1.6316725015640259 1.7076826095581055 0.5308498740196228 6.6493940353393555 1.2111071348190308 19.384578704833984 -4.966805934906006 0.1448
Cyclist 1 1 1 94.92166137695312 174.4205322265625 148.45651245117188 219.6332550048828 1.71096932888031 1.8256829977035522 0.6387457251548767 -20.0696964263916 1.8906525373458862 29.614805221557617 -3.297295570373535 0.1446
Car 1 1 1 896.63037109375 174.5214080810547 1067.365478515625 245.68348693847656 4.051340579986572 1.4571834802627563 1.6053615808486938 8.47021198272705 1.5009561777114868 16.97235870361328 -4.818154335021973 0.1441
Pedestrian 1 1 1 260.16229248046875 170.07406616210938 285.12939453125 214.59072875976562 0.6931995749473572 1.757073998451233 0.6284892559051514 -13.576135635375977 1.6470502614974976 28.9449520111084 -7.210453510284424 0.1432
Pedestrian 1 1 1 581.8646240234375 164.94317626953125 598.9559326171875 211.46176147460938 0.755240797996521 1.739623785018921 0.6326475143432617 -0.7929714918136597 1.443488359451294 27.37501335144043 -7.901308536529541 0.1424
Pedestrian 1 1 1 463.260986328125 155.00233459472656 488.78045654296875 222.49952697753906 0.7400789260864258 1.7732923030853271 0.6042872667312622 -3.6365749835968018 1.3039920330047607 19.35099220275879 -4.798601150512695 0.1407
Pedestrian 1 1 1 746.6190185546875 162.55889892578125 768.0488891601562 216.24591064453125 0.7506571412086487 1.6981582641601562 0.5873004198074341 4.687473773956299 1.3722169399261475 23.21982765197754 -7.775935649871826 0.1390
Pedestrian 1 1 1 763.6738891601562 162.27102661132812 779.749755859375 204.5448455810547 0.6924947500228882 1.8013266324996948 0.6027451753616333 6.945597171783447 1.3500763177871704 31.17148780822754 -7.518931865692139 0.1382
Cyclist 1 1 1 988.0521850585938 155.8040771484375 1069.0533447265625 252.51895141601562 1.762622594833374 1.6502645015716553 0.5253656506538391 7.5551910400390625 1.3590384721755981 13.20389461517334 -4.667728424072266 0.1358
Car 1 1 1 0.0 0.0 1238.9437255859375 374.0 3.8112690448760986 1.5431488752365112 1.6059144735336304 1.40168297290802 1.5691851377487183 0.6648008823394775 -7.863461017608643 0.1334
Car 1 1 1 1241.0 165.01004028320312 1241.0 374.0 4.086673736572266 1.4920896291732788 1.6069239377975464 5.866540908813477 1.474368691444397 2.554363489151001 -3.067829132080078 0.1280
Car 1 1 1 210.87677001953125 184.14886474609375 319.7616882324219 234.42210388183594 3.8062589168548584 1.486086368560791 1.5958119630813599 -11.456140518188477 1.8948770761489868 24.171857833862305 -7.772703647613525 0.1261
Pedestrian 1 1 1 921.98486328125 160.28579711914062 960.9166870117188 250.4724578857422 0.6896129250526428 1.6808162927627563 0.5428134799003601 6.294187545776367 1.446281909942627 13.841973304748535 -4.4982171058654785 0.1241
Pedestrian 1 1 1 839.322509765625 156.80929565429688 863.2106323242188 210.6024932861328 0.7659623026847839 1.81611967086792 0.6158827543258667 8.228229522705078 1.2741321325302124 24.76845359802246 -7.766146183013916 0.1230
Car 1 1 1 0.0 181.32794189453125 159.5205535888672 254.27735900878906 3.669351816177368 1.5350265502929688 1.5702754259109497 -12.74530029296875 1.763425588607788 17.551288604736328 -4.844167232513428 0.1218
Car 1 1 1 41.56698226928711 183.54017639160156 127.80369567871094 222.1462860107422 3.6612627506256104 1.5130587816238403 1.559200406074524 -22.704784393310547 2.004770040512085 31.28551483154297 -4.880815505981445 0.1215
Pedestrian 1 1 1 615.9934692382812 166.46640014648438 634.931884765625 215.28550720214844 0.6975507736206055 1.6942212581634521 0.5970743298530579 0.4937102794647217 1.4722455739974976 25.412586212158203 -7.9368720054626465 0.1212
Cyclist 1 1 1 549.6983642578125 161.8445281982422 589.6494140625 203.60031127929688 1.6288022994995117 1.747949242591858 0.583372175693512 -1.7446153163909912 1.2867788076400757 30.552833557128906 -6.212646961212158 0.1210
Cyclist 1 1 1 397.9085388183594 170.0737762451172 424.5873718261719 214.24769592285156 1.7500789165496826 1.680850625038147 0.5381524562835693 -7.833768844604492 1.5747616291046143 28.334775924682617 -4.694482326507568 0.1206
Pedestrian 1 1 1 153.46922302246094 166.09555053710938 177.89181518554688 206.67343139648438 0.7279884815216064 1.8084465265274048 0.6520335674285889 -20.06298828125 1.5069407224655151 32.52189254760742 -7.851161479949951 0.1204
Pedestrian 1 1 1 117.19712829589844 170.42349243164062 139.0782928466797 204.70765686035156 0.7718669176101685 1.815680980682373 0.6474407911300659 -25.815357208251953 1.686661720275879 38.60654830932617 -7.8283610343933105 0.1204
Pedestrian 1 1 1 817.8800659179688 157.13092041015625 841.3885498046875 210.10440063476562 0.7734155058860779 1.8125054836273193 0.6233177185058594 7.585272789001465 1.2742352485656738 25.09463882446289 -7.786007404327393 0.1201
Cyclist 1 1 1 0.0 133.29823303222656 55.983150482177734 374.0 1.7485969066619873 1.6982640027999878 0.564660370349884 -5.270004749298096 1.4456560611724854 5.493025302886963 -4.647930145263672 0.1189
Pedestrian 1 1 1 741.7269897460938 172.64198303222656 761.8382568359375 220.27554321289062 0.5988150835037231 1.4640235900878906 0.4856383204460144 4.366288661956787 1.4572069644927979 22.48710823059082 -4.759677886962891 0.1188
Car 1 1 1 830.72119140625 170.31849670410156 927.3921508789062 215.31979370117188 3.6442222595214844 1.483245611190796 1.6067612171173096 9.431324005126953 1.399375557899475 25.714677810668945 -4.884438514709473 0.1185
Pedestrian 1 1 1 523.259765625 162.52249145507812 540.7770385742188 205.1380157470703 0.6775794625282288 1.7843081951141357 0.6169564723968506 -3.3443069458007812 1.3514291048049927 30.576065063476562 -4.621666431427002 0.1182
Pedestrian 1 1 1 750.7754516601562 161.9967803955078 768.551513671875 212.74240112304688 0.77808678150177 1.7805782556533813 0.5997312068939209 5.290030002593994 1.3993167877197266 25.753360748291016 -7.6767258644104 0.1175
Pedestrian 1 1 1 207.25698852539062 165.64859008789062 230.2718963623047 207.16714477539062 0.7058990597724915 1.8326307535171509 0.6427977085113525 -17.498443603515625 1.514283537864685 32.20351791381836 -7.848133563995361 0.1164
Car 1 1 1 43.319313049316406 186.73936462402344 253.8759765625 283.6666259765625 4.132595539093018 1.4838809967041016 1.624861717224121 -8.553315162658691 1.7895095348358154 13.775635719299316 -4.787738800048828 0.1156
Car 1 1 1 417.858642578125 169.0230255126953 474.55731201171875 203.9724578857422 3.9375271797180176 1.5323342084884644 1.66351318359375 -7.5979108810424805 1.364067554473877 33.624053955078125 -4.687666416168213 0.1155
Pedestrian 1 1 1 780.5267333984375 159.4391632080078 814.3104858398438 234.5172882080078 0.8260475993156433 1.7288786172866821 0.5637992024421692 4.363879203796387 1.4196655750274658 17.036161422729492 -7.882111072540283 0.1149
Pedestrian 1 1 1 1167.398193359375 135.8037109375 1241.0 294.9133605957031 0.662883460521698 1.7604554891586304 0.6073893308639526 6.9067606925964355 1.3502157926559448 8.41292953491211 -4.270071506500244 0.1144
Car 1 1 1 6.11622428894043 175.79736328125 104.49789428710938 211.79345703125 4.0501298904418945 1.6523605585098267 1.7034679651260376 -27.183547973632812 1.8051104545593262 35.48625946044922 -7.845174312591553 0.1132
Car 1 1 1 614.744873046875 177.95755004882812 683.0231323242188 220.51841735839844 3.8342835903167725 1.497662901878357 1.5631394386291504 1.381426453590393 1.7094402313232422 27.93260383605957 -4.961972236633301 0.1131
Pedestrian 1 1 1 742.7697143554688 173.609375 765.5615844726562 227.92703247070312 0.530519425868988 1.531071662902832 0.5244629979133606 4.067227840423584 1.5526543855667114 20.62415885925293 -4.762930393218994 0.1130
Pedestrian 1 1 1 814.3731689453125 159.02178955078125 830.490966796875 199.8372802734375 0.6753429770469666 1.8149758577346802 0.6206707954406738 9.513130187988281 1.1995875835418701 32.470306396484375 -7.684793949127197 0.1129
Pedestrian 1 1 1 130.05955505371094 169.00389099121094 154.42529296875 208.9271240234375 0.7160061597824097 1.7967835664749146 0.6463990211486816 -21.320985794067383 1.6232056617736816 32.833003997802734 -7.858615398406982 0.1129
Car 1 1 1 1231.3468017578125 154.71022033691406 1241.0 366.58953857421875 4.101202487945557 1.5145500898361206 1.5977270603179932 7.843836784362793 1.3845553398132324 6.052522659301758 -6.330444812774658 0.1120
Pedestrian 1 1 1 513.4830932617188 167.68212890625 534.1361694335938 213.30599975585938 0.7404576539993286 1.7253001928329468 0.6242748498916626 -3.3486204147338867 1.5294221639633179 27.69306182861328 -4.582309246063232 0.1116
Car 1 1 1 673.5679321289062 175.67552185058594 731.1395263671875 211.6006622314453 3.863271713256836 1.4760149717330933 1.6498167514801025 3.977215051651001 1.6086242198944092 31.974788665771484 -4.827342510223389 0.1115
Pedestrian 1 1 1 417.2228698730469 164.55169677734375 437.68359375 207.26625061035156 0.6599646806716919 1.8070229291915894 0.6536248326301575 -7.855055332183838 1.4554972648620605 30.89291763305664 -4.586027145385742 0.1111
Pedestrian 1 1 1 670.6536865234375 164.8793487548828 689.954345703125 213.53585815429688 0.7664446234703064 1.7102333307266235 0.6043941378593445 2.4573304653167725 1.4296315908432007 25.748558044433594 -7.86709451675415 0.1104
Pedestrian 1 1 1 1141.90283203125 125.90253448486328 1241.0 332.272705078125 0.8308352828025818 1.7050988674163818 0.581779420375824 5.328960418701172 1.3168703317642212 6.453696250915527 -5.079239845275879 0.1103
Car 1 1 1 0.0 187.0376739501953 0.0 374.0 3.973971128463745 1.539596676826477 1.6457222700119019 -6.3024396896362305 1.6562801599502563 3.918266773223877 -4.772454738616943 0.1098
Pedestrian 1 1 1 734.8179931640625 160.01560974121094 749.7188110351562 198.3332061767578 0.6403566598892212 1.8102205991744995 0.6296287775039673 6.2664265632629395 1.203402042388916 34.427608489990234 -7.787627696990967 0.1095
Pedestrian 1 1 1 506.1169128417969 170.19003295898438 528.5272827148438 220.6226806640625 0.7212569117546082 1.5928071737289429 0.5364778637886047 -3.021132230758667 1.5083715915679932 23.185251235961914 -4.560647964477539 0.1088
Pedestrian 1 1 1 841.3056030273438 160.20924377441406 860.1935424804688 205.71737670898438 0.6569626927375793 1.782955288887024 0.6504978537559509 9.513507843017578 1.2872487306594849 28.661697387695312 -7.629265308380127 0.1088
Pedestrian 1 1 1 723.8569946289062 160.44351196289062 739.3983154296875 199.91685485839844 0.644286572933197 1.8305505514144897 0.6126925945281982 5.650317668914795 1.2547223567962646 33.78641891479492 -7.865234851837158 0.1086
Pedestrian 1 1 1 320.6948547363281 176.26548767089844 348.33819580078125 230.23167419433594 0.6530432105064392 1.561026930809021 0.5328499674797058 -8.160943984985352 1.662890076637268 21.261356353759766 -4.634145736694336 0.1073
Pedestrian 1 1 1 194.80491638183594 161.70062255859375 219.3505096435547 209.3851318359375 0.6723513603210449 1.8881529569625854 0.6519312858581543 -16.20005226135254 1.4462155103683472 28.942068099975586 -7.969465732574463 0.1071
Car 1 1 1 1153.4676513671875 153.9049072265625 1241.0 292.6876525878906 4.100850582122803 1.610085129737854 1.618058443069458 9.544569969177246 1.3899476528167725 9.251607894897461 -6.318393230438232 0.1060
Pedestrian 1 1 1 278.3125305175781 167.7395782470703 300.4412841796875 210.74244689941406 0.5956339836120605 1.7618908882141113 0.6352680921554565 -13.31638240814209 1.5520451068878174 29.878280639648438 -4.654083728790283 0.1054
Car 1 1 1 300.9591979980469 173.84361267089844 399.6943054199219 208.74740600585938 3.8410232067108154 1.5188990831375122 1.6309807300567627 -11.656569480895996 1.564337968826294 32.40070343017578 -6.213099956512451 0.1051
Car 1 1 1 50.09376525878906 183.7125244140625 239.9539794921875 265.1390686035156 4.082221031188965 1.5293753147125244 1.595845103263855 -10.18925952911377 1.8028661012649536 16.145647048950195 -4.704351902008057 0.1048
Pedestrian 1 1 1 598.5200805664062 167.6339569091797 616.0639038085938 215.010498046875 0.6596388220787048 1.6672139167785645 0.613555908203125 -0.13905638456344604 1.4832168817520142 25.72584342956543 -4.697255611419678 0.1042
Car 1 1 1 159.86767578125 181.25869750976562 267.8815612792969 228.93966674804688 3.7504804134368896 1.4924043416976929 1.5704478025436401 -13.728253364562988 1.8075752258300781 25.17056655883789 -4.6620283126831055 0.1037
Pedestrian 1 1 1 271.4833068847656 172.37237548828125 294.36224365234375 229.48468017578125 0.6477253437042236 1.776755452156067 0.6065585017204285 -10.40124797821045 1.761472463607788 22.85317611694336 -5.051149368286133 0.1033
Car 1 1 1 899.7588500976562 168.64105224609375 1010.06640625 216.85325622558594 3.5945193767547607 1.4837918281555176 1.5680876970291138 11.347407341003418 1.3538329601287842 24.10224151611328 -4.865884304046631 0.1031
Pedestrian 1 1 1 715.6511840820312 162.0388946533203 734.2369995117188 206.9232940673828 0.7119100689888 1.818921685218811 0.6587479114532471 4.6668829917907715 1.380344271659851 29.601364135742188 -7.837499141693115 0.1024
Pedestrian 1 1 1 243.05487060546875 164.3241424560547 260.65771484375 211.31564331054688 0.6447373032569885 1.8376599550247192 0.6197342872619629 -14.2578706741333 1.5037894248962402 28.64228630065918 -8.308440208435059 0.1020
Pedestrian 1 1 1 893.5112915039062 159.16346740722656 936.91748046875 235.12364196777344 0.7091958522796631 1.6167783737182617 0.545037567615509 6.613436222076416 1.325081706047058 15.776947021484375 -8.154248237609863 0.1018
Car 1 1 1 80.0733413696289 180.1767578125 217.9414520263672 221.66644287109375 3.952706813812256 1.441847324371338 1.6185327768325806 -16.77350616455078 1.7179861068725586 26.31895637512207 -6.339658260345459 0.1016
Pedestrian 1 1 1 872.5032958984375 155.0861053466797 901.4574584960938 215.1605224609375 0.7128342986106873 1.7634565830230713 0.6214480996131897 8.21794319152832 1.2415884733200073 21.555097579956055 -7.7929911613464355 0.1012
Car 1 1 1 878.5108642578125 172.3966064453125 1013.9205932617188 229.24356079101562 4.130581378936768 1.5144391059875488 1.6721601486206055 9.731801986694336 1.5019540786743164 21.380245208740234 -4.845557689666748 0.1006
Pedestrian 1 1 1 283.6344909667969 163.7646942138672 368.7236022949219 325.0438232421875 0.8156312108039856 1.6303644180297852 0.5544819831848145 -3.070469617843628 1.538180947303772 7.718210220336914 -4.65037202835083 0.1005
Car 1 1 1 772.835693359375 176.1118621826172 843.451171875 215.17527770996094 3.6281418800354004 1.4534837007522583 1.6146405935287476 7.84128475189209 1.592685580253601 29.027572631835938 -4.7862043380737305 0.1003
Cyclist 1 1 1 574.8253173828125 160.43206787109375 621.6900024414062 209.0374298095703 1.6646084785461426 1.7545024156570435 0.5913563370704651 -0.4685266613960266 1.3058092594146729 26.40962028503418 -6.199330806732178 0.1000
