Car 1 1 1 523.36083984375 179.21844482421875 554.4107666015625 200.3333740234375 4.016424655914307 1.488664984703064 1.5855597257614136 -5.3289971351623535 1.9846854209899902 54.19430923461914 -4.618523597717285 0.6170
Car 1 1 1 714.254150390625 177.17880249023438 743.1002197265625 198.3463134765625 3.812532663345337 1.4988757371902466 1.622196078300476 8.782471656799316 1.8326544761657715 53.80848693847656 -7.825900554656982 0.5219
Pedestrian 1 1 1 816.7476806640625 163.4707489013672 836.674072265625 200.59811401367188 0.9092702269554138 1.8269282579421997 0.5718601942062378 10.780803680419922 1.3649061918258667 36.02375411987305 -3.8909173011779785 0.3564
Pedestrian 1 1 1 259.89898681640625 163.64332580566406 285.03399658203125 210.6766357421875 0.722493588924408 1.8257832527160645 0.6343207955360413 -13.316490173339844 1.4679349660873413 28.383464813232422 -7.8123698234558105 0.3550
Car 1 1 1 1069.5667724609375 161.15382385253906 1132.6856689453125 186.15647888183594 3.858842611312866 1.6313782930374146 1.6900867223739624 33.2478141784668 0.8676623702049255 49.0179443359375 -7.842627048492432 0.2741
Car 1 1 1 385.4263610839844 175.3792266845703 420.64801025390625 196.53125 3.7254247665405273 1.563368320465088 1.558685302734375 -15.949579238891602 1.7644721269607544 55.66360092163086 -4.683943271636963 0.2726
Pedestrian 1 1 1 789.5441284179688 169.48825073242188 804.3395385742188 196.85174560546875 0.9513270258903503 1.7974882125854492 0.5396590232849121 12.384940147399902 1.576094627380371 47.92341232299805 -7.061461925506592 0.2599
Car 1 1 1 900.6490478515625 174.13272094726562 932.1781005859375 191.9004364013672 3.806185007095337 1.5212397575378418 1.5769580602645874 27.131803512573242 1.6379573345184326 64.04586791992188 -4.592764377593994 0.2373
Pedestrian 1 1 1 170.9109649658203 172.2444610595703 203.62234497070312 223.15525817871094 0.8208234906196594 1.7547979354858398 0.6003022193908691 -14.91183090209961 1.7334882020950317 25.378477096557617 -4.085189342498779 0.2328
Car 1 1 1 485.6387023925781 179.70758056640625 520.9677124023438 204.72207641601562 4.028855323791504 1.5297460556030273 1.552887201309204 -6.978525638580322 1.998124122619629 47.29459762573242 -4.6671881675720215 0.2295
Car 1 1 1 814.2742309570312 176.49920654296875 839.4429931640625 195.88270568847656 3.7708687782287598 1.5223748683929443 1.5961323976516724 17.79880142211914 1.83238685131073 59.4228401184082 -4.525477886199951 0.2183
Car 1 1 1 940.3392944335938 173.28143310546875 1018.3841552734375 199.8795623779297 3.949920892715454 1.5144832134246826 1.6305656433105469 21.6256103515625 1.5400023460388184 42.353965759277344 -6.505364894866943 0.2174
Pedestrian 1 1 1 281.7989501953125 153.79507446289062 334.01580810546875 275.0090026855469 0.7757554650306702 1.773095726966858 0.5752983093261719 -4.6393818855285645 1.4940052032470703 10.985814094543457 -8.025546073913574 0.2166
Cyclist 1 1 1 872.3883666992188 151.48541259765625 918.0552978515625 205.10769653320312 1.6049597263336182 1.7388222217559814 0.54791259765625 9.514781951904297 1.0455979108810425 24.24489974975586 -5.006088733673096 0.2159
Pedestrian 1 1 1 1078.398193359375 157.7798309326172 1100.8878173828125 197.19447326660156 0.7577835917472839 1.7678120136260986 0.5943290591239929 21.745559692382812 1.0914103984832764 32.7856559753418 -7.684906482696533 0.2145
Pedestrian 1 1 1 237.30126953125 172.0910186767578 254.71417236328125 202.73825073242188 0.778541624546051 1.7746648788452148 0.6111786365509033 -21.310440063476562 1.7301833629608154 42.18034362792969 -7.822112560272217 0.2115
Pedestrian 1 1 1 351.2991943359375 170.07472229003906 363.95635986328125 196.26223754882812 0.8209171295166016 1.8296247720718384 0.6147517561912537 -17.80506134033203 1.6351462602615356 50.826480865478516 -7.869941234588623 0.1999
Car 1 1 1 946.280517578125 171.542236328125 1018.5317993164062 197.59988403320312 3.7359955310821533 1.5782848596572876 1.6448272466659546 23.116771697998047 1.4985328912734985 44.97990417480469 -6.021872043609619 0.1977
Pedestrian 1 1 1 12.526895523071289 169.69081115722656 52.357723236083984 240.48715209960938 0.7898498177528381 1.815208077430725 0.6079765558242798 -15.236209869384766 1.733804702758789 18.972408294677734 -2.551818370819092 0.1967
Cyclist 1 1 1 946.6160278320312 171.11228942871094 967.3128662109375 202.1836700439453 1.6565945148468018 1.6535274982452393 0.46023109555244446 18.82064437866211 1.560538649559021 39.24354934692383 -7.7652106285095215 0.1924
Pedestrian 1 1 1 48.522850036621094 166.2912139892578 85.08876037597656 232.34730529785156 0.7708432674407959 1.8117332458496094 0.6051859855651855 -15.283379554748535 1.6314345598220825 20.250635147094727 -8.172989845275879 0.1905
Car 1 1 1 527.3165893554688 178.7490234375 552.9977416992188 204.07505798339844 4.115363597869873 1.56032395362854 1.6133511066436768 -4.673833847045898 1.9662361145019531 47.58369445800781 -4.825953960418701 0.1799
Car 1 1 1 731.7021484375 178.8489990234375 761.7052612304688 197.84970092773438 4.047845840454102 1.5046682357788086 1.6367706060409546 11.391377449035645 2.023862361907959 60.47752380371094 -4.7417426109313965 0.1764
Pedestrian 1 1 1 772.7392578125 171.62705993652344 783.2412109375 192.67123413085938 0.8813557028770447 1.8223940134048462 0.5371896624565125 14.636933326721191 1.7158422470092773 62.980194091796875 -4.980546951293945 0.1703
Car 1 1 1 0.0 0.0 1241.0 374.0 3.898491621017456 1.5393695831298828 1.6496727466583252 -3.4246459007263184 1.6264081001281738 0.9820895791053772 -7.899017810821533 0.1696
Car 1 1 1 432.4709777832031 178.7723388671875 469.79931640625 202.7556610107422 3.777994394302368 1.5380566120147705 1.6203243732452393 -10.800084114074707 1.9563698768615723 49.1253662109375 -4.685347557067871 0.1688
Pedestrian 1 1 1 251.2022705078125 165.39785766601562 275.8739013671875 211.37228393554688 0.7086099982261658 1.8226951360702515 0.6349858045578003 -13.950701713562012 1.526789903640747 28.97309112548828 -7.812631130218506 0.1684
Car 1 1 1 406.9813232421875 177.3893280029297 430.069091796875 195.97349548339844 3.9359822273254395 1.6253342628479004 1.6382280588150024 -17.55187225341797 2.0540499687194824 66.183837890625 -8.006336212158203 0.1673
Pedestrian 1 1 1 70.64170837402344 177.7908935546875 99.02052307128906 229.4723663330078 0.7021345496177673 1.8034805059432983 0.6626313328742981 -18.79052734375 1.9826946258544922 25.753721237182617 -7.11081600189209 0.1667
Pedestrian 1 1 1 121.72087097167969 170.58238220214844 153.34739685058594 226.09866333007812 0.7629486918449402 1.7528584003448486 0.6063278317451477 -15.238560676574707 1.6808350086212158 23.21308708190918 -8.042032241821289 0.1610
Car 1 1 1 978.7652587890625 175.00845336914062 1105.9638671875 227.30296325683594 3.6681361198425293 1.4812226295471191 1.5568177700042725 13.26858139038086 1.5537015199661255 22.48345375061035 -4.79237699508667 0.1605
Car 1 1 1 297.00244140625 174.09085083007812 347.03863525390625 197.82981872558594 4.024722099304199 1.6864625215530396 1.6964632272720337 -21.35148811340332 1.781630277633667 53.58625411987305 -4.579124927520752 0.1602
Car 1 1 1 1090.922119140625 158.67202758789062 1206.8958740234375 193.66439819335938 4.2545976638793945 1.517760157585144 1.6424190998077393 24.123291015625 0.9023311734199524 32.410133361816406 -6.425251007080078 0.1595
Car 1 1 1 127.48370361328125 176.1658935546875 211.0718536376953 211.10720825195312 3.5827555656433105 1.5444279909133911 1.6150217056274414 -20.754657745361328 1.7089663743972778 34.076290130615234 -4.653434753417969 0.1546
Car 1 1 1 778.8030395507812 172.80767822265625 801.6957397460938 193.30224609375 4.042191982269287 1.6440266370773315 1.6870845556259155 14.936814308166504 1.6400102376937866 60.03068542480469 -4.507061958312988 0.1545
Car 1 1 1 0.0 0.0 1241.0 374.0 3.8076608180999756 1.5335495471954346 1.6350208520889282 3.013885736465454 1.5585606098175049 0.9601929783821106 -7.8723320960998535 0.1534
Car 1 1 1 0.0 185.86195373535156 87.5306167602539 246.93858337402344 3.5275115966796875 1.4666099548339844 1.5732899904251099 -16.59206771850586 1.8577107191085815 19.90322494506836 -4.652964115142822 0.1510
Car 1 1 1 925.1622314453125 174.80564880371094 965.3811645507812 193.8896942138672 3.821608066558838 1.4869707822799683 1.5138949155807495 27.11688995361328 1.6501717567443848 58.53010177612305 -4.702974796295166 0.1496
Car 1 1 1 867.3524169921875 175.90589904785156 904.750244140625 194.1922149658203 3.8929340839385986 1.4992008209228516 1.5831952095031738 23.56648063659668 1.7686171531677246 61.79109573364258 -4.751997947692871 0.1496
Pedestrian 1 1 1 453.7559509277344 174.68467712402344 463.3686218261719 195.42398071289062 0.7907774448394775 1.7976773977279663 0.5712341070175171 -13.256170272827148 1.9584789276123047 63.05824661254883 -7.68318510055542 0.1483
Pedestrian 1 1 1 11.086528778076172 162.88140869140625 56.2073974609375 240.6787567138672 0.759417712688446 1.8294612169265747 0.5820096135139465 -13.944364547729492 1.5946487188339233 17.396121978759766 -2.684849739074707 0.1461
Pedestrian 1 1 1 1215.5015869140625 156.69964599609375 1241.0 221.7142791748047 0.7163887619972229 1.7888137102127075 0.6043651700019836 17.503395080566406 1.3440425395965576 20.297914505004883 -7.468618392944336 0.1459
Car 1 1 1 287.5118408203125 180.339111328125 345.89764404296875 207.35992431640625 3.7615160942077637 1.50487220287323 1.6658991575241089 -17.534713745117188 1.9733073711395264 43.226776123046875 -4.607588768005371 0.1453
Cyclist 1 1 1 751.3279418945312 177.36805725097656 784.1409912109375 209.23780822753906 1.76181960105896 1.830631136894226 0.6476263403892517 9.164288520812988 2.0969080924987793 42.10037612915039 -6.505433559417725 0.1442
Car 1 1 1 313.070068359375 176.5530548095703 356.2366638183594 200.93026733398438 3.7657630443573 1.6109062433242798 1.6198309659957886 -19.113704681396484 1.8774418830871582 50.15290451049805 -4.729445457458496 0.1419
Pedestrian 1 1 1 1028.535888671875 161.480224609375 1047.8831787109375 199.84523010253906 0.6255280375480652 1.7569262981414795 0.6066708564758301 19.783796310424805 1.2357640266418457 33.414676666259766 -7.632137775421143 0.1419
Pedestrian 1 1 1 1209.7735595703125 149.9386444091797 1241.0 226.277099609375 0.7468687891960144 1.8274390697479248 0.5698731541633606 15.278855323791504 1.2785766124725342 17.708118438720703 -4.979997158050537 0.1406
Car 1 1 1 152.39137268066406 179.51710510253906 250.7550811767578 221.73312377929688 3.711402416229248 1.476133942604065 1.6190239191055298 -15.595381736755371 1.7488535642623901 27.692646026611328 -4.691494464874268 0.1406
Car 1 1 1 531.5469970703125 177.1944122314453 556.0390625 197.3455352783203 3.9535295963287354 1.5466713905334473 1.5166800022125244 -5.337076663970947 1.9086999893188477 58.236515045166016 -4.686065673828125 0.1382
Car 1 1 1 337.2613830566406 183.6267547607422 427.6191711425781 244.96519470214844 3.8831586837768555 1.4881839752197266 1.6108925342559814 -6.299330711364746 1.8195953369140625 20.213533401489258 -4.7987799644470215 0.1372
Pedestrian 1 1 1 0.0 161.9737548828125 34.0928840637207 243.04444885253906 0.756550133228302 1.832504153251648 0.5800936818122864 -13.943985939025879 1.5862696170806885 16.748918533325195 -2.6228270530700684 0.1369
Car 1 1 1 490.0466613769531 180.52493286132812 522.76611328125 201.83795166015625 3.888737201690674 1.5201107263565063 1.5921722650527954 -7.871898174285889 2.125101327896118 54.922550201416016 -4.615978240966797 0.1358
Pedestrian 1 1 1 109.98859405517578 161.30947875976562 143.60873413085938 232.09320068359375 0.7655620574951172 1.8487566709518433 0.6019315123558044 -12.99516773223877 1.5469324588775635 19.32798957824707 -2.3707938194274902 0.1333
Car 1 1 1 512.8250122070312 178.2021026611328 535.0786743164062 195.41419982910156 3.919363021850586 1.5073423385620117 1.6429165601730347 -7.9082932472229 2.013731002807617 66.38703918457031 -7.870132923126221 0.1331
Car 1 1 1 954.8357543945312 172.89710998535156 1005.7378540039062 202.66452026367188 3.8300509452819824 1.5314512252807617 1.6073640584945679 19.995115280151367 1.5336140394210815 39.17778015136719 -4.473766803741455 0.1317
Pedestrian 1 1 1 354.87432861328125 170.9359893798828 365.5186767578125 196.434814453125 0.7979604005813599 1.82595694065094 0.6180391907691956 -18.071014404296875 1.6883094310760498 52.11865234375 -8.041952133178711 0.1310
Car 1 1 1 0.0 187.3141326904297 0.0 374.0 3.895383358001709 1.5471587181091309 1.6147454977035522 -5.335647106170654 1.6286184787750244 2.1185503005981445 -7.870973110198975 0.1298
Cyclist 1 1 1 890.5693969726562 151.88729858398438 936.5426635742188 205.56275939941406 1.5979591608047485 1.737200140953064 0.5477992296218872 10.109661102294922 1.058315396308899 24.195587158203125 -4.982552528381348 0.1294
Pedestrian 1 1 1 364.7901916503906 172.7187042236328 377.4263916015625 197.78695678710938 0.8275128602981567 1.7844605445861816 0.6099990010261536 -17.173095703125 1.7745290994644165 51.78722381591797 -7.8154215812683105 0.1292
Car 1 1 1 343.2369384765625 179.5304718017578 401.649658203125 211.51907348632812 3.874088764190674 1.5121395587921143 1.5805937051773071 -12.110309600830078 1.8714531660079956 36.896629333496094 -4.671952247619629 0.1290
Pedestrian 1 1 1 1227.6817626953125 148.09414672851562 1241.0 229.5679931640625 0.7581853270530701 1.8050309419631958 0.5791008472442627 14.642520904541016 1.2561832666397095 16.435720443725586 -5.028036594390869 0.1287
Pedestrian 1 1 1 1159.7801513671875 159.00344848632812 1189.4959716796875 211.7454071044922 0.5835713744163513 1.7387561798095703 0.5966053009033203 18.83780288696289 1.2818419933319092 24.142335891723633 -7.609862804412842 0.1287
Pedestrian 1 1 1 1205.2938232421875 152.2880096435547 1241.0 223.4097442626953 0.7753943800926208 1.8266047239303589 0.5772497653961182 16.244287490844727 1.2981128692626953 18.997875213623047 -8.231341361999512 0.1281
Car 1 1 1 713.2366943359375 177.19935607910156 746.506591796875 201.7447967529297 3.9382050037384033 1.6028425693511963 1.665437936782837 8.194741249084473 1.914298415184021 49.79144287109375 -4.705234527587891 0.1278
Car 1 1 1 42.131675720214844 184.76461791992188 169.25022888183594 234.66114807128906 3.570314407348633 1.4348117113113403 1.571761965751648 -16.257068634033203 1.8507881164550781 23.413700103759766 -4.6876349449157715 0.1277
Car 1 1 1 926.693603515625 174.17550659179688 957.4534301757812 191.7589874267578 3.9216716289520264 1.4990531206130981 1.5628526210784912 29.33959197998047 1.6195721626281738 63.89601135253906 -4.527449131011963 0.1273
Car 1 1 1 0.0 0.0 1215.4427490234375 374.0 3.8413445949554443 1.5441522598266602 1.616119623184204 1.3995888233184814 1.576108455657959 0.6888250708580017 -7.884366512298584 0.1271
Pedestrian 1 1 1 15.704573631286621 165.5506134033203 58.63321304321289 239.7772979736328 0.7856466174125671 1.8406059741973877 0.5824946761131287 -14.638134956359863 1.659203052520752 18.377059936523438 -3.9465341567993164 0.1269
Pedestrian 1 1 1 1203.3197021484375 150.27999877929688 1239.8333740234375 210.45956420898438 0.697171688079834 1.7924293279647827 0.5900304913520813 18.50021743774414 1.1197699308395386 21.896223068237305 -7.6297526359558105 0.1267
Pedestrian 1 1 1 0.0 171.1758270263672 21.328697204589844 242.9728240966797 0.7818601131439209 1.782503366470337 0.5942220687866211 -15.54621410369873 1.7405394315719604 18.38515281677246 -2.5033023357391357 0.1265
Car 1 1 1 436.93914794921875 182.08892822265625 473.47296142578125 211.45831298828125 3.9960830211639404 1.4863111972808838 1.6676275730133057 -8.549101829528809 2.0237042903900146 39.9202880859375 -4.8444504737854 0.1264
Car 1 1 1 469.0286865234375 178.27235412597656 516.5677490234375 197.5789031982422 3.7718708515167236 1.5570487976074219 1.642001986503601 -9.693925857543945 2.012563467025757 59.71979522705078 -3.2271296977996826 0.1264
Pedestrian 1 1 1 114.4840316772461 166.16629028320312 152.8597869873047 228.4127960205078 0.757845938205719 1.8211036920547485 0.6040976047515869 -14.292163848876953 1.6251459121704102 21.583635330200195 -7.389331340789795 0.1257
Car 1 1 1 1241.0 109.23582458496094 1241.0 374.0 3.8610050678253174 1.5362440347671509 1.6363391876220703 4.928653717041016 1.5205180644989014 2.1140828132629395 -7.864655017852783 0.1256
Car 1 1 1 1032.787353515625 160.18643188476562 1138.955322265625 192.90707397460938 4.166464328765869 1.4900147914886475 1.6311914920806885 22.34111976623535 0.9128659963607788 33.990631103515625 -6.441407203674316 0.1251
Car 1 1 1 918.0137939453125 174.29531860351562 965.6011962890625 199.3831024169922 3.888749122619629 1.5905715227127075 1.620125412940979 21.963199615478516 1.6900986433029175 47.975337982177734 -7.778506755828857 0.1250
Car 1 1 1 581.9566040039062 176.7191925048828 604.5533447265625 196.57553100585938 4.069317817687988 1.567633867263794 1.5815868377685547 -1.445863127708435 1.8993761539459229 59.88343048095703 -4.808171272277832 0.1243
Car 1 1 1 816.0665283203125 177.67684936523438 888.8441162109375 204.1846466064453 3.9549522399902344 1.5257385969161987 1.5752686262130737 14.513115882873535 1.8238333463668823 43.32585525512695 -3.4293506145477295 0.1238
Cyclist 1 1 1 476.9829406738281 159.07749938964844 507.3609313964844 205.53024291992188 1.5948034524917603 1.7501686811447144 0.5508506298065186 -4.607209205627441 1.2308212518692017 28.026769638061523 -4.44437837600708 0.1236
Car 1 1 1 724.4354248046875 178.18185424804688 762.233154296875 207.39956665039062 3.8882675170898438 1.5610593557357788 1.6445562839508057 7.535940170288086 1.8801143169403076 41.26240158081055 -4.656483173370361 0.1236
Car 1 1 1 378.8239440917969 175.71310424804688 402.5979309082031 194.6968231201172 3.978820562362671 1.5552760362625122 1.632521629333496 -18.792369842529297 1.8085163831710815 61.86799621582031 -4.925451755523682 0.1233
Car 1 1 1 685.689453125 176.55953979492188 715.464599609375 199.10446166992188 3.9780139923095703 1.586543321609497 1.6361830234527588 6.638033866882324 1.8709698915481567 53.438350677490234 -4.730300426483154 0.1227
Car 1 1 1 130.50799560546875 175.9457550048828 205.6302032470703 208.2504119873047 3.9382035732269287 1.601785659790039 1.659926414489746 -23.303434371948242 1.77351975440979 38.15347671508789 -7.886542797088623 0.1212
Car 1 1 1 946.566650390625 174.56552124023438 986.6481323242188 193.75831604003906 3.838191270828247 1.4871858358383179 1.5271302461624146 28.693653106689453 1.6296409368515015 58.22107696533203 -4.652010440826416 0.1208
Pedestrian 1 1 1 468.15667724609375 172.3916473388672 480.0162048339844 196.50686645507812 0.822838306427002 1.7687205076217651 0.611445426940918 -10.081523895263672 1.7345088720321655 53.37916564941406 -7.679245471954346 0.1208
Pedestrian 1 1 1 1181.4910888671875 154.8798828125 1224.250732421875 220.75289916992188 0.7857481837272644 1.8162761926651 0.5764355659484863 16.602375030517578 1.3203867673873901 20.272550582885742 -6.538301467895508 0.1205
Car 1 1 1 334.3123474121094 176.4008026123047 380.5237731933594 201.16403198242188 3.8047571182250977 1.5741353034973145 1.656052827835083 -16.897907257080078 1.820989966392517 48.349403381347656 -4.677425384521484 0.1194
Car 1 1 1 87.23777770996094 0.0 1241.0 374.0 3.832996368408203 1.5559723377227783 1.6465967893600464 -1.1595516204833984 1.6022334098815918 0.8254494071006775 -7.879470348358154 0.1190
Pedestrian 1 1 1 991.3567504882812 159.3866424560547 1028.628173828125 218.58505249023438 0.7987034916877747 1.755916953086853 0.5898864269256592 12.070587158203125 1.3561540842056274 21.87509536743164 -8.182530403137207 0.1189
Pedestrian 1 1 1 1017.3335571289062 170.23446655273438 1040.9892578125 210.27243041992188 0.7482309341430664 1.6514029502868652 0.6213891506195068 17.5205078125 1.543057918548584 30.235219955444336 -6.942257404327393 0.1187
Pedestrian 1 1 1 1042.544921875 156.1479949951172 1084.376220703125 223.54229736328125 0.7907387614250183 1.7647581100463867 0.5804557204246521 12.081371307373047 1.3270020484924316 19.320348739624023 -4.829065799713135 0.1181
Car 1 1 1 361.1274719238281 178.63174438476562 403.8770446777344 206.8688201904297 4.013660430908203 1.5854068994522095 1.6473515033721924 -13.669147491455078 1.9495298862457275 43.435302734375 -4.805328369140625 0.1174
Car 1 1 1 0.0 172.86378479003906 49.697715759277344 217.72665405273438 3.795612096786499 1.659506916999817 1.6889342069625854 -24.601133346557617 1.6596213579177856 28.606138229370117 -4.691356182098389 0.1170
Car 1 1 1 1031.14501953125 162.97032165527344 1092.7872314453125 188.11883544921875 4.042348384857178 1.6595278978347778 1.6852715015411377 30.97671127319336 1.0070124864578247 49.64078903198242 -7.861070156097412 0.1170
Pedestrian 1 1 1 102.81592559814453 162.4785919189453 135.82945251464844 231.09878540039062 0.7709817290306091 1.8526355028152466 0.6056095361709595 -13.628388404846191 1.572216272354126 19.965417861938477 -2.381701707839966 0.1163
Pedestrian 1 1 1 831.8856201171875 162.96929931640625 849.9696655273438 200.33880615234375 0.8769628405570984 1.8232818841934204 0.5517789721488953 11.392495155334473 1.3407011032104492 35.716270446777344 -7.1391425132751465 0.1161
Pedestrian 1 1 1 1005.831298828125 168.5895233154297 1028.70849609375 208.45458984375 0.7210830450057983 1.6967264413833618 0.625758945941925 17.554126739501953 1.5149223804473877 31.176984786987305 -6.931381702423096 0.1160
Car 1 1 1 1241.0 170.2132110595703 1241.0 307.6158142089844 3.9553823471069336 1.5106000900268555 1.6158792972564697 10.389278411865234 1.4812673330307007 8.949053764343262 -6.391229152679443 0.1160
Pedestrian 1 1 1 164.09239196777344 173.53433227539062 188.531005859375 213.6692352294922 0.7274162173271179 1.799584984779358 0.6182343363761902 -19.765750885009766 1.8306585550308228 32.820919036865234 -7.470401287078857 0.1159
Pedestrian 1 1 1 1219.3912353515625 145.88807678222656 1241.0 234.24998474121094 0.7526202201843262 1.799213171005249 0.5852636694908142 13.352949142456055 1.249836802482605 15.136574745178223 -5.004970550537109 0.1155
Pedestrian 1 1 1 907.103515625 167.5655975341797 936.041748046875 213.77374267578125 0.8207250833511353 1.7208340167999268 0.6118828654289246 11.76334285736084 1.523589015007019 27.35993003845215 -5.054396152496338 0.1153
Car 1 1 1 494.43170166015625 181.59027099609375 525.5286254882812 208.87274169921875 3.8397154808044434 1.5115025043487549 1.5930428504943848 -5.9828596115112305 2.058229923248291 43.20835876464844 -4.783021926879883 0.1150
Pedestrian 1 1 1 1199.8328857421875 149.01821899414062 1241.0 231.09243774414062 0.7585245966911316 1.8181761503219604 0.5771473050117493 13.996243476867676 1.2898463010787964 16.434734344482422 -5.031407356262207 0.1141
Pedestrian 1 1 1 59.35382843017578 163.71839904785156 89.50797271728516 232.953125 0.7738620638847351 1.8372693061828613 0.5904151797294617 -14.624523162841797 1.5945395231246948 19.63250160217285 -5.442519187927246 0.1134
Car 1 1 1 453.3436279296875 179.30953979492188 492.1123046875 203.63632202148438 3.9866316318511963 1.5328588485717773 1.646004557609558 -9.223367691040039 1.985464334487915 48.58391189575195 -4.654541969299316 0.1128
Car 1 1 1 709.363037109375 176.7069091796875 731.2518920898438 193.708740234375 4.0238037109375 1.4944707155227661 1.6189287900924683 10.099934577941895 1.859767198562622 66.41043853759766 -4.654573917388916 0.1128
Pedestrian 1 1 1 1114.1318359375 161.8707275390625 1137.6080322265625 203.4453582763672 0.7228209376335144 1.7557120323181152 0.6214057207107544 22.047473907470703 1.2915843725204468 30.90788459777832 -7.55407190322876 0.1116
Pedestrian 1 1 1 62.43756103515625 161.7154541015625 100.58680725097656 233.6576690673828 0.7759318947792053 1.84850013256073 0.5834688544273376 -13.965339660644531 1.5620037317276 18.998523712158203 -2.5458860397338867 0.1112
Pedestrian 1 1 1 43.911827087402344 161.32359313964844 88.6026840209961 237.08551025390625 0.7631128430366516 1.8474189043045044 0.5965873003005981 -13.628830909729004 1.5659555196762085 18.022157669067383 -2.722299575805664 0.1106
Car 1 1 1 524.0635986328125 180.05276489257812 560.9994506835938 207.7956085205078 4.00850772857666 1.5502347946166992 1.618524193763733 -4.046932697296143 2.0037128925323486 43.43254089355469 -4.651137828826904 0.1103
Car 1 1 1 753.5697631835938 177.14463806152344 803.2780151367188 207.17572021484375 3.8615777492523193 1.5410016775131226 1.6357221603393555 9.131543159484863 1.7876797914505005 39.56080627441406 -4.7669596672058105 0.1099
Pedestrian 1 1 1 111.11264038085938 163.8157196044922 149.38458251953125 228.5106201171875 0.7888527512550354 1.8328298330307007 0.5821853876113892 -13.963234901428223 1.5764721632003784 20.93098258972168 -4.025199890136719 0.1098
Car 1 1 1 489.3756103515625 181.70904541015625 549.2468872070312 239.05996704101562 3.9366466999053955 1.4931156635284424 1.6081594228744507 -2.7681074142456055 1.78170645236969 21.480365753173828 -7.990394115447998 0.1093
Car 1 1 1 404.9993896484375 175.49522399902344 440.9029846191406 197.23741149902344 3.8777008056640625 1.6010888814926147 1.5964980125427246 -14.391827583312988 1.811507225036621 55.5894889831543 -4.663339138031006 0.1090
Car 1 1 1 958.8417358398438 166.06666564941406 999.5641479492188 185.99713134765625 4.067821979522705 1.8274444341659546 1.6579910516738892 34.830196380615234 1.2048062086105347 68.21968078613281 -7.888314723968506 0.1089
Car 1 1 1 0.0 185.2410888671875 0.0 374.0 4.0810322761535645 1.5691924095153809 1.6250218152999878 -11.131056785583496 1.7436754703521729 8.056583404541016 -4.83467960357666 0.1085
Car 1 1 1 958.2919921875 172.3417205810547 1033.5125732421875 204.6486053466797 3.794785976409912 1.4995386600494385 1.6549850702285767 18.787565231323242 1.4754611253738403 35.38857650756836 -4.713212966918945 0.1080
Cyclist 1 1 1 938.0733642578125 171.7232208251953 959.201416015625 203.11900329589844 1.647323727607727 1.6584681272506714 0.4589173197746277 18.230323791503906 1.5984352827072144 38.951377868652344 -7.791045665740967 0.1073
Car 1 1 1 457.1707763671875 175.635986328125 483.4383544921875 193.3147430419922 4.068811416625977 1.547182559967041 1.6047872304916382 -12.728791236877441 1.8085198402404785 65.82286071777344 -7.852324962615967 0.1072
Car 1 1 1 885.2076416015625 175.4203643798828 935.7135009765625 204.49203491210938 3.9438979625701904 1.5389883518218994 1.6417402029037476 16.805809020996094 1.6904990673065186 40.621028900146484 -4.584346771240234 0.1071
Pedestrian 1 1 1 1198.80029296875 144.73301696777344 1241.0 236.37384033203125 0.7625765204429626 1.7816981077194214 0.5807318091392517 12.383437156677246 1.2346646785736084 14.493268013000488 -5.118636131286621 0.1064
Car 1 1 1 551.4730224609375 176.9947967529297 582.1328735351562 197.71627807617188 3.9812893867492676 1.5661706924438477 1.5862878561019897 -3.4285969734191895 1.907684087753296 57.46699905395508 -7.687295436859131 0.1062
Pedestrian 1 1 1 1127.4090576171875 162.43658447265625 1162.8447265625 219.56314086914062 0.7596866488456726 1.777159571647644 0.5627017021179199 16.87984848022461 1.4527825117111206 22.829998016357422 -6.592252254486084 0.1062
Car 1 1 1 216.47935485839844 180.52784729003906 275.4688720703125 208.1173858642578 3.926439046859741 1.5824840068817139 1.662867546081543 -22.377643585205078 2.075772762298584 44.444664001464844 -4.714919567108154 0.1061
Car 1 1 1 0.0 186.6813507080078 103.90081787109375 235.72950744628906 3.805727481842041 1.5102136135101318 1.684362769126892 -20.1081600189209 2.0330584049224854 25.316408157348633 -4.604814052581787 0.1060
Pedestrian 1 1 1 117.98056030273438 167.2834930419922 154.59584045410156 227.9398651123047 0.7764257788658142 1.8247648477554321 0.590090811252594 -14.615509986877441 1.656883955001831 22.193565368652344 -7.250789165496826 0.1059
Car 1 1 1 432.63824462890625 174.7818145751953 466.1436767578125 198.13536071777344 4.032127380371094 1.6352585554122925 1.6392509937286377 -11.7560396194458 1.7817065715789795 52.892005920410156 -4.733555793762207 0.1054
Pedestrian 1 1 1 1110.7257080078125 151.85508728027344 1157.008056640625 225.50982666015625 0.7411171793937683 1.7950835227966309 0.5800157785415649 13.036996841430664 1.2830066680908203 18.0371036529541 -5.095286846160889 0.1053
Car 1 1 1 688.7610473632812 176.6659393310547 710.07568359375 193.61940002441406 4.133415222167969 1.487850308418274 1.6044377088546753 8.171579360961914 1.8492292165756226 66.3629379272461 -4.672436714172363 0.1052
Car 1 1 1 195.81663513183594 180.1139373779297 264.6552429199219 210.6488037109375 3.9940712451934814 1.5481384992599487 1.659472107887268 -20.75069808959961 1.9657471179962158 39.53401184082031 -4.708360195159912 0.1051
Pedestrian 1 1 1 269.7226867675781 166.95425415039062 287.30523681640625 209.26658630371094 0.6850314140319824 1.7852696180343628 0.6367850303649902 -14.239697456359863 1.5360438823699951 30.89706039428711 -8.355981826782227 0.1050
Car 1 1 1 895.291259765625 174.51531982421875 999.2693481445312 222.15489196777344 3.898737907409668 1.4893730878829956 1.5649088621139526 11.354910850524902 1.5504907369613647 24.68556022644043 -4.766941547393799 0.1042
Pedestrian 1 1 1 1140.2572021484375 155.2945098876953 1168.97216796875 204.86183166503906 0.6109788417816162 1.8103562593460083 0.6223040819168091 20.093154907226562 1.168727993965149 26.690263748168945 -7.74540376663208 0.1037
Pedestrian 1 1 1 75.14163970947266 166.61459350585938 111.30171966552734 229.7206268310547 0.7719227075576782 1.8180289268493652 0.6134839653968811 -15.244013786315918 1.637977123260498 21.230878829956055 -4.93434476852417 0.1037
Car 1 1 1 442.092041015625 179.48570251464844 480.62127685546875 206.29067993164062 3.9545302391052246 1.5487314462661743 1.6632053852081299 -9.18486499786377 1.9773919582366943 44.67425537109375 -4.737068176269531 0.1029
Car 1 1 1 481.1899108886719 176.6864471435547 505.7536926269531 196.30657958984375 4.003605365753174 1.621206521987915 1.6246732473373413 -10.164119720458984 1.9648666381835938 62.60889434814453 -8.13670825958252 0.1028
Car 1 1 1 1241.0 169.38034057617188 1241.0 350.0315246582031 4.08223819732666 1.5207431316375732 1.625902771949768 9.069668769836426 1.491201400756836 7.03001594543457 -6.354349613189697 0.1027
Pedestrian 1 1 1 182.79696655273438 170.76890563964844 216.34800720214844 222.90994262695312 0.8138682246208191 1.778772234916687 0.6108142137527466 -14.328563690185547 1.707339882850647 25.116579055786133 -4.237062454223633 0.1023
Car 1 1 1 959.5816650390625 174.56947326660156 994.0169677734375 193.1301727294922 3.877168893814087 1.4921348094940186 1.545731782913208 30.64743423461914 1.6403844356536865 60.4329719543457 -4.5256524085998535 0.1021
Pedestrian 1 1 1 1158.3707275390625 148.3338623046875 1211.4342041015625 230.5844268798828 0.7677964568138123 1.8185956478118896 0.570913553237915 13.022711753845215 1.2761449813842773 16.4205265045166 -5.133211612701416 0.1021
Car 1 1 1 565.4241943359375 177.93727111816406 602.5714721679688 213.4832305908203 3.8449547290802 1.5076957941055298 1.5883790254592896 -1.1845543384552002 1.7540377378463745 33.08234786987305 -4.718029975891113 0.1020
Pedestrian 1 1 1 0.0 163.56961059570312 25.13962173461914 241.04486083984375 0.7640731334686279 1.8550721406936646 0.5805174112319946 -14.931081771850586 1.6324663162231445 17.72597312927246 -2.5781869888305664 0.1014
Car 1 1 1 1126.3677978515625 158.36557006835938 1241.0 194.9566650390625 4.173404216766357 1.5001806020736694 1.640696406364441 24.420928955078125 0.9058763980865479 30.493066787719727 -6.327059268951416 0.1013
Pedestrian 1 1 1 1163.937255859375 154.46505737304688 1205.4462890625 218.7742462158203 0.7995107769966125 1.8294838666915894 0.5748255848884583 16.595373153686523 1.3060506582260132 20.90433120727539 -6.534664630889893 0.1013
Pedestrian 1 1 1 1145.928955078125 158.83843994140625 1174.668212890625 210.36996459960938 0.5892791152000427 1.74114191532135 0.6000219583511353 18.813268661499023 1.267285704612732 24.738574981689453 -7.6056904792785645 0.1012
Car 1 1 1 472.06097412109375 179.4158172607422 504.1365051269531 200.9200439453125 3.6691644191741943 1.5824501514434814 1.5814707279205322 -9.475729942321777 2.1100828647613525 56.1532096862793 -4.622331619262695 0.1010
