Pedestrian 1 1 1 369.2304382324219 138.785400390625 439.53582763671875 304.62249755859375 0.9781293869018555 1.8126996755599976 0.5717549920082092 -2.4215126037597656 1.3571503162384033 8.294953346252441 -8.376502990722656 0.6784
Car 1 1 1 489.55303955078125 163.84164428710938 571.2532348632812 221.8549346923828 3.9767332077026367 1.566328525543213 1.6596399545669556 -2.159292459487915 1.1168715953826904 21.151355743408203 -4.612210750579834 0.3135
Pedestrian 1 1 1 669.6522216796875 162.46775817871094 680.4088745117188 194.3250274658203 0.7259771227836609 1.778987169265747 0.5954168438911438 3.933232307434082 0.7721424102783203 39.871299743652344 -7.765225887298584 0.2923
Pedestrian 1 1 1 398.258544921875 155.29124450683594 438.20660400390625 241.403564453125 0.8890179991722107 1.7771556377410889 0.6910802125930786 -4.011894226074219 1.257258653640747 15.0679349899292 -4.810110092163086 0.2702
Pedestrian 1 1 1 444.6863708496094 159.4517364501953 477.9853515625 244.99343872070312 0.8510791063308716 1.7378990650177002 0.6428477168083191 -3.0483527183532715 1.3106285333633423 14.833231925964355 -4.861374378204346 0.2385
Pedestrian 1 1 1 678.50390625 154.62869262695312 708.4473876953125 241.3839569091797 0.7954996228218079 1.7219250202178955 0.5834019184112549 1.7541817426681519 1.2087867259979248 14.45724868774414 -4.617170810699463 0.2373
Car 1 1 1 1139.5489501953125 171.1581573486328 1223.0 369.0 3.9884839057922363 1.4633673429489136 1.5665236711502075 7.123033046722412 1.3964977264404297 6.0155510902404785 -6.213057518005371 0.2364
Cyclist 1 1 1 839.3493041992188 143.0921173095703 900.3983154296875 250.92848205566406 1.7433973550796509 1.782857894897461 0.45277559757232666 4.62075662612915 1.1647729873657227 12.56457805633545 -7.839258670806885 0.2316
Pedestrian 1 1 1 839.668701171875 161.71923828125 865.1890869140625 229.92918395996094 0.690920889377594 1.6948847770690918 0.5747812390327454 6.243450164794922 1.2285436391830444 17.980615615844727 -4.430257797241211 0.2190
Pedestrian 1 1 1 958.3828735351562 146.48863220214844 1020.9822387695312 258.484375 0.683841347694397 1.770628809928894 0.591095507144928 6.258629322052002 1.2333005666732788 11.610389709472656 -5.127620220184326 0.2162
Pedestrian 1 1 1 59.8707389831543 162.755126953125 108.4833984375 241.28073120117188 0.7598810791969299 1.771641731262207 0.565738320350647 -12.061627388000488 1.3716332912445068 16.33314323425293 -4.716768264770508 0.2111
Pedestrian 1 1 1 216.36962890625 158.85714721679688 267.72418212890625 249.46669006347656 0.6967212557792664 1.7505124807357788 0.587303638458252 -7.272146224975586 1.3327486515045166 14.091391563415527 -4.3374481201171875 0.2068
Pedestrian 1 1 1 796.7120971679688 148.91403198242188 844.6307983398438 253.82017517089844 0.7451488375663757 1.7556043863296509 0.6562539339065552 3.66941237449646 1.227391242980957 12.234375953674316 -4.61777925491333 0.2016
Pedestrian 1 1 1 75.77012634277344 157.94717407226562 117.08350372314453 254.24913024902344 0.7335215210914612 1.72210693359375 0.6084396839141846 -9.472990036010742 1.3191795349121094 13.118612289428711 -8.464116096496582 0.1988
Pedestrian 1 1 1 702.448486328125 169.3150177001953 720.9478149414062 213.89236450195312 0.7488136291503906 1.6557046175003052 0.5784991979598999 3.9848272800445557 1.2405116558074951 26.637786865234375 -7.860792636871338 0.1986
Pedestrian 1 1 1 822.5940551757812 168.58656311035156 859.6400146484375 246.4117431640625 0.7294926047325134 1.5121389627456665 0.5099876523017883 4.655672550201416 1.2810217142105103 14.109396934509277 -4.685513019561768 0.1971
Pedestrian 1 1 1 560.9635009765625 154.3866729736328 585.2443237304688 225.6461181640625 0.7564991116523743 1.7452888488769531 0.5863650441169739 -0.8336198329925537 1.1060470342636108 17.699932098388672 -4.728259563446045 0.1967
Car 1 1 1 567.0189208984375 161.9551544189453 632.4193725585938 219.92469787597656 4.036864757537842 1.5768235921859741 1.6589664220809937 -0.28597694635391235 1.0726958513259888 21.31390380859375 -4.797321796417236 0.1887
Pedestrian 1 1 1 0.0 162.1588134765625 35.35744857788086 238.7783966064453 0.6927502751350403 1.7651281356811523 0.5654099583625793 -14.009973526000977 1.342928409576416 16.688663482666016 -4.933653354644775 0.1816
Car 1 1 1 1174.541259765625 143.63787841796875 1223.0 216.85684204101562 3.678989887237549 1.6401517391204834 1.6112005710601807 16.764949798583984 0.8147573471069336 17.79593276977539 -8.041831016540527 0.1812
Pedestrian 1 1 1 647.46435546875 148.78033447265625 697.4462280273438 257.0697326660156 0.8927021026611328 1.7968920469284058 0.6040452122688293 1.1057275533676147 1.2709330320358276 12.236587524414062 -8.087994575500488 0.1811
Car 1 1 1 0.0 0.0 1223.0 369.0 3.882248878479004 1.5350884199142456 1.64154052734375 -3.430199146270752 1.6230214834213257 0.9261415004730225 -7.897218227386475 0.1809
Pedestrian 1 1 1 475.7596130371094 160.55532836914062 506.82513427734375 245.12074279785156 0.8362677693367004 1.748496174812317 0.6035098433494568 -2.458033323287964 1.3364671468734741 15.064495086669922 -4.809257984161377 0.1792
Pedestrian 1 1 1 485.11956787109375 154.1376190185547 538.2936401367188 251.926025390625 0.8601300120353699 1.7479517459869385 0.6198375225067139 -1.7739523649215698 1.2770990133285522 13.15830135345459 -7.425917148590088 0.1716
Pedestrian 1 1 1 772.8526000976562 159.0712890625 804.0647583007812 228.5737762451172 0.7513737082481384 1.7306619882583618 0.5764227509498596 4.619063854217529 1.1973956823349 17.992218017578125 -4.749719619750977 0.1703
Car 1 1 1 674.931884765625 164.61221313476562 755.0107421875 192.4310302734375 4.244085311889648 1.5528790950775146 1.6588865518569946 6.301651954650879 0.6661236882209778 40.724796295166016 -6.494713306427002 0.1668
Pedestrian 1 1 1 958.44189453125 156.8226318359375 1069.2744140625 363.27545166015625 0.7187889814376831 1.4758316278457642 0.47077086567878723 3.053074598312378 1.3070148229599 5.430456638336182 -4.6370015144348145 0.1652
Pedestrian 1 1 1 526.5626220703125 154.47084045410156 561.678466796875 255.748291015625 0.8956621289253235 1.7754440307617188 0.6038365364074707 -1.1435548067092896 1.3195126056671143 12.856712341308594 -7.9019341468811035 0.1643
Pedestrian 1 1 1 51.59041213989258 173.43441772460938 94.38798522949219 238.19725036621094 0.8247639536857605 1.8121747970581055 0.6724517941474915 -15.281835556030273 1.6147712469100952 20.263940811157227 -2.703176736831665 0.1639
Pedestrian 1 1 1 1095.795654296875 146.3827362060547 1160.828857421875 252.63601684570312 0.6580927968025208 1.6856515407562256 0.5523442625999451 8.509920120239258 1.1447831392288208 11.582633972167969 -4.85817289352417 0.1581
Car 1 1 1 713.9531860351562 171.70669555664062 805.8694458007812 216.74465942382812 3.9171574115753174 1.5051261186599731 1.6416095495224 5.497878551483154 1.211530089378357 25.73377227783203 -4.976205348968506 0.1578
Pedestrian 1 1 1 1017.5794677734375 145.66505432128906 1080.7557373046875 254.954833984375 0.6642941832542419 1.734148383140564 0.5812329649925232 7.223203659057617 1.181790828704834 11.596951484680176 -8.02994155883789 0.1569
Pedestrian 1 1 1 887.63623046875 149.4718780517578 937.3028564453125 253.51161193847656 0.6658763885498047 1.7281466722488403 0.582758367061615 5.251406669616699 1.213134527206421 12.185946464538574 -7.071463108062744 0.1553
Pedestrian 1 1 1 1052.3155517578125 161.63070678710938 1099.487548828125 246.8305206298828 0.7627847790718079 1.611133098602295 0.5703824758529663 9.141294479370117 1.254677414894104 13.81811809539795 -4.417743682861328 0.1545
Car 1 1 1 597.2206420898438 163.91404724121094 673.1302490234375 191.8115692138672 4.209251403808594 1.5721920728683472 1.6171931028366089 1.7612230777740479 0.6375903487205505 41.04250717163086 -2.949228286743164 0.1543
Car 1 1 1 656.1139526367188 172.70033264160156 719.0791015625 215.99195861816406 3.864712953567505 1.4905836582183838 1.6393108367919922 2.961894989013672 1.222292184829712 26.328989028930664 -4.781606674194336 0.1526
Pedestrian 1 1 1 216.8995361328125 166.19857788085938 241.94090270996094 217.9167022705078 0.7231318950653076 1.8438506126403809 0.630023717880249 -13.676688194274902 1.334229826927185 25.68666648864746 -8.61843204498291 0.1521
Pedestrian 1 1 1 675.8084716796875 159.94390869140625 701.1651611328125 227.7487335205078 0.8023540377616882 1.6859285831451416 0.5769252181053162 2.0757219791412354 1.1751372814178467 17.991912841796875 -4.675551891326904 0.1521
Pedestrian 1 1 1 332.04437255859375 173.7296600341797 362.2051086425781 232.62277221679688 0.5575681924819946 1.5477440357208252 0.5231772065162659 -6.941675186157227 1.3701306581497192 18.932973861694336 -4.364151477813721 0.1495
Pedestrian 1 1 1 0.0 165.87611389160156 48.53074645996094 255.06468200683594 0.7749330997467041 1.7313450574874878 0.5853293538093567 -11.75203800201416 1.4478238821029663 14.118853569030762 -4.7332258224487305 0.1489
Car 1 1 1 0.0 180.3331756591797 13.386417388916016 258.6407165527344 3.5500638484954834 1.4981341361999512 1.513149619102478 -15.022139549255371 1.495304822921753 15.366045951843262 -4.808071613311768 0.1482
Pedestrian 1 1 1 1162.004638671875 151.69287109375 1200.2698974609375 222.87754821777344 0.7002143263816833 1.8075259923934937 0.5228111147880554 14.902369499206543 1.0763741731643677 18.341455459594727 -3.5933070182800293 0.1474
Pedestrian 1 1 1 21.049203872680664 156.88943481445312 73.174560546875 238.61947631835938 0.7631447315216064 1.809627652168274 0.5716255307197571 -12.691431045532227 1.2871960401535034 16.046457290649414 -4.677505016326904 0.1468
Car 1 1 1 1217.7158203125 168.80970764160156 1223.0 369.0 4.129659652709961 1.4955486059188843 1.625748872756958 6.518366813659668 1.4371025562286377 4.416336536407471 -6.303127765655518 0.1466
Car 1 1 1 581.5567016601562 170.4402618408203 633.7235107421875 207.47801208496094 3.950288772583008 1.5205296277999878 1.6440010070800781 0.02505323477089405 1.1077591180801392 31.111085891723633 -4.879225254058838 0.1460
Pedestrian 1 1 1 1174.9390869140625 139.75218200683594 1223.0 244.92872619628906 0.7355818152427673 1.7094991207122803 0.5738474726676941 10.099044799804688 1.0475810766220093 11.898268699645996 -4.564032554626465 0.1459
Pedestrian 1 1 1 777.1310424804688 166.1918182373047 786.93408203125 191.5061492919922 0.43699055910110474 1.7485796213150024 0.4963783025741577 12.30955696105957 0.7602787613868713 49.16841125488281 -3.7704272270202637 0.1406
Car 1 1 1 863.5213623046875 168.07855224609375 1012.5659790039062 217.13375854492188 4.095235824584961 1.5074400901794434 1.6405162811279297 10.635083198547363 1.1260210275650024 22.781436920166016 -6.400454998016357 0.1399
Pedestrian 1 1 1 706.2340698242188 152.39794921875 739.6141967773438 239.715576171875 0.7936860918998718 1.7339446544647217 0.5848211050033569 2.354640007019043 1.176254391670227 14.451589584350586 -4.661968231201172 0.1391
Cyclist 1 1 1 220.85711669921875 154.99191284179688 298.39923095703125 274.72998046875 1.7104142904281616 1.694445252418518 0.5475118160247803 -5.320592403411865 1.3338687419891357 10.887887954711914 -4.834853649139404 0.1380
Pedestrian 1 1 1 612.4708251953125 157.319091796875 637.2132568359375 227.0352325439453 0.7837939262390137 1.7329740524291992 0.5935590863227844 0.45621609687805176 1.1570770740509033 17.972187042236328 -4.728601455688477 0.1375
Car 1 1 1 0.0 0.0 1223.0 369.0 3.837783098220825 1.5174647569656372 1.621616244316101 2.995201587677002 1.539594054222107 0.9488805532455444 -7.872379779815674 0.1375
Pedestrian 1 1 1 308.48126220703125 176.42510986328125 338.2262878417969 232.93019104003906 0.5788998007774353 1.4855852127075195 0.5141863226890564 -7.5705180168151855 1.3787665367126465 18.917207717895508 -4.545968532562256 0.1362
Pedestrian 1 1 1 113.59144592285156 163.57281494140625 166.1151123046875 256.2159729003906 0.6519963145256042 1.7189438343048096 0.5477331280708313 -8.898641586303711 1.4052350521087646 13.471384048461914 -4.609246253967285 0.1344
Pedestrian 1 1 1 507.8575134277344 158.39356994628906 537.1148681640625 242.92269897460938 0.8230580687522888 1.7148312330245972 0.5912978649139404 -1.7775826454162598 1.2667156457901 14.790514945983887 -7.985302448272705 0.1333
Pedestrian 1 1 1 1129.9539794921875 146.0295867919922 1171.898681640625 239.86790466308594 0.6842896342277527 1.6904206275939941 0.5672153234481812 10.114734649658203 1.0698338747024536 13.178576469421387 -4.13145637512207 0.1318
Car 1 1 1 282.36431884765625 179.4563446044922 422.79248046875 225.87332153320312 4.186915397644043 1.520402431488037 1.6501798629760742 -8.523255348205566 1.486489176750183 24.01951026916504 -3.158270835876465 0.1311
Car 1 1 1 312.6092224121094 181.91778564453125 469.7016296386719 237.49563598632812 4.033751964569092 1.503096580505371 1.6327263116836548 -6.023934841156006 1.5457496643066406 20.14884376525879 -3.2227377891540527 0.1300
Pedestrian 1 1 1 535.09228515625 155.81277465820312 562.858154296875 227.34463500976562 0.7759546041488647 1.7462081909179688 0.5990927815437317 -1.433937907218933 1.1438803672790527 17.662033081054688 -4.664693355560303 0.1275
Pedestrian 1 1 1 172.43775939941406 162.15695190429688 215.33714294433594 241.40261840820312 0.5943742990493774 1.7196776866912842 0.5732623934745789 -9.176963806152344 1.3219679594039917 15.716662406921387 -4.3867058753967285 0.1264
Pedestrian 1 1 1 77.15847778320312 160.8484649658203 126.47888946533203 240.37869262695312 0.7593587636947632 1.761879801750183 0.5675733685493469 -11.456035614013672 1.3268699645996094 16.053970336914062 -4.674001693725586 0.1258
Pedestrian 1 1 1 968.6094970703125 161.09103393554688 1015.9257202148438 243.5792694091797 0.6221466064453125 1.571455478668213 0.5247646570205688 7.529101848602295 1.2020643949508667 13.844856262207031 -5.014796733856201 0.1239
Car 1 1 1 0.0 188.29444885253906 112.79548645019531 244.92495727539062 3.775580406188965 1.4746487140655518 1.605634331703186 -16.666255950927734 1.7254477739334106 20.829214096069336 -4.701737403869629 0.1231
Pedestrian 1 1 1 1112.2130126953125 151.55856323242188 1223.0 360.45684814453125 0.7104322910308838 1.5004725456237793 0.4781154990196228 4.333101749420166 1.2930333614349365 5.445693492889404 -4.660636901855469 0.1230
Car 1 1 1 0.0 0.0 1223.0 369.0 3.815666913986206 1.5451300144195557 1.6492302417755127 -1.5315099954605103 1.6050468683242798 0.8413647413253784 -7.89727258682251 0.1226
Pedestrian 1 1 1 587.9622802734375 153.15786743164062 612.1844482421875 224.27078247070312 0.7825127840042114 1.76758873462677 0.6023799777030945 -0.17315658926963806 1.0882947444915771 17.97248077392578 -4.735121250152588 0.1223
Pedestrian 1 1 1 828.6004638671875 161.96212768554688 841.9274291992188 194.36703491210938 0.47074437141418457 1.7652477025985718 0.5647909045219421 12.646927833557129 0.7555310726165771 38.877227783203125 -4.027637958526611 0.1218
Car 1 1 1 160.50479125976562 179.8893585205078 274.4456787109375 234.7893524169922 3.6944284439086914 1.504841685295105 1.525638222694397 -11.536858558654785 1.4884110689163208 21.25754165649414 -4.753335952758789 0.1200
Pedestrian 1 1 1 102.77053833007812 165.9037322998047 130.92965698242188 226.6512908935547 0.752160370349884 1.8625425100326538 0.5900608897209167 -15.330745697021484 1.4153015613555908 22.1519718170166 -5.513702869415283 0.1197
Pedestrian 1 1 1 670.984619140625 163.63824462890625 688.3575439453125 207.79417419433594 0.633940577507019 1.7603466510772705 0.6000635623931885 2.992865800857544 1.0883508920669556 28.574277877807617 -7.578512668609619 0.1192
Pedestrian 1 1 1 1082.1636962890625 149.392333984375 1133.59765625 239.0341339111328 0.761890709400177 1.6950935125350952 0.5844147205352783 9.76081657409668 1.107222557067871 13.81205940246582 -4.459101676940918 0.1192
Pedestrian 1 1 1 31.657976150512695 166.50247192382812 88.58946990966797 252.6522216796875 0.7758878469467163 1.7070367336273193 0.5696560740470886 -11.129947662353516 1.4300365447998047 14.403441429138184 -4.731905460357666 0.1178
Car 1 1 1 0.0 0.0 1223.0 369.0 3.986767530441284 1.550408959388733 1.6385868787765503 -5.034989356994629 1.6625101566314697 0.7458065748214722 -7.906190395355225 0.1174
Pedestrian 1 1 1 284.68084716796875 174.4887237548828 315.8083190917969 230.730224609375 0.6374626755714417 1.478994369506836 0.5141932368278503 -8.198193550109863 1.3212296962738037 18.94171905517578 -4.58740758895874 0.1170
Pedestrian 1 1 1 0.5722376108169556 157.76686096191406 49.52810287475586 245.12171936035156 0.7313767075538635 1.8102381229400635 0.5502039790153503 -12.395204544067383 1.3394951820373535 15.074494361877441 -4.962765216827393 0.1164
Car 1 1 1 0.0 0.0 1223.0 369.0 3.8325181007385254 1.540297031402588 1.6159847974777222 1.3839049339294434 1.561957597732544 0.6317906379699707 -7.86160135269165 0.1161
Car 1 1 1 813.3563232421875 171.18307495117188 1014.2466430664062 237.74562072753906 4.091419696807861 1.4703998565673828 1.5917898416519165 7.1517109870910645 1.2649270296096802 16.651805877685547 -6.401979923248291 0.1160
Pedestrian 1 1 1 310.69805908203125 157.4782257080078 355.2677917480469 240.31642150878906 0.8799460530281067 1.7512506246566772 0.6563917398452759 -5.954765796661377 1.2649049758911133 15.398885726928711 -4.74814510345459 0.1153
Car 1 1 1 30.717893600463867 178.61231994628906 178.50637817382812 242.45323181152344 3.4353199005126953 1.4914453029632568 1.5181838274002075 -12.789097785949707 1.447679877281189 18.272165298461914 -4.763421535491943 0.1145
Car 1 1 1 0.0 180.1905059814453 78.57780456542969 214.80946350097656 3.8816261291503906 1.5217632055282593 1.558956503868103 -26.927824020385742 1.5083566904067993 33.059959411621094 -7.800309658050537 0.1145
Car 1 1 1 113.21427917480469 186.22117614746094 221.30722045898438 233.16378784179688 3.6934375762939453 1.4670528173446655 1.6555391550064087 -15.030969619750977 1.6805925369262695 24.459903717041016 -4.782911777496338 0.1139
Car 1 1 1 0.0 179.4385986328125 3.1796722412109375 228.5869598388672 3.9561707973480225 1.505623459815979 1.6301573514938354 -22.731916427612305 1.473394513130188 23.67144203186035 -7.8106865882873535 0.1138
Pedestrian 1 1 1 261.8291015625 168.6466064453125 306.9294128417969 252.80838012695312 0.6756744980812073 1.5967947244644165 0.5353288650512695 -6.284230709075928 1.3722645044326782 13.776893615722656 -4.615691661834717 0.1138
Pedestrian 1 1 1 662.993408203125 159.1319580078125 704.7943725585938 252.1663055419922 0.7555283904075623 1.6700630187988281 0.5799601078033447 1.426973581314087 1.28685462474823 13.15362548828125 -4.308277606964111 0.1136
Pedestrian 1 1 1 744.4951782226562 151.6672821044922 784.0682373046875 249.1151885986328 0.6618082523345947 1.674639105796814 0.6065178513526917 2.7597310543060303 1.1795248985290527 12.510214805603027 -4.612139701843262 0.1132
Cyclist 1 1 1 0.0 0.0 1223.0 369.0 1.8404382467269897 1.6378527879714966 0.5095941424369812 6.886163711547852 1.2952229976654053 -0.3098568916320801 -8.036871910095215 0.1125
Pedestrian 1 1 1 1071.5933837890625 159.43858337402344 1122.725341796875 234.33958435058594 0.8351398706436157 1.789298176765442 0.6052310466766357 12.04434585571289 1.2864960432052612 17.379735946655273 -5.017245292663574 0.1121
Car 1 1 1 0.0 177.7657928466797 0.0 216.520263671875 3.9784486293792725 1.5233914852142334 1.6373876333236694 -28.522571563720703 1.4161417484283447 29.83429718017578 -7.784823894500732 0.1115
Car 1 1 1 676.4574584960938 164.08656311035156 758.5155029296875 192.5576629638672 4.201107978820801 1.52599036693573 1.66472589969635 6.117228031158447 0.646399199962616 38.812904357910156 -6.323605537414551 0.1113
Pedestrian 1 1 1 109.46513366699219 164.11349487304688 137.66273498535156 225.9626007080078 0.755682110786438 1.8382720947265625 0.5850066542625427 -14.670511245727539 1.3515264987945557 21.48951530456543 -8.627727508544922 0.1113
Pedestrian 1 1 1 235.87322998046875 162.2523956298828 256.289794921875 212.96182250976562 0.7031212449073792 1.8538531064987183 0.628301739692688 -13.389137268066406 1.186997413635254 26.311738967895508 -8.395566940307617 0.1107
Car 1 1 1 612.2394409179688 173.26235961914062 676.9119262695312 218.4102020263672 3.991621494293213 1.5118218660354614 1.6497105360031128 1.324866533279419 1.2697290182113647 25.760400772094727 -4.839239120483398 0.1104
Pedestrian 1 1 1 757.7702026367188 161.43252563476562 791.7252807617188 243.83987426757812 0.6698512434959412 1.611697793006897 0.5429559946060181 3.3484036922454834 1.2391413450241089 14.174592971801758 -4.669184684753418 0.1082
Pedestrian 1 1 1 1010.040771484375 160.80447387695312 1056.9642333984375 244.2347869873047 0.7791848182678223 1.6165375709533691 0.5663444399833679 8.506172180175781 1.2352794408798218 14.135954856872559 -4.5215277671813965 0.1070
Car 1 1 1 1213.84375 162.01763916015625 1223.0 305.5306701660156 4.031282424926758 1.4905040264129639 1.5761231184005737 9.688474655151367 1.298969030380249 8.26528263092041 -6.350562572479248 0.1069
Car 1 1 1 40.93452453613281 184.14076232910156 269.9703674316406 307.0187683105469 4.017481327056885 1.504045844078064 1.6243168115615845 -6.640488147735596 1.5715194940567017 10.906281471252441 -4.9027533531188965 0.1068
Pedestrian 1 1 1 901.9478149414062 153.3206329345703 924.9976806640625 215.44090270996094 0.6203371286392212 1.7446707487106323 0.5965879559516907 8.795023918151855 0.9816311597824097 20.259836196899414 -7.452366352081299 0.1067
Car 1 1 1 616.8851318359375 173.0861358642578 686.7423095703125 227.64144897460938 3.937561511993408 1.5302778482437134 1.624367594718933 1.316529631614685 1.3226220607757568 21.8546085357666 -7.925599575042725 0.1060
Pedestrian 1 1 1 102.2169418334961 159.33441162109375 151.00437927246094 243.0920867919922 0.7246992588043213 1.7829785346984863 0.5760607123374939 -10.461968421936035 1.332767367362976 15.415070533752441 -4.7176737785339355 0.1052
Pedestrian 1 1 1 322.90960693359375 174.22943115234375 353.7041015625 234.69570922851562 0.6247050762176514 1.5395326614379883 0.5349454879760742 -6.949642658233643 1.3801980018615723 18.3331298828125 -4.639775276184082 0.1051
Pedestrian 1 1 1 7.005603790283203 176.8292999267578 31.279773712158203 219.9692840576172 0.7045581340789795 1.7134071588516235 0.6323668956756592 -23.670154571533203 1.5678421258926392 28.542818069458008 -8.353424072265625 0.1038
Car 1 1 1 1174.3160400390625 161.89218139648438 1223.0 237.8389892578125 3.7183849811553955 1.5280731916427612 1.6227267980575562 15.180835723876953 1.154033899307251 16.128843307495117 -7.796416759490967 0.1033
Car 1 1 1 0.0 193.0181884765625 122.65827941894531 369.0 3.9862866401672363 1.4945403337478638 1.611135721206665 -5.092953205108643 1.578844666481018 3.745610237121582 -3.046614646911621 0.1030
Car 1 1 1 0.0 186.1115264892578 0.0 369.0 4.0677690505981445 1.5550717115402222 1.6338108777999878 -11.157204627990723 1.635607123374939 7.995959281921387 -4.806743144989014 0.1027
Pedestrian 1 1 1 111.53144836425781 164.59414672851562 150.3836212158203 246.48727416992188 0.6774806380271912 1.5830727815628052 0.5197303295135498 -9.475191116333008 1.2759580612182617 14.08019733428955 -5.103790283203125 0.1026
Pedestrian 1 1 1 1145.6337890625 150.547607421875 1189.3218994140625 222.2993621826172 0.6772329807281494 1.7929623126983643 0.5548805594444275 14.298050880432129 1.0448230504989624 18.03672218322754 -4.8293657302856445 0.1025
Car 1 1 1 1128.4261474609375 163.94699096679688 1223.0 261.2908935546875 3.7991902828216553 1.5029101371765137 1.6395355463027954 11.640814781188965 1.2477318048477173 12.84429931640625 -7.817756175994873 0.1019
Pedestrian 1 1 1 1104.4608154296875 149.5592498779297 1171.670654296875 258.3642578125 0.6332266330718994 1.6301140785217285 0.5426897406578064 8.182966232299805 1.1669501066207886 10.938608169555664 -4.8271894454956055 0.1017
Car 1 1 1 746.3477783203125 170.76596069335938 897.7933959960938 223.57015991210938 4.041414737701416 1.520916223526001 1.6266828775405884 6.380913257598877 1.2408454418182373 21.19457244873047 -6.2751922607421875 0.1013
Pedestrian 1 1 1 144.3016815185547 161.44085693359375 187.45071411132812 241.8701934814453 0.5909682512283325 1.7470440864562988 0.5661321878433228 -9.807506561279297 1.3333964347839355 15.72935962677002 -4.382755756378174 0.1003
Pedestrian 1 1 1 699.1019287109375 159.719482421875 725.8987426757812 229.161865234375 0.7796050906181335 1.72685968875885 0.5813066959381104 2.6848390102386475 1.2104239463806152 17.98027229309082 -4.684666633605957 0.1002
