Car 1 1 1 725.1154174804688 178.2428741455078 846.0881958007812 255.6559295654297 4.024733066558838 1.4860222339630127 1.623342514038086 3.7162580490112305 1.621686339378357 16.16939926147461 -7.883411884307861 0.8714
Cyclist 1 1 1 824.7574462890625 168.04632568359375 883.7296142578125 216.7152099609375 1.8658344745635986 1.679461121559143 0.7311475276947021 8.530431747436523 1.5132585763931274 25.398542404174805 -2.99285888671875 0.7566
Car 1 1 1 827.9716186523438 172.17108154296875 898.6587524414062 195.09022521972656 4.161561965942383 1.4891695976257324 1.6410385370254517 16.738489151000977 1.4444971084594727 47.91550064086914 -3.0368244647979736 0.6790
Car 1 1 1 653.8446044921875 175.33839416503906 721.4142456054688 199.0960693359375 4.085482597351074 1.5035920143127441 1.6248680353164673 5.023733139038086 1.6699124574661255 47.15735626220703 -3.3590774536132812 0.5621
Pedestrian 1 1 1 495.57208251953125 171.37445068359375 517.1854248046875 211.94351196289062 0.6952888369560242 1.7465369701385498 0.6754156351089478 -4.5655975341796875 1.6825411319732666 31.51258659362793 -4.323672771453857 0.4545
Car 1 1 1 355.5175476074219 181.0129852294922 420.9732666015625 205.24008178710938 3.653520107269287 1.4860771894454956 1.5864646434783936 -14.122451782226562 2.016357898712158 45.925750732421875 -6.169064044952393 0.4533
Car 1 1 1 978.8794555664062 170.80648803710938 1057.3135986328125 194.97669982910156 4.049083709716797 1.5076391696929932 1.6130599975585938 25.88880157470703 1.3796236515045166 45.92106628417969 -3.0876667499542236 0.4064
Car 1 1 1 275.4386901855469 181.38038635253906 304.34991455078125 204.65943908691406 3.9102487564086914 1.5095100402832031 1.5836659669876099 -22.366378784179688 2.1301636695861816 50.43967819213867 -5.06087064743042 0.3837
Pedestrian 1 1 1 510.6711120605469 174.9980010986328 526.7786254882812 211.0217742919922 0.6330074667930603 1.6683794260025024 0.5976238250732422 -4.316555976867676 1.7696330547332764 33.818111419677734 -4.558177947998047 0.3489
Cyclist 1 1 1 0.0 183.14425659179688 27.814769744873047 217.95216369628906 1.6670645475387573 1.673572063446045 0.5628545880317688 -29.973955154418945 2.2002339363098145 36.078365325927734 -4.90029239654541 0.2778
Car 1 1 1 963.5704345703125 168.03872680664062 1010.4635620117188 186.8839569091797 4.0558624267578125 1.612465500831604 1.6919834613800049 33.276451110839844 1.2001519203186035 63.848358154296875 -4.826348781585693 0.2671
Car 1 1 1 191.89906311035156 180.38150024414062 249.92832946777344 208.6486358642578 3.6777985095977783 1.5117467641830444 1.5610458850860596 -22.330434799194336 1.963925838470459 41.48301696777344 -4.7819623947143555 0.2639
Pedestrian 1 1 1 244.60403442382812 168.81764221191406 261.8887023925781 200.97482299804688 0.7800673246383667 1.8454546928405762 0.6565772294998169 -20.710491180419922 1.6135135889053345 41.823150634765625 -7.934255123138428 0.2455
Pedestrian 1 1 1 330.68548583984375 167.5600128173828 348.0819091796875 204.46661376953125 0.5797381401062012 1.796299695968628 0.6636549830436707 -13.325554847717285 1.5383336544036865 35.43161392211914 -7.926899433135986 0.2400
Pedestrian 1 1 1 900.0929565429688 160.96275329589844 923.7962646484375 220.13270568847656 0.6699866652488708 1.7075284719467163 0.6083755493164062 8.848787307739258 1.3640702962875366 21.256296157836914 -7.402540683746338 0.2314
Car 1 1 1 92.97660064697266 183.3497314453125 140.8069610595703 210.1278839111328 3.8416433334350586 1.5831462144851685 1.6175895929336548 -31.6547908782959 2.287630081176758 46.370079040527344 -5.05520486831665 0.2297
Car 1 1 1 349.6527099609375 182.31468200683594 377.683349609375 199.7127685546875 3.660945415496826 1.5537346601486206 1.6501874923706055 -23.327533721923828 2.4747281074523926 68.37692260742188 -7.929325580596924 0.2190
Car 1 1 1 922.2479248046875 172.34498596191406 984.3928833007812 199.3189239501953 3.743225574493408 1.563239336013794 1.6708910465240479 20.715654373168945 1.533440113067627 43.77101135253906 -4.8275065422058105 0.2144
Car 1 1 1 767.662109375 175.90347290039062 818.90478515625 206.45606994628906 4.022465705871582 1.539920687675476 1.5868206024169922 9.751471519470215 1.7123039960861206 38.81672668457031 -4.7532572746276855 0.2132
Car 1 1 1 785.8265380859375 172.00047302246094 814.60498046875 188.759765625 3.8512871265411377 1.5282162427902222 1.6012687683105469 17.798891067504883 1.4500858783721924 67.73884582519531 -7.8783745765686035 0.2122
Pedestrian 1 1 1 1216.3289794921875 167.1245880126953 1241.0 207.25099182128906 0.8032849431037903 1.7967158555984497 0.6838744282722473 28.141321182250977 1.5398733615875244 32.76983642578125 -3.503480911254883 0.2086
Pedestrian 1 1 1 878.1254272460938 160.70462036132812 897.5927124023438 210.59446716308594 0.7438854575157166 1.7947416305541992 0.618344783782959 10.11596393585205 1.3573790788650513 26.404129028320312 -7.54987096786499 0.2069
Car 1 1 1 85.2379150390625 179.5110321044922 196.11741638183594 221.45826721191406 3.753995895385742 1.5139694213867188 1.6458791494369507 -18.535400390625 1.7960193157196045 28.634859085083008 -4.581701278686523 0.2030
Car 1 1 1 1053.8306884765625 169.55776977539062 1098.5377197265625 190.93496704101562 4.025815486907959 1.5965269804000854 1.6421995162963867 36.10836410522461 1.350051999092102 56.032955169677734 -4.4859209060668945 0.2026
Car 1 1 1 394.3905334472656 172.17941284179688 413.47552490234375 191.89425659179688 4.028748512268066 1.8051191568374634 1.6643240451812744 -19.476768493652344 1.7430528402328491 68.22563171386719 -8.113873481750488 0.2018
Car 1 1 1 396.88433837890625 180.40621948242188 423.5948486328125 201.34674072265625 4.210316181182861 1.4845328330993652 1.630167007446289 -15.29714584350586 2.0839178562164307 55.03687286376953 -5.062507152557373 0.1993
Car 1 1 1 931.7457275390625 172.00112915039062 990.0206909179688 190.64527893066406 3.9476609230041504 1.477898120880127 1.586410403251648 28.200923919677734 1.4099920988082886 58.101985931396484 -3.199753761291504 0.1939
Car 1 1 1 0.0 173.12135314941406 44.90530776977539 235.78359985351562 3.7046172618865967 1.6266450881958008 1.6464637517929077 -18.51062774658203 1.634682059288025 20.623355865478516 -7.822906017303467 0.1925
Pedestrian 1 1 1 1173.04248046875 168.28372192382812 1201.810302734375 208.75526428222656 0.808560311794281 1.819574236869812 0.6511372327804565 26.228097915649414 1.6137974262237549 32.8327751159668 -3.322244644165039 0.1913
Car 1 1 1 468.8578796386719 181.62806701660156 496.97894287109375 203.2336883544922 3.9521892070770264 1.5673935413360596 1.649741768836975 -9.849584579467773 2.2723512649536133 55.98705291748047 -4.755860328674316 0.1909
Pedestrian 1 1 1 424.5895080566406 173.69107055664062 435.9950256347656 200.4425811767578 0.688906192779541 1.7709232568740845 0.666952908039093 -12.04701042175293 1.8270862102508545 48.23159408569336 -8.209737777709961 0.1900
Pedestrian 1 1 1 42.52005386352539 167.55738830566406 65.10992431640625 214.71163940429688 0.5727528929710388 1.7795495986938477 0.5779407620429993 -21.346702575683594 1.5793617963790894 27.634998321533203 -4.018761157989502 0.1894
Pedestrian 1 1 1 983.6896362304688 165.93019104003906 999.0025024414062 189.88796997070312 0.8946218490600586 1.81391441822052 0.5493984222412109 29.041690826416016 1.2893916368484497 55.00642013549805 -6.5327534675598145 0.1886
Car 1 1 1 765.8369750976562 176.6409912109375 821.9028930664062 209.74832153320312 3.8608956336975098 1.4979274272918701 1.550162672996521 8.822175025939941 1.6920186281204224 35.06697082519531 -4.767927169799805 0.1854
Car 1 1 1 0.0 0.0 1241.0 374.0 3.8868181705474854 1.5411207675933838 1.649152159690857 -3.420820713043213 1.623793363571167 0.9578887820243835 -7.901827335357666 0.1836
Car 1 1 1 992.2426147460938 167.146728515625 1073.643310546875 192.2801513671875 4.0079803466796875 1.511326551437378 1.6374495029449463 25.88384246826172 1.16783607006073 44.30591583251953 -6.2329535484313965 0.1739
Pedestrian 1 1 1 22.96769142150879 172.38697814941406 60.190555572509766 234.9224853515625 0.774299144744873 1.773500919342041 0.5950967073440552 -16.55019187927246 1.7599563598632812 20.948074340820312 -3.9471874237060547 0.1712
Car 1 1 1 504.5817565917969 181.36199951171875 529.4117431640625 201.486328125 3.8109071254730225 1.4668574333190918 1.6863816976547241 -7.238646030426025 2.1523592472076416 56.20406723022461 -4.7782087326049805 0.1703
Pedestrian 1 1 1 124.99440002441406 170.36061096191406 153.58139038085938 218.23851013183594 0.6750307083129883 1.7412704229354858 0.6117859482765198 -17.45060157775879 1.650288462638855 26.6837158203125 -7.360724925994873 0.1682
Pedestrian 1 1 1 131.94786071777344 172.21810913085938 165.14083862304688 225.09092712402344 0.8281723260879517 1.7794618606567383 0.5620887279510498 -15.892984390258789 1.7577612400054932 24.78196907043457 -4.022017002105713 0.1654
Car 1 1 1 470.5871276855469 180.09693908691406 503.56494140625 206.3874053955078 3.756810188293457 1.5109219551086426 1.531387209892273 -7.559822082519531 1.975708246231079 44.424705505371094 -4.751584529876709 0.1639
Car 1 1 1 0.0 0.0 1241.0 374.0 3.7911903858184814 1.5337918996810913 1.633252739906311 3.017827272415161 1.5566211938858032 0.9484965205192566 -7.8724799156188965 0.1618
Pedestrian 1 1 1 242.7562713623047 171.166748046875 258.09503173828125 201.87733459472656 0.7629275321960449 1.8015682697296143 0.6365516185760498 -21.342567443847656 1.7022900581359863 42.76390075683594 -8.0513277053833 0.1611
Car 1 1 1 681.8345947265625 176.13475036621094 705.0616455078125 194.17637634277344 3.8266232013702393 1.5016392469406128 1.5530650615692139 7.193326950073242 1.7950084209442139 62.669681549072266 -4.717728137969971 0.1604
Car 1 1 1 881.7496948242188 173.0773468017578 973.3175048828125 203.903076171875 3.90663480758667 1.5085402727127075 1.6125119924545288 15.875799179077148 1.5197830200195312 36.307464599609375 -3.049307346343994 0.1593
Car 1 1 1 660.42138671875 178.56423950195312 695.9026489257812 205.58787536621094 3.9332640171051025 1.5122790336608887 1.6349786520004272 3.9985201358795166 1.8697038888931274 43.210609436035156 -4.743331432342529 0.1581
Car 1 1 1 1162.6776123046875 165.66488647460938 1241.0 191.78781127929688 3.893632650375366 1.5465903282165527 1.6137504577636719 35.98573303222656 1.1206636428833008 43.632843017578125 -3.0855650901794434 0.1576
Car 1 1 1 305.5168151855469 180.6967315673828 367.18841552734375 203.36346435546875 4.016140937805176 1.562177062034607 1.6141080856323242 -19.758384704589844 2.142334461212158 52.03757095336914 -5.982818126678467 0.1571
Car 1 1 1 257.2914123535156 183.58746337890625 314.82159423828125 212.8867645263672 4.03380823135376 1.5024220943450928 1.633783221244812 -18.17119598388672 2.1363749504089355 40.57363510131836 -4.773287296295166 0.1567
Car 1 1 1 829.746826171875 169.2104949951172 859.658447265625 186.2530059814453 3.9214954376220703 1.5760869979858398 1.6189653873443604 22.285648345947266 1.2388354539871216 68.69975280761719 -7.839637279510498 0.1565
Pedestrian 1 1 1 750.6367797851562 171.2478790283203 759.8385620117188 193.14749145507812 0.797120988368988 1.7634819746017456 0.6055282354354858 11.767495155334473 1.6338468790054321 58.58346939086914 -7.483763217926025 0.1551
Car 1 1 1 287.8465270996094 180.85902404785156 325.4821472167969 208.11276245117188 3.910820484161377 1.5985846519470215 1.6010850667953491 -19.16666603088379 2.127808094024658 45.639373779296875 -4.952249526977539 0.1534
Pedestrian 1 1 1 46.077659606933594 163.84307861328125 76.30261993408203 235.87728881835938 0.7602937817573547 1.8175146579742432 0.5897644758224487 -14.26580810546875 1.589857816696167 18.686134338378906 -5.4070305824279785 0.1534
Pedestrian 1 1 1 1037.5020751953125 166.06979370117188 1069.5821533203125 224.1790008544922 0.633445680141449 1.8126434087753296 0.5932010412216187 14.010086059570312 1.6007184982299805 22.87848663330078 -4.919860363006592 0.1510
Car 1 1 1 502.5180358886719 180.07826232910156 537.1727905273438 207.60153198242188 3.8184688091278076 1.5087133646011353 1.5910648107528687 -5.297014236450195 1.9528272151947021 42.47187423706055 -4.719544410705566 0.1504
Pedestrian 1 1 1 1142.5242919921875 148.6147003173828 1203.295654296875 266.9393310546875 0.6168919205665588 1.6743515729904175 0.5629788041114807 8.200337409973145 1.3310534954071045 10.603827476501465 -4.312385559082031 0.1495
Pedestrian 1 1 1 827.9924926757812 163.572998046875 841.9716796875 198.64605712890625 0.8256742358207703 1.806958556175232 0.5927441716194153 11.70998764038086 1.3285025358200073 37.67282485961914 -4.277024745941162 0.1495
Pedestrian 1 1 1 251.50291442871094 172.6452178955078 277.1171569824219 216.92758178710938 0.7698881030082703 1.7486776113510132 0.5904231667518616 -13.92517375946045 1.7401331663131714 28.975025177001953 -3.945497512817383 0.1492
Car 1 1 1 377.3387451171875 179.39259338378906 399.54290771484375 199.62144470214844 4.079292297363281 1.5289863348007202 1.6533421277999878 -17.866886138916016 2.075455665588379 58.1450309753418 -5.004870414733887 0.1491
Car 1 1 1 729.0811767578125 176.76483154296875 810.4998779296875 237.8141326904297 3.90684175491333 1.5194039344787598 1.61581289768219 4.313050746917725 1.6394569873809814 20.209102630615234 -7.797841548919678 0.1491
Pedestrian 1 1 1 183.0048065185547 174.18951416015625 208.44012451171875 216.26490783691406 0.6923224329948425 1.7227786779403687 0.6375373601913452 -17.225500106811523 1.7785667181015015 29.93472671508789 -7.7827467918396 0.1460
Pedestrian 1 1 1 327.2411804199219 168.2999725341797 345.3094482421875 201.85195922851562 0.7054606080055237 1.808402419090271 0.6711472272872925 -14.93504810333252 1.5626468658447266 39.278419494628906 -7.739980220794678 0.1453
Car 1 1 1 185.67893981933594 180.06210327148438 234.7742156982422 208.5442657470703 3.8591911792755127 1.6099131107330322 1.6030100584030151 -24.280452728271484 2.068599224090576 43.88560104370117 -4.9361724853515625 0.1415
Car 1 1 1 0.0 182.78762817382812 34.035240173339844 216.61700439453125 3.9800469875335693 1.5637600421905518 1.6423720121383667 -31.344318389892578 2.0987119674682617 36.74285888671875 -4.97740364074707 0.1409
Pedestrian 1 1 1 75.86894226074219 164.21778869628906 105.49347686767578 233.2959442138672 0.7743915319442749 1.8021804094314575 0.6038205623626709 -13.954550743103027 1.5765701532363892 19.315139770507812 -5.388623237609863 0.1385
Car 1 1 1 898.7850952148438 168.98757934570312 932.2923583984375 187.65928649902344 3.897303819656372 1.6301640272140503 1.6961688995361328 27.46266746520996 1.2922991514205933 65.01775360107422 -4.613664627075195 0.1379
Pedestrian 1 1 1 117.11198425292969 165.5273895263672 143.58001708984375 226.20751953125 0.774666965007782 1.8006728887557983 0.5862525105476379 -14.60693073272705 1.5829569101333618 21.896638870239258 -5.410567760467529 0.1377
Pedestrian 1 1 1 1129.5303955078125 153.93617248535156 1174.77978515625 225.19300842285156 0.7488279342651367 1.8012956380844116 0.5704396963119507 13.986692428588867 1.3227734565734863 18.692230224609375 -5.084840774536133 0.1375
Car 1 1 1 468.99774169921875 180.24859619140625 497.1708679199219 204.4111328125 3.8220410346984863 1.5198343992233276 1.617793321609497 -8.540032386779785 2.0378332138061523 48.5872917175293 -4.8192901611328125 0.1372
Car 1 1 1 0.0 170.19757080078125 24.401052474975586 212.81138610839844 4.033246040344238 1.7290750741958618 1.6595979928970337 -27.543075561523438 1.620989441871643 31.446407318115234 -5.002306938171387 0.1371
Cyclist 1 1 1 861.2090454101562 174.01675415039062 904.4890747070312 215.00038146972656 1.7096836566925049 1.8036384582519531 0.634728193283081 12.129498481750488 1.8559226989746094 32.204437255859375 -6.4141411781311035 0.1369
Pedestrian 1 1 1 954.5584716796875 168.98939514160156 976.9710693359375 206.8025360107422 0.7275952696800232 1.8141101598739624 0.6753525137901306 17.254594802856445 1.6284029483795166 35.08155059814453 -3.6086559295654297 0.1362
Pedestrian 1 1 1 822.3410034179688 172.40077209472656 828.4107666015625 191.32354736328125 0.872318685054779 1.7834525108337402 0.5487080216407776 20.425647735595703 1.7404361963272095 68.50045013427734 -4.42346715927124 0.1361
Car 1 1 1 896.4091186523438 173.6576690673828 961.623291015625 193.91116333007812 4.316884994506836 1.511311650276184 1.6490557193756104 24.3209171295166 1.5738999843597412 55.20120620727539 -6.071215629577637 0.1360
Car 1 1 1 0.0 175.5911865234375 66.76151275634766 216.01673889160156 3.964275598526001 1.6680501699447632 1.6982834339141846 -25.930185317993164 1.7981610298156738 32.22065353393555 -5.11392879486084 0.1359
Car 1 1 1 590.0234985351562 177.69754028320312 618.3878173828125 197.0797576904297 4.050422668457031 1.4949296712875366 1.6103172302246094 -0.5350390672683716 1.9041197299957275 58.86134719848633 -4.900996685028076 0.1351
Car 1 1 1 622.0078125 173.5155487060547 647.1847534179688 193.93118286132812 3.9840261936187744 1.6700725555419922 1.64108145236969 2.02876877784729 1.7277876138687134 61.2173957824707 -7.946916103363037 0.1349
Car 1 1 1 0.0 179.35374450683594 57.03446960449219 208.99771118164062 3.970667839050293 1.648935079574585 1.6462163925170898 -34.884063720703125 2.057361125946045 43.22495651245117 -5.069468021392822 0.1347
Car 1 1 1 399.12738037109375 177.4000701904297 429.59161376953125 202.6987762451172 3.9807746410369873 1.628647804260254 1.6361665725708008 -13.356224060058594 1.9522151947021484 49.304039001464844 -8.02238941192627 0.1344
Pedestrian 1 1 1 0.0 157.51918029785156 33.34732437133789 241.6761016845703 0.747227132320404 1.8619621992111206 0.5719355344772339 -13.635329246520996 1.522381067276001 16.421566009521484 -2.4584758281707764 0.1340
Car 1 1 1 955.875244140625 175.2613983154297 1083.1632080078125 228.20016479492188 3.7080423831939697 1.5431592464447021 1.624639868736267 12.944822311401367 1.6266371011734009 23.159822463989258 -7.994922161102295 0.1332
Pedestrian 1 1 1 118.911376953125 161.02816772460938 149.51956176757812 230.7152862548828 0.7708079218864441 1.8491586446762085 0.6000589728355408 -12.9988431930542 1.535058617591858 19.633878707885742 -5.425795555114746 0.1329
Pedestrian 1 1 1 77.76502227783203 163.0324249267578 117.4334716796875 234.94627380371094 0.7462298274040222 1.8176158666610718 0.5891385674476624 -13.316143989562988 1.569076657295227 18.681949615478516 -2.5976505279541016 0.1324
Pedestrian 1 1 1 98.8216323852539 162.6824493408203 124.79853057861328 228.64227294921875 0.7690995931625366 1.8390592336654663 0.6011919379234314 -14.267386436462402 1.555161476135254 20.604402542114258 -5.30426025390625 0.1324
Car 1 1 1 740.1536254882812 176.31398010253906 786.371337890625 201.88975524902344 3.998887300491333 1.550412893295288 1.592357873916626 9.7636079788208 1.7826918363571167 46.40460968017578 -4.86508846282959 0.1323
Car 1 1 1 0.0 0.0 1241.0 374.0 3.850648880004883 1.5355154275894165 1.6215832233428955 4.614973545074463 1.5399448871612549 1.3101048469543457 -7.909595966339111 0.1322
Pedestrian 1 1 1 46.5701904296875 159.8572998046875 91.37663269042969 237.2996826171875 0.7679039835929871 1.8551102876663208 0.579030454158783 -13.323506355285645 1.5434781312942505 17.704833984375 -2.7229442596435547 0.1318
Car 1 1 1 699.3213500976562 176.33023071289062 726.9669189453125 194.4544219970703 3.9506797790527344 1.4791135787963867 1.571689486503601 8.75572681427002 1.785702109336853 61.67919921875 -4.773741245269775 0.1314
Car 1 1 1 736.91845703125 176.9359130859375 774.3499145507812 206.8850555419922 3.922368049621582 1.530130386352539 1.5940988063812256 7.870423316955566 1.7644309997558594 39.44271469116211 -4.6200737953186035 0.1314
Car 1 1 1 110.795166015625 181.55642700195312 162.43789672851562 209.56179809570312 3.985234022140503 1.5119014978408813 1.6622484922409058 -27.809253692626953 2.0495924949645996 42.44963455200195 -5.058586120605469 0.1312
Car 1 1 1 0.0 0.0 1223.43310546875 374.0 3.826136827468872 1.5418503284454346 1.614070177078247 1.4011740684509277 1.5738424062728882 0.6795806288719177 -7.878927707672119 0.1304
Pedestrian 1 1 1 1225.49951171875 155.6128692626953 1241.0 220.6623992919922 0.7455607056617737 1.7898200750350952 0.5794943571090698 17.86393928527832 1.31513512134552 20.27232551574707 -8.03757381439209 0.1303
Pedestrian 1 1 1 181.26495361328125 170.96591186523438 198.4949493408203 201.56362915039062 0.8758207559585571 1.8623111248016357 0.6065963506698608 -25.870820999145508 1.747093915939331 44.38132095336914 -7.951477527618408 0.1302
Pedestrian 1 1 1 7.1845879554748535 162.79417419433594 45.22634506225586 236.191650390625 0.7517904043197632 1.822072148323059 0.5726644992828369 -14.908387184143066 1.5720399618148804 18.363439559936523 -2.5214784145355225 0.1284
Pedestrian 1 1 1 1024.005615234375 165.0384979248047 1047.89599609375 204.3458709716797 0.6788844466209412 1.837113618850708 0.6975193023681641 20.108753204345703 1.4715394973754883 34.13983917236328 -4.970601558685303 0.1282
Car 1 1 1 642.2637939453125 178.13571166992188 677.4124755859375 201.54510498046875 3.8284366130828857 1.5171736478805542 1.6176832914352417 3.356940746307373 1.8953189849853516 49.68584060668945 -4.862920761108398 0.1278
Pedestrian 1 1 1 366.43231201171875 177.4622802734375 375.1291198730469 196.95909118652344 0.689288854598999 1.7724688053131104 0.6346299052238464 -21.993101119995117 2.1983213424682617 66.26798248291016 -8.372428894042969 0.1271
Car 1 1 1 257.25836181640625 180.9900665283203 300.0800476074219 207.7584228515625 3.940716028213501 1.5530192852020264 1.5931447744369507 -20.73879623413086 2.08622145652771 45.22264099121094 -4.915244102478027 0.1269
Car 1 1 1 218.0502166748047 183.95751953125 314.7746276855469 217.82513427734375 3.661498785018921 1.4628061056137085 1.5744014978408813 -15.571040153503418 1.9800128936767578 32.7010498046875 -3.0632948875427246 0.1269
Pedestrian 1 1 1 26.09543228149414 159.61187744140625 71.18569946289062 239.9056854248047 0.7604726552963257 1.8524653911590576 0.5659867525100708 -13.328181266784668 1.5466554164886475 17.06821060180664 -2.6854448318481445 0.1268
Pedestrian 1 1 1 152.29953002929688 174.08303833007812 180.14625549316406 220.064453125 0.7406413555145264 1.7729073762893677 0.6303346753120422 -17.466720581054688 1.821688175201416 28.330129623413086 -7.247884273529053 0.1264
Car 1 1 1 72.45723724365234 181.96255493164062 130.44183349609375 209.98927307128906 3.874584197998047 1.4904825687408447 1.607246994972229 -29.424663543701172 2.044390916824341 41.81507110595703 -5.004981994628906 0.1253
Pedestrian 1 1 1 1121.8709716796875 166.79148864746094 1148.9151611328125 206.36827087402344 0.8090424537658691 1.8130090236663818 0.6445885896682739 24.321271896362305 1.5349855422973633 33.46396255493164 -3.3853087425231934 0.1250
Car 1 1 1 826.7022094726562 178.27955627441406 889.3693237304688 211.79104614257812 3.766839027404785 1.4774491786956787 1.6225032806396484 11.677125930786133 1.7495287656784058 34.324607849121094 -7.873314380645752 0.1249
Car 1 1 1 741.486572265625 168.2564239501953 771.9158935546875 189.98574829101562 4.0785417556762695 1.7721501588821411 1.6687694787979126 12.314330101013184 1.3968905210494995 60.89970016479492 -7.8722357749938965 0.1237
Car 1 1 1 78.7889633178711 0.0 1241.0 374.0 3.8391776084899902 1.5574758052825928 1.6465635299682617 -1.1600675582885742 1.5995540618896484 0.8053069710731506 -7.886841297149658 0.1235
Car 1 1 1 527.5594482421875 179.41355895996094 549.557861328125 200.00567626953125 4.012333869934082 1.5449938774108887 1.6682161092758179 -5.690506458282471 2.0863680839538574 57.51744842529297 -4.791215419769287 0.1232
Car 1 1 1 924.9286499023438 169.10513305664062 963.1184692382812 186.89132690429688 3.9583539962768555 1.535081386566162 1.6157678365707397 29.674911499023438 1.2112257480621338 64.26530456542969 -4.697190761566162 0.1227
Pedestrian 1 1 1 274.59014892578125 168.09910583496094 295.63250732421875 209.09127807617188 0.6349827647209167 1.775251030921936 0.6260607242584229 -14.255060195922852 1.5690302848815918 31.5734920501709 -4.685428142547607 0.1224
Pedestrian 1 1 1 72.90486145019531 163.27845764160156 109.68265533447266 226.1816864013672 0.7538330554962158 1.840010404586792 0.5648563504219055 -15.556905746459961 1.5596120357513428 21.57695960998535 -4.084517002105713 0.1223
Car 1 1 1 939.1376953125 169.50230407714844 979.51806640625 187.0420684814453 4.044837474822998 1.5282907485961914 1.6782044172286987 31.338821411132812 1.2359470129013062 64.89396667480469 -4.710158824920654 0.1221
Car 1 1 1 741.4331665039062 177.0686798095703 793.63671875 211.8912353515625 3.8436708450317383 1.4970446825027466 1.588889241218567 7.183112621307373 1.7031446695327759 33.410125732421875 -4.7086181640625 0.1219
Pedestrian 1 1 1 1215.7774658203125 148.0553436279297 1241.0 227.77005004882812 0.7574496269226074 1.8021552562713623 0.5890337824821472 14.642012596130371 1.241218090057373 16.757164001464844 -4.990077018737793 0.1218
Car 1 1 1 130.64508056640625 180.0584259033203 228.30178833007812 221.92678833007812 3.655302047729492 1.4477624893188477 1.5959103107452393 -16.287614822387695 1.7397733926773071 27.430267333984375 -4.73502254486084 0.1213
Pedestrian 1 1 1 43.259578704833984 166.9185028076172 74.30107879638672 224.04574584960938 0.7326798439025879 1.7744345664978027 0.5818512439727783 -17.497514724731445 1.5897715091705322 22.853290557861328 -5.046864032745361 0.1209
Car 1 1 1 443.1136779785156 180.19911193847656 473.27545166015625 204.60302734375 4.038843154907227 1.517585039138794 1.66494882106781 -10.139849662780762 2.0299293994903564 48.249298095703125 -4.841336250305176 0.1206
Car 1 1 1 215.3371124267578 180.51913452148438 253.45648193359375 203.60792541503906 4.066318511962891 1.4980717897415161 1.643195390701294 -26.23575210571289 2.056917190551758 50.449745178222656 -5.006433010101318 0.1206
Pedestrian 1 1 1 1144.761962890625 156.06919860839844 1181.0264892578125 218.8365020751953 0.737330436706543 1.8144325017929077 0.5571979284286499 16.237707138061523 1.3289294242858887 21.258386611938477 -3.543851375579834 0.1205
Car 1 1 1 525.6598510742188 179.50831604003906 562.8328247070312 212.99148559570312 4.026142597198486 1.450837254524231 1.641378402709961 -3.099778175354004 1.7844303846359253 34.14400100708008 -4.775051116943359 0.1204
Car 1 1 1 642.3599853515625 176.9781951904297 662.2177734375 193.86817932128906 3.7381646633148193 1.5287015438079834 1.6009820699691772 4.001950740814209 1.9295432567596436 68.22164916992188 -4.578875541687012 0.1204
Pedestrian 1 1 1 1180.9591064453125 164.4792022705078 1210.75830078125 213.8929901123047 0.656880795955658 1.780579686164856 0.610053300857544 21.39391326904297 1.478501796722412 26.409103393554688 -3.543259620666504 0.1202
Car 1 1 1 460.203369140625 178.69639587402344 512.5533447265625 214.3686981201172 3.8708882331848145 1.5074745416641235 1.586958408355713 -5.644810676574707 1.7911591529846191 33.1041259765625 -4.669004440307617 0.1192
Car 1 1 1 1241.0 167.62449645996094 1241.0 347.9195861816406 4.074749946594238 1.5295743942260742 1.6348968744277954 9.03663444519043 1.4849086999893188 7.034201145172119 -6.330488681793213 0.1192
Car 1 1 1 0.0 188.13037109375 0.0 374.0 3.8889927864074707 1.5399268865585327 1.611998200416565 -5.334094047546387 1.626554012298584 2.135194778442383 -7.887702465057373 0.1190
Car 1 1 1 851.2725219726562 167.23394775390625 895.917724609375 187.4359588623047 4.243965148925781 1.7991222143173218 1.718697190284729 24.227998733520508 1.2983189821243286 66.53194427490234 -4.982099533081055 0.1187
Pedestrian 1 1 1 241.15036010742188 167.34902954101562 260.38360595703125 211.12405395507812 0.715890109539032 1.7871941328048706 0.6359430551528931 -14.925710678100586 1.5621439218521118 29.90276336669922 -8.200706481933594 0.1187
Car 1 1 1 799.4341430664062 175.27064514160156 835.1888427734375 200.30694580078125 3.97178316116333 1.5708280801773071 1.6392310857772827 13.631268501281738 1.7373303174972534 47.73606872558594 -4.598083019256592 0.1185
Pedestrian 1 1 1 36.36394500732422 161.71932983398438 74.13285827636719 231.95758056640625 0.7478944063186646 1.836897373199463 0.5927576422691345 -14.906449317932129 1.5453993082046509 19.323904037475586 -2.5539462566375732 0.1177
Pedestrian 1 1 1 125.96308898925781 172.25204467773438 148.30630493164062 210.70034790039062 0.7141427397727966 1.814259648323059 0.6472905874252319 -22.608121871948242 1.7855552434921265 34.44398880004883 -4.845231533050537 0.1169
Car 1 1 1 247.0518341064453 181.40408325195312 281.2923583984375 205.071533203125 4.027396202087402 1.5138500928878784 1.6366811990737915 -23.89105987548828 2.1304078102111816 49.8876953125 -5.031370639801025 0.1164
Car 1 1 1 338.2240295410156 181.88063049316406 433.2030334472656 238.81031799316406 3.983264684677124 1.486302375793457 1.6107666492462158 -6.590618133544922 1.7795377969741821 21.467140197753906 -4.71831750869751 0.1155
Car 1 1 1 864.3255615234375 172.3484649658203 901.9934692382812 193.2218780517578 4.104721546173096 1.5238869190216064 1.5926005840301514 20.657087326049805 1.486679196357727 54.78595733642578 -4.6326212882995605 0.1154
Car 1 1 1 979.6875 167.4645233154297 1024.09716796875 186.25099182128906 3.9157650470733643 1.6380735635757446 1.6838674545288086 35.18009948730469 1.1678409576416016 64.92144012451172 -4.77592134475708 0.1150
Pedestrian 1 1 1 165.78701782226562 167.52813720703125 190.56478881835938 219.6185760498047 0.7720518708229065 1.8026089668273926 0.5885157585144043 -15.255790710449219 1.6180058717727661 25.426183700561523 -5.02061128616333 0.1144
Car 1 1 1 650.07421875 174.71389770507812 673.3867797851562 196.0440216064453 4.216408729553223 1.7095625400543213 1.68572998046875 4.33817720413208 1.8706740140914917 60.41624069213867 -4.577430248260498 0.1142
Car 1 1 1 714.655517578125 176.29983520507812 748.5120849609375 201.56057739257812 4.000115394592285 1.5532146692276 1.6043787002563477 7.827534198760986 1.7866771221160889 46.93198776245117 -4.69141960144043 0.1141
Car 1 1 1 1241.0 168.5115203857422 1241.0 306.1014099121094 3.9530856609344482 1.5141485929489136 1.6033655405044556 10.358942985534668 1.4660604000091553 8.95166015625 -6.391836166381836 0.1131
Pedestrian 1 1 1 131.33213806152344 163.6549530029297 159.2918701171875 229.19142150878906 0.7850673198699951 1.8260270357131958 0.6000725030899048 -13.317633628845215 1.5694164037704468 20.598058700561523 -8.519892692565918 0.1129
Pedestrian 1 1 1 90.02497100830078 165.01905822753906 121.64784240722656 228.5570831298828 0.7674878239631653 1.8300259113311768 0.604130208492279 -14.906888961791992 1.604063630104065 21.262760162353516 -2.411759853363037 0.1128
Car 1 1 1 469.1596984863281 179.5314483642578 503.8913879394531 208.41818237304688 3.849254608154297 1.5110605955123901 1.5456066131591797 -6.942366600036621 1.9050004482269287 40.62763595581055 -4.7797441482543945 0.1122
Car 1 1 1 550.0926513671875 178.4868927001953 571.0560913085938 198.29139709472656 4.145169258117676 1.5227510929107666 1.645247459411621 -4.076485633850098 1.9982874393463135 58.82102584838867 -4.790722846984863 0.1120
Cyclist 1 1 1 467.3879699707031 165.4935760498047 486.38482666015625 211.22959899902344 1.5817358493804932 1.7462178468704224 0.5653441548347473 -5.2658257484436035 1.4648942947387695 28.357872009277344 -4.785069942474365 0.1116
Car 1 1 1 192.11061096191406 181.1493377685547 232.0938720703125 204.27340698242188 4.004513263702393 1.5197829008102417 1.643789291381836 -28.16055679321289 2.1319093704223633 51.11764144897461 -4.9950270652771 0.1116
Car 1 1 1 439.4948425292969 180.1962432861328 463.4670715332031 201.74754333496094 3.77538800239563 1.5716174840927124 1.5950583219528198 -12.3656005859375 2.1622314453125 56.036888122558594 -4.98807954788208 0.1114
Car 1 1 1 1196.9456787109375 173.42568969726562 1241.0 198.87403869628906 4.013915538787842 1.5325220823287964 1.6499958038330078 39.26584243774414 1.5701018571853638 45.67877960205078 -4.511005878448486 0.1114
Pedestrian 1 1 1 875.7061767578125 163.88084411621094 898.2490234375 220.0863494873047 0.6854026317596436 1.6466184854507446 0.5739602446556091 8.216241836547852 1.3834375143051147 21.547971725463867 -7.569241046905518 0.1113
Pedestrian 1 1 1 151.4935302734375 166.5199432373047 172.94647216796875 220.92974853515625 0.8010091781616211 1.8087825775146484 0.5893810987472534 -15.24387264251709 1.5979150533676147 24.48336410522461 -8.446066856384277 0.1109
Pedestrian 1 1 1 640.151123046875 173.43487548828125 650.9298095703125 194.03282165527344 0.6946818232536316 1.7756696939468384 0.6355653405189514 3.0637905597686768 1.8262214660644531 62.69696044921875 -8.519928932189941 0.1109
Pedestrian 1 1 1 1219.724853515625 152.4055938720703 1241.0 222.367431640625 0.7610287666320801 1.8040720224380493 0.5729392766952515 16.58299446105957 1.2764790058135986 19.00144386291504 -6.6176371574401855 0.1108
Pedestrian 1 1 1 969.7156372070312 174.4071044921875 985.0986328125 198.0485382080078 0.7836126089096069 1.7313337326049805 0.651913046836853 27.163135528564453 1.8470674753189087 53.40663146972656 -5.21627950668335 0.1106
Pedestrian 1 1 1 1077.9093017578125 166.8401336669922 1092.92822265625 196.64016723632812 0.7428078651428223 1.7491868734359741 0.5454183220863342 28.16383934020996 1.3958876132965088 42.79826736450195 -6.9652628898620605 0.1106
Car 1 1 1 220.62576293945312 184.40806579589844 365.65521240234375 267.2232971191406 3.879265069961548 1.4823887348175049 1.6007015705108643 -6.639483451843262 1.7613110542297363 15.453092575073242 -4.772195339202881 0.1105
Pedestrian 1 1 1 841.7303466796875 163.7523956298828 867.0112915039062 221.76361083984375 0.7074765563011169 1.7007124423980713 0.6093337535858154 7.243392467498779 1.4335812330245972 21.55243682861328 -7.688281536102295 0.1101
Pedestrian 1 1 1 937.3353881835938 159.58154296875 960.1751098632812 220.72308349609375 0.655304491519928 1.7394353151321411 0.5916155576705933 9.782498359680176 1.3615429401397705 20.949079513549805 -7.418824195861816 0.1100
