Car 1 1 1 0.0 194.30673217773438 198.4055938720703 374.0 3.9359989166259766 1.5071607828140259 1.6320648193359375 -3.108276128768921 1.630064606666565 2.1264069080352783 -4.778202056884766 0.6574
Car 1 1 1 538.4231567382812 175.93475341796875 565.8043212890625 202.62257385253906 4.074873924255371 1.647451400756836 1.6613222360610962 -3.772380828857422 1.857102632522583 47.096412658691406 -4.7621378898620605 0.6391
Pedestrian 1 1 1 946.6325073242188 132.47154235839844 1018.553466796875 292.36151123046875 0.8223705291748047 1.8148797750473022 0.6161119341850281 4.396143436431885 1.3562064170837402 8.669698715209961 -4.435876846313477 0.4121
Cyclist 1 1 1 419.20050048828125 158.48036193847656 459.14886474609375 210.65786743164062 1.5960721969604492 1.7317306995391846 0.5630899667739868 -5.898686408996582 1.2543808221817017 24.793508529663086 -4.373696804046631 0.3663
Pedestrian 1 1 1 738.091064453125 161.4244384765625 758.7266845703125 217.61778259277344 0.7601643204689026 1.7713699340820312 0.6148121953010559 4.389533519744873 1.410778284072876 23.164663314819336 -7.711848735809326 0.3371
Car 1 1 1 685.28857421875 171.8017578125 725.7115478515625 201.71458435058594 3.9420583248138428 1.4898502826690674 1.6052360534667969 4.923288345336914 1.4371414184570312 37.90941619873047 -4.7108917236328125 0.3100
Pedestrian 1 1 1 1126.144775390625 118.24793243408203 1241.0 360.294677734375 0.7343851923942566 1.7917613983154297 0.6301800012588501 4.673768997192383 1.3872376680374146 5.785238265991211 -5.012991905212402 0.2939
Car 1 1 1 390.7011413574219 179.44102478027344 457.7818603515625 224.0248260498047 3.9895577430725098 1.4985017776489258 1.630944848060608 -6.871413230895996 1.762098789215088 26.878963470458984 -4.755593299865723 0.2632
Pedestrian 1 1 1 724.5746459960938 165.2267303466797 741.7713012695312 210.84274291992188 0.7141996622085571 1.7429664134979248 0.6335466504096985 4.724311351776123 1.4512324333190918 27.966472625732422 -7.717596530914307 0.2445
Pedestrian 1 1 1 692.6155395507812 147.20314025878906 745.4915771484375 256.6900939941406 0.7886848449707031 1.7850260734558105 0.5811789035797119 1.8023651838302612 1.3665258884429932 12.253416061401367 -4.0626373291015625 0.2391
Pedestrian 1 1 1 284.97125244140625 164.0017547607422 316.721435546875 224.4318084716797 0.6201650500297546 1.748508334159851 0.6066306829452515 -9.151226997375488 1.4920740127563477 21.254762649536133 -4.453075408935547 0.2194
Pedestrian 1 1 1 514.7422485351562 173.64544677734375 525.6109008789062 201.42286682128906 0.7186530828475952 1.7162830829620361 0.6313188076019287 -5.640866756439209 1.765810489654541 45.0157585144043 -8.036733627319336 0.2166
Car 1 1 1 612.3435668945312 178.33688354492188 638.4837646484375 200.44158935546875 3.807223081588745 1.6041752099990845 1.6250267028808594 1.119710087776184 2.0389933586120605 55.29878616333008 -7.933640956878662 0.2109
Pedestrian 1 1 1 674.8021240234375 162.44345092773438 696.7725830078125 226.36634826660156 0.7672209143638611 1.7557134628295898 0.6010246872901917 2.0729033946990967 1.469476342201233 20.229772567749023 -7.7530646324157715 0.2099
Pedestrian 1 1 1 803.5724487304688 158.49757385253906 836.306884765625 228.94564819335938 0.9159135222434998 1.7371822595596313 0.6796172261238098 5.294317722320557 1.382866621017456 18.349363327026367 -7.432227611541748 0.2005
Pedestrian 1 1 1 727.2059936523438 165.08346557617188 744.8683471679688 212.40924072265625 0.6794523596763611 1.7490310668945312 0.6284188032150269 4.6850810050964355 1.4615534543991089 27.063739776611328 -7.644345760345459 0.1969
Car 1 1 1 1035.7943115234375 175.4675750732422 1241.0 256.2865295410156 3.9380929470062256 1.494363784790039 1.6386451721191406 11.38221263885498 1.5580600500106812 15.572319030761719 -8.06091594696045 0.1964
Car 1 1 1 1025.5050048828125 170.03053283691406 1217.200439453125 236.50106811523438 3.903212785720825 1.52875554561615 1.682572603225708 12.969170570373535 1.4635189771652222 18.689783096313477 -8.092546463012695 0.1876
Car 1 1 1 932.7098388671875 159.14480590820312 1031.1456298828125 203.905517578125 3.5351898670196533 1.5401637554168701 1.5648478269577026 13.582768440246582 1.0681464672088623 26.66229820251465 -4.809346675872803 0.1861
Car 1 1 1 670.6555786132812 176.97433471679688 708.19921875 203.94285583496094 3.9558403491973877 1.5007811784744263 1.5680040121078491 4.624331474304199 1.7563823461532593 42.791561126708984 -4.771702766418457 0.1854
Pedestrian 1 1 1 772.0108642578125 163.66026306152344 795.5451049804688 222.6005859375 0.7197679877281189 1.6755386590957642 0.6012976169586182 5.000094413757324 1.4138818979263306 20.9492130279541 -7.526077747344971 0.1826
Car 1 1 1 551.531494140625 179.4729461669922 576.2899169921875 200.03318786621094 4.020567893981934 1.5741477012634277 1.6250790357589722 -3.7349495887756348 2.1300034523010254 58.590633392333984 -4.678670883178711 0.1760
Pedestrian 1 1 1 639.3788452148438 156.66058349609375 665.4741821289062 220.41787719726562 0.7608218789100647 1.7509901523590088 0.598051905632019 1.146728515625 1.305964469909668 20.2584228515625 -4.462409019470215 0.1757
Pedestrian 1 1 1 861.0062866210938 162.25186157226562 879.564697265625 207.69508361816406 0.6622670888900757 1.7611150741577148 0.6072918176651001 10.17780876159668 1.3499376773834229 28.352140426635742 -4.491869926452637 0.1744
Car 1 1 1 590.3193359375 178.8567352294922 616.9360961914062 199.4550018310547 3.731381416320801 1.530219316482544 1.6008659601211548 -0.49596965312957764 2.017805576324463 56.692413330078125 -7.726413249969482 0.1730
Cyclist 1 1 1 1040.877685546875 149.54006958007812 1131.7738037109375 251.48822021484375 1.777727484703064 1.659011960029602 0.5077864527702332 8.23578929901123 1.2793221473693848 12.64415168762207 -7.79392671585083 0.1727
Pedestrian 1 1 1 697.2803955078125 167.67689514160156 720.8499755859375 210.92123413085938 0.7381197810173035 1.7635892629623413 0.6310288906097412 4.060979843139648 1.5521565675735474 29.900798797607422 -3.79702091217041 0.1722
Pedestrian 1 1 1 1011.1925048828125 142.8057403564453 1087.49072265625 312.8078918457031 0.7405957579612732 1.7152862548828125 0.5725023746490479 4.664026737213135 1.4118056297302246 7.746881484985352 -3.979154109954834 0.1721
Cyclist 1 1 1 969.5338134765625 156.64369201660156 1040.423583984375 234.10597229003906 1.710032343864441 1.6673367023468018 0.5046722888946533 8.891295433044434 1.3181180953979492 16.4108943939209 -7.98145055770874 0.1716
Cyclist 1 1 1 995.7886962890625 157.07669067382812 1068.0367431640625 236.1820526123047 1.7340794801712036 1.7029600143432617 0.5236061811447144 9.505683898925781 1.3630101680755615 16.41769027709961 -7.930985927581787 0.1689
Pedestrian 1 1 1 1019.1312255859375 156.1186981201172 1039.5006103515625 202.2798614501953 0.6274265050888062 1.8060617446899414 0.5917607545852661 16.584667205810547 1.1509908437728882 28.624528884887695 -4.3732805252075195 0.1659
Pedestrian 1 1 1 140.134765625 158.36215209960938 182.56524658203125 232.55718994140625 0.7217792868614197 1.7810667753219604 0.5724692344665527 -11.045755386352539 1.432887315750122 17.697879791259766 -4.6530866622924805 0.1596
Pedestrian 1 1 1 439.6615295410156 165.1168212890625 460.796875 208.9071807861328 0.7779188752174377 1.7516447305679321 0.6407144069671631 -6.521053314208984 1.44185209274292 29.27366065979004 -7.779699802398682 0.1584
Car 1 1 1 509.9220886230469 177.10256958007812 539.3489990234375 203.8274383544922 4.010664939880371 1.6583918333053589 1.6373060941696167 -5.606907367706299 1.9495768547058105 47.46320343017578 -4.757324695587158 0.1553
Car 1 1 1 0.0 0.0 1241.0 374.0 3.8266234397888184 1.5282704830169678 1.635576844215393 3.006223678588867 1.5481867790222168 0.9259211421012878 -7.873411655426025 0.1504
Pedestrian 1 1 1 263.0169677734375 166.02923583984375 305.4742431640625 246.169921875 0.6492919325828552 1.7133100032806396 0.5705916285514832 -7.181513786315918 1.5671048164367676 15.806894302368164 -4.481587886810303 0.1503
Car 1 1 1 0.0 190.1986083984375 12.925292015075684 374.0 3.930680274963379 1.5099549293518066 1.6290775537490845 -5.314594268798828 1.6447679996490479 3.581019401550293 -4.817083358764648 0.1496
Pedestrian 1 1 1 766.138427734375 160.68408203125 787.0285034179688 216.10507202148438 0.7008065581321716 1.7482733726501465 0.6440577507019043 5.301508903503418 1.3640693426132202 23.175180435180664 -7.626351833343506 0.1494
Pedestrian 1 1 1 1037.19775390625 159.46337890625 1063.544921875 208.13592529296875 0.6414436101913452 1.7761256694793701 0.6346216797828674 16.240558624267578 1.2871841192245483 26.695859909057617 -7.6984639167785645 0.1489
Car 1 1 1 693.5194091796875 171.20571899414062 743.6346435546875 206.94314575195312 4.055620193481445 1.5649772882461548 1.664961814880371 4.9501495361328125 1.492497205734253 33.63729476928711 -4.7278618812561035 0.1486
Pedestrian 1 1 1 452.6671447753906 168.50450134277344 473.79412841796875 212.3852081298828 0.841908872127533 1.7342946529388428 0.6209284067153931 -5.930018901824951 1.5620900392532349 28.96243667602539 -4.629800796508789 0.1485
Pedestrian 1 1 1 505.15472412109375 170.946533203125 519.8789672851562 200.5690460205078 0.722440779209137 1.776538610458374 0.6147032380104065 -5.946796894073486 1.661842703819275 43.74544906616211 -8.484528541564941 0.1466
Pedestrian 1 1 1 875.2590942382812 163.1231231689453 899.02734375 220.73904418945312 0.7280818819999695 1.6873445510864258 0.5768762826919556 8.222848892211914 1.4020652770996094 21.553762435913086 -7.610973834991455 0.1462
Pedestrian 1 1 1 462.4703063964844 168.579833984375 480.3837890625 210.10252380371094 0.7461698055267334 1.7364225387573242 0.613737940788269 -5.905649185180664 1.5573831796646118 30.54770851135254 -7.8510870933532715 0.1432
Pedestrian 1 1 1 791.0924072265625 165.63552856445312 808.8606567382812 209.381103515625 0.735924482345581 1.72868812084198 0.6076456308364868 7.58511209487915 1.4431371688842773 28.966665267944336 -7.478492736816406 0.1400
Pedestrian 1 1 1 1184.0255126953125 132.25064086914062 1241.0 262.6031799316406 0.7132837176322937 1.775658369064331 0.5820536017417908 8.548381805419922 1.2222607135772705 10.28679084777832 -3.928225040435791 0.1399
Pedestrian 1 1 1 90.72157287597656 160.88308715820312 155.8754425048828 282.25213623046875 0.6818458437919617 1.718532919883728 0.5834338665008545 -7.195740699768066 1.5487300157546997 10.611603736877441 -3.5101213455200195 0.1393
Car 1 1 1 598.5637817382812 177.83917236328125 628.2804565429688 205.74740600585938 4.02738618850708 1.5375696420669556 1.6477575302124023 0.1242842823266983 1.8449840545654297 42.507511138916016 -4.732723236083984 0.1379
Car 1 1 1 499.7987365722656 176.51275634765625 526.2937622070312 201.36270141601562 4.122230529785156 1.6810094118118286 1.6669161319732666 -6.919422626495361 1.95290207862854 51.556541442871094 -4.793971538543701 0.1354
Cyclist 1 1 1 501.28466796875 172.34652709960938 513.7385864257812 203.08407592773438 1.701120376586914 1.7303087711334229 0.5349854826927185 -5.920909881591797 1.7014411687850952 41.47723388671875 -4.7487874031066895 0.1352
Pedestrian 1 1 1 739.5521850585938 165.53167724609375 758.5499877929688 212.1357879638672 0.7380660772323608 1.7584117650985718 0.6181976199150085 5.2911458015441895 1.4818347692489624 27.673744201660156 -7.522620677947998 0.1336
Pedestrian 1 1 1 1016.9032592773438 159.67620849609375 1039.9268798828125 207.93284606933594 0.6377357840538025 1.7796906232833862 0.6261410713195801 15.611117362976074 1.2933975458145142 27.01043701171875 -7.53814172744751 0.1333
Pedestrian 1 1 1 488.1144104003906 170.084716796875 503.2632141113281 202.9494171142578 0.7752947211265564 1.7693711519241333 0.6477647423744202 -6.254246234893799 1.6199780702590942 39.25981903076172 -7.769337177276611 0.1302
Car 1 1 1 697.2979736328125 177.81719970703125 736.163330078125 204.3784942626953 4.023163795471191 1.4726650714874268 1.6248054504394531 6.240153789520264 1.780673861503601 42.79220962524414 -4.734377861022949 0.1298
Car 1 1 1 685.3526611328125 174.39996337890625 714.7637939453125 197.17454528808594 4.209512710571289 1.6772454977035522 1.6542329788208008 6.86232328414917 1.8005050420761108 55.54736328125 -7.874587535858154 0.1293
Pedestrian 1 1 1 921.9035034179688 162.58409118652344 954.0199584960938 224.7231903076172 0.6645021438598633 1.662880539894104 0.5613135099411011 8.873505592346191 1.387751579284668 19.64856719970703 -7.881231784820557 0.1283
Car 1 1 1 551.5573120117188 178.90658569335938 575.3713989257812 202.18692016601562 4.063789367675781 1.5779600143432617 1.6490553617477417 -3.4214367866516113 2.0321156978607178 52.08509063720703 -4.792362213134766 0.1270
Car 1 1 1 0.0 0.0 1241.0 374.0 3.7934510707855225 1.5496735572814941 1.6061251163482666 1.3901358842849731 1.5899713039398193 0.13596603274345398 -7.874571323394775 0.1245
Pedestrian 1 1 1 749.2504272460938 162.30349731445312 772.884521484375 221.44764709472656 0.7187767028808594 1.704879879951477 0.6156924366950989 4.400552749633789 1.4004528522491455 21.23348617553711 -4.411077976226807 0.1244
Car 1 1 1 1241.0 160.38186645507812 1241.0 374.0 4.159788608551025 1.5530726909637451 1.60841965675354 7.736012935638428 1.4680273532867432 5.747086048126221 -6.302577495574951 0.1243
Pedestrian 1 1 1 468.8233642578125 169.0652618408203 483.9311218261719 202.7901153564453 0.7291929721832275 1.7874521017074585 0.6376664042472839 -7.188181400299072 1.5863454341888428 38.625953674316406 -7.791809558868408 0.1243
Pedestrian 1 1 1 534.8287353515625 170.59066772460938 543.3265991210938 193.78607177734375 0.8265108466148376 1.816459059715271 0.5976669788360596 -5.619890213012695 1.6389145851135254 56.92082977294922 -7.864381313323975 0.1231
Pedestrian 1 1 1 806.630126953125 158.1837158203125 835.9993896484375 244.1276092529297 0.7609021067619324 1.7497692108154297 0.5600801706314087 4.368385314941406 1.450790524482727 15.127017974853516 -4.467940330505371 0.1225
Pedestrian 1 1 1 867.7241821289062 153.51046752929688 921.2067260742188 269.0091857910156 0.732667088508606 1.72813880443573 0.5508268475532532 4.383990287780762 1.4384130239486694 11.252157211303711 -3.9719533920288086 0.1224
Pedestrian 1 1 1 1044.1605224609375 164.59906005859375 1073.550048828125 215.39280700683594 0.7155183553695679 1.7821154594421387 0.5976366996765137 15.962549209594727 1.4921882152557373 25.73841094970703 -3.583038330078125 0.1213
Pedestrian 1 1 1 823.5421142578125 160.4231414794922 860.132568359375 233.17279052734375 0.696521520614624 1.6486972570419312 0.5580478310585022 5.318058967590332 1.3666815757751465 16.736860275268555 -7.9990010261535645 0.1209
Car 1 1 1 594.4559326171875 178.00119018554688 629.6864624023438 210.40496826171875 3.9111101627349854 1.5124495029449463 1.6478805541992188 0.11117064952850342 1.7851893901824951 36.29150390625 -4.676953315734863 0.1193
Car 1 1 1 272.6407470703125 179.78073120117188 397.3100891113281 221.96205139160156 4.0484418869018555 1.4961020946502686 1.6251083612442017 -10.25720500946045 1.7639775276184082 26.928691864013672 -3.0437536239624023 0.1186
Pedestrian 1 1 1 157.43826293945312 158.60353088378906 200.8581085205078 233.789794921875 0.6931256055831909 1.7732264995574951 0.6070931553840637 -10.425992012023926 1.4368371963500977 17.389841079711914 -4.621158599853516 0.1185
Cyclist 1 1 1 941.0413818359375 155.32781982421875 1010.0065307617188 236.95079040527344 1.7109651565551758 1.688097357749939 0.5057812929153442 7.911503791809082 1.3253273963928223 15.798805236816406 -7.952560901641846 0.1185
Pedestrian 1 1 1 1037.0963134765625 153.8072509765625 1061.7139892578125 200.7075958251953 0.6726993322372437 1.8167734146118164 0.6289429664611816 17.206623077392578 1.0786617994308472 28.339187622070312 -7.666499614715576 0.1178
Pedestrian 1 1 1 290.1690979003906 166.07589721679688 331.87774658203125 246.52493286132812 0.615797758102417 1.7158154249191284 0.5763611197471619 -6.588005542755127 1.570952296257019 15.78445816040039 -4.314438819885254 0.1164
Car 1 1 1 1241.0 172.85508728027344 1241.0 374.0 4.09382438659668 1.4878796339035034 1.6063833236694336 6.28090763092041 1.4875868558883667 3.833291530609131 -6.318863391876221 0.1164
Pedestrian 1 1 1 771.587646484375 161.6584014892578 797.8754272460938 229.92710876464844 0.878524899482727 1.6895846128463745 0.6348293423652649 4.390589237213135 1.4122047424316406 18.35785484313965 -4.480330944061279 0.1163
Pedestrian 1 1 1 0.0 0.0 1241.0 374.0 0.7260738015174866 1.7489742040634155 0.583328127861023 -3.9721972942352295 1.3758482933044434 -0.27189093828201294 -7.285038471221924 0.1154
Car 1 1 1 554.2972412109375 178.32330322265625 586.4949951171875 206.2852783203125 4.003232479095459 1.566741943359375 1.670920729637146 -2.456249475479126 1.9107272624969482 43.33246994018555 -4.832488059997559 0.1152
Car 1 1 1 483.8627014160156 178.98507690429688 514.3890380859375 204.5028839111328 3.930814266204834 1.5564485788345337 1.619767189025879 -7.211368560791016 1.9725182056427002 46.98871612548828 -4.774641513824463 0.1146
Pedestrian 1 1 1 172.08250427246094 168.8347930908203 225.82559204101562 264.7063293457031 0.6314045190811157 1.6256951093673706 0.5385069847106934 -7.21624755859375 1.5572413206100464 12.589171409606934 -4.5548014640808105 0.1143
Car 1 1 1 635.4322509765625 177.8706817626953 671.5888671875 206.55471801757812 3.946953773498535 1.5142221450805664 1.6507885456085205 2.3742852210998535 1.8115086555480957 40.79617691040039 -4.752602577209473 0.1136
Pedestrian 1 1 1 1241.0 134.59848022460938 1241.0 270.1571960449219 0.6723061203956604 1.7394957542419434 0.5860379934310913 8.841972351074219 1.2482991218566895 9.704739570617676 -3.997077465057373 0.1131
Pedestrian 1 1 1 1001.5328979492188 161.89498901367188 1019.1854248046875 210.107177734375 0.5431640148162842 1.7814650535583496 0.5344182252883911 14.956506729125977 1.3762239217758179 27.035600662231445 -4.121137619018555 0.1131
Cyclist 1 1 1 922.951416015625 157.9545440673828 984.6902465820312 231.11688232421875 1.6992775201797485 1.6786534786224365 0.49613291025161743 8.219654083251953 1.3364970684051514 17.430383682250977 -7.988661289215088 0.1128
Cyclist 1 1 1 809.0140380859375 168.86981201171875 838.2353515625 214.37075805664062 1.7471083402633667 1.7104884386062622 0.5396919846534729 8.230426788330078 1.560413122177124 28.010025024414062 -7.9029059410095215 0.1121
Car 1 1 1 220.15208435058594 181.09515380859375 325.7687683105469 236.48226928710938 3.70794939994812 1.5017380714416504 1.5824286937713623 -10.187477111816406 1.7741469144821167 21.999252319335938 -4.742856979370117 0.1120
Pedestrian 1 1 1 9.433250427246094 142.06024169921875 129.7821044921875 324.6083984375 0.8100595474243164 1.7523103952407837 0.5884671807289124 -5.5937418937683105 1.456416130065918 7.4184465408325195 -4.266883850097656 0.1120
Pedestrian 1 1 1 706.4519653320312 167.13844299316406 729.9676513671875 211.2348175048828 0.7626497149467468 1.7619705200195312 0.6109745502471924 4.353192329406738 1.5332920551300049 29.31625747680664 -3.925802707672119 0.1113
Pedestrian 1 1 1 947.8472900390625 162.01902770996094 964.1921997070312 206.38455200195312 0.5942322611808777 1.7762069702148438 0.5925191044807434 13.997283935546875 1.3421207666397095 29.283349990844727 -7.4065260887146 0.1106
Pedestrian 1 1 1 939.636962890625 158.92872619628906 962.341064453125 208.99969482421875 0.6832391023635864 1.8032400608062744 0.5961100459098816 12.412665367126465 1.3014401197433472 26.3758487701416 -7.669003963470459 0.1105
Pedestrian 1 1 1 801.4952392578125 161.5227813720703 826.263427734375 220.0636749267578 0.6807450652122498 1.690614938735962 0.6110748052597046 5.939080715179443 1.3630781173706055 21.215808868408203 -7.719109058380127 0.1096
Car 1 1 1 505.92889404296875 177.80087280273438 544.8532104492188 207.3909912109375 4.008448123931885 1.5374349355697632 1.651734709739685 -4.695152759552002 1.8264039754867554 40.177520751953125 -4.699737071990967 0.1088
Pedestrian 1 1 1 734.6434936523438 165.3229522705078 755.0680541992188 207.88192749023438 0.8238367438316345 1.7714868783950806 0.6024532914161682 5.667541027069092 1.457713007926941 30.54156494140625 -4.174715995788574 0.1079
Car 1 1 1 0.0 180.027587890625 120.68451690673828 305.83355712890625 4.000189304351807 1.6020243167877197 1.6444931030273438 -9.5646333694458 1.7124593257904053 10.21566390991211 -3.1921911239624023 0.1067
Car 1 1 1 700.57568359375 175.61859130859375 729.8045043945312 194.08811950683594 3.8921401500701904 1.487430214881897 1.5329004526138306 8.790011405944824 1.7275091409683228 60.72430419921875 -7.954428195953369 0.1067
Pedestrian 1 1 1 1021.4613037109375 162.3949737548828 1048.111328125 212.72750854492188 0.6520151495933533 1.788246750831604 0.5925132036209106 15.293309211730957 1.4163520336151123 26.058208465576172 -3.6914238929748535 0.1065
Pedestrian 1 1 1 740.330810546875 152.27340698242188 779.6641235351562 260.03656005859375 0.7542654871940613 1.712846279144287 0.574439287185669 2.4290482997894287 1.3854272365570068 11.91195297241211 -4.422850608825684 0.1055
Car 1 1 1 894.3453369140625 174.57882690429688 1007.9189453125 222.91941833496094 3.719766855239868 1.4961646795272827 1.6119959354400635 11.378299713134766 1.559024453163147 24.447019577026367 -8.034124374389648 0.1054
Car 1 1 1 0.0 182.40838623046875 139.6168670654297 287.30047607421875 4.0411529541015625 1.546380639076233 1.6079353094100952 -10.497907638549805 1.7480955123901367 13.139430046081543 -4.859344959259033 0.1044
Pedestrian 1 1 1 842.4279174804688 161.62513732910156 865.0693359375 210.0261993408203 0.7204723358154297 1.7441904544830322 0.6261993646621704 8.861235618591309 1.3392448425292969 26.384916305541992 -7.776302814483643 0.1043
Car 1 1 1 684.95703125 178.67422485351562 786.4248046875 254.73301696777344 3.8094141483306885 1.5000466108322144 1.6239973306655884 2.676719903945923 1.6476970911026 16.432039260864258 -7.859913349151611 0.1037
Pedestrian 1 1 1 743.1556396484375 163.5142364501953 763.5343017578125 219.1954345703125 0.7034470438957214 1.6832529306411743 0.6057794094085693 4.3622918128967285 1.4006102085113525 22.215261459350586 -7.66204309463501 0.1033
Car 1 1 1 598.5528564453125 177.53909301757812 625.1394653320312 203.1554718017578 3.9202253818511963 1.5555721521377563 1.6418440341949463 0.1147080808877945 1.8701131343841553 46.51309585571289 -4.694048881530762 0.1033
Car 1 1 1 0.0 179.8932342529297 153.9623565673828 254.81451416015625 3.7313191890716553 1.5016121864318848 1.5936928987503052 -12.418448448181152 1.6842880249023438 16.792848587036133 -4.8600897789001465 0.1005
Car 1 1 1 627.8654174804688 176.86526489257812 669.8050537109375 211.4888153076172 3.78002667427063 1.533582091331482 1.6199308633804321 1.752816081047058 1.7348448038101196 34.330955505371094 -7.900529384613037 0.1003
