Car 1 1 1 0.0 186.62953186035156 196.1410675048828 320.6125183105469 3.9560675621032715 1.4984567165374756 1.609434723854065 -7.938453674316406 1.7370965480804443 10.499664306640625 -4.762091159820557 0.7938
Car 1 1 1 227.64125061035156 180.83157348632812 354.6951599121094 248.967041015625 3.8872179985046387 1.4925612211227417 1.6286964416503906 -7.938520908355713 1.7158050537109375 18.243465423583984 -4.753046035766602 0.7798
Car 1 1 1 739.3168334960938 172.08396911621094 981.3919677734375 335.1114807128906 3.5711965560913086 1.5287501811981201 1.584932565689087 2.617064952850342 1.5212293863296509 8.563824653625488 -7.869635105133057 0.7534
Car 1 1 1 871.134765625 180.23654174804688 1241.0 374.0 3.7822859287261963 1.501701831817627 1.5953714847564697 2.696202278137207 1.5551722049713135 3.331690788269043 -7.8968424797058105 0.7247
Car 1 1 1 656.8115234375 170.49424743652344 719.1512451171875 218.0561065673828 3.931870937347412 1.6160411834716797 1.6471350193023682 2.7383177280426025 1.535562515258789 26.527196884155273 -7.912911891937256 0.6978
Car 1 1 1 715.7343139648438 175.2764129638672 850.6676025390625 270.4620361328125 3.5915956497192383 1.5121724605560303 1.589382290840149 2.9865026473999023 1.56279718875885 13.361540794372559 -7.868079662322998 0.6871
Car 1 1 1 582.365234375 174.8650360107422 619.5393676757812 208.71058654785156 3.9963879585266113 1.5105701684951782 1.6409882307052612 -0.523903489112854 1.6120363473892212 34.478675842285156 -7.899998188018799 0.6730
Car 1 1 1 638.64208984375 174.4766387939453 666.1704711914062 197.28746032714844 3.754528760910034 1.5599632263183594 1.6036804914474487 2.9621379375457764 1.6798151731491089 51.52168655395508 -7.892354488372803 0.5372
Car 1 1 1 598.95947265625 173.12741088867188 628.2576904296875 202.20362854003906 4.129690170288086 1.6460310220718384 1.6607065200805664 0.14645230770111084 1.6627943515777588 42.95907974243164 -7.864175319671631 0.4453
Pedestrian 1 1 1 142.3079833984375 161.14501953125 177.49757385253906 222.7660369873047 0.6895124316215515 1.7868287563323975 0.5959076881408691 -13.315072059631348 1.447002649307251 21.279163360595703 -7.812955379486084 0.4441
Pedestrian 1 1 1 244.17970275878906 169.8439483642578 274.6480712890625 221.4857635498047 0.7639864087104797 1.7450995445251465 0.6507675647735596 -12.081275939941406 1.6430832147598267 24.783275604248047 -4.652451515197754 0.3926
Pedestrian 1 1 1 463.37445068359375 173.0214385986328 478.5132751464844 200.8936767578125 0.6791449189186096 1.7447837591171265 0.6537452936172485 -8.827498435974121 1.7551803588867188 45.63298416137695 -7.310993671417236 0.3633
Pedestrian 1 1 1 850.5535888671875 156.21343994140625 899.167724609375 240.7762451171875 0.7924383878707886 1.750950574874878 0.6688641309738159 5.618538856506348 1.4060927629470825 15.450277328491211 -3.8320155143737793 0.3078
Pedestrian 1 1 1 223.9205322265625 164.17665100097656 255.43299865722656 215.6959991455078 0.8772749304771423 1.8102269172668457 0.6370654106140137 -13.28691577911377 1.5050326585769653 25.81532859802246 -4.632077217102051 0.2943
Car 1 1 1 630.4644165039062 169.32102966308594 658.3902587890625 191.6152801513672 4.178502559661865 1.8665573596954346 1.715078592300415 3.0004851818084717 1.5704635381698608 62.637611389160156 -7.629368305206299 0.2882
Car 1 1 1 652.3201293945312 175.2317352294922 695.8146362304688 208.1175537109375 3.69006609916687 1.4949052333831787 1.5767815113067627 3.0091772079467773 1.6160286664962769 34.95942687988281 -7.91144323348999 0.2871
Pedestrian 1 1 1 324.0802917480469 169.99180603027344 345.6990051269531 209.59381103515625 0.8040095567703247 1.7444754838943481 0.6476063132286072 -12.31093978881836 1.6180951595306396 32.19221496582031 -7.834137439727783 0.2855
Car 1 1 1 628.5453491210938 173.76234436035156 658.546875 202.26495361328125 3.969691038131714 1.5914671421051025 1.6779979467391968 1.9775835275650024 1.6471792459487915 42.45526885986328 -7.7853169441223145 0.2429
Car 1 1 1 0.0 191.27061462402344 72.87451171875 308.7622375488281 3.937138557434082 1.467041015625 1.6063787937164307 -10.832819938659668 1.8183808326721191 11.716073989868164 -4.851045608520508 0.2374
Cyclist 1 1 1 897.7078857421875 151.41246032714844 968.1527709960938 254.01016235351562 1.7217278480529785 1.7041473388671875 0.4410141408443451 5.655734062194824 1.347703456878662 12.851419448852539 -7.881895542144775 0.2374
Pedestrian 1 1 1 224.5635986328125 169.96376037597656 251.90769958496094 217.0052490234375 0.6808684468269348 1.7759541273117065 0.6528294086456299 -14.276514053344727 1.666538953781128 27.63092803955078 -7.683898448944092 0.2342
Pedestrian 1 1 1 426.4994201660156 167.75897216796875 443.6573181152344 203.68087768554688 0.6121267676353455 1.7729843854904175 0.5842741131782532 -8.775967597961426 1.5212109088897705 36.03573989868164 -7.105006694793701 0.2270
Pedestrian 1 1 1 142.04611206054688 168.87588500976562 182.5233917236328 234.17442321777344 0.7694463133811951 1.7163760662078857 0.6172479391098022 -12.050275802612305 1.6115111112594604 19.356760025024414 -4.733312606811523 0.2267
Pedestrian 1 1 1 130.06759643554688 164.8958740234375 165.3686981201172 221.09202575683594 0.7709813117980957 1.7720297574996948 0.6115036010742188 -14.879074096679688 1.5207865238189697 23.162242889404297 -7.769052982330322 0.2144
Pedestrian 1 1 1 772.3231811523438 161.93295288085938 792.5093994140625 215.25425720214844 0.6598331332206726 1.731475591659546 0.6395178437232971 5.645937442779541 1.3765419721603394 23.826265335083008 -7.615410327911377 0.1949
Car 1 1 1 312.71124267578125 170.34359741210938 368.6933288574219 199.92138671875 3.666694164276123 1.5383356809616089 1.606101393699646 -14.66623592376709 1.4074698686599731 39.38176727294922 -7.826512813568115 0.1933
Pedestrian 1 1 1 632.1547241210938 172.9490966796875 643.5170288085938 196.00035095214844 0.7151922583580017 1.7612305879592896 0.5741522312164307 2.11735200881958 1.7683169841766357 55.590885162353516 -7.225747585296631 0.1879
Pedestrian 1 1 1 1160.4993896484375 148.22879028320312 1210.318359375 235.53086853027344 0.7401360869407654 1.7393536567687988 0.5986228585243225 11.77057933807373 1.2484362125396729 14.828478813171387 -3.7204132080078125 0.1829
Cyclist 1 1 1 755.1571655273438 177.26763916015625 797.2767333984375 218.94309997558594 1.7159113883972168 1.8022725582122803 0.6370846629142761 7.293002128601074 2.0001039505004883 31.853656768798828 -6.554436683654785 0.1792
Pedestrian 1 1 1 314.8802795410156 165.54052734375 333.90826416015625 204.43209838867188 0.6141807436943054 1.7871999740600586 0.619986891746521 -13.291044235229492 1.450821042060852 33.48192596435547 -7.795043468475342 0.1763
Pedestrian 1 1 1 889.2890625 148.51658630371094 928.1348876953125 257.6394348144531 0.7581958174705505 1.7819653749465942 0.5914904475212097 5.02242374420166 1.3842378854751587 12.248985290527344 -4.295816421508789 0.1751
Pedestrian 1 1 1 471.014404296875 170.59967041015625 486.5892639160156 200.3436737060547 0.7009572386741638 1.8229261636734009 0.6417635679244995 -8.160043716430664 1.6844648122787476 44.69157409667969 -7.252665042877197 0.1740
Pedestrian 1 1 1 1108.0419921875 142.20054626464844 1183.7216796875 312.7389221191406 0.7282565832138062 1.720484972000122 0.591980516910553 5.670053482055664 1.4109361171722412 7.7446393966674805 -7.300175189971924 0.1732
Pedestrian 1 1 1 347.7673034667969 167.1957550048828 366.41900634765625 204.6543731689453 0.7156764268875122 1.80010986328125 0.6565226912498474 -12.315564155578613 1.5278974771499634 35.03293991088867 -4.715144157409668 0.1731
Car 1 1 1 0.0 0.0 1241.0 374.0 3.844170331954956 1.540162444114685 1.6438862085342407 -3.430760145187378 1.619431495666504 0.9039648175239563 -7.8997368812561035 0.1679
Pedestrian 1 1 1 1020.9293212890625 145.6190948486328 1069.6026611328125 244.26947021484375 0.7113900184631348 1.7495388984680176 0.5951820015907288 7.90603494644165 1.2662348747253418 13.219098091125488 -7.5806965827941895 0.1665
Pedestrian 1 1 1 381.796630859375 168.68173217773438 397.58929443359375 201.7068328857422 0.7726646065711975 1.8249444961547852 0.6402624249458313 -12.3262939453125 1.5940877199172974 40.26106643676758 -7.8443779945373535 0.1662
Pedestrian 1 1 1 365.1475524902344 167.6533660888672 383.3017578125 202.1096649169922 0.7404307723045349 1.7778613567352295 0.6330002546310425 -12.336278915405273 1.5092214345932007 37.64470291137695 -7.697168827056885 0.1635
Pedestrian 1 1 1 405.1227722167969 174.2339630126953 419.5608215332031 203.468505859375 0.789045512676239 1.7553315162658691 0.6382842063903809 -12.021300315856934 1.839514136314392 43.76753616333008 -7.817513942718506 0.1580
Pedestrian 1 1 1 198.53662109375 166.85728454589844 243.7879180908203 251.50863647460938 0.589408814907074 1.654698133468628 0.5412236452102661 -7.8498454093933105 1.5371793508529663 14.47758960723877 -4.336048126220703 0.1552
Pedestrian 1 1 1 193.47254943847656 164.03607177734375 226.7540283203125 222.1444091796875 0.7188469767570496 1.7570096254348755 0.5972773432731628 -12.344443321228027 1.4900836944580078 22.199926376342773 -7.770985126495361 0.1551
Pedestrian 1 1 1 188.928955078125 167.02252197265625 216.81182861328125 217.03652954101562 0.7964028716087341 1.798115849494934 0.6255825757980347 -14.917724609375 1.5881608724594116 26.371116638183594 -4.822707176208496 0.1548
Car 1 1 1 266.8983154296875 180.95399475097656 332.84197998046875 219.26931762695312 3.866133213043213 1.4978266954421997 1.5957731008529663 -13.307788848876953 1.8690149784088135 31.075345993041992 -4.835437297821045 0.1527
Cyclist 1 1 1 1013.4390258789062 156.3767547607422 1088.662353515625 241.02940368652344 1.7043601274490356 1.6761726140975952 0.5114560127258301 9.159566879272461 1.3496135473251343 15.14345932006836 -7.87173318862915 0.1518
Car 1 1 1 219.0965118408203 172.38238525390625 288.119140625 204.89149475097656 3.8229033946990967 1.5489557981491089 1.6183576583862305 -17.87740135192871 1.5261850357055664 36.2988166809082 -4.722880840301514 0.1518
Car 1 1 1 1170.08544921875 150.60276794433594 1241.0 245.8662872314453 3.6746537685394287 1.6091684103012085 1.665049433708191 13.280917167663574 1.2330061197280884 14.109272003173828 -7.969813823699951 0.1486
Car 1 1 1 566.001708984375 176.69728088378906 597.8040161132812 198.93003845214844 3.8316526412963867 1.5517257452011108 1.6456845998764038 -2.135321617126465 1.8453073501586914 53.12126159667969 -8.082273483276367 0.1473
Pedestrian 1 1 1 371.3629455566406 174.1001739501953 385.5207824707031 203.07049560546875 0.7001762390136719 1.7265753746032715 0.6648913621902466 -13.96247386932373 1.8018893003463745 43.40751647949219 -7.926133632659912 0.1465
Car 1 1 1 653.73291015625 175.8246612548828 690.1226806640625 203.3525848388672 3.895197868347168 1.569472312927246 1.6216944456100464 3.655775785446167 1.756750464439392 43.564395904541016 -7.918692111968994 0.1464
Car 1 1 1 623.2689208984375 175.50491333007812 657.3544311523438 207.7106475830078 3.833437442779541 1.4881515502929688 1.5897482633590698 1.4105439186096191 1.6257092952728271 35.590675354003906 -7.834225177764893 0.1462
Car 1 1 1 132.893310546875 178.94879150390625 240.0641632080078 229.79086303710938 3.6235506534576416 1.493417739868164 1.535083293914795 -13.700061798095703 1.707231879234314 23.493478775024414 -4.772518634796143 0.1456
Car 1 1 1 0.0 187.4257049560547 0.0 374.0 3.924445867538452 1.5504990816116333 1.6300795078277588 -5.349396228790283 1.6323126554489136 2.0795421600341797 -7.884812831878662 0.1453
Pedestrian 1 1 1 914.49169921875 154.6804656982422 956.1626586914062 238.16677856445312 0.7661475539207458 1.7309178113937378 0.6382604241371155 6.919806957244873 1.353826880455017 15.45816707611084 -7.170063495635986 0.1436
Car 1 1 1 41.19123077392578 173.87026977539062 158.463623046875 219.15869140625 3.5677363872528076 1.4787070751190186 1.6033830642700195 -17.8795108795166 1.5167350769042969 25.425748825073242 -4.7088212966918945 0.1436
Cyclist 1 1 1 706.2273559570312 171.0060272216797 725.2494506835938 203.55712890625 1.743194580078125 1.7122422456741333 0.601372241973877 5.6441569328308105 1.6147361993789673 38.852088928222656 -4.815894603729248 0.1433
Pedestrian 1 1 1 805.929931640625 160.36062622070312 825.8749389648438 212.46017456054688 0.6714744567871094 1.7361061573028564 0.6309827566146851 6.9235639572143555 1.3194913864135742 24.44710922241211 -7.603738307952881 0.1396
Cyclist 1 1 1 904.9763793945312 159.54518127441406 956.1744995117188 227.52622985839844 1.6965032815933228 1.6777658462524414 0.515124499797821 8.212201118469238 1.3490056991577148 18.664857864379883 -7.891745090484619 0.1364
Pedestrian 1 1 1 64.84400939941406 161.79393005371094 97.78384399414062 226.64686584472656 0.7387040257453918 1.7842952013015747 0.5635300874710083 -14.91024112701416 1.4797002077102661 20.295011520385742 -5.06099271774292 0.1360
Pedestrian 1 1 1 1066.78369140625 160.90699768066406 1102.8536376953125 219.69338989257812 0.7629050016403198 1.8296641111373901 0.629697322845459 14.977863311767578 1.457526683807373 22.84785270690918 -7.884090900421143 0.1358
Pedestrian 1 1 1 306.4450378417969 169.38600158691406 328.9910583496094 211.65191650390625 0.7541362643241882 1.7128067016601562 0.6187272667884827 -12.035970687866211 1.571967601776123 29.618112564086914 -4.7089457511901855 0.1356
Pedestrian 1 1 1 250.1313934326172 166.93206787109375 279.2857971191406 217.30870056152344 0.7834780812263489 1.7679510116577148 0.6242555379867554 -12.357800483703613 1.5598227977752686 25.741619110107422 -7.759265422821045 0.1351
Pedestrian 1 1 1 618.9686889648438 172.00875854492188 631.3311767578125 203.93890380859375 0.678005039691925 1.7815190553665161 0.6666053533554077 0.8123376369476318 1.7340596914291382 40.60395812988281 -7.875978946685791 0.1336
Pedestrian 1 1 1 1154.4061279296875 127.1622314453125 1241.0 327.4928894042969 0.7802674770355225 1.756415843963623 0.5487992167472839 5.653205394744873 1.3555095195770264 6.777614593505859 -4.9969096183776855 0.1333
Pedestrian 1 1 1 648.19580078125 173.92823791503906 663.1791381835938 200.17967224121094 0.8667888641357422 1.7579442262649536 0.5693688988685608 3.062364101409912 1.8311357498168945 48.86113739013672 -7.01828145980835 0.1333
Pedestrian 1 1 1 121.06743621826172 160.60177612304688 156.69688415527344 222.13633728027344 0.6754065752029419 1.782822608947754 0.5988394021987915 -13.918474197387695 1.4275425672531128 21.253751754760742 -7.815919399261475 0.1330
Pedestrian 1 1 1 108.69554901123047 159.2609100341797 143.49464416503906 225.21546936035156 0.6825945973396301 1.8202463388442993 0.5723045468330383 -13.648880004882812 1.4447975158691406 20.290834426879883 -4.850685119628906 0.1329
Pedestrian 1 1 1 1218.5894775390625 145.56993103027344 1241.0 217.43560791015625 0.7095512747764587 1.7852821350097656 0.5637134313583374 15.916229248046875 1.1071933507919312 18.365238189697266 -7.415798664093018 0.1328
Pedestrian 1 1 1 963.3023681640625 148.9703826904297 1002.6074829101562 262.486328125 0.6847354769706726 1.761311411857605 0.5476107597351074 5.9451141357421875 1.390433669090271 11.624156951904297 -7.389070987701416 0.1321
Pedestrian 1 1 1 795.8640747070312 159.04974365234375 828.788818359375 223.3671112060547 0.7841201424598694 1.761918544769287 0.6187095642089844 5.634930610656738 1.3834630250930786 20.264951705932617 -7.147889137268066 0.1314
Car 1 1 1 716.2006225585938 176.74473571777344 796.238525390625 236.95205688476562 3.8948731422424316 1.503354549407959 1.58773934841156 3.943737030029297 1.6228854656219482 20.247249603271484 -7.817068576812744 0.1303
Pedestrian 1 1 1 1047.348388671875 158.55760192871094 1081.76220703125 217.53602600097656 0.748598575592041 1.837284803390503 0.6295177936553955 14.344597816467285 1.3916261196136475 22.860923767089844 -7.82351541519165 0.1303
Car 1 1 1 480.0442810058594 176.06573486328125 504.3954162597656 197.203369140625 3.9118783473968506 1.5699796676635742 1.6382499933242798 -9.173284530639648 1.8290263414382935 56.23603057861328 -4.812702178955078 0.1301
Pedestrian 1 1 1 343.88397216796875 175.1877899169922 359.2380676269531 204.19229125976562 0.7565850615501404 1.7255152463912964 0.6504341959953308 -15.564318656921387 1.8667069673538208 43.36571502685547 -7.850451946258545 0.1298
Pedestrian 1 1 1 993.9011840820312 150.19332885742188 1060.840576171875 283.42962646484375 0.7291736006736755 1.6483618021011353 0.49896207451820374 5.348803520202637 1.3677103519439697 9.343327522277832 -3.773538112640381 0.1295
Car 1 1 1 814.015380859375 174.8676300048828 968.3645629882812 226.02584838867188 4.049576282501221 1.4882479906082153 1.6137354373931885 8.387999534606934 1.551277995109558 21.87375259399414 -6.277201175689697 0.1295
Car 1 1 1 708.4464721679688 177.00387573242188 761.8912353515625 217.28164672851562 3.7925026416778564 1.5018335580825806 1.608355164527893 4.953275680541992 1.6806191205978394 29.218456268310547 -7.824550151824951 0.1288
Pedestrian 1 1 1 1143.8997802734375 126.80128479003906 1241.0 347.8731689453125 0.7317070364952087 1.7345696687698364 0.5602023005485535 5.026608467102051 1.3729318380355835 6.098328590393066 -5.0433220863342285 0.1282
Car 1 1 1 379.9425048828125 179.44125366210938 427.30810546875 206.19778442382812 3.9844906330108643 1.5782687664031982 1.6136106252670288 -13.016960144042969 2.013047218322754 45.612064361572266 -4.641286849975586 0.1251
Car 1 1 1 1065.2257080078125 181.35357666015625 1191.0501708984375 235.0624237060547 3.8452975749969482 1.5028176307678223 1.685852289199829 16.1920108795166 1.7957422733306885 22.861968994140625 -7.698119640350342 0.1250
Car 1 1 1 751.2926025390625 180.7548370361328 848.0401611328125 214.86663818359375 4.095528602600098 1.5037376880645752 1.6245384216308594 8.797452926635742 1.8865777254104614 33.69789505004883 -6.5323166847229 0.1250
Pedestrian 1 1 1 406.3724670410156 170.05227661132812 417.6295471191406 193.86431884765625 0.7574657797813416 1.8553040027618408 0.556191623210907 -15.571089744567871 1.6367080211639404 56.651519775390625 -7.618156909942627 0.1237
Cyclist 1 1 1 928.4083862304688 159.56851196289062 982.7549438476562 227.87828063964844 1.7150439023971558 1.6844885349273682 0.5188664793968201 8.855152130126953 1.356574535369873 18.661067962646484 -7.898714542388916 0.1233
Pedestrian 1 1 1 472.9094543457031 169.82090759277344 488.7759094238281 200.1126708984375 0.7283769249916077 1.8165011405944824 0.611426830291748 -7.863958358764648 1.6343157291412354 43.74171447753906 -7.250545978546143 0.1231
Car 1 1 1 605.33544921875 169.46563720703125 634.6669311523438 191.40538024902344 4.233981609344482 1.8552786111831665 1.706321358680725 0.8146006464958191 1.5684493780136108 63.25959777832031 -8.054769515991211 0.1227
Car 1 1 1 653.2896118164062 176.51605224609375 693.81396484375 206.0583038330078 3.851982355117798 1.4913088083267212 1.6053348779678345 3.3341853618621826 1.698393702507019 38.88713455200195 -4.777456760406494 0.1227
Car 1 1 1 838.4590454101562 174.16348266601562 982.0794677734375 221.62689208984375 4.055512428283691 1.5034561157226562 1.6236227750778198 9.759251594543457 1.5478816032409668 23.7738094329834 -6.254181385040283 0.1226
Car 1 1 1 419.34234619140625 176.75587463378906 461.6798095703125 204.32093811035156 4.013160705566406 1.60835862159729 1.6679176092147827 -10.471108436584473 1.8605347871780396 44.678680419921875 -4.708673477172852 0.1215
Pedestrian 1 1 1 870.8052368164062 156.8812713623047 915.9146118164062 245.36285400390625 0.7480819821357727 1.7187126874923706 0.6134433746337891 5.642502784729004 1.4081501960754395 14.498372077941895 -3.9654088020324707 0.1214
Pedestrian 1 1 1 1202.4837646484375 148.00540161132812 1241.0 238.96437072753906 0.7352027297019958 1.7314848899841309 0.5901429057121277 12.079293251037598 1.2581697702407837 14.193524360656738 -3.8009185791015625 0.1213
Cyclist 1 1 1 713.1266479492188 174.80104064941406 739.2968139648438 213.54872131347656 1.7349036931991577 1.7440249919891357 0.602431058883667 5.336391925811768 1.8365294933319092 33.479827880859375 -8.070657730102539 0.1205
Pedestrian 1 1 1 109.869384765625 165.63905334472656 151.06138610839844 237.4940185546875 0.6594057083129883 1.7589592933654785 0.5678473711013794 -12.017985343933105 1.5820426940917969 18.018911361694336 -4.61329984664917 0.1203
Pedestrian 1 1 1 109.64643096923828 163.5617218017578 144.57614135742188 222.86676025390625 0.7585591673851013 1.796193242073059 0.5693129301071167 -14.918769836425781 1.5144546031951904 22.232912063598633 -4.712963104248047 0.1201
Pedestrian 1 1 1 0.0 158.37889099121094 43.783287048339844 247.5669403076172 0.7410733699798584 1.745073676109314 0.580151379108429 -12.02608585357666 1.4615504741668701 14.506719589233398 -4.646050930023193 0.1191
Pedestrian 1 1 1 1011.5447387695312 153.70111083984375 1048.2430419921875 222.21873474121094 0.7164714932441711 1.7341972589492798 0.6137715578079224 10.80372428894043 1.2491333484649658 18.66996955871582 -7.672755718231201 0.1191
Pedestrian 1 1 1 8.990235328674316 160.9258270263672 45.794471740722656 242.04360961914062 0.7251569628715515 1.7956202030181885 0.5684747099876404 -13.306883811950684 1.5312786102294922 16.429977416992188 -5.269696235656738 0.1188
Car 1 1 1 1174.594970703125 149.67813110351562 1241.0 230.50497436523438 3.645176649093628 1.6015143394470215 1.6991938352584839 14.871777534484863 1.1420044898986816 16.13512420654297 -7.873073101043701 0.1188
Pedestrian 1 1 1 1045.882568359375 143.04013061523438 1120.8743896484375 295.1008605957031 0.7632055878639221 1.7385019063949585 0.5561785697937012 5.656866073608398 1.3973416090011597 8.706747055053711 -6.973758220672607 0.1185
Car 1 1 1 276.30328369140625 181.99993896484375 357.63629150390625 228.54275512695312 3.9331541061401367 1.4956079721450806 1.5632908344268799 -10.488687515258789 1.8503113985061646 25.992219924926758 -4.779491901397705 0.1182
Car 1 1 1 640.8643798828125 173.10281372070312 662.5216064453125 194.0160675048828 3.954540252685547 1.6000664234161377 1.657273292541504 3.29542875289917 1.620216727256775 57.279930114746094 -7.788794994354248 0.1174
Car 1 1 1 555.1582641601562 176.21932983398438 592.1773681640625 205.50906372070312 4.018608093261719 1.544966459274292 1.6422678232192993 -2.132246255874634 1.7441821098327637 40.661216735839844 -4.874736785888672 0.1168
Cyclist 1 1 1 938.8167114257812 156.94679260253906 1012.3403930664062 247.81349182128906 1.7328476905822754 1.6391583681106567 0.5266357660293579 6.936786651611328 1.3519058227539062 13.883974075317383 -4.718608379364014 0.1168
Car 1 1 1 67.9997329711914 177.32278442382812 186.19056701660156 225.06918334960938 3.677928924560547 1.473466157913208 1.5964109897613525 -16.270410537719727 1.636176347732544 24.466829299926758 -4.730497360229492 0.1154
Pedestrian 1 1 1 85.11273956298828 161.9682159423828 121.7291030883789 226.49024963378906 0.7309949398040771 1.7796120643615723 0.5587802529335022 -14.287841796875 1.4790664911270142 20.293960571289062 -4.817933559417725 0.1152
Pedestrian 1 1 1 980.5505981445312 156.6246795654297 1015.8809814453125 225.13815307617188 0.688025951385498 1.7063394784927368 0.6052011251449585 9.818374633789062 1.301845669746399 18.360919952392578 -7.6812310218811035 0.1151
Pedestrian 1 1 1 455.4634094238281 171.55564880371094 466.61865234375 201.52273559570312 0.7385331988334656 1.797479510307312 0.6335408091545105 -9.062174797058105 1.7193015813827515 43.71358871459961 -8.096117973327637 0.1151
Pedestrian 1 1 1 1182.218505859375 148.19944763183594 1225.1683349609375 219.19049072265625 0.7422886490821838 1.794905185699463 0.5837627649307251 15.296989440917969 1.1712509393692017 18.668075561523438 -7.6381306648254395 0.1148
Car 1 1 1 0.0 0.0 1241.0 374.0 3.8537821769714355 1.5526200532913208 1.6200424432754517 -1.7979769706726074 1.5994230508804321 0.6876130700111389 -7.925027370452881 0.1145
Pedestrian 1 1 1 813.1961059570312 158.50820922851562 846.8270874023438 227.2109375 0.8134282231330872 1.7396355867385864 0.6243341565132141 5.6350531578063965 1.3760831356048584 18.67805290222168 -7.850338459014893 0.1135
Pedestrian 1 1 1 993.6511840820312 155.33917236328125 1051.9385986328125 261.00909423828125 0.647178053855896 1.6501474380493164 0.5258327722549438 6.586134910583496 1.3763347864151 11.62806224822998 -8.009895324707031 0.1135
Pedestrian 1 1 1 1157.811279296875 149.71730041503906 1199.3525390625 220.16856384277344 0.7305033802986145 1.7812868356704712 0.5844367742538452 14.644033432006836 1.1959996223449707 18.66323471069336 -7.635497570037842 0.1133
Car 1 1 1 689.9569091796875 176.0959014892578 725.540771484375 203.5657501220703 3.9536895751953125 1.497088074684143 1.6254395246505737 5.575929164886475 1.693544626235962 41.79318618774414 -4.685174465179443 0.1131
Pedestrian 1 1 1 176.81015014648438 168.69956970214844 198.98875427246094 220.8457489013672 0.8269950747489929 1.8018205165863037 0.5918189883232117 -14.915641784667969 1.657971978187561 25.43014144897461 -5.136717319488525 0.1129
Cyclist 1 1 1 1056.5286865234375 154.8596649169922 1138.9791259765625 239.98809814453125 1.7087855339050293 1.6808316707611084 0.5029981136322021 10.115071296691895 1.325239658355713 15.112641334533691 -7.9051032066345215 0.1124
Pedestrian 1 1 1 980.9912719726562 147.775146484375 1037.03564453125 272.76922607421875 0.7478482127189636 1.7108092308044434 0.5030724406242371 5.652116775512695 1.3672518730163574 10.316295623779297 -7.049368858337402 0.1124
Pedestrian 1 1 1 161.79319763183594 164.71839904785156 197.19915771484375 225.21487426757812 0.716105580329895 1.7514883279800415 0.6034306883811951 -12.724992752075195 1.515647053718567 21.259281158447266 -4.673937797546387 0.1122
Car 1 1 1 619.0822143554688 174.0240020751953 664.2568359375 218.1997528076172 3.6755106449127197 1.5507103204727173 1.591789960861206 1.1017085313796997 1.5976448059082031 27.277759552001953 -7.83648157119751 0.1122
Pedestrian 1 1 1 180.05941772460938 168.99998474121094 212.19024658203125 228.20974731445312 0.6929225921630859 1.686211347579956 0.5583664774894714 -12.035931587219238 1.5761544704437256 20.91104507446289 -4.772693634033203 0.1114
Car 1 1 1 0.0 0.0 1241.0 374.0 3.7840614318847656 1.5408904552459717 1.6158599853515625 1.3964457511901855 1.5237611532211304 0.05399414896965027 -7.91918420791626 0.1111
Pedestrian 1 1 1 89.63664245605469 162.10409545898438 120.60139465332031 224.41064453125 0.7494333386421204 1.7953782081604004 0.5791410803794861 -14.904423713684082 1.4853171110153198 21.24384880065918 -5.071430206298828 0.1107
Pedestrian 1 1 1 235.79629516601562 166.2955322265625 259.23602294921875 209.98902893066406 0.624530553817749 1.7726575136184692 0.6329236626625061 -14.91070556640625 1.50627863407135 29.602079391479492 -7.799322605133057 0.1100
Pedestrian 1 1 1 45.463287353515625 159.52420043945312 92.21858978271484 239.93820190429688 0.6626806855201721 1.7844303846359253 0.53937828540802 -12.354485511779785 1.488335132598877 16.41265869140625 -4.3790411949157715 0.1100
Car 1 1 1 536.0935668945312 178.7533416748047 562.1353149414062 204.00234985351562 4.021999835968018 1.5660676956176758 1.6464626789093018 -4.030709266662598 1.9732654094696045 47.77855682373047 -4.779621601104736 0.1083
Pedestrian 1 1 1 775.6422119140625 162.86968994140625 794.7144775390625 213.5073699951172 0.683825671672821 1.7102937698364258 0.6147164106369019 5.9609456062316895 1.3727726936340332 24.767807006835938 -7.646973133087158 0.1082
Pedestrian 1 1 1 12.296249389648438 161.29502868652344 47.05021286010742 225.46609497070312 0.743100106716156 1.8189070224761963 0.6002410650253296 -16.855899810791016 1.4909721612930298 20.90974235534668 -5.104218006134033 0.1078
Cyclist 1 1 1 979.3597412109375 155.78663635253906 1049.234619140625 239.57139587402344 1.7061808109283447 1.690341591835022 0.5196316242218018 8.542326927185059 1.3457107543945312 15.412862777709961 -7.865296840667725 0.1070
Car 1 1 1 1150.3248291015625 161.24720764160156 1241.0 374.0 3.8164327144622803 1.5275548696517944 1.602253794670105 4.6110005378723145 1.5043662786483765 3.379775285720825 -7.78798246383667 0.1063
Cyclist 1 1 1 10.39112663269043 170.59652709960938 114.609375 270.7715759277344 1.7436453104019165 1.6706244945526123 0.5618242621421814 -9.786267280578613 1.6326767206192017 12.908918380737305 -4.726868629455566 0.1061
Pedestrian 1 1 1 658.0067138671875 171.31944274902344 673.0107421875 202.48912048339844 0.7190888524055481 1.75898015499115 0.6708829998970032 3.1328911781311035 1.6720813512802124 41.17607879638672 -7.4760823249816895 0.1057
Car 1 1 1 1241.0 135.6929473876953 1241.0 355.65277099609375 4.053104877471924 1.574251651763916 1.6058183908462524 8.414039611816406 1.3079901933670044 6.063198089599609 -6.331151485443115 0.1057
Pedestrian 1 1 1 1052.491943359375 153.35568237304688 1104.208984375 246.10389709472656 0.6749202609062195 1.650223731994629 0.5613864064216614 8.507944107055664 1.30299973487854 13.211240768432617 -4.572629928588867 0.1054
Car 1 1 1 956.031494140625 173.86572265625 1095.2213134765625 230.6474151611328 3.7033798694610596 1.465996265411377 1.5399552583694458 11.663105964660645 1.4973227977752686 20.626386642456055 -4.8293843269348145 0.1053
Car 1 1 1 547.375244140625 177.7662353515625 572.3218383789062 197.8325653076172 3.9873244762420654 1.511599063873291 1.6489540338516235 -4.053921699523926 1.9168720245361328 57.4765510559082 -4.866434097290039 0.1051
Pedestrian 1 1 1 0.0 163.3690185546875 18.634260177612305 237.1125030517578 0.7450024485588074 1.793766736984253 0.6010149121284485 -15.248092651367188 1.562749981880188 18.02814292907715 -5.468777656555176 0.1051
Pedestrian 1 1 1 1148.371337890625 134.84469604492188 1241.0 280.49542236328125 0.7118424773216248 1.7365394830703735 0.5606281757354736 7.235334396362305 1.2830686569213867 9.0152587890625 -8.095484733581543 0.1047
Car 1 1 1 198.72024536132812 182.77064514160156 310.90545654296875 237.58306884765625 3.7736730575561523 1.4859472513198853 1.5463783740997314 -10.803770065307617 1.8160738945007324 22.144542694091797 -4.6985650062561035 0.1043
Car 1 1 1 567.9588623046875 175.93319702148438 597.816650390625 202.49905395507812 3.896364688873291 1.5915530920028687 1.6470292806625366 -1.7904711961746216 1.7949730157852173 45.7164421081543 -4.8127121925354 0.1042
Car 1 1 1 0.0 185.58685302734375 0.0 323.44317626953125 4.166862487792969 1.5462963581085205 1.6394691467285156 -12.39787483215332 1.7719143629074097 10.646815299987793 -4.813233852386475 0.1042
Cyclist 1 1 1 872.9871826171875 161.81594848632812 923.3056640625 231.02992248535156 1.7430871725082397 1.6755170822143555 0.5519518852233887 7.244409561157227 1.4080103635787964 18.343706130981445 -4.732347011566162 0.1042
Pedestrian 1 1 1 133.27806091308594 168.90362548828125 172.2023162841797 242.03880310058594 0.5519415140151978 1.7279198169708252 0.5723418593406677 -11.068224906921387 1.634286880493164 17.391788482666016 -4.431608200073242 0.1040
Pedestrian 1 1 1 1122.388916015625 151.16038513183594 1167.1658935546875 221.79934692382812 0.7674493789672852 1.8118137121200562 0.5623255968093872 14.002462387084961 1.2550958395004272 18.970808029174805 -8.265302658081055 0.1034
Pedestrian 1 1 1 971.633544921875 158.67564392089844 1046.1888427734375 328.3576965332031 0.5420718193054199 1.5283176898956299 0.42631661891937256 3.678480625152588 1.4003139734268188 6.785233020782471 -4.6366868019104 0.1029
Pedestrian 1 1 1 387.2320556640625 166.8452911376953 410.635009765625 211.5292510986328 0.6941131949424744 1.6904939413070679 0.5833780765533447 -8.147126197814941 1.4628709554672241 27.710668563842773 -4.4370951652526855 0.1026
Pedestrian 1 1 1 9.177997589111328 161.6187744140625 62.558021545410156 246.07461547851562 0.7013242840766907 1.7605260610580444 0.5570626854896545 -12.33906364440918 1.52602219581604 15.453051567077637 -4.44254207611084 0.1025
Car 1 1 1 495.2615661621094 178.85813903808594 531.2886352539062 212.03379821777344 3.933210849761963 1.4803686141967773 1.6350103616714478 -4.688798427581787 1.7882022857666016 34.983314514160156 -7.966804027557373 0.1022
Car 1 1 1 1129.8836669921875 172.11859130859375 1241.0 274.9231872558594 3.9428579807281494 1.4705736637115479 1.6236772537231445 11.026021957397461 1.4597538709640503 12.302401542663574 -4.700263023376465 0.1022
Pedestrian 1 1 1 148.8667755126953 167.25653076171875 181.8300018310547 220.7692413330078 0.7832161784172058 1.758655309677124 0.6144084930419922 -14.895312309265137 1.5743987560272217 24.108062744140625 -4.700399875640869 0.1021
Car 1 1 1 946.8790283203125 179.01718139648438 1070.210205078125 229.82582092285156 3.8613619804382324 1.5042705535888672 1.6544021368026733 12.972628593444824 1.72488272190094 23.85589027404785 -4.817427158355713 0.1019
Pedestrian 1 1 1 136.001708984375 168.85995483398438 174.60972595214844 239.07220458984375 0.6121523380279541 1.7222051620483398 0.5608214139938354 -11.403617858886719 1.6239373683929443 18.02675437927246 -7.77018404006958 0.1018
Pedestrian 1 1 1 1159.620361328125 143.28102111816406 1241.0 300.2580871582031 0.6839518547058105 1.6692237854003906 0.5556215643882751 6.588653564453125 1.354457974433899 8.0556640625 -7.688090801239014 0.1017
Car 1 1 1 604.8507690429688 175.5673370361328 637.4169311523438 195.86953735351562 3.936446189880371 1.51942777633667 1.595548391342163 0.8081014752388 1.740124225616455 56.66531753540039 -8.098919868469238 0.1013
Car 1 1 1 612.8877563476562 175.3727569580078 640.8322143554688 199.2698974609375 3.852165699005127 1.6056385040283203 1.5957075357437134 1.1217299699783325 1.7898586988449097 50.8780632019043 -7.929351329803467 0.1007
Pedestrian 1 1 1 95.7420425415039 161.93157958984375 138.6055145263672 238.7678680419922 0.6399762034416199 1.776953101158142 0.5435834527015686 -11.709772109985352 1.5240559577941895 17.07762336730957 -4.381075382232666 0.1002
Pedestrian 1 1 1 18.92207908630371 161.55149841308594 52.99605941772461 233.29965209960938 0.741424024105072 1.8102785348892212 0.5980688333511353 -14.911364555358887 1.5248053073883057 18.677709579467773 -2.374457836151123 0.1002
Car 1 1 1 0.0 0.0 1241.0 374.0 3.8379909992218018 1.5629169940948486 1.6197264194488525 3.6216797828674316 1.5098679065704346 -0.30492210388183594 -7.89526891708374 0.1001
Car 1 1 1 717.3231811523438 176.27256774902344 782.5452880859375 225.30467224121094 3.7258427143096924 1.5165245532989502 1.551831603050232 4.61085319519043 1.640988826751709 24.455846786499023 -7.834811687469482 0.1001
