Car 1 1 1 238.51197814941406 181.1678924560547 394.3159484863281 251.24560546875 4.1521806716918945 1.500455379486084 1.6462726593017578 -7.237306118011475 1.7346947193145752 18.16215705871582 -4.525704860687256 0.7679
Car 1 1 1 563.8519287109375 179.14259338378906 586.2023315429688 198.951171875 3.9710793495178223 1.4832936525344849 1.588128924369812 -2.7726492881774902 1.9995079040527344 57.277313232421875 -4.713404178619385 0.6379
Car 1 1 1 522.6875 179.7332305908203 547.95263671875 199.36328125 3.7857394218444824 1.4849127531051636 1.4637984037399292 -5.982532978057861 2.054581642150879 57.856266021728516 -4.664310455322266 0.5701
Pedestrian 1 1 1 315.3819274902344 162.37217712402344 364.04052734375 257.63970947265625 0.6873876452445984 1.7601767778396606 0.6861268877983093 -5.230299949645996 1.5662130117416382 13.814663887023926 -8.543620109558105 0.5016
Car 1 1 1 359.1995849609375 180.56674194335938 435.48480224609375 209.30360412597656 3.759655237197876 1.489627480506897 1.6192108392715454 -11.673174858093262 1.9262681007385254 39.506900787353516 -2.8152241706848145 0.4343
Car 1 1 1 533.0492553710938 179.49032592773438 551.5454711914062 197.28927612304688 3.7837975025177 1.490549921989441 1.5710781812667847 -5.9868340492248535 2.09516978263855 63.8232421875 -4.789979934692383 0.3801
Car 1 1 1 576.1130981445312 178.64512634277344 595.806884765625 196.94265747070312 3.793163537979126 1.5235857963562012 1.5935407876968384 -2.102731704711914 2.0456056594848633 63.17991256713867 -4.710559844970703 0.3460
Pedestrian 1 1 1 358.3648986816406 171.77203369140625 396.5389709472656 247.4429168701172 0.6942687034606934 1.6546574831008911 0.6028575897216797 -5.24598503112793 1.6306989192962646 16.141653060913086 -4.6539626121521 0.3366
Car 1 1 1 717.474853515625 175.99057006835938 738.7955932617188 193.7486572265625 3.740959405899048 1.5051608085632324 1.5813130140304565 10.389388084411621 1.7904788255691528 63.77172088623047 -7.766729831695557 0.3250
Pedestrian 1 1 1 1176.4024658203125 173.9239501953125 1241.0 297.0067138671875 0.602177083492279 1.4303193092346191 0.5017396807670593 7.255129337310791 1.4433711767196655 8.69710922241211 -4.688755512237549 0.3070
Car 1 1 1 848.3623657226562 173.6665496826172 993.2149047851562 222.1316375732422 3.8962717056274414 1.4604231119155884 1.5801546573638916 9.652046203613281 1.4868344068527222 22.747140884399414 -6.187769889831543 0.2906
Car 1 1 1 593.1211547851562 174.32196044921875 700.6668090820312 217.2699737548828 3.9254324436187744 1.6120805740356445 1.6300880908966064 1.395980715751648 1.6724998950958252 28.509916305541992 -3.427363872528076 0.2834
Pedestrian 1 1 1 42.27362823486328 158.5048828125 79.47904205322266 221.9821319580078 0.7677361369132996 1.8313772678375244 0.6075080037117004 -16.21601676940918 1.417091965675354 21.257831573486328 -4.931920051574707 0.2729
Pedestrian 1 1 1 1215.7135009765625 156.88536071777344 1241.0 203.7436065673828 0.731286346912384 1.8118447065353394 0.6084909439086914 24.27454948425293 1.1940933465957642 28.356863021850586 -4.295514106750488 0.2650
Car 1 1 1 76.44456481933594 188.07308959960938 170.3486328125 221.3341522216797 3.7762343883514404 1.521525502204895 1.6388505697250366 -23.808216094970703 2.290498971939087 35.282806396484375 -6.0770769119262695 0.2572
Car 1 1 1 1151.87109375 176.21426391601562 1241.0 209.67626953125 3.8782501220703125 1.5235497951507568 1.6175349950790405 28.125688552856445 1.6864399909973145 34.04657745361328 -3.043569564819336 0.2494
Car 1 1 1 604.5131225585938 178.72738647460938 626.9949340820312 198.6852569580078 4.055718421936035 1.46077561378479 1.5778498649597168 0.4503363370895386 1.9338839054107666 56.092403411865234 -4.661571979522705 0.2430
Pedestrian 1 1 1 829.3826293945312 163.3536376953125 843.690673828125 197.17431640625 0.6193143129348755 1.7921241521835327 0.5900118947029114 12.098204612731934 1.2884093523025513 38.65336608886719 -7.2852301597595215 0.2391
Car 1 1 1 792.1907348632812 174.74754333496094 827.7827758789062 198.7601318359375 3.9618515968322754 1.6063284873962402 1.6432100534439087 13.948991775512695 1.7442058324813843 50.62057113647461 -4.643795967102051 0.2275
Pedestrian 1 1 1 1223.5888671875 160.02435302734375 1241.0 207.56234741210938 0.4559396207332611 1.785475254058838 0.5441057085990906 23.66179656982422 1.3033076524734497 27.330089569091797 -4.719587326049805 0.2271
Pedestrian 1 1 1 181.94961547851562 182.82550048828125 205.98585510253906 222.7773895263672 0.7360150218009949 1.7561211585998535 0.7040778398513794 -18.762653350830078 2.2114782333374023 32.468990325927734 -5.640320301055908 0.2240
Pedestrian 1 1 1 748.0073852539062 173.32159423828125 760.1345825195312 194.3325653076172 0.8715755343437195 1.8049396276474 0.5463370084762573 12.437626838684082 1.8453553915023804 62.41472244262695 -6.655197620391846 0.2115
Pedestrian 1 1 1 1112.3695068359375 161.32652282714844 1158.483642578125 229.02215576171875 0.7952734231948853 1.7638825178146362 0.6046936511993408 13.981534957885742 1.4632219076156616 19.280677795410156 -8.225258827209473 0.2105
Pedestrian 1 1 1 458.0293884277344 174.1082305908203 470.53131103515625 198.3131866455078 0.7400053143501282 1.762357473373413 0.637128472328186 -10.749100685119629 1.8551608324050903 53.073272705078125 -8.518160820007324 0.2102
Car 1 1 1 279.71331787109375 177.7682342529297 308.65924072265625 202.7513885498047 3.9229938983917236 1.6158891916275024 1.6630300283432007 -21.71445083618164 1.9681499004364014 49.63568878173828 -8.224489212036133 0.2083
Cyclist 1 1 1 332.2833251953125 173.30052185058594 350.93365478515625 206.62693786621094 1.7353873252868652 1.7258827686309814 0.6192594170570374 -14.272969245910645 1.7498453855514526 38.29841613769531 -4.882899284362793 0.2073
Car 1 1 1 392.8843078613281 178.7460174560547 417.3877868652344 198.97120666503906 3.991685390472412 1.5652903318405151 1.6314436197280884 -16.87631607055664 2.0664360523223877 59.25236892700195 -8.207672119140625 0.2038
Car 1 1 1 607.3832397460938 176.02798461914062 640.2644653320312 203.3118896484375 3.972336769104004 1.565495491027832 1.6272238492965698 0.762365460395813 1.7673718929290771 43.918060302734375 -7.930348873138428 0.2025
Car 1 1 1 608.4776000976562 178.7101593017578 634.8678588867188 200.66635131835938 3.8199236392974854 1.4974197149276733 1.5617817640304565 0.7807879447937012 1.9368915557861328 52.22056579589844 -4.78857946395874 0.2021
Car 1 1 1 510.6761779785156 179.88580322265625 534.6928100585938 197.44720458984375 3.690682888031006 1.5025850534439087 1.5700352191925049 -7.872491836547852 2.1552064418792725 65.11854553222656 -4.668089866638184 0.2014
Car 1 1 1 656.6910400390625 177.01535034179688 680.6699829101562 196.9575653076172 4.359375 1.5055739879608154 1.6068546772003174 4.619150161743164 1.8499622344970703 57.5765380859375 -4.700451850891113 0.1998
Car 1 1 1 1037.2734375 167.30282592773438 1165.9954833984375 206.1162109375 4.143001556396484 1.5646467208862305 1.6703523397445679 20.405118942260742 1.340567708015442 30.150678634643555 -3.028292417526245 0.1976
Pedestrian 1 1 1 779.0167846679688 165.57339477539062 794.04638671875 196.81912231445312 0.7386041879653931 1.7788397073745728 0.581712007522583 10.112540245056152 1.364050269126892 41.49652099609375 -8.050097465515137 0.1941
Car 1 1 1 268.61077880859375 185.60311889648438 299.9339599609375 204.39894104003906 3.868781089782715 1.5372157096862793 1.6398390531539917 -28.798812866210938 2.7011632919311523 63.841087341308594 -4.891732692718506 0.1860
Car 1 1 1 656.3841552734375 176.93338012695312 683.6087646484375 199.1426239013672 4.23298978805542 1.5248841047286987 1.6184018850326538 4.29006290435791 1.8330144882202148 52.43616485595703 -4.713737487792969 0.1853
Pedestrian 1 1 1 962.2249755859375 155.54739379882812 996.0519409179688 217.93995666503906 0.7223584055900574 1.7486369609832764 0.6316337585449219 10.484224319458008 1.2632957696914673 20.607606887817383 -7.773069858551025 0.1825
Car 1 1 1 640.5698852539062 178.0220184326172 670.5635375976562 204.9999542236328 3.941490650177002 1.543226957321167 1.629467248916626 2.703169822692871 1.8723753690719604 44.01488494873047 -4.699108600616455 0.1815
Car 1 1 1 0.0 0.0 1241.0 374.0 3.889549970626831 1.5402324199676514 1.650281548500061 -3.4214508533477783 1.6246494054794312 0.9698274731636047 -7.893250942230225 0.1788
Pedestrian 1 1 1 423.0630187988281 170.51806640625 435.3245849609375 196.06863403320312 0.7775205969810486 1.7745226621627808 0.5803988575935364 -12.692635536193848 1.6119874715805054 50.53879165649414 -7.70736837387085 0.1747
Car 1 1 1 543.5135498046875 178.67283630371094 567.3125610351562 198.83837890625 3.870832681655884 1.5302947759628296 1.4948604106903076 -4.371492862701416 2.0122785568237305 57.844505310058594 -4.679511547088623 0.1746
Car 1 1 1 228.4666748046875 182.01055908203125 312.0010986328125 227.2490997314453 3.7831459045410156 1.4866719245910645 1.5416802167892456 -12.387500762939453 1.8467270135879517 26.448200225830078 -4.793543815612793 0.1718
Car 1 1 1 581.2781982421875 178.81231689453125 606.6377563476562 200.84329223632812 3.865104913711548 1.4993860721588135 1.5991698503494263 -1.1559745073318481 1.9457764625549316 52.130592346191406 -4.673018455505371 0.1713
Car 1 1 1 641.69482421875 178.1671905517578 678.4813232421875 207.2241668701172 3.801619291305542 1.4993377923965454 1.5685943365097046 2.6834256649017334 1.8070060014724731 39.88174819946289 -4.766920566558838 0.1709
Pedestrian 1 1 1 243.91481018066406 163.97964477539062 266.2745666503906 207.59022521972656 0.7073792815208435 1.8060349225997925 0.6426071524620056 -14.926399230957031 1.438223123550415 30.269441604614258 -7.9701972007751465 0.1707
Car 1 1 1 662.0403442382812 177.2594757080078 692.0545043945312 201.95558166503906 4.001054763793945 1.523702621459961 1.6264437437057495 4.314770221710205 1.8241053819656372 47.241817474365234 -4.7031779289245605 0.1697
Pedestrian 1 1 1 0.0 161.63685607910156 40.443302154541016 240.1089630126953 0.7620900869369507 1.8416043519973755 0.6013892889022827 -14.27851390838623 1.5780574083328247 17.40431022644043 -5.136908054351807 0.1658
Car 1 1 1 517.5078735351562 179.2259521484375 551.4578247070312 202.8531036376953 3.9159491062164307 1.5600709915161133 1.6269718408584595 -5.3001708984375 2.0259742736816406 50.76361846923828 -4.615157127380371 0.1650
Pedestrian 1 1 1 474.14324951171875 175.20033264160156 483.7469482421875 198.07229614257812 0.8276658058166504 1.7941802740097046 0.6140959858894348 -10.417939186096191 1.9814841747283936 57.19688034057617 -5.066889762878418 0.1650
Pedestrian 1 1 1 242.79653930664062 180.79783630371094 258.99639892578125 208.16326904296875 0.8222386240959167 1.7878447771072388 0.6570901870727539 -23.892602920532227 2.32094144821167 47.94129180908203 -2.5152347087860107 0.1634
Car 1 1 1 1217.292236328125 176.11595153808594 1241.0 323.8943176269531 4.187060832977295 1.4854942560195923 1.6292660236358643 9.610703468322754 1.5272746086120605 8.302766799926758 -3.234508514404297 0.1617
Car 1 1 1 357.2897033691406 181.5918731689453 409.3326416015625 217.53607177734375 3.9395644664764404 1.5107070207595825 1.613011360168457 -10.45413875579834 1.9394817352294922 33.377662658691406 -4.834869384765625 0.1617
Car 1 1 1 499.3049621582031 178.96026611328125 526.569091796875 199.32693481445312 3.8095600605010986 1.5635104179382324 1.5991994142532349 -7.856808185577393 2.0743603706359863 58.47279357910156 -4.684308052062988 0.1609
Car 1 1 1 0.0 0.0 1241.0 374.0 3.8404738903045654 1.5281578302383423 1.6203373670578003 3.9854660034179688 1.5549989938735962 1.303307056427002 -7.866453647613525 0.1574
Car 1 1 1 645.1635131835938 178.2717742919922 688.5358276367188 211.68434143066406 3.9365992546081543 1.5011075735092163 1.6201149225234985 2.6644341945648193 1.7791824340820312 35.06990432739258 -4.759019374847412 0.1555
Car 1 1 1 204.81134033203125 183.0567169189453 299.1692810058594 237.5189666748047 3.693058967590332 1.5059516429901123 1.5099294185638428 -11.134900093078613 1.8524068593978882 22.597623825073242 -4.834903240203857 0.1551
Car 1 1 1 277.417724609375 182.00823974609375 331.5635986328125 214.1078643798828 3.997528314590454 1.4955108165740967 1.6217072010040283 -15.589967727661133 1.9901463985443115 36.91205978393555 -4.864986419677734 0.1547
Car 1 1 1 550.6826782226562 178.94508361816406 569.2223510742188 196.9812469482422 3.835794687271118 1.5255663394927979 1.5611860752105713 -4.457828044891357 2.084550380706787 64.3001937866211 -4.758217811584473 0.1546
Car 1 1 1 913.8250122070312 167.61557006835938 1021.909423828125 204.80381774902344 3.842785358428955 1.5570785999298096 1.6359132528305054 15.327424049377441 1.3374451398849487 31.12906837463379 -6.23042631149292 0.1540
Cyclist 1 1 1 358.15899658203125 175.2068634033203 377.71868896484375 207.96617126464844 1.6964868307113647 1.6629101037979126 0.5687974095344543 -12.647583961486816 1.7881078720092773 37.618221282958984 -7.92966890335083 0.1516
Car 1 1 1 594.3489379882812 177.8278045654297 620.3975830078125 196.34161376953125 3.731459617614746 1.5324982404708862 1.5825365781784058 -0.22195737063884735 1.978562831878662 62.77179718017578 -4.523227214813232 0.1513
Car 1 1 1 291.457275390625 182.03201293945312 372.08746337890625 226.27047729492188 3.8274714946746826 1.5079728364944458 1.5375092029571533 -10.472640991210938 1.8796136379241943 27.316953659057617 -4.699470043182373 0.1474
Car 1 1 1 585.6959228515625 178.0147705078125 636.8705444335938 196.75274658203125 3.9607274532318115 1.4997804164886475 1.5965051651000977 0.07067140191793442 1.9356842041015625 59.71845245361328 -6.536017417907715 0.1473
Car 1 1 1 311.1149597167969 174.8730926513672 347.7135925292969 197.30723571777344 3.7248709201812744 1.5692729949951172 1.630025863647461 -20.50136947631836 1.7220901250839233 52.77015686035156 -7.976105213165283 0.1461
Pedestrian 1 1 1 0.0 161.20974731445312 36.04005813598633 237.0995330810547 0.7642533183097839 1.848902702331543 0.5848757028579712 -14.901081085205078 1.5649141073226929 18.034597396850586 -2.5504519939422607 0.1458
Car 1 1 1 636.0213623046875 177.3930206298828 661.9627685546875 200.27902221679688 4.15164041519165 1.5303418636322021 1.6331844329833984 2.6959946155548096 1.8649169206619263 51.152870178222656 -4.7072296142578125 0.1433
Car 1 1 1 38.086734771728516 185.14244079589844 89.87757110595703 211.00392150878906 4.018359661102295 1.5190613269805908 1.647674798965454 -35.23258590698242 2.3496642112731934 46.616703033447266 -5.0871262550354 0.1430
Car 1 1 1 62.513099670410156 184.7322540283203 114.42938232421875 211.49679565429688 3.889775276184082 1.4651343822479248 1.5717567205429077 -31.3707275390625 2.2147583961486816 43.45664978027344 -5.073088645935059 0.1428
Pedestrian 1 1 1 1115.7191162109375 159.76649475097656 1190.160888671875 292.6245422363281 0.595864474773407 1.6529396772384644 0.5592728853225708 6.938522815704346 1.4898127317428589 9.31945514678955 -4.535371780395508 0.1420
Pedestrian 1 1 1 42.71514129638672 160.8150177001953 82.57024383544922 235.09432983398438 0.7696614265441895 1.842419981956482 0.56917405128479 -13.963868141174316 1.5435059070587158 18.341691970825195 -2.586305618286133 0.1418
Car 1 1 1 666.0618286132812 177.87603759765625 700.7722778320312 204.98866271972656 3.779508352279663 1.523141860961914 1.55722177028656 4.311256408691406 1.8366035223007202 43.162261962890625 -4.749301433563232 0.1413
Car 1 1 1 509.5318603515625 180.06106567382812 539.1116333007812 208.593994140625 3.817487955093384 1.54551100730896 1.6360654830932617 -5.033236503601074 1.985436201095581 42.081214904785156 -4.83094596862793 0.1405
Cyclist 1 1 1 349.88079833984375 173.7316131591797 368.962646484375 207.4669952392578 1.7296158075332642 1.7435709238052368 0.6064177751541138 -13.30493450164795 1.7908637523651123 38.23374938964844 -4.8350090980529785 0.1396
Pedestrian 1 1 1 253.89280700683594 174.64459228515625 268.50482177734375 198.83169555664062 0.8431617617607117 1.8357815742492676 0.5548423528671265 -26.77984619140625 1.974073886871338 55.34318923950195 -4.163414001464844 0.1386
Pedestrian 1 1 1 885.2123413085938 160.84727478027344 904.5036010742188 205.04244995117188 0.8044804930686951 1.7443079948425293 0.5990175008773804 11.397907257080078 1.2701231241226196 28.97673988342285 -7.316122531890869 0.1383
Pedestrian 1 1 1 1162.902099609375 160.06068420410156 1238.2261962890625 290.7379455566406 0.5843576788902283 1.626876711845398 0.5453921556472778 7.55804443359375 1.4673054218292236 9.325068473815918 -4.504209995269775 0.1382
Car 1 1 1 370.5730285644531 180.17274475097656 397.4227294921875 201.39730834960938 4.017407417297363 1.543285608291626 1.5963867902755737 -17.54778289794922 2.133208751678467 56.06056213378906 -4.914957523345947 0.1369
Pedestrian 1 1 1 771.752685546875 170.23898315429688 785.1838989257812 193.22117614746094 0.8710741996765137 1.8115229606628418 0.5674198269844055 13.34335708618164 1.6050987243652344 57.27091979980469 -6.5757341384887695 0.1369
Car 1 1 1 75.28504180908203 183.34951782226562 119.94535064697266 208.5768585205078 4.013951778411865 1.5327883958816528 1.6400302648544312 -33.917503356933594 2.2594659328460693 47.810482025146484 -5.127060413360596 0.1362
Pedestrian 1 1 1 225.7765655517578 180.20632934570312 241.3932647705078 206.9825439453125 0.8319722414016724 1.76268470287323 0.6095355153083801 -25.212493896484375 2.259260892868042 48.26660919189453 -3.7992568016052246 0.1360
Car 1 1 1 415.3624572753906 181.5792236328125 438.99365234375 202.44393920898438 3.9117276668548584 1.527697205543518 1.6141313314437866 -14.346126556396484 2.2374939918518066 56.644832611083984 -4.912322521209717 0.1353
Car 1 1 1 302.7154846191406 181.12905883789062 358.66357421875 215.1554718017578 3.960085391998291 1.5280259847640991 1.6280899047851562 -13.689615249633789 1.9581115245819092 35.46593475341797 -4.828897476196289 0.1341
Pedestrian 1 1 1 839.7230834960938 166.20326232910156 853.0841064453125 193.7537841796875 0.8704357147216797 1.8358793258666992 0.5836860537528992 15.893131256103516 1.3923951387405396 48.60289764404297 -4.031578063964844 0.1334
Car 1 1 1 332.8957824707031 180.40921020507812 360.73565673828125 200.38560485839844 3.9971466064453125 1.523105263710022 1.6361488103866577 -21.41613006591797 2.1603200435638428 58.75436019897461 -4.9343671798706055 0.1315
Pedestrian 1 1 1 1129.423095703125 170.0376434326172 1204.7713623046875 300.24755859375 0.587685227394104 1.510256052017212 0.5157754421234131 6.650157451629639 1.4772902727127075 8.709796905517578 -4.5034027099609375 0.1312
Pedestrian 1 1 1 270.71234130859375 173.05393981933594 294.3642883300781 215.95217895507812 0.7049424052238464 1.7558245658874512 0.6422946453094482 -13.609590530395508 1.7639124393463135 29.903156280517578 -4.665259838104248 0.1305
Car 1 1 1 668.6658325195312 177.62330627441406 711.5515747070312 206.79483032226562 3.7771341800689697 1.481807827949524 1.5557154417037964 4.265977382659912 1.753883719444275 39.249412536621094 -4.81404447555542 0.1305
Car 1 1 1 0.0 0.0 1241.0 374.0 3.803079605102539 1.5479118824005127 1.6520410776138306 1.7227482795715332 1.563254475593567 0.8812504410743713 -7.85754919052124 0.1288
Car 1 1 1 85.48796844482422 0.0 1241.0 374.0 3.8417325019836426 1.556429386138916 1.6456793546676636 -1.1606662273406982 1.600216031074524 0.8110896944999695 -7.878909587860107 0.1281
Pedestrian 1 1 1 48.778907775878906 159.83389282226562 87.99382781982422 237.3359375 0.7596092224121094 1.8526219129562378 0.5733658671379089 -13.340019226074219 1.54108726978302 17.703411102294922 -2.5098066329956055 0.1278
Pedestrian 1 1 1 172.794189453125 175.7683868408203 186.95362854003906 197.71090698242188 0.875134289264679 1.838737964630127 0.5618644952774048 -36.45869827270508 2.087414264678955 61.12125015258789 -7.256298542022705 0.1277
Car 1 1 1 284.6956481933594 182.95220947265625 381.5496826171875 233.75315856933594 3.939119577407837 1.5013689994812012 1.5472862720489502 -9.179065704345703 1.8669527769088745 24.13323402404785 -4.656225681304932 0.1274
Cyclist 1 1 1 368.727294921875 175.2685089111328 390.2228088378906 208.36170959472656 1.7110979557037354 1.68190336227417 0.5729008913040161 -12.055899620056152 1.8104642629623413 37.65193557739258 -7.8519110679626465 0.1261
Pedestrian 1 1 1 3.639451503753662 159.1635284423828 46.573326110839844 240.65695190429688 0.7448456883430481 1.8431172370910645 0.5725736618041992 -13.638178825378418 1.5331834554672241 16.761674880981445 -2.5663318634033203 0.1253
Car 1 1 1 610.4432983398438 179.6494903564453 646.4016723632812 213.36129760742188 3.9323930740356445 1.4775522947311401 1.6093086004257202 0.7877323031425476 1.8195991516113281 34.38350296020508 -4.712751865386963 0.1251
Pedestrian 1 1 1 94.2561264038086 162.8721466064453 130.24026489257812 228.3444366455078 0.7652319073677063 1.829862117767334 0.5893797874450684 -14.271712303161621 1.550582766532898 20.618078231811523 -2.5865731239318848 0.1237
Car 1 1 1 547.4288940429688 179.5785675048828 578.4845581054688 202.82992553710938 4.100813865661621 1.581497073173523 1.6969486474990845 -3.4042537212371826 2.0892457962036133 52.40483093261719 -4.637338161468506 0.1232
Car 1 1 1 675.8192138671875 176.70602416992188 700.7621459960938 196.62103271484375 4.212236404418945 1.5081921815872192 1.5357425212860107 6.182717323303223 1.8264601230621338 57.56535720825195 -4.711058616638184 0.1228
Pedestrian 1 1 1 78.2676010131836 163.89820861816406 115.99549102783203 235.82101440429688 0.7433959245681763 1.8162155151367188 0.5839949250221252 -13.323514938354492 1.5897612571716309 18.673828125 -2.523622512817383 0.1228
Car 1 1 1 89.99931335449219 184.33810424804688 143.62318420410156 212.14419555664062 3.7856335639953613 1.5192160606384277 1.5245767831802368 -29.438770294189453 2.237624168395996 43.12696075439453 -4.988722801208496 0.1227
Car 1 1 1 44.81774139404297 188.37391662597656 151.7926483154297 222.58999633789062 3.8155758380889893 1.5033429861068726 1.6566561460494995 -23.672346115112305 2.240652322769165 33.40127182006836 -6.250102519989014 0.1222
Car 1 1 1 135.93544006347656 186.51541137695312 204.38040161132812 222.60548400878906 3.8496201038360596 1.5290460586547852 1.6047998666763306 -20.77691078186035 2.2146658897399902 34.17534255981445 -4.928358554840088 0.1221
Car 1 1 1 634.619873046875 178.11473083496094 657.6699829101562 199.37960815429688 4.2275710105896 1.5353262424468994 1.6785669326782227 2.7072317600250244 1.953744888305664 55.291358947753906 -4.682034492492676 0.1208
Pedestrian 1 1 1 45.90597915649414 167.2666015625 82.1874008178711 227.1383819580078 0.7528498768806458 1.8029989004135132 0.5410877466201782 -16.835973739624023 1.634438157081604 22.19183349609375 -4.128635406494141 0.1206
Car 1 1 1 322.6874694824219 181.5583953857422 432.8614501953125 218.61373901367188 4.124093532562256 1.4948761463165283 1.6264511346817017 -9.80634593963623 1.8738373517990112 30.494789123535156 -3.077575206756592 0.1206
Pedestrian 1 1 1 990.3802490234375 153.56593322753906 1020.7784423828125 218.32359313964844 0.7411821484565735 1.7802172899246216 0.6091090440750122 11.05839729309082 1.2496798038482666 20.278371810913086 -7.559844493865967 0.1205
Car 1 1 1 272.7994384765625 182.10940551757812 321.6344909667969 211.82748413085938 3.9536383152008057 1.5295709371566772 1.6261307001113892 -17.53278160095215 2.075807809829712 40.52165603637695 -4.881621837615967 0.1203
Pedestrian 1 1 1 1170.3658447265625 150.70855712890625 1214.984619140625 221.4187774658203 0.7687236666679382 1.819814920425415 0.5776941180229187 15.259561538696289 1.2495745420455933 18.974332809448242 -7.779969692230225 0.1201
Car 1 1 1 1228.6224365234375 159.9037322998047 1241.0 207.80860900878906 3.8936023712158203 1.5431004762649536 1.6207172870635986 24.21910285949707 1.1256495714187622 25.26620864868164 -7.964352130889893 0.1200
Car 1 1 1 767.593017578125 177.64598083496094 821.1874389648438 207.1029815673828 4.162529945373535 1.4634121656417847 1.6604318618774414 9.761185646057129 1.7337936162948608 38.644954681396484 -4.7514214515686035 0.1196
Pedestrian 1 1 1 1154.4779052734375 154.096923828125 1201.932373046875 224.9617462158203 0.763110339641571 1.79276442527771 0.5923904776573181 14.654980659484863 1.3179411888122559 18.6872501373291 -8.057384490966797 0.1193
Pedestrian 1 1 1 60.71405029296875 164.33961486816406 95.27560424804688 229.51319885253906 0.7621905207633972 1.8202415704727173 0.5923592448234558 -15.249530792236328 1.5821422338485718 20.615598678588867 -2.5128002166748047 0.1193
Car 1 1 1 615.4561767578125 178.84335327148438 648.7803955078125 208.67147827148438 3.8853890895843506 1.4842180013656616 1.6063302755355835 1.1014068126678467 1.8209043741226196 38.642311096191406 -4.7272725105285645 0.1186
Pedestrian 1 1 1 58.23505783081055 162.60671997070312 99.68838500976562 232.91650390625 0.767360270023346 1.8410621881484985 0.5981931686401367 -14.270648002624512 1.5724371671676636 19.325847625732422 -2.7090816497802734 0.1184
Car 1 1 1 859.8627319335938 173.48126220703125 933.3092041015625 197.6343536376953 3.9550564289093018 1.4769079685211182 1.5814560651779175 17.807945251464844 1.5164822340011597 45.0158576965332 -3.172363758087158 0.1171
Car 1 1 1 0.0 186.70921325683594 0.0 374.0 3.932785987854004 1.5119309425354004 1.6019443273544312 -5.665997505187988 1.6272324323654175 3.934004783630371 -4.911991119384766 0.1168
Pedestrian 1 1 1 618.3696899414062 171.99342346191406 630.8717041015625 202.87059020996094 0.6449863314628601 1.7619733810424805 0.6702655553817749 0.8071820139884949 1.7125658988952637 41.52828598022461 -7.753561496734619 0.1168
Car 1 1 1 496.6739501953125 181.66612243652344 514.8445434570312 198.9132537841797 3.798198699951172 1.5338842868804932 1.6530687808990479 -9.849605560302734 2.3907761573791504 68.19603729248047 -4.8438825607299805 0.1165
Pedestrian 1 1 1 1224.2999267578125 156.68728637695312 1241.0 221.5988311767578 0.7450096011161804 1.7862663269042969 0.5819799304008484 17.843904495239258 1.341083288192749 20.288881301879883 -8.105847358703613 0.1163
