Car 1 1 1 383.38275146484375 179.58738708496094 492.6874694824219 241.73043823242188 4.220019817352295 1.5001736879348755 1.6686766147613525 -4.681556701660156 1.7075787782669067 20.07435417175293 -4.612155914306641 0.8220
Car 1 1 1 754.7621459960938 171.88888549804688 846.1650390625 237.41867065429688 3.8155603408813477 1.550881028175354 1.6466549634933472 4.850562572479248 1.527740240097046 19.037511825561523 -7.7835211753845215 0.7558
Car 1 1 1 984.6107788085938 166.0169677734375 1083.202392578125 197.88803100585938 3.8491852283477783 1.512226939201355 1.6053282022476196 20.497188568115234 1.1875215768814087 35.0499382019043 -6.289192199707031 0.6913
Car 1 1 1 0.0 184.66885375976562 75.61676788330078 374.0 3.8489041328430176 1.5504560470581055 1.6309012174606323 -7.945844650268555 1.7056372165679932 7.525323867797852 -4.6522650718688965 0.6102
Cyclist 1 1 1 278.31524658203125 166.4105987548828 319.6378479003906 220.6939239501953 1.7660245895385742 1.7533735036849976 0.5142048597335815 -10.456750869750977 1.5449490547180176 24.205717086791992 -7.779172420501709 0.4410
Pedestrian 1 1 1 921.37939453125 168.18692016601562 932.9307250976562 190.762451171875 0.9317631721496582 1.7834641933441162 0.5227900743484497 25.25347900390625 1.4144642353057861 57.5115966796875 -3.900297164916992 0.3259
Car 1 1 1 145.5958251953125 182.73590087890625 308.4076843261719 239.81488037109375 3.628755569458008 1.4482697248458862 1.5639811754226685 -10.360708236694336 1.7285486459732056 19.558000564575195 -3.059134006500244 0.3161
Cyclist 1 1 1 869.5565185546875 166.58753967285156 892.7319946289062 208.43960571289062 1.72452974319458 1.7226166725158691 0.5827103853225708 11.43942928314209 1.4643911123275757 30.5953369140625 -4.556214809417725 0.2576
Pedestrian 1 1 1 1150.1536865234375 143.33604431152344 1217.55908203125 261.9237365722656 0.6291460990905762 1.7876653671264648 0.5954110622406006 8.86727237701416 1.342393159866333 11.240123748779297 -4.53059720993042 0.2469
Pedestrian 1 1 1 107.44427490234375 164.75941467285156 145.68435668945312 232.3609161376953 0.8132311701774597 1.7661250829696655 0.6108705401420593 -12.981680870056152 1.5543497800827026 19.31876564025879 -4.955630779266357 0.2376
Pedestrian 1 1 1 495.3306884765625 163.28256225585938 512.4376831054688 200.62667846679688 0.7831160426139832 1.8245141506195068 0.632480800151825 -5.285017013549805 1.3565845489501953 35.68829345703125 -7.696648120880127 0.2347
Car 1 1 1 1162.2657470703125 167.84400939941406 1228.710205078125 195.2274627685547 3.8264176845550537 1.5587979555130005 1.6110109090805054 34.86282730102539 1.2733049392700195 43.12443542480469 -7.610273838043213 0.2317
Cyclist 1 1 1 399.70660400390625 156.9857177734375 439.30535888671875 212.67662048339844 1.5998122692108154 1.7453179359436035 0.5552413463592529 -6.220650672912598 1.2477158308029175 23.455032348632812 -4.478235244750977 0.2261
Cyclist 1 1 1 334.2587585449219 159.3944549560547 376.94488525390625 216.25396728515625 1.611523151397705 1.6833935976028442 0.5227620005607605 -7.853671073913574 1.2846076488494873 22.200109481811523 -4.544355392456055 0.2246
Cyclist 1 1 1 450.2905578613281 158.2290496826172 496.2013854980469 206.92556762695312 1.6132289171218872 1.7804443836212158 0.5886847376823425 -5.100920677185059 1.2454259395599365 26.730058670043945 -3.210479736328125 0.2166
Pedestrian 1 1 1 191.83619689941406 163.31118774414062 227.84225463867188 223.32699584960938 0.8118067979812622 1.7573167085647583 0.6103273630142212 -11.9867525100708 1.4775947332382202 21.5429744720459 -7.821146488189697 0.2140
Car 1 1 1 1010.14697265625 163.61061096191406 1119.551025390625 197.9908447265625 3.92849063873291 1.503473162651062 1.618853211402893 20.345121383666992 1.098953127861023 32.430259704589844 -6.317780017852783 0.2006
Car 1 1 1 1073.1363525390625 170.37350463867188 1166.7431640625 196.46826171875 4.155410289764404 1.4765996932983398 1.6170523166656494 29.63332176208496 1.3359383344650269 42.09759521484375 -2.907393455505371 0.1999
Car 1 1 1 818.8912963867188 176.05776977539062 878.2159423828125 212.2157440185547 3.7240688800811768 1.4820561408996582 1.5622214078903198 10.39728832244873 1.6314617395401 31.813785552978516 -4.657532691955566 0.1968
Cyclist 1 1 1 238.30397033691406 172.853271484375 286.1151428222656 228.95692443847656 1.675732135772705 1.6612176895141602 0.5412914156913757 -10.733946800231934 1.6608964204788208 22.223819732666016 -4.620145320892334 0.1930
Car 1 1 1 959.14013671875 165.73846435546875 1058.3829345703125 195.29254150390625 4.293112754821777 1.501525640487671 1.623193383216858 20.6568603515625 1.139713168144226 37.54059600830078 -6.316256046295166 0.1923
Cyclist 1 1 1 850.702880859375 156.82522583007812 884.4288330078125 201.6647491455078 1.6208817958831787 1.7222496271133423 0.5499651432037354 10.131375312805176 1.1062973737716675 28.556720733642578 -4.8665008544921875 0.1780
Pedestrian 1 1 1 570.7368774414062 165.3259735107422 582.6177978515625 196.16539001464844 0.7287692427635193 1.8270478248596191 0.6587610244750977 -2.0242927074432373 1.3807580471038818 43.119598388671875 -7.827822208404541 0.1752
Car 1 1 1 0.0 183.66961669921875 59.315025329589844 259.6630554199219 3.7551164627075195 1.5018484592437744 1.5759611129760742 -14.993195533752441 1.7797290086746216 16.676673889160156 -4.717381954193115 0.1738
Pedestrian 1 1 1 1170.78125 164.3634796142578 1202.5062255859375 217.1128692626953 0.619007408618927 1.7628059387207031 0.581883430480957 19.501304626464844 1.4787653684616089 24.46637535095215 -3.370849132537842 0.1735
Pedestrian 1 1 1 459.913330078125 162.2660369873047 475.481201171875 202.5974884033203 0.6767148971557617 1.8295024633407593 0.6316762566566467 -6.56498908996582 1.3489148616790771 33.09458541870117 -7.940619945526123 0.1720
Pedestrian 1 1 1 503.004638671875 177.59210205078125 519.832763671875 219.58050537109375 0.6964125037193298 1.5282624959945679 0.5474562048912048 -3.6894919872283936 1.7056268453598022 26.698928833007812 -4.743239402770996 0.1719
Car 1 1 1 579.31396484375 178.63101196289062 626.1613159179688 196.21412658691406 3.9187488555908203 1.5320801734924316 1.6176508665084839 -0.6727465987205505 2.0643811225891113 65.14705657958984 -5.969440937042236 0.1718
Car 1 1 1 513.8827514648438 179.5178680419922 557.7708740234375 214.2451171875 3.9919865131378174 1.4754538536071777 1.5926532745361328 -3.41753888130188 1.8023725748062134 33.42724609375 -4.703842639923096 0.1690
Car 1 1 1 285.3208923339844 179.98318481445312 385.00506591796875 229.84335327148438 3.852276086807251 1.4493414163589478 1.5919073820114136 -8.872665405273438 1.7007861137390137 23.508081436157227 -4.651844501495361 0.1685
Pedestrian 1 1 1 632.42822265625 167.35186767578125 644.7426147460938 196.20916748046875 0.8115817308425903 1.8093205690383911 0.6044488549232483 1.779396414756775 1.4640425443649292 45.71305465698242 -7.5745368003845215 0.1677
Cyclist 1 1 1 613.7333374023438 172.04844665527344 625.4517211914062 202.896728515625 1.6929137706756592 1.7021106481552124 0.5518301129341125 0.5101438760757446 1.657362937927246 40.67772674560547 -4.633516788482666 0.1665
Pedestrian 1 1 1 1155.980712890625 147.77130126953125 1204.1961669921875 223.81251525878906 0.7420057654380798 1.7912882566452026 0.5962827801704407 13.673324584960938 1.200119972229004 17.387523651123047 -4.644408226013184 0.1643
Car 1 1 1 875.3690795898438 175.0452117919922 907.4794921875 192.27139282226562 3.9807541370391846 1.463923692703247 1.6182717084884644 24.853992462158203 1.663925051689148 63.89934539794922 -7.759617328643799 0.1622
Car 1 1 1 0.0 0.0 1241.0 374.0 3.790886402130127 1.5320754051208496 1.6349233388900757 3.0196423530578613 1.5551490783691406 0.9344255328178406 -7.859241008758545 0.1622
Pedestrian 1 1 1 32.672218322753906 167.36000061035156 74.73189544677734 239.25161743164062 0.7452908158302307 1.7500059604644775 0.6310960054397583 -13.931294441223145 1.6159696578979492 18.020263671875 -5.051486968994141 0.1617
Car 1 1 1 750.7699584960938 177.37283325195312 809.8605346679688 214.4976348876953 4.036862373352051 1.4593312740325928 1.5913641452789307 7.1623311042785645 1.665075659751892 30.877408981323242 -4.7074809074401855 0.1608
Car 1 1 1 679.45068359375 176.00527954101562 711.3159790039062 195.32427978515625 4.1005449295043945 1.703728199005127 1.6830024719238281 7.810226917266846 2.003493070602417 66.52417755126953 -4.922919273376465 0.1606
Pedestrian 1 1 1 412.6402282714844 164.68466186523438 428.6856994628906 208.40821838378906 0.7299748063087463 1.7868432998657227 0.5911442041397095 -7.885185241699219 1.4526885747909546 29.899518966674805 -8.036425590515137 0.1557
Car 1 1 1 1027.26708984375 162.8424072265625 1077.3084716796875 187.25067138671875 3.9961154460906982 1.7143958806991577 1.6814998388290405 32.2493782043457 1.0108977556228638 52.77842712402344 -7.70858907699585 0.1553
Car 1 1 1 0.0 0.0 1241.0 374.0 3.9041926860809326 1.538072943687439 1.6489733457565308 -3.432048797607422 1.628287672996521 0.9668480753898621 -7.896366596221924 0.1540
Pedestrian 1 1 1 1009.2364501953125 158.9587860107422 1042.99169921875 214.9473114013672 0.8227481245994568 1.8165909051895142 0.5754067301750183 13.690366744995117 1.3654497861862183 23.826473236083984 -6.648316860198975 0.1512
Pedestrian 1 1 1 1139.236083984375 155.54429626464844 1178.9774169921875 218.99374389648438 0.7404336333274841 1.7810401916503906 0.5600290298461914 15.630610466003418 1.2948529720306396 20.610904693603516 -6.513650417327881 0.1511
Car 1 1 1 0.0 188.2158660888672 0.0 374.0 3.899470090866089 1.546215534210205 1.6278752088546753 -5.34556770324707 1.6318801641464233 2.0747039318084717 -7.87061071395874 0.1487
Car 1 1 1 650.2366943359375 171.99847412109375 668.2828979492188 189.621826171875 4.004945755004883 1.604805588722229 1.6197912693023682 4.578700542449951 1.5265986919403076 67.7453842163086 -7.802893161773682 0.1485
Cyclist 1 1 1 418.4616394042969 157.79347229003906 456.7525634765625 214.0363006591797 1.616923451423645 1.7654386758804321 0.560038149356842 -5.642970085144043 1.2923953533172607 23.498905181884766 -4.4918012619018555 0.1481
Car 1 1 1 882.8040161132812 171.33331298828125 919.6190185546875 190.8050079345703 3.9316465854644775 1.5497087240219116 1.6437450647354126 23.91144561767578 1.4283801317214966 59.43685531616211 -7.794395923614502 0.1479
Car 1 1 1 582.6635131835938 177.61952209472656 611.5977783203125 205.0296173095703 4.003972053527832 1.5322644710540771 1.6468744277954102 -0.8372635245323181 1.8298243284225464 43.069400787353516 -4.746481418609619 0.1464
Car 1 1 1 596.591796875 173.32864379882812 626.6344604492188 190.9727325439453 4.058554172515869 1.599898099899292 1.6831705570220947 0.09546947479248047 1.645592451095581 67.73155212402344 -5.013319492340088 0.1463
Car 1 1 1 753.3272705078125 175.45375061035156 803.1526489257812 200.647216796875 3.964230537414551 1.5308644771575928 1.6412369012832642 10.718663215637207 1.705247163772583 46.379703521728516 -4.9039506912231445 0.1458
Car 1 1 1 777.530029296875 177.913818359375 832.267333984375 212.7042236328125 4.123696804046631 1.4634772539138794 1.6265758275985718 8.811729431152344 1.7098920345306396 33.07350158691406 -4.650270462036133 0.1433
Car 1 1 1 576.9805908203125 177.46392822265625 630.8401489257812 198.42190551757812 3.919726610183716 1.5137665271759033 1.60236394405365 -0.4844208359718323 1.8593895435333252 53.3123893737793 -6.298485279083252 0.1417
Pedestrian 1 1 1 1061.306396484375 153.19586181640625 1102.213134765625 224.46128845214844 0.7469000220298767 1.74465012550354 0.5809862017631531 11.749757766723633 1.2630990743637085 18.066444396972656 -4.604869365692139 0.1388
Cyclist 1 1 1 1142.2886962890625 162.74771118164062 1202.2379150390625 209.9482879638672 1.763143539428711 1.8056851625442505 0.6392293572425842 21.76900291442871 1.418763518333435 28.015403747558594 -6.175434589385986 0.1374
Pedestrian 1 1 1 1189.28955078125 147.92652893066406 1238.047607421875 227.60794067382812 0.741677463054657 1.808473825454712 0.5708119869232178 13.972733497619629 1.2424125671386719 16.768918991088867 -3.4813461303710938 0.1362
Car 1 1 1 741.1367797851562 175.2110137939453 764.3670043945312 192.83567810058594 3.984422445297241 1.585374116897583 1.6094330549240112 13.297986030578613 1.812183141708374 67.48617553710938 -4.651516437530518 0.1360
Cyclist 1 1 1 1173.339111328125 164.3734130859375 1239.846435546875 216.99281311035156 1.7459993362426758 1.8055309057235718 0.6444106101989746 20.708715438842773 1.514236330986023 25.122713088989258 -6.234196186065674 0.1358
Car 1 1 1 629.1544799804688 170.4355926513672 648.6689453125 189.7239227294922 4.191555976867676 1.7557581663131714 1.690368890762329 2.6667633056640625 1.5353180170059204 67.78084564208984 -7.84727144241333 0.1355
Cyclist 1 1 1 256.3630065917969 166.96897888183594 295.7339782714844 220.60389709472656 1.7584842443466187 1.7562024593353271 0.5042136907577515 -11.366561889648438 1.5632057189941406 24.50830841064453 -7.840610027313232 0.1352
Pedestrian 1 1 1 581.9032592773438 169.1427764892578 595.8759765625 204.11016845703125 0.4684108793735504 1.7567404508590698 0.5607869625091553 -1.1118215322494507 1.5699909925460815 36.61469650268555 -6.941203594207764 0.1347
Pedestrian 1 1 1 323.4709777832031 163.77325439453125 358.1795349121094 227.11508178710938 0.8601564764976501 1.714224100112915 0.6277143955230713 -7.48721170425415 1.468171238899231 19.963239669799805 -7.834163188934326 0.1345
Car 1 1 1 480.2106628417969 180.4778594970703 508.7325744628906 201.5824737548828 4.174747943878174 1.5120171308517456 1.6766189336776733 -8.847702026367188 2.118863582611084 55.34306716918945 -4.7515645027160645 0.1344
Car 1 1 1 0.0 0.0 1239.689697265625 374.0 3.8116440773010254 1.5422219038009644 1.6119199991226196 1.4010684490203857 1.567415714263916 0.6708893775939941 -7.8612380027771 0.1341
Pedestrian 1 1 1 512.8335571289062 165.7513885498047 526.8591918945312 201.5322265625 0.6822983622550964 1.8013588190078735 0.6400840878486633 -4.618518829345703 1.4434834718704224 36.67267990112305 -7.873753070831299 0.1339
Pedestrian 1 1 1 152.79237365722656 170.41656494140625 191.12814331054688 232.1034393310547 0.7739449739456177 1.696050763130188 0.5786560773849487 -12.33069133758545 1.6287347078323364 20.24502182006836 -4.640740394592285 0.1337
Car 1 1 1 874.5922241210938 172.8708953857422 951.5955810546875 206.76849365234375 3.763098955154419 1.4808909893035889 1.555664300918579 13.938433647155762 1.4814220666885376 33.501956939697266 -4.865213871002197 0.1336
Cyclist 1 1 1 1089.66259765625 170.09674072265625 1109.3687744140625 191.40380859375 1.750542402267456 1.7019816637039185 0.6131612062454224 39.68002700805664 1.4814354181289673 58.5449104309082 -4.572955131530762 0.1327
Cyclist 1 1 1 215.387939453125 172.62567138671875 259.3352355957031 229.54251098632812 1.6637979745864868 1.6673635244369507 0.5416632890701294 -11.374699592590332 1.6603747606277466 21.980083465576172 -4.75563383102417 0.1322
Pedestrian 1 1 1 1209.6103515625 151.68336486816406 1241.0 227.50595092773438 0.7479860186576843 1.8129830360412598 0.5852687358856201 15.273250579833984 1.306475043296814 17.705175399780273 -8.210390090942383 0.1317
Pedestrian 1 1 1 527.9390869140625 165.2609100341797 541.3449096679688 200.05882263183594 0.6943426132202148 1.8124874830245972 0.6483526229858398 -3.9978840351104736 1.4166927337646484 37.93710708618164 -7.878502368927002 0.1295
Car 1 1 1 0.0 175.20140075683594 129.62890625 234.47361755371094 3.7609381675720215 1.499989628791809 1.5857982635498047 -15.308381080627441 1.567145824432373 19.544239044189453 -2.9179751873016357 0.1288
Car 1 1 1 1130.42626953125 162.58447265625 1241.0 202.826904296875 3.925710916519165 1.5815863609313965 1.6349514722824097 24.221908569335938 1.1776790618896484 30.385953903198242 -4.802525043487549 0.1287
Cyclist 1 1 1 374.83441162109375 165.73370361328125 410.01373291015625 218.5536346435547 1.66927170753479 1.6848658323287964 0.5431416034698486 -7.225622653961182 1.4574404954910278 23.869678497314453 -4.631461143493652 0.1287
Pedestrian 1 1 1 341.51898193359375 168.50430297851562 363.960205078125 214.95263671875 0.737689197063446 1.674308180809021 0.5752846002578735 -9.448232650756836 1.5172160863876343 26.38674545288086 -7.885435581207275 0.1285
Car 1 1 1 1241.0 169.3642578125 1241.0 332.35125732421875 3.9886088371276855 1.5015212297439575 1.609819769859314 9.732227325439453 1.469071865081787 7.666855335235596 -6.393554210662842 0.1281
Car 1 1 1 717.52001953125 175.6822509765625 744.0797729492188 200.54946899414062 3.9274961948394775 1.529622197151184 1.603487253189087 7.857345104217529 1.721458077430725 46.93695068359375 -4.520218849182129 0.1275
Car 1 1 1 0.0 0.0 1241.0 374.0 3.8563804626464844 1.531156301498413 1.621034026145935 4.619149684906006 1.5373409986495972 1.2991454601287842 -7.88522481918335 0.1270
Car 1 1 1 744.7255249023438 175.87599182128906 822.0447998046875 226.05303955078125 3.9012210369110107 1.515363097190857 1.6073522567749023 5.611113548278809 1.6236971616744995 23.982019424438477 -7.860454082489014 0.1265
Car 1 1 1 590.4544067382812 178.39254760742188 615.9176025390625 199.9556884765625 3.864705801010132 1.5890300273895264 1.5855138301849365 -0.5259780287742615 2.0354630947113037 56.19862747192383 -4.615852355957031 0.1263
Pedestrian 1 1 1 1028.23095703125 157.297607421875 1066.863525390625 222.4416046142578 0.7391969561576843 1.6789319515228271 0.5668245553970337 11.440421104431152 1.2777031660079956 18.965574264526367 -4.71220064163208 0.1258
Car 1 1 1 781.8801879882812 176.89222717285156 836.0563354492188 208.05160522460938 4.041308879852295 1.4851168394088745 1.6217548847198486 10.072430610656738 1.7029359340667725 36.94424819946289 -4.722248554229736 0.1253
Pedestrian 1 1 1 1226.2578125 163.58653259277344 1241.0 217.22682189941406 0.5684358477592468 1.7660075426101685 0.5836383104324341 21.067441940307617 1.4605934619903564 24.10917854309082 -4.992769241333008 0.1250
Car 1 1 1 572.2684326171875 180.34542846679688 643.6452026367188 245.0461883544922 3.8527069091796875 1.4789209365844727 1.6208137273788452 -0.19652025401592255 1.6956719160079956 18.927997589111328 -7.922479152679443 0.1239
Cyclist 1 1 1 624.4229125976562 172.10171508789062 635.645263671875 202.78721618652344 1.7142714262008667 1.7130043506622314 0.5434412360191345 1.112176537513733 1.670708179473877 41.15664291381836 -4.627230167388916 0.1236
Pedestrian 1 1 1 550.781005859375 165.75302124023438 563.8828735351562 198.2655029296875 0.7391613721847534 1.8223806619644165 0.6667891144752502 -3.013826847076416 1.4240591526031494 40.82313537597656 -7.823108196258545 0.1235
Pedestrian 1 1 1 1114.09716796875 150.6717987060547 1176.1837158203125 264.7579345703125 0.5812487602233887 1.7254631519317627 0.5782365202903748 8.273305892944336 1.3896749019622803 11.249095916748047 -4.537895202636719 0.1233
Car 1 1 1 876.281982421875 171.4503936767578 953.62548828125 210.15553283691406 3.9196243286132812 1.5185298919677734 1.6162378787994385 12.64664363861084 1.4631621837615967 30.27547836303711 -4.703180313110352 0.1215
Car 1 1 1 0.0 189.99676513671875 94.64311218261719 321.48748779296875 4.039773941040039 1.5074535608291626 1.6592158079147339 -9.863968849182129 1.8184313774108887 10.96531867980957 -4.893611431121826 0.1207
Car 1 1 1 708.7849731445312 171.580322265625 729.9768676757812 190.89488220214844 3.95177960395813 1.6171504259109497 1.6133966445922852 9.4782075881958 1.510208249092102 62.51002502441406 -7.651343822479248 0.1206
Car 1 1 1 450.90753173828125 180.10276794433594 520.4122314453125 218.3861846923828 4.005499362945557 1.4998284578323364 1.6335264444351196 -5.33206844329834 1.834265947341919 31.19574546813965 -4.515539169311523 0.1199
Cyclist 1 1 1 1144.2420654296875 162.78680419921875 1205.98291015625 210.76397705078125 1.7691715955734253 1.792401909828186 0.6416109800338745 21.377960205078125 1.4159966707229614 27.376441955566406 -6.1682000160217285 0.1195
Pedestrian 1 1 1 278.5870666503906 163.03335571289062 302.75897216796875 212.09442138671875 0.732991635799408 1.7658802270889282 0.6260823011398315 -11.711649894714355 1.4121007919311523 26.37434959411621 -7.982777118682861 0.1186
Car 1 1 1 566.4953002929688 174.85140991210938 589.5291748046875 192.1031951904297 4.003771781921387 1.5648192167282104 1.6066722869873047 -3.0666139125823975 1.758772850036621 68.05447387695312 -8.043245315551758 0.1171
Car 1 1 1 1086.6090087890625 167.82054138183594 1170.015869140625 190.3525848388672 4.270572662353516 1.4776774644851685 1.6132949590682983 34.750038146972656 1.1472772359848022 48.51683807373047 -6.092077732086182 0.1166
Car 1 1 1 857.7938842773438 174.8155975341797 886.9713745117188 192.07992553710938 4.002688407897949 1.4737575054168701 1.601876139640808 23.264659881591797 1.6535488367080688 64.15580749511719 -7.724910259246826 0.1155
Car 1 1 1 96.20526885986328 0.0 1241.0 374.0 3.82170033454895 1.5545237064361572 1.6476068496704102 -1.1577757596969604 1.5983690023422241 0.827289879322052 -7.865461826324463 0.1153
Car 1 1 1 447.9247131347656 171.5345001220703 502.2742614746094 204.80322265625 3.9183712005615234 1.5466365814208984 1.659838318824768 -6.61871862411499 1.4849939346313477 35.564537048339844 -4.630014896392822 0.1149
Car 1 1 1 728.4920654296875 175.33767700195312 765.8894653320312 199.26336669921875 3.864255428314209 1.579921007156372 1.576040506362915 9.436302185058594 1.7587475776672363 50.04903793334961 -4.793436050415039 0.1140
Pedestrian 1 1 1 1117.74560546875 151.045166015625 1169.1646728515625 231.07305908203125 0.7609111666679382 1.7756251096725464 0.5815873146057129 12.070867538452148 1.2914400100708008 16.41427230834961 -4.802558422088623 0.1122
Car 1 1 1 342.0985107421875 169.61036682128906 425.5867004394531 211.1956787109375 3.8821988105773926 1.5817617177963257 1.6570135354995728 -9.188505172729492 1.458085298538208 29.500532150268555 -4.53732442855835 0.1118
Pedestrian 1 1 1 754.577392578125 164.77560424804688 778.255126953125 233.499755859375 0.7183677554130554 1.6196842193603516 0.5399282574653625 3.7290945053100586 1.4289933443069458 17.418228149414062 -4.472151279449463 0.1116
Pedestrian 1 1 1 758.1934814453125 171.62811279296875 766.9485473632812 190.6587371826172 0.6504181623458862 1.7790019512176514 0.5384678840637207 14.330917358398438 1.664104700088501 67.8704833984375 -3.9283456802368164 0.1115
Car 1 1 1 926.353271484375 174.85910034179688 1051.1075439453125 226.99810791015625 3.7907919883728027 1.4788025617599487 1.5402029752731323 11.66121768951416 1.5468180179595947 22.600337982177734 -4.8498969078063965 0.1114
Car 1 1 1 868.296630859375 173.7784423828125 954.1396484375 203.65414428710938 3.909785747528076 1.4857527017593384 1.553374171257019 15.421198844909668 1.534735083580017 37.21287536621094 -2.8819971084594727 0.1114
Car 1 1 1 1075.646484375 165.48951721191406 1216.6201171875 217.3907928466797 3.519367218017578 1.4850612878799438 1.5670524835586548 16.485567092895508 1.2740401029586792 22.472177505493164 -4.808382034301758 0.1106
Cyclist 1 1 1 0.0 0.0 1241.0 374.0 1.8660799264907837 1.666412591934204 0.5176482200622559 6.904400825500488 1.3149508237838745 -0.28551092743873596 -8.029621124267578 0.1103
Car 1 1 1 990.9434204101562 172.38818359375 1036.2718505859375 190.70236206054688 3.9990687370300293 1.4740147590637207 1.5553630590438843 33.5172004699707 1.4362224340438843 60.07749938964844 -7.8474297523498535 0.1097
Car 1 1 1 752.28759765625 177.40440368652344 793.84814453125 207.80860900878906 3.9506680965423584 1.487131118774414 1.5985171794891357 8.47599983215332 1.7389119863510132 37.93626022338867 -4.628709316253662 0.1095
Pedestrian 1 1 1 115.79457092285156 167.14437866210938 154.26486206054688 235.66400146484375 0.7082332968711853 1.7413322925567627 0.5731359124183655 -12.363005638122559 1.5959302186965942 18.719324111938477 -4.818325042724609 0.1090
Cyclist 1 1 1 352.7642517089844 159.78526306152344 398.7362976074219 216.96949768066406 1.6380236148834229 1.6947020292282104 0.5466775894165039 -7.24757719039917 1.3070995807647705 22.24514389038086 -4.451938629150391 0.1082
Car 1 1 1 0.0 185.66578674316406 83.53954315185547 278.0030212402344 4.1369147300720215 1.5323046445846558 1.6362364292144775 -12.722397804260254 1.833929419517517 14.795226097106934 -4.9700822830200195 0.1080
Car 1 1 1 746.1968383789062 176.36643981933594 786.19287109375 203.75181579589844 3.934556007385254 1.5186638832092285 1.6193398237228394 9.11233901977539 1.7350327968597412 42.516510009765625 -4.6801676750183105 0.1067
Pedestrian 1 1 1 1056.40283203125 156.2674102783203 1095.63916015625 218.7190704345703 0.7708001732826233 1.799620270729065 0.5935519337654114 13.677388191223145 1.3213573694229126 21.2628116607666 -8.256278038024902 0.1063
Car 1 1 1 689.6148071289062 176.95822143554688 718.4038696289062 197.1234130859375 3.8683865070343018 1.4762343168258667 1.5700486898422241 7.175910949707031 1.8032724857330322 55.58418655395508 -7.893017292022705 0.1062
Pedestrian 1 1 1 1028.8675537109375 156.28390502929688 1065.098388671875 214.59620666503906 0.7997664213180542 1.8353543281555176 0.5952762961387634 13.995009422302246 1.3135178089141846 23.197494506835938 -8.282541275024414 0.1062
Pedestrian 1 1 1 1089.1270751953125 155.69992065429688 1128.7310791015625 218.46844482421875 0.7588053345680237 1.8107283115386963 0.5880662798881531 14.643532752990723 1.3155722618103027 21.259546279907227 -8.128125190734863 0.1057
Car 1 1 1 666.9713745117188 179.10459899902344 730.3233032226562 238.82156372070312 3.7830424308776855 1.476028323173523 1.5969310998916626 2.370615243911743 1.6676816940307617 20.20105743408203 -7.76167631149292 0.1056
Pedestrian 1 1 1 980.3948974609375 161.16383361816406 1012.1331787109375 215.01846313476562 0.8089726567268372 1.7913851737976074 0.5923291444778442 13.039115905761719 1.4022310972213745 24.448469161987305 -6.7552809715271 0.1052
Car 1 1 1 506.754638671875 180.3525848388672 530.7369384765625 200.72238159179688 4.0355963706970215 1.5232642889022827 1.657697081565857 -7.270658493041992 2.142498016357422 57.54633331298828 -4.7773284912109375 0.1047
Pedestrian 1 1 1 1176.095703125 153.8759307861328 1217.8128662109375 220.97238159179688 0.7388025522232056 1.7909164428710938 0.5670920610427856 15.921797752380371 1.2840598821640015 19.639904022216797 -6.5861921310424805 0.1038
Pedestrian 1 1 1 543.0165405273438 165.2487335205078 557.083984375 198.1695098876953 0.7808498740196228 1.8006113767623901 0.6375340223312378 -3.3484861850738525 1.384338617324829 39.88778305053711 -7.743933200836182 0.1032
Pedestrian 1 1 1 1136.3553466796875 153.51565551757812 1181.610107421875 222.33985900878906 0.7593453526496887 1.8015198707580566 0.594664454460144 14.645133018493652 1.2950259447097778 19.32679557800293 -4.955358028411865 0.1029
Pedestrian 1 1 1 1041.4449462890625 160.56857299804688 1054.6324462890625 189.85008239746094 0.7692803740501404 1.8214049339294434 0.6125806570053101 27.497222900390625 1.0569113492965698 45.35737991333008 -7.439819812774658 0.1026
Pedestrian 1 1 1 1180.145751953125 155.49020385742188 1220.652099609375 220.33006286621094 0.7377914190292358 1.7904847860336304 0.5618424415588379 16.55314826965332 1.310701847076416 20.296506881713867 -6.563438892364502 0.1023
Car 1 1 1 1241.0 172.16525268554688 1241.0 374.0 4.070503234863281 1.5131440162658691 1.629248857498169 6.505046367645264 1.5110608339309692 3.9172840118408203 -4.695025444030762 0.1022
Car 1 1 1 607.3030395507812 177.9990692138672 639.749267578125 204.9866943359375 3.9850058555603027 1.5647423267364502 1.6579588651657104 0.758947491645813 1.8974906206130981 44.66056442260742 -4.7826457023620605 0.1012
Cyclist 1 1 1 588.2421875 174.68670654296875 602.0125122070312 211.0041046142578 1.6949151754379272 1.735762596130371 0.6000963449478149 -0.762742817401886 1.8276166915893555 35.426353454589844 -4.687248706817627 0.1010
Car 1 1 1 1182.6021728515625 168.86044311523438 1241.0 198.0343475341797 3.966055393218994 1.4563632011413574 1.581850528717041 32.2241325378418 1.2567046880722046 37.22817611694336 -2.9191226959228516 0.1004
Car 1 1 1 1011.2739868164062 171.77471923828125 1054.784912109375 190.64382934570312 3.8758926391601562 1.5190478563308716 1.5918068885803223 35.13957595825195 1.4318609237670898 60.081634521484375 -7.7752156257629395 0.1004
Pedestrian 1 1 1 1198.3626708984375 149.1426239013672 1241.0 233.06817626953125 0.7637645602226257 1.7853485345840454 0.5761739015579224 13.352635383605957 1.2806364297866821 15.780574798583984 -3.6188011169433594 0.1004
Pedestrian 1 1 1 1111.1707763671875 155.02676391601562 1151.1435546875 218.1840362548828 0.7496115565299988 1.821900486946106 0.5926617383956909 15.286216735839844 1.3073374032974243 21.24338150024414 -8.067795753479004 0.1001
Cyclist 1 1 1 840.1719360351562 157.0853729248047 875.203369140625 202.8502197265625 1.6305655241012573 1.7239816188812256 0.5479731559753418 9.55986499786377 1.1296703815460205 28.032987594604492 -4.902324676513672 0.1001
Car 1 1 1 837.5037231445312 175.33248901367188 906.0369262695312 201.9104461669922 3.9757015705108643 1.4969403743743896 1.588413119316101 15.556352615356445 1.6523118019104004 43.178627014160156 -5.104252338409424 0.1001
Car 1 1 1 653.2428588867188 177.36782836914062 686.2705078125 206.20651245117188 3.9556422233581543 1.5431671142578125 1.6373060941696167 3.3318514823913574 1.8132638931274414 41.22854232788086 -4.691518783569336 0.1000
