Car 1 1 1 780.4030151367188 179.1714324951172 1059.1744384765625 270.9872741699219 4.158036231994629 1.4596593379974365 1.6250556707382202 5.189756393432617 1.5771671533584595 12.526896476745605 -3.1979596614837646 0.8045
Car 1 1 1 572.3306274414062 182.96690368652344 606.1848754882812 214.02342224121094 3.864572763442993 1.482153296470642 1.5874278545379639 -1.1671472787857056 2.0383095741271973 37.71548080444336 -7.92954683303833 0.7692
Car 1 1 1 709.0339965820312 181.9313507080078 849.3938598632812 233.61422729492188 4.07991361618042 1.5382065773010254 1.6658989191055298 5.195374488830566 1.8360081911087036 22.750917434692383 -6.227869033813477 0.7509
Car 1 1 1 757.4694213867188 180.01321411132812 979.6624755859375 256.4050598144531 4.06268310546875 1.493924617767334 1.6136829853057861 5.226007461547852 1.651267647743225 15.075352668762207 -6.286020278930664 0.7449
Car 1 1 1 736.407958984375 178.75161743164062 918.1234741210938 244.26316833496094 3.9394078254699707 1.5061728954315186 1.6007826328277588 5.154565334320068 1.6567320823669434 17.59988784790039 -3.170395851135254 0.5062
Car 1 1 1 638.52001953125 180.7841033935547 676.4972534179688 211.31326293945312 3.6321117877960205 1.4943740367889404 1.5786389112472534 2.4257094860076904 1.9336371421813965 38.138710021972656 -7.9078803062438965 0.4591
Pedestrian 1 1 1 626.2371215820312 177.41087341308594 641.865234375 205.8760986328125 0.7716172933578491 1.7652974128723145 0.6076399087905884 1.4777023792266846 2.054523229598999 45.3709602355957 -6.912747859954834 0.3251
Car 1 1 1 525.4657592773438 178.2915802001953 564.6671752929688 210.08949279785156 3.732985734939575 1.5660680532455444 1.6298776865005493 -3.415131092071533 1.8669250011444092 38.07221221923828 -7.824486255645752 0.3057
Pedestrian 1 1 1 419.8431396484375 171.5627899169922 452.2186279296875 246.9174346923828 0.6955680251121521 1.6735972166061401 0.5790978670120239 -4.026114463806152 1.6446201801300049 16.46509552001953 -5.170900344848633 0.2889
Pedestrian 1 1 1 1184.187255859375 153.096435546875 1230.338134765625 227.809814453125 0.6855994462966919 1.7230887413024902 0.4859314262866974 14.031147956848145 1.2671270370483398 17.02436065673828 -4.909739971160889 0.2832
Pedestrian 1 1 1 83.74250793457031 161.7391815185547 122.45631408691406 248.57275390625 0.751059353351593 1.7251859903335571 0.599127471446991 -10.46429443359375 1.504059910774231 14.815671920776367 -8.536633491516113 0.2817
Pedestrian 1 1 1 971.1312866210938 138.90371704101562 1073.9307861328125 313.37396240234375 0.8988108038902283 1.759544014930725 0.5670092701911926 4.364685535430908 1.4168531894683838 7.739151954650879 -6.776040077209473 0.2795
Pedestrian 1 1 1 252.14610290527344 165.0307159423828 285.23504638671875 224.3450927734375 0.7025606036186218 1.7675995826721191 0.6385422945022583 -10.392133712768555 1.5341615676879883 21.88160514831543 -7.7610249519348145 0.2729
Pedestrian 1 1 1 384.0312805175781 174.05093383789062 396.4201965332031 211.48033142089844 0.3998422622680664 1.7540980577468872 0.5200252532958984 -10.434284210205078 1.8108710050582886 34.118656158447266 -8.258272171020508 0.2635
Pedestrian 1 1 1 999.0047607421875 155.84454345703125 1019.669677734375 199.0749053955078 0.6485576033592224 1.8089182376861572 0.6488245725631714 16.885242462158203 1.0968798398971558 30.597976684570312 -7.5515828132629395 0.2503
Car 1 1 1 641.51904296875 175.9458465576172 670.4989624023438 197.2456512451172 3.7521262168884277 1.6443320512771606 1.595585584640503 3.6524226665496826 1.902061104774475 58.24518585205078 -4.855656147003174 0.2469
Car 1 1 1 557.0079345703125 184.4656524658203 577.1499633789062 201.93563842773438 3.8931117057800293 1.515105962753296 1.6676362752914429 -3.986729145050049 2.6264030933380127 67.12213134765625 -4.71846866607666 0.2425
Pedestrian 1 1 1 483.6406555175781 174.83572387695312 497.75469970703125 209.2618408203125 0.6327851414680481 1.7576936483383179 0.6000825762748718 -6.206963062286377 1.8609226942062378 37.29039764404297 -8.229131698608398 0.2360
Pedestrian 1 1 1 972.1498413085938 162.60604858398438 988.6317138671875 204.93829345703125 0.5666908621788025 1.7671819925308228 0.612155020236969 15.622031211853027 1.3390761613845825 30.514848709106445 -7.365367412567139 0.2305
Pedestrian 1 1 1 229.4982147216797 179.8651123046875 263.3635559082031 243.49546813964844 0.5560945272445679 1.4989794492721558 0.4983178377151489 -8.803211212158203 1.6705950498580933 17.37952423095703 -4.5589280128479 0.2300
Car 1 1 1 902.1057739257812 167.4085693359375 997.74755859375 200.39002990722656 3.9671897888183594 1.479720115661621 1.6047595739364624 15.816402435302734 1.2351096868515015 33.691871643066406 -3.421957015991211 0.2212
Pedestrian 1 1 1 937.234130859375 165.23666381835938 954.7314453125 204.88648986816406 0.4462747573852539 1.7516379356384277 0.5498188138008118 14.936001777648926 1.414821743965149 32.17045974731445 -8.154833793640137 0.2162
Pedestrian 1 1 1 417.0431213378906 174.4585723876953 429.09521484375 209.1145477294922 0.5101216435432434 1.7322118282318115 0.576777458190918 -9.469538688659668 1.813574194908142 36.407623291015625 -4.941461563110352 0.2147
Pedestrian 1 1 1 984.4503784179688 156.92453002929688 1119.5367431640625 374.0 0.7197832465171814 1.516169786453247 0.5047491192817688 3.0557212829589844 1.410599946975708 5.13810396194458 -4.7529215812683105 0.2130
Car 1 1 1 664.8153686523438 179.22332763671875 696.5988159179688 208.2178497314453 3.795166492462158 1.5277931690216064 1.5967334508895874 3.918567657470703 1.90473473072052 40.80201721191406 -4.665239334106445 0.1964
Pedestrian 1 1 1 632.6318969726562 175.68768310546875 650.011962890625 206.07998657226562 0.8630923628807068 1.7657897472381592 0.5510667562484741 1.8077714443206787 1.9341437816619873 42.47641372680664 -6.867581844329834 0.1859
Cyclist 1 1 1 676.72412109375 174.90440368652344 693.8087158203125 211.55844116210938 1.7347092628479004 1.7839889526367188 0.6310219764709473 3.714477300643921 1.888735294342041 36.090843200683594 -7.87902307510376 0.1824
Car 1 1 1 632.833740234375 177.2664337158203 658.8126831054688 201.68252563476562 3.7700612545013428 1.5601527690887451 1.6264091730117798 2.350771903991699 1.8692172765731812 48.68998718261719 -7.8370232582092285 0.1821
Pedestrian 1 1 1 464.8736877441406 159.2454376220703 507.6305236816406 235.49978637695312 0.84283846616745 1.7836624383926392 0.5789418816566467 -3.02925705909729 1.4650453329086304 17.38703155517578 -7.170764446258545 0.1802
Car 1 1 1 577.4198608398438 181.4104461669922 604.7117309570312 203.7305145263672 4.069520950317383 1.5548043251037598 1.6563301086425781 -1.4827286005020142 2.220121383666992 54.00863265991211 -4.834888458251953 0.1780
Car 1 1 1 921.8156127929688 175.34945678710938 1073.807373046875 224.61587524414062 3.9797773361206055 1.5116461515426636 1.6562252044677734 12.275666236877441 1.5941572189331055 23.0849666595459 -6.298727035522461 0.1758
Pedestrian 1 1 1 303.66693115234375 168.01817321777344 329.0370178222656 217.45907592773438 0.7610170841217041 1.7144372463226318 0.6046446561813354 -10.381896018981934 1.546447992324829 25.412193298339844 -4.750637054443359 0.1691
Pedestrian 1 1 1 187.8155517578125 165.60130310058594 227.1135711669922 234.15982055664062 0.6554176807403564 1.6798855066299438 0.5851550102233887 -10.107264518737793 1.5018733739852905 18.039613723754883 -4.594619274139404 0.1691
Pedestrian 1 1 1 1220.212646484375 154.40443420410156 1241.0 224.93832397460938 0.6986517310142517 1.820912480354309 0.540016233921051 16.552440643310547 1.3443162441253662 18.986005783081055 -3.4318525791168213 0.1669
Pedestrian 1 1 1 914.0665283203125 160.66001892089844 933.9431762695312 203.63906860351562 0.6979991793632507 1.8123507499694824 0.6480866074562073 13.369203567504883 1.2978519201278687 30.832962036132812 -4.510117053985596 0.1662
Pedestrian 1 1 1 1170.810302734375 149.8910369873047 1231.0880126953125 248.27877807617188 0.7949733138084412 1.7456367015838623 0.5569082498550415 10.76783275604248 1.3379181623458862 13.21807861328125 -3.5612807273864746 0.1571
Pedestrian 1 1 1 1210.112060546875 157.12010192871094 1241.0 220.7375946044922 0.6761230826377869 1.8130781650543213 0.5350682735443115 17.88106918334961 1.3643673658370972 20.921337127685547 -3.4508752822875977 0.1526
Car 1 1 1 600.5402221679688 184.056884765625 632.5613403320312 204.39181518554688 3.9743449687957764 1.4882043600082397 1.669358253479004 0.45382657647132874 2.410008430480957 57.2668571472168 -4.935531139373779 0.1522
Pedestrian 1 1 1 1162.49560546875 157.9612579345703 1199.0531005859375 222.04185485839844 0.71562260389328 1.7950880527496338 0.5397244691848755 16.24298667907715 1.3775982856750488 20.599609375 -3.5384716987609863 0.1488
Pedestrian 1 1 1 421.8339538574219 168.41799926757812 441.59808349609375 211.03250122070312 0.7925873398780823 1.7644786834716797 0.6187667846679688 -7.520053386688232 1.5805037021636963 30.279382705688477 -4.688138484954834 0.1484
Car 1 1 1 609.177734375 185.89035034179688 633.9161376953125 208.96803283691406 3.9358034133911133 1.5006060600280762 1.6856651306152344 0.7893422842025757 2.4600892066955566 51.139705657958984 -4.694692134857178 0.1479
Car 1 1 1 522.5984497070312 184.22979736328125 567.5486450195312 211.86663818359375 3.9472291469573975 1.5407301187515259 1.662482500076294 -4.053405284881592 2.2699310779571533 44.129180908203125 -8.238103866577148 0.1479
Pedestrian 1 1 1 1164.733154296875 165.4657440185547 1196.9810791015625 212.98435974121094 0.804246723651886 1.8317447900772095 0.6397457122802734 22.35593032836914 1.546642541885376 28.3193416595459 -5.204596519470215 0.1476
Car 1 1 1 922.8810424804688 173.78317260742188 1032.9163818359375 220.46115112304688 3.790334939956665 1.5326329469680786 1.581581711769104 12.956377983093262 1.5680776834487915 25.76378631591797 -4.864955425262451 0.1465
Car 1 1 1 370.02362060546875 169.47622680664062 442.4181213378906 194.388427734375 4.0768232345581055 1.5334293842315674 1.6451753377914429 -12.770088195800781 1.3252156972885132 45.2408561706543 -3.144134998321533 0.1462
Pedestrian 1 1 1 993.2384643554688 152.7989959716797 1036.6361083984375 240.73806762695312 0.5639305114746094 1.6900575160980225 0.5404987335205078 7.88167142868042 1.304330587387085 14.15475845336914 -4.690240859985352 0.1442
Pedestrian 1 1 1 797.3223876953125 165.22206115722656 813.589599609375 207.6354522705078 0.7351080775260925 1.7695000171661377 0.617041289806366 8.220344543457031 1.4507932662963867 30.524118423461914 -7.65480375289917 0.1439
Pedestrian 1 1 1 1181.828857421875 165.18563842773438 1240.746826171875 281.16253662109375 0.6173198819160461 1.5398117303848267 0.5056791305541992 8.236723899841309 1.437699794769287 9.970396041870117 -4.231297016143799 0.1429
Pedestrian 1 1 1 731.3006591796875 166.17469787597656 750.1744384765625 206.9564208984375 0.7845113277435303 1.757073998451233 0.612338125705719 5.661956310272217 1.468997597694397 31.510826110839844 -7.963893413543701 0.1402
Pedestrian 1 1 1 1202.3856201171875 163.4368133544922 1238.759765625 219.28941345214844 0.7472991347312927 1.812982201576233 0.6177865862846375 20.114696502685547 1.5069993734359741 23.831832885742188 -3.461151123046875 0.1395
Car 1 1 1 0.0 0.0 1241.0 374.0 3.8062024116516113 1.522645115852356 1.625234842300415 3.0125389099121094 1.556494116783142 0.9635518193244934 -7.868077754974365 0.1376
Pedestrian 1 1 1 982.2001953125 159.65682983398438 1000.3983154296875 202.41244506835938 0.5598408579826355 1.8046778440475464 0.6195440888404846 16.24199676513672 1.247336506843567 30.825803756713867 -7.4980340003967285 0.1372
Pedestrian 1 1 1 1204.6070556640625 151.30393981933594 1241.0 226.38633728027344 0.7098483443260193 1.7307138442993164 0.515949010848999 14.567015647888184 1.2336664199829102 17.05130386352539 -5.041400909423828 0.1370
Pedestrian 1 1 1 874.9151000976562 164.94451904296875 892.7283935546875 207.2476806640625 0.7666724324226379 1.7468335628509521 0.6249045729637146 11.429061889648438 1.4199256896972656 30.246135711669922 -7.590274333953857 0.1366
Car 1 1 1 709.9746704101562 179.28109741210938 784.4298706054688 220.82077026367188 3.897045135498047 1.480160117149353 1.6025036573410034 5.264492034912109 1.7512024641036987 28.404523849487305 -4.886009693145752 0.1364
Pedestrian 1 1 1 1032.796630859375 142.7838592529297 1132.08740234375 334.1339111328125 0.7934186458587646 1.6732178926467896 0.5423271059989929 4.372788906097412 1.4099763631820679 6.764649391174316 -3.7874698638916016 0.1350
Pedestrian 1 1 1 1166.3214111328125 161.56349182128906 1202.78173828125 216.55728149414062 0.7927142977714539 1.811315655708313 0.5762040615081787 19.15597152709961 1.4391433000564575 24.12277603149414 -6.472911834716797 0.1341
Pedestrian 1 1 1 858.1981201171875 164.76840209960938 873.7217407226562 207.6407928466797 0.6134395599365234 1.7904064655303955 0.6081148982048035 10.78740406036377 1.4524414539337158 30.526355743408203 -4.353296756744385 0.1339
Pedestrian 1 1 1 732.0426635742188 166.550537109375 747.3502807617188 204.1812744140625 0.6982254981994629 1.724142074584961 0.64047771692276 5.964400291442871 1.4350334405899048 33.43614196777344 -7.761551380157471 0.1334
Car 1 1 1 448.49835205078125 178.29257202148438 488.46807861328125 204.31719970703125 4.114842891693115 1.5299006700515747 1.6580175161361694 -8.872246742248535 1.8870062828063965 45.34926986694336 -4.699254989624023 0.1334
Pedestrian 1 1 1 1201.1346435546875 143.82020568847656 1241.0 235.3029327392578 0.7655853629112244 1.7842158079147339 0.6003409624099731 12.39140796661377 1.217660903930664 14.513617515563965 -3.6128664016723633 0.1332
Car 1 1 1 534.2515258789062 185.20736694335938 570.4874267578125 209.53271484375 3.8671748638153076 1.5366334915161133 1.688546061515808 -4.04995584487915 2.4249470233917236 49.80570602416992 -5.011972427368164 0.1331
Car 1 1 1 0.0 0.0 1241.0 374.0 3.8595142364501953 1.5439984798431396 1.6209160089492798 -2.4539740085601807 1.6142406463623047 0.6950264573097229 -7.920063495635986 0.1316
Car 1 1 1 918.9324340820312 174.5994415283203 1083.9669189453125 227.90982055664062 3.9835004806518555 1.4984536170959473 1.6237643957138062 11.366496086120605 1.5515332221984863 21.201942443847656 -6.309640884399414 0.1312
Pedestrian 1 1 1 1200.8328857421875 151.21742248535156 1240.2327880859375 220.31089782714844 0.7076093554496765 1.8447822332382202 0.5345239639282227 16.56034278869629 1.2667896747589111 19.634904861450195 -3.4817512035369873 0.1311
Pedestrian 1 1 1 940.9796142578125 164.05360412597656 957.5689086914062 207.36001586914062 0.5107750296592712 1.8140565156936646 0.5772939920425415 14.320889472961426 1.4451179504394531 30.557025909423828 -4.395415782928467 0.1311
Pedestrian 1 1 1 1168.8358154296875 160.17784118652344 1191.2078857421875 202.82322692871094 0.7399996519088745 1.8175956010818481 0.620474636554718 24.61551856994629 1.277023196220398 31.222261428833008 -7.39213228225708 0.1309
Pedestrian 1 1 1 0.0 156.2735137939453 40.509525299072266 257.3872985839844 0.7196858525276184 1.7436765432357788 0.5894827842712402 -10.723352432250977 1.4574512243270874 12.88016128540039 -5.051915168762207 0.1290
Car 1 1 1 701.37158203125 177.6717987060547 742.72900390625 206.06570434570312 3.991929292678833 1.4995112419128418 1.6386908292770386 6.242157936096191 1.7850821018218994 40.80080032348633 -4.733287334442139 0.1289
Car 1 1 1 378.1180114746094 171.8617401123047 449.2842102050781 196.31385803222656 4.266498565673828 1.5924315452575684 1.6472793817520142 -13.006254196166992 1.5275111198425293 47.83199691772461 -3.1328744888305664 0.1285
Cyclist 1 1 1 513.7500610351562 173.1514892578125 528.1258544921875 208.18272399902344 1.7640478610992432 1.7690577507019043 0.5840070247650146 -4.639945030212402 1.7845224142074585 37.3436393737793 -4.745605945587158 0.1280
Pedestrian 1 1 1 949.5285034179688 159.2300567626953 984.26513671875 228.96932983398438 0.625250518321991 1.6485599279403687 0.5466811656951904 8.538662910461426 1.3262050151824951 17.382709503173828 -7.802229404449463 0.1276
Pedestrian 1 1 1 945.14453125 163.49705505371094 960.2568969726562 204.73085021972656 0.49510008096694946 1.7839751243591309 0.5746738910675049 14.941720008850098 1.3788480758666992 31.556781768798828 -7.456177234649658 0.1274
Pedestrian 1 1 1 174.21275329589844 168.23040771484375 211.58416748046875 239.10235595703125 0.6059468388557434 1.6771783828735352 0.5337159633636475 -10.099525451660156 1.5674614906311035 17.39462661743164 -4.6480584144592285 0.1267
Car 1 1 1 791.525146484375 176.17376708984375 862.5658569335938 213.40518188476562 3.7219724655151367 1.5216301679611206 1.6417196989059448 9.431305885314941 1.6765077114105225 31.781558990478516 -4.832068920135498 0.1252
Car 1 1 1 1052.6060791015625 171.69699096679688 1173.432861328125 217.1923065185547 3.694474458694458 1.480833888053894 1.6198484897613525 17.470848083496094 1.4428740739822388 25.347394943237305 -4.730964183807373 0.1246
Car 1 1 1 950.6220092773438 173.61566162109375 1056.4158935546875 217.396484375 3.816757917404175 1.5152546167373657 1.588309645652771 14.55921745300293 1.5455715656280518 27.02269744873047 -4.81777286529541 0.1243
Pedestrian 1 1 1 706.6483764648438 166.8776397705078 721.0411376953125 206.06324768066406 0.7561535835266113 1.759063482284546 0.6386553049087524 4.683633804321289 1.4904814958572388 32.81325912475586 -7.698276042938232 0.1235
Pedestrian 1 1 1 991.7169189453125 166.35516357421875 1012.6964111328125 209.7113037109375 0.7292945384979248 1.7713268995285034 0.6046319007873535 16.23784828186035 1.505515456199646 29.951610565185547 -7.107980728149414 0.1226
Pedestrian 1 1 1 757.4247436523438 164.11874389648438 774.2213745117188 205.61155700683594 0.7483894228935242 1.753508448600769 0.6201537251472473 6.624088764190674 1.3840522766113281 30.894996643066406 -7.7571587562561035 0.1225
Pedestrian 1 1 1 751.8541870117188 167.08816528320312 765.3578491210938 205.56373596191406 0.5548784732818604 1.782251000404358 0.5975937247276306 6.91423225402832 1.5148682594299316 33.76393508911133 -7.611175060272217 0.1208
Pedestrian 1 1 1 987.333251953125 155.52667236328125 1025.5936279296875 227.99440002441406 0.6620268225669861 1.7108714580535889 0.5973367094993591 9.496627807617188 1.30149507522583 17.39441680908203 -7.751523494720459 0.1205
Cyclist 1 1 1 491.31689453125 176.3747100830078 510.0787658691406 212.04010009765625 1.754927158355713 1.773693561553955 0.582506537437439 -5.6266913414001465 1.9580864906311035 36.95553207397461 -4.642926216125488 0.1191
Car 1 1 1 764.4069213867188 177.70697021484375 836.8991088867188 220.33201599121094 3.898516893386841 1.4930460453033447 1.5750725269317627 7.181821346282959 1.6925114393234253 27.713584899902344 -4.764199256896973 0.1187
Car 1 1 1 647.81103515625 179.3213348388672 670.5706787109375 201.1102752685547 3.8997702598571777 1.5250083208084106 1.6288551092147827 3.6525375843048096 2.0240509510040283 53.7014274597168 -4.632539749145508 0.1182
Car 1 1 1 1061.138916015625 169.2797393798828 1215.8758544921875 226.28834533691406 3.5659029483795166 1.4832621812820435 1.5479389429092407 14.886486053466797 1.3899664878845215 20.636625289916992 -4.833677768707275 0.1181
Pedestrian 1 1 1 971.1713256835938 157.29441833496094 1023.3729248046875 272.5367431640625 0.5911307334899902 1.6403701305389404 0.5457156300544739 5.632821559906006 1.4185935258865356 10.622116088867188 -4.473779678344727 0.1180
Car 1 1 1 642.85009765625 175.6848907470703 716.0631103515625 202.36297607421875 4.084446907043457 1.552868366241455 1.650037407875061 4.147542476654053 1.7288099527359009 43.59986114501953 -6.5422043800354 0.1179
Pedestrian 1 1 1 0.0 154.3029327392578 33.04746627807617 241.2738800048828 0.7593302130699158 1.8120052814483643 0.5927327871322632 -12.980546951293945 1.425201177597046 15.452590942382812 -4.8621625900268555 0.1172
Pedestrian 1 1 1 461.3155517578125 169.3285675048828 473.6541442871094 196.2611541748047 0.8427714705467224 1.8192832469940186 0.5949372053146362 -9.745264053344727 1.580841064453125 49.193092346191406 -7.735656261444092 0.1168
Car 1 1 1 847.3189086914062 176.10379028320312 978.398193359375 221.28236389160156 3.8553433418273926 1.5031687021255493 1.64706289768219 10.38772201538086 1.619577407836914 25.023536682128906 -6.317336559295654 0.1167
Pedestrian 1 1 1 689.8023681640625 168.2954559326172 714.494873046875 212.87005615234375 0.8376394510269165 1.7970924377441406 0.6166515946388245 3.733823537826538 1.61300790309906 29.607994079589844 -8.401885032653809 0.1162
Pedestrian 1 1 1 0.0 150.40045166015625 137.7791748046875 363.7832336425781 0.8589981198310852 1.6718798875808716 0.5502020716667175 -4.634720325469971 1.495653748512268 6.10858154296875 -4.610525608062744 0.1161
Pedestrian 1 1 1 162.06272888183594 162.6609344482422 204.97637939453125 233.6361083984375 0.7489395141601562 1.7341409921646118 0.586182177066803 -10.703953742980957 1.4847935438156128 18.039569854736328 -4.578736782073975 0.1151
Car 1 1 1 0.0 0.0 1223.824951171875 374.0 3.8180317878723145 1.5398513078689575 1.6103622913360596 1.4004614353179932 1.565807580947876 0.6590225696563721 -7.885583400726318 0.1149
Pedestrian 1 1 1 1214.22900390625 165.64186096191406 1241.0 214.0126953125 0.7741608023643494 1.869221568107605 0.6714211702346802 24.310556411743164 1.590219259262085 28.315380096435547 -3.4323348999023438 0.1142
Pedestrian 1 1 1 834.0752563476562 162.35549926757812 852.2306518554688 202.07557678222656 0.6193594336509705 1.769179344177246 0.5947635769844055 10.44390869140625 1.3012639284133911 32.46319580078125 -7.907163143157959 0.1141
Pedestrian 1 1 1 404.2872619628906 163.442626953125 430.75213623046875 240.19981384277344 0.6418251395225525 1.7722086906433105 0.5861245393753052 -4.590170860290527 1.5546144247055054 17.038923263549805 -8.085988998413086 0.1136
Pedestrian 1 1 1 24.98590087890625 160.7351837158203 82.1175308227539 251.55612182617188 0.774445652961731 1.7267740964889526 0.5805943012237549 -11.001457214355469 1.4960598945617676 14.202305793762207 -7.1810503005981445 0.1134
Car 1 1 1 505.1775817871094 178.7518310546875 531.8919067382812 202.26832580566406 4.043030261993408 1.6062970161437988 1.6603206396102905 -6.632919788360596 2.0511157512664795 52.3886604309082 -4.771613597869873 0.1129
Car 1 1 1 1206.7158203125 162.90887451171875 1241.0 230.98770141601562 3.678389549255371 1.5802987813949585 1.6790380477905273 17.77863311767578 1.3491448163986206 18.631502151489258 -7.9090399742126465 0.1128
Car 1 1 1 1182.09423828125 172.12176513671875 1241.0 374.0 4.0776166915893555 1.4911220073699951 1.6047013998031616 5.581852912902832 1.487891674041748 3.805677890777588 -6.34062385559082 0.1120
Car 1 1 1 1193.919189453125 160.5053253173828 1241.0 239.0689697265625 3.7709367275238037 1.6101176738739014 1.6689461469650269 15.870882987976074 1.356738567352295 16.703149795532227 -7.891763210296631 0.1116
Car 1 1 1 367.8306884765625 181.677001953125 492.6673583984375 226.24835205078125 4.014837741851807 1.5069905519485474 1.612345576286316 -6.387785911560059 1.8321917057037354 25.69118309020996 -3.0800845623016357 0.1115
Car 1 1 1 568.1868286132812 179.65338134765625 588.5101928710938 198.50193786621094 3.9157662391662598 1.5283613204956055 1.642926812171936 -2.769317626953125 2.13094425201416 61.96695327758789 -4.78151798248291 0.1112
Car 1 1 1 649.3712158203125 177.6066131591797 712.0604248046875 219.75294494628906 3.6652870178222656 1.5188931226730347 1.5621984004974365 2.66294264793396 1.7182308435440063 28.37419891357422 -4.874522686004639 0.1098
Pedestrian 1 1 1 552.9920654296875 177.409912109375 572.4862670898438 212.21649169921875 0.7660630345344543 1.7237743139266968 0.6112041473388672 -2.4200894832611084 1.955988883972168 36.342098236083984 -3.8598198890686035 0.1096
Pedestrian 1 1 1 439.0528869628906 168.07937622070312 456.8363952636719 210.0960693359375 0.7560126185417175 1.7569745779037476 0.6154349446296692 -6.903390884399414 1.5570182800292969 30.56462287902832 -7.9033379554748535 0.1087
Car 1 1 1 493.55938720703125 180.52523803710938 526.8079223632812 206.23497009277344 3.825200080871582 1.5203551054000854 1.5857341289520264 -6.315580368041992 2.026533842086792 45.7243537902832 -7.855529308319092 0.1085
Pedestrian 1 1 1 978.89404296875 159.1882781982422 1018.4074096679688 240.011962890625 0.5540215969085693 1.6235116720199585 0.5148480534553528 7.897414207458496 1.3487074375152588 14.774659156799316 -4.696462631225586 0.1085
Pedestrian 1 1 1 1165.9825439453125 147.775634765625 1211.8834228515625 234.5337677001953 0.7450090050697327 1.7662376165390015 0.5446271300315857 12.078410148620605 1.2553880214691162 15.120576858520508 -3.7182669639587402 0.1085
Car 1 1 1 605.8982543945312 181.63150024414062 624.4104614257812 199.30828857421875 4.019585609436035 1.5565674304962158 1.682083010673523 0.4799691140651703 2.4028735160827637 67.57003784179688 -4.695500373840332 0.1084
Pedestrian 1 1 1 894.6161499023438 163.99424743652344 912.5409545898438 206.9466094970703 0.6573745012283325 1.7943017482757568 0.6382378339767456 12.3801908493042 1.4238927364349365 30.546506881713867 -4.42896032333374 0.1084
Pedestrian 1 1 1 1226.6341552734375 158.23849487304688 1241.0 218.45175170898438 0.5705246329307556 1.8235658407211304 0.5896099209785461 19.458890914916992 1.3806337118148804 22.216594696044922 -5.038847923278809 0.1083
Car 1 1 1 413.00091552734375 182.2872314453125 490.974609375 242.53445434570312 3.7892873287200928 1.4786614179611206 1.5609108209609985 -4.3800530433654785 1.768430233001709 20.251073837280273 -7.910881519317627 0.1080
Pedestrian 1 1 1 49.66719436645508 155.0203094482422 181.69056701660156 368.923828125 0.8036083579063416 1.597875952720642 0.5250985622406006 -3.9943814277648926 1.4643570184707642 5.799535751342773 -4.742761611938477 0.1077
Pedestrian 1 1 1 982.3172607421875 168.07705688476562 1001.8259887695312 205.7413330078125 0.5401788949966431 1.7790706157684326 0.6234556436538696 18.167051315307617 1.5531320571899414 34.39174270629883 -7.9902777671813965 0.1076
Pedestrian 1 1 1 1184.97998046875 158.10006713867188 1203.872314453125 197.74208068847656 0.7300865054130554 1.7775285243988037 0.5910043716430664 26.5352840423584 1.1156694889068604 32.820247650146484 -4.141218185424805 0.1065
Pedestrian 1 1 1 773.1240844726562 164.798095703125 791.9544067382812 206.8568115234375 0.7562621235847473 1.7582134008407593 0.61598801612854 7.254790306091309 1.4211461544036865 30.541248321533203 -7.853586673736572 0.1059
Pedestrian 1 1 1 214.35577392578125 165.4566650390625 252.1593017578125 232.35694885253906 0.6483703851699829 1.6970185041427612 0.605961263179779 -9.787311553955078 1.5090751647949219 18.661712646484375 -4.589408874511719 0.1052
Car 1 1 1 120.41691589355469 181.3824005126953 239.33517456054688 238.18310546875 3.6555542945861816 1.505195140838623 1.5389920473098755 -12.7418794631958 1.7817126512527466 21.550813674926758 -4.770066738128662 0.1052
Pedestrian 1 1 1 1155.9625244140625 167.0889892578125 1179.3919677734375 205.7510986328125 0.7685855031013489 1.8168138265609741 0.6643211245536804 26.540607452392578 1.5456035137176514 34.39371109008789 -6.854051113128662 0.1051
Pedestrian 1 1 1 924.6827392578125 164.97618103027344 942.19091796875 205.46331787109375 0.44417625665664673 1.7886478900909424 0.5572775602340698 14.375736236572266 1.4403201341629028 32.16852569580078 -8.143051147460938 0.1049
Cyclist 1 1 1 690.7928466796875 177.3665313720703 707.1512451171875 213.82186889648438 1.7321724891662598 1.748599648475647 0.6072914600372314 4.350966453552246 1.976952075958252 35.69230651855469 -7.846307277679443 0.1049
Cyclist 1 1 1 118.06277465820312 165.4293975830078 194.97561645507812 245.86277770996094 1.6753175258636475 1.693648099899292 0.5237951278686523 -10.099315643310547 1.537011742591858 16.054039001464844 -4.604693412780762 0.1046
Pedestrian 1 1 1 292.0044250488281 164.1776123046875 318.29803466796875 219.29339599609375 0.7239389419555664 1.788878083229065 0.6045875549316406 -10.09809684753418 1.5069713592529297 23.804805755615234 -7.937957286834717 0.1040
Car 1 1 1 227.8684539794922 182.1954345703125 353.4013366699219 245.24691772460938 4.00587797164917 1.4852485656738281 1.6011066436767578 -8.554445266723633 1.7648229598999023 19.605287551879883 -4.700433254241943 0.1040
Pedestrian 1 1 1 657.8566284179688 170.12864685058594 671.866943359375 199.2802734375 0.8393542170524597 1.8104779720306396 0.6124895215034485 3.413978099822998 1.6409180164337158 45.32279586791992 -7.402281284332275 0.1038
Car 1 1 1 0.0 185.6005401611328 0.0 374.0 4.054996013641357 1.5610582828521729 1.6236728429794312 -11.133691787719727 1.7402163743972778 8.051968574523926 -4.826135635375977 0.1034
Car 1 1 1 806.4869995117188 177.7589874267578 878.2938232421875 220.30943298339844 4.001945495605469 1.4896059036254883 1.583078384399414 8.792166709899902 1.6917277574539185 27.75165367126465 -4.680538177490234 0.1034
Pedestrian 1 1 1 392.6402893066406 167.5363006591797 420.3253173828125 245.24844360351562 0.7202984690666199 1.6926847696304321 0.5655729174613953 -4.594433307647705 1.5765577554702759 16.13160514831543 -4.94403076171875 0.1032
Car 1 1 1 0.0 0.0 1241.0 374.0 3.9217171669006348 1.56532621383667 1.6395800113677979 -4.072493076324463 1.6292299032211304 0.764228880405426 -7.926694393157959 0.1032
Pedestrian 1 1 1 0.0 158.68565368652344 51.02728271484375 244.55520629882812 0.7547149062156677 1.7542535066604614 0.5750612616539001 -12.346829414367676 1.4645044803619385 15.143314361572266 -4.8069329261779785 0.1028
Pedestrian 1 1 1 923.4242553710938 162.2429962158203 957.0496826171875 231.835205078125 0.6039630174636841 1.6478168964385986 0.5363438129425049 7.899928092956543 1.3962677717208862 17.388734817504883 -7.846286296844482 0.1027
Pedestrian 1 1 1 1154.172119140625 157.56092834472656 1174.6690673828125 200.5623016357422 0.7014870047569275 1.8131561279296875 0.6014365553855896 23.675622940063477 1.1680225133895874 30.87682342529297 -7.341505527496338 0.1025
Pedestrian 1 1 1 1222.43115234375 161.72415161132812 1241.0 279.777587890625 0.6273036599159241 1.5691989660263062 0.5123240947723389 8.825093269348145 1.4209579229354858 9.99128532409668 -4.177734851837158 0.1015
Pedestrian 1 1 1 412.808837890625 173.22683715820312 428.3743896484375 207.52130126953125 0.5342003703117371 1.7383888959884644 0.5683934688568115 -9.732173919677734 1.757351279258728 36.92951583862305 -7.510709285736084 0.1014
Pedestrian 1 1 1 353.93505859375 168.32374572753906 381.3541259765625 218.5032501220703 0.74370276927948 1.7803895473480225 0.5786770582199097 -8.797889709472656 1.6193546056747437 26.0657958984375 -4.208424091339111 0.1013
Pedestrian 1 1 1 1171.6563720703125 157.6897735595703 1194.9560546875 198.32704162597656 0.703285813331604 1.767698884010315 0.6040834784507751 25.231111526489258 1.1077640056610107 31.817291259765625 -7.522508144378662 0.1010
Car 1 1 1 0.0 0.0 1241.0 374.0 3.911508083343506 1.5592000484466553 1.616531252861023 5.237960338592529 1.5169047117233276 0.7039031386375427 -7.9295220375061035 0.1005
