Car 1 1 1 481.6903991699219 181.20240783691406 536.3507080078125 226.43626403808594 3.9332175254821777 1.496055006980896 1.6562944650650024 -3.6940255165100098 1.826846957206726 26.610002517700195 -4.762572288513184 0.7868
Pedestrian 1 1 1 1025.3824462890625 171.596435546875 1050.3216552734375 210.67518615722656 0.7590227127075195 1.7543246746063232 0.6694442629814148 19.439619064331055 1.6975700855255127 32.85826873779297 -3.5941014289855957 0.4065
Car 1 1 1 0.0 183.63754272460938 34.759220123291016 218.87466430664062 3.927705764770508 1.5673320293426514 1.6076805591583252 -30.085901260375977 2.1295018196105957 35.5138053894043 -5.081025123596191 0.3754
Car 1 1 1 151.39404296875 182.0251007080078 244.7978515625 213.37118530273438 3.7728850841522217 1.520272970199585 1.6187219619750977 -20.69889259338379 1.9914276599884033 36.280426025390625 -6.284249782562256 0.3659
Car 1 1 1 1014.8739624023438 163.4471893310547 1066.873291015625 188.48019409179688 4.208309173583984 1.9179106950759888 1.7114006280899048 34.17792892456055 1.196903944015503 57.4078369140625 -7.826303005218506 0.3426
Pedestrian 1 1 1 760.320556640625 168.82522583007812 773.1395263671875 198.7747802734375 0.7907194495201111 1.8092538118362427 0.6268424391746521 9.540703773498535 1.5655752420425415 44.074974060058594 -7.4492011070251465 0.3124
Car 1 1 1 1117.09716796875 179.5497589111328 1235.0467529296875 222.25949096679688 3.751833200454712 1.524905800819397 1.5948692560195923 21.973825454711914 1.804480791091919 28.258586883544922 -4.744883060455322 0.2967
Cyclist 1 1 1 775.077880859375 173.33074951171875 794.2434692382812 207.35491943359375 1.6936341524124146 1.691933512687683 0.46962106227874756 8.84860897064209 1.716493010520935 36.76398849487305 -7.915796756744385 0.2932
Car 1 1 1 86.40518188476562 190.15206909179688 220.23561096191406 232.56973266601562 3.8763341903686523 1.4694074392318726 1.6311486959457397 -16.807525634765625 2.1285014152526855 26.61335563659668 -6.322602272033691 0.2922
Pedestrian 1 1 1 779.664306640625 160.8018798828125 818.9229736328125 233.82098388671875 0.7092921137809753 1.7743229866027832 0.645510196685791 4.6706624031066895 1.4811632633209229 18.003406524658203 -3.779149055480957 0.2861
Car 1 1 1 299.8062744140625 177.6288299560547 348.74554443359375 208.35202026367188 3.779855966567993 1.505760908126831 1.596236228942871 -15.007664680480957 1.769899845123291 37.970726013183594 -4.865200519561768 0.2788
Pedestrian 1 1 1 468.746337890625 176.22532653808594 483.9017333984375 218.00692749023438 0.8061906695365906 1.7010730504989624 0.594081699848175 -5.588042259216309 1.8426426649093628 29.906599044799805 -8.06623363494873 0.2742
Pedestrian 1 1 1 895.8028564453125 168.6632080078125 909.7142333984375 207.00648498535156 0.40441375970840454 1.7758736610412598 0.5153635740280151 13.646161079406738 1.5814766883850098 33.7348747253418 -4.0642571449279785 0.2656
Car 1 1 1 926.3385620117188 180.34573364257812 1016.6788330078125 209.87106323242188 4.085946083068848 1.4878560304641724 1.6849594116210938 19.154691696166992 1.9017680883407593 38.48420715332031 -5.982923984527588 0.2602
Cyclist 1 1 1 765.2493896484375 176.89756774902344 786.8402709960938 212.2477569580078 1.6786326169967651 1.7008953094482422 0.4792580306529999 8.181389808654785 1.9059456586837769 35.77888870239258 -7.989599704742432 0.2595
Cyclist 1 1 1 280.056884765625 177.34982299804688 304.33477783203125 211.97756958007812 1.7340528964996338 1.6742459535598755 0.5074503421783447 -15.877342224121094 1.903653860092163 35.989898681640625 -4.750953197479248 0.2558
Pedestrian 1 1 1 996.5173950195312 164.0486297607422 1012.007568359375 197.57467651367188 0.6986606121063232 1.8040317296981812 0.6453790068626404 21.41262435913086 1.32991623878479 39.26565933227539 -7.4984049797058105 0.2539
Car 1 1 1 648.1580810546875 176.5067901611328 687.3553466796875 202.37588500976562 3.924773693084717 1.5935430526733398 1.6003437042236328 3.688628673553467 1.8422096967697144 47.10549545288086 -4.890477180480957 0.2528
Car 1 1 1 710.0855102539062 171.92677307128906 736.62060546875 191.66761779785156 3.792341470718384 1.595746636390686 1.6216493844985962 9.400659561157227 1.5204933881759644 60.22264099121094 -4.710973739624023 0.2509
Pedestrian 1 1 1 35.27225875854492 169.59939575195312 70.17999267578125 245.38189697265625 0.7466714382171631 1.7054299116134644 0.5950567722320557 -12.96336555480957 1.631887435913086 16.714555740356445 -5.431653022766113 0.2478
Car 1 1 1 309.82147216796875 181.8688507080078 348.9323425292969 209.48013305664062 3.950742483139038 1.569804310798645 1.6149778366088867 -17.28130340576172 2.1515679359436035 44.489871978759766 -4.916107654571533 0.2449
Cyclist 1 1 1 751.4625854492188 176.02076721191406 775.0155029296875 212.82980346679688 1.687974452972412 1.7015380859375 0.5595149397850037 7.246992588043213 1.855957269668579 34.378257751464844 -7.9892449378967285 0.2319
Pedestrian 1 1 1 411.2872314453125 177.46847534179688 431.1217956542969 210.35833740234375 0.8690469861030579 1.7743912935256958 0.6107560396194458 -10.396108627319336 2.0305957794189453 39.590057373046875 -7.019545078277588 0.2297
Car 1 1 1 1181.162109375 167.60667419433594 1241.0 199.73545837402344 3.9279558658599854 1.4774153232574463 1.6275341510772705 29.483421325683594 1.2358211278915405 34.01173400878906 -3.1511144638061523 0.2133
Pedestrian 1 1 1 807.2157592773438 163.47622680664062 820.9974365234375 200.9401092529297 0.6935445666313171 1.8490298986434937 0.6536460518836975 10.156164169311523 1.3858898878097534 36.03696823120117 -7.5652995109558105 0.2078
Car 1 1 1 774.2440795898438 175.28277587890625 834.47021484375 211.33680725097656 3.7566781044006348 1.5473438501358032 1.6023330688476562 8.807318687438965 1.6650270223617554 33.13727569580078 -7.899765491485596 0.2031
Car 1 1 1 473.7838439941406 178.84791564941406 496.81298828125 200.4173126220703 3.8281683921813965 1.5437721014022827 1.6107895374298096 -9.528711318969727 2.015697717666626 54.80978775024414 -4.912689208984375 0.2016
Pedestrian 1 1 1 945.9568481445312 154.91128540039062 976.959228515625 218.16065979003906 0.672578752040863 1.7430912256240845 0.6192708015441895 9.814778327941895 1.2483075857162476 20.26873207092285 -7.683874607086182 0.1977
Cyclist 1 1 1 761.6401977539062 171.79417419433594 777.33056640625 202.8412322998047 1.680203914642334 1.7057414054870605 0.45087048411369324 8.903118133544922 1.6472134590148926 40.48943328857422 -7.890528202056885 0.1962
Cyclist 1 1 1 734.5631103515625 170.7476348876953 755.3665161132812 206.6703338623047 1.707961916923523 1.722128987312317 0.5381021499633789 6.581989765167236 1.6208504438400269 35.467926025390625 -7.959178447723389 0.1961
Car 1 1 1 1.9456270933151245 182.93524169921875 103.62298583984375 216.82034301757812 3.948481559753418 1.544276237487793 1.677175760269165 -27.878198623657227 2.0790908336639404 36.21227264404297 -7.685100078582764 0.1941
Car 1 1 1 463.4330139160156 176.8121337890625 485.2308654785156 195.35781860351562 3.6905722618103027 1.5418486595153809 1.6100624799728394 -11.790605545043945 1.8962581157684326 62.73506164550781 -7.969650745391846 0.1937
Car 1 1 1 494.2769470214844 178.28839111328125 511.6217956542969 194.77096557617188 3.8331756591796875 1.4884411096572876 1.5836361646652222 -10.16673755645752 2.019108772277832 68.48993682861328 -4.851980686187744 0.1898
Pedestrian 1 1 1 1013.1300048828125 168.94488525390625 1059.2056884765625 263.9599914550781 0.5941718816757202 1.5229551792144775 0.5105237364768982 6.972409725189209 1.4599977731704712 11.916812896728516 -4.458909511566162 0.1889
Cyclist 1 1 1 267.2889709472656 176.33531188964844 290.1098327636719 211.35658264160156 1.7520416975021362 1.6827616691589355 0.5093724131584167 -16.44007110595703 1.8592792749404907 35.747867584228516 -4.826919078826904 0.1881
Pedestrian 1 1 1 1090.1590576171875 167.6756134033203 1113.8133544921875 215.20111083984375 0.5031749606132507 1.7407950162887573 0.5597352981567383 18.167665481567383 1.550817847251892 26.718564987182617 -4.566464900970459 0.1875
Car 1 1 1 718.4170532226562 176.90931701660156 749.6607055664062 198.8713836669922 3.8625857830047607 1.547920823097229 1.5932161808013916 9.12903881072998 1.8593313694000244 53.51696014404297 -4.72857666015625 0.1874
Pedestrian 1 1 1 804.4774780273438 177.0084991455078 826.0224609375 214.00843811035156 0.7642602324485779 1.7503161430358887 0.6433264017105103 9.828719139099121 1.9524941444396973 34.70140075683594 -6.775942325592041 0.1874
Pedestrian 1 1 1 895.7525024414062 173.29869079589844 940.78466796875 267.4137268066406 0.7316110134124756 1.5008631944656372 0.4829031825065613 5.0159454345703125 1.5081342458724976 11.89716911315918 -4.617364883422852 0.1870
Cyclist 1 1 1 754.5162963867188 175.79359436035156 776.64794921875 211.43153381347656 1.69371497631073 1.7143003940582275 0.5326787829399109 7.650909423828125 1.8631153106689453 35.726749420166016 -7.9838948249816895 0.1854
Car 1 1 1 279.48443603515625 182.00692749023438 320.95440673828125 209.71226501464844 4.0001044273376465 1.5464773178100586 1.6254383325576782 -18.785192489624023 2.1290087699890137 43.8144416809082 -4.937640190124512 0.1817
Car 1 1 1 918.6279907226562 168.6668701171875 1017.5162963867188 208.1269989013672 3.843513250350952 1.5099492073059082 1.6624113321304321 14.551637649536133 1.3494279384613037 29.651140213012695 -4.896307468414307 0.1816
Car 1 1 1 997.2314453125 175.19920349121094 1110.0810546875 229.84666442871094 3.400263547897339 1.4741419553756714 1.5187588930130005 12.960920333862305 1.5490918159484863 21.383651733398438 -4.611337661743164 0.1810
Pedestrian 1 1 1 232.88003540039062 167.5179901123047 268.4894714355469 225.18739318847656 0.8063759803771973 1.7844656705856323 0.6192575693130493 -11.41477108001709 1.6190534830093384 22.83341407775879 -4.134443283081055 0.1789
Cyclist 1 1 1 120.2032470703125 179.5941619873047 139.93316650390625 210.7918243408203 1.7208752632141113 1.7092869281768799 0.4682815968990326 -27.168827056884766 2.098517656326294 40.80840301513672 -8.158042907714844 0.1779
Car 1 1 1 651.0464477539062 177.27374267578125 693.286376953125 215.93655395507812 3.8409411907196045 1.5286811590194702 1.6292225122451782 2.6802542209625244 1.7305971384048462 31.00056266784668 -7.720390796661377 0.1773
Pedestrian 1 1 1 261.45263671875 175.61061096191406 275.91668701171875 215.588623046875 0.5574700236320496 1.7576559782028198 0.5705658793449402 -15.252738952636719 1.8816304206848145 32.15166473388672 -8.317450523376465 0.1771
Pedestrian 1 1 1 244.34829711914062 168.25634765625 260.1190185546875 210.49911499023438 0.5024889707565308 1.8087456226348877 0.5749297738075256 -15.526979446411133 1.6115837097167969 31.235172271728516 -8.236980438232422 0.1761
Car 1 1 1 87.1390380859375 182.7161865234375 131.45982360839844 206.36224365234375 3.9806694984436035 1.5783029794692993 1.622039794921875 -36.11647033691406 2.3194162845611572 52.09712219238281 -5.047211647033691 0.1756
Pedestrian 1 1 1 844.5333251953125 165.5216522216797 863.8483276367188 210.34356689453125 0.7806716561317444 1.7281582355499268 0.6014120578765869 9.537247657775879 1.445151925086975 28.305286407470703 -4.226275444030762 0.1712
Car 1 1 1 1002.6959838867188 166.71310424804688 1051.57958984375 190.076171875 3.9961936473846436 1.6900261640548706 1.6935713291168213 31.274585723876953 1.245508074760437 54.26847457885742 -7.751475811004639 0.1702
Car 1 1 1 674.3546752929688 178.11935424804688 708.6103515625 205.84005737304688 3.7080066204071045 1.4909089803695679 1.5785349607467651 4.591416835784912 1.8061296939849854 41.37564468383789 -4.702444076538086 0.1642
Car 1 1 1 369.3893737792969 169.1170654296875 403.67279052734375 195.3793182373047 3.8895280361175537 1.6106857061386108 1.671176791191101 -14.330109596252441 1.3811962604522705 46.31819534301758 -8.03980827331543 0.1641
Pedestrian 1 1 1 1123.5213623046875 153.34844970703125 1163.6583251953125 222.7559356689453 0.7584266066551208 1.7880280017852783 0.5946341753005981 14.005104064941406 1.285239577293396 19.022884368896484 -4.491585731506348 0.1641
Car 1 1 1 1066.7298583984375 167.13246154785156 1113.1680908203125 187.42184448242188 3.931760787963867 1.5394039154052734 1.610897421836853 37.702274322509766 1.1049963235855103 56.82200241088867 -7.676415920257568 0.1641
Car 1 1 1 0.0 0.0 1241.0 374.0 3.810831308364868 1.5311689376831055 1.6261389255523682 3.014481782913208 1.5567394495010376 0.9912329316139221 -7.892089366912842 0.1637
Pedestrian 1 1 1 754.4542846679688 170.69923400878906 763.7359008789062 192.0845489501953 0.8265858888626099 1.766485571861267 0.5379686951637268 12.393302917480469 1.588194489479065 60.092716217041016 -4.2100677490234375 0.1636
Cyclist 1 1 1 303.7410583496094 174.3101348876953 328.0417785644531 210.5956268310547 1.753983497619629 1.7125056982040405 0.48496368527412415 -14.294021606445312 1.7846230268478394 35.00386047363281 -7.866732120513916 0.1632
Car 1 1 1 0.0 173.62376403808594 90.39044189453125 211.927978515625 3.6604268550872803 1.579569935798645 1.6326245069503784 -24.938817977905273 1.615079402923584 31.697904586791992 -7.9035420417785645 0.1622
Car 1 1 1 473.3951110839844 177.97171020507812 507.3849182128906 203.3621063232422 3.8360559940338135 1.5570369958877563 1.6227165460586548 -7.888014316558838 1.9059503078460693 47.1596565246582 -8.171648025512695 0.1620
Car 1 1 1 125.16039276123047 175.79295349121094 199.1292724609375 198.6387481689453 4.198246479034424 1.5884528160095215 1.6293433904647827 -32.04960250854492 1.8035913705825806 51.68534469604492 -3.3370280265808105 0.1619
Car 1 1 1 0.0 0.0 1241.0 374.0 3.9318668842315674 1.5693594217300415 1.6631430387496948 -4.376090049743652 1.6378908157348633 1.6257548332214355 -7.894193172454834 0.1609
Car 1 1 1 140.80471801757812 181.243896484375 245.4943084716797 235.41378784179688 3.4191386699676514 1.4910411834716797 1.4957244396209717 -12.73436164855957 1.7692484855651855 22.180513381958008 -4.804826259613037 0.1600
Pedestrian 1 1 1 887.9527587890625 158.82290649414062 910.7589111328125 216.72007751464844 0.6392132639884949 1.7487667798995972 0.6275982856750488 8.862242698669434 1.3246616125106812 22.213626861572266 -7.43389368057251 0.1578
Car 1 1 1 100.44090270996094 186.58302307128906 183.0610809326172 217.00868225097656 3.9705793857574463 1.5214849710464478 1.6150940656661987 -25.922317504882812 2.3228814601898193 40.048553466796875 -4.5594916343688965 0.1570
Cyclist 1 1 1 48.243961334228516 172.38357543945312 112.11904907226562 224.25978088378906 1.7515581846237183 1.8021831512451172 0.6396127343177795 -18.704294204711914 1.7855408191680908 25.431076049804688 -3.1934869289398193 0.1568
Car 1 1 1 919.1835327148438 177.97689819335938 1008.055419921875 205.59817504882812 4.137017250061035 1.4993313550949097 1.6996792554855347 19.71883773803711 1.7925912141799927 40.427032470703125 -6.2492265701293945 0.1555
Cyclist 1 1 1 0.0 171.72756958007812 54.15779495239258 226.51190185546875 1.741904377937317 1.828243613243103 0.657988429069519 -20.03400993347168 1.7903531789779663 24.46095085144043 -3.203252077102661 0.1534
Car 1 1 1 512.7037353515625 179.85191345214844 540.8748168945312 206.89039611816406 3.8664350509643555 1.5013176202774048 1.5642439126968384 -5.0456743240356445 1.9390175342559814 43.136356353759766 -7.9965434074401855 0.1532
Pedestrian 1 1 1 994.4846801757812 160.31576538085938 1032.70263671875 221.41062927246094 0.752737283706665 1.704738974571228 0.58951735496521 11.453812599182129 1.3545830249786377 20.57863426208496 -8.146937370300293 0.1522
Cyclist 1 1 1 321.2869873046875 176.69561767578125 341.09991455078125 214.39535522460938 1.7410751581192017 1.6962779760360718 0.46543705463409424 -12.989838600158691 1.8793152570724487 33.54094314575195 -7.986401081085205 0.1517
Car 1 1 1 771.9899291992188 174.6034698486328 847.1038208007812 202.3126678466797 4.328024387359619 1.6292824745178223 1.6968837976455688 12.075209617614746 1.7388508319854736 43.95527648925781 -6.032968521118164 0.1517
Pedestrian 1 1 1 212.72950744628906 172.29583740234375 235.68841552734375 217.52310180664062 0.6111248731613159 1.8296372890472412 0.5838328003883362 -15.86735725402832 1.8067575693130493 29.597734451293945 -7.351083278656006 0.1514
Car 1 1 1 87.60198211669922 191.6668701171875 191.23069763183594 224.97140502929688 3.9633078575134277 1.486612319946289 1.6516227722167969 -22.3953857421875 2.408003091812134 34.34581756591797 -3.0497097969055176 0.1513
Pedestrian 1 1 1 866.8370971679688 174.36575317382812 883.3656005859375 202.15020751953125 0.8109003901481628 1.822142481803894 0.6765313148498535 17.557086944580078 1.9232094287872314 47.8775749206543 -6.8515944480896 0.1500
Car 1 1 1 438.07489013671875 179.1032257080078 473.7861633300781 200.94189453125 3.8845913410186768 1.571812391281128 1.6242440938949585 -11.74297046661377 2.065870761871338 55.07789993286133 -4.6324849128723145 0.1487
Pedestrian 1 1 1 829.7251586914062 178.21829223632812 844.5216674804688 202.108642578125 0.787442147731781 1.7200440168380737 0.666458249092102 16.555217742919922 2.115309000015259 52.693058013916016 -5.32121467590332 0.1482
Car 1 1 1 677.3943481445312 172.92681884765625 702.129638671875 196.2679901123047 3.79541015625 1.6485625505447388 1.63776433467865 5.856293201446533 1.6538103818893433 52.97541809082031 -7.698788166046143 0.1480
Pedestrian 1 1 1 911.166748046875 157.21739196777344 939.3324584960938 216.9791717529297 0.6395970582962036 1.7816147804260254 0.6370432376861572 9.5009765625 1.3151572942733765 21.873605728149414 -7.7064032554626465 0.1473
Car 1 1 1 891.5122680664062 175.47642517089844 937.7345581054688 195.30538940429688 4.085999965667725 1.5077152252197266 1.6625744104385376 24.199302673339844 1.7241824865341187 57.53159713745117 -4.804040431976318 0.1472
Pedestrian 1 1 1 187.24954223632812 174.03204345703125 211.79779052734375 226.2167510986328 0.8032090067863464 1.7323671579360962 0.625012218952179 -13.9566650390625 1.7728101015090942 24.464738845825195 -5.099445819854736 0.1467
Pedestrian 1 1 1 1148.9451904296875 167.2197723388672 1181.457763671875 221.01329040527344 0.6686833500862122 1.771437406539917 0.5763418078422546 18.514705657958984 1.5856009721755981 24.128738403320312 -3.417180061340332 0.1459
Pedestrian 1 1 1 969.2986450195312 165.13812255859375 1004.2855224609375 231.90635681152344 0.7568843960762024 1.6011407375335693 0.5566396117210388 9.193597793579102 1.4158093929290771 17.723106384277344 -4.541706562042236 0.1443
Car 1 1 1 714.6458740234375 174.5061492919922 733.2265625 192.10601806640625 4.011521816253662 1.5590846538543701 1.6009864807128906 10.437448501586914 1.7156368494033813 66.40619659423828 -4.577209949493408 0.1435
Pedestrian 1 1 1 962.7110595703125 163.59779357910156 993.4773559570312 218.63706970214844 0.8116852641105652 1.780767798423767 0.5760554075241089 12.097496032714844 1.4809879064559937 23.80769920349121 -3.7181549072265625 0.1422
Pedestrian 1 1 1 208.95774841308594 183.55592346191406 235.85183715820312 230.83055114746094 0.760911226272583 1.7632211446762085 0.6596476435661316 -14.887309074401855 2.1800754070281982 27.630300521850586 -5.613039970397949 0.1421
Cyclist 1 1 1 422.7175598144531 178.50662231445312 439.7477111816406 209.09869384765625 1.7655987739562988 1.7228591442108154 0.48797520995140076 -10.3965425491333 2.0574514865875244 41.85615539550781 -7.814894199371338 0.1416
Cyclist 1 1 1 334.9998474121094 176.26564025878906 353.2486267089844 210.3002471923828 1.689387321472168 1.6925595998764038 0.5213070511817932 -13.636384963989258 1.8709930181503296 36.92904281616211 -7.987046718597412 0.1412
Pedestrian 1 1 1 1212.31103515625 160.679443359375 1241.0 226.55560302734375 0.8008993268013 1.754207730293274 0.5792044401168823 16.918540954589844 1.4297131299972534 19.621929168701172 -6.629005432128906 0.1400
Pedestrian 1 1 1 881.1671752929688 161.79315185546875 903.7896728515625 210.49069213867188 0.6969394087791443 1.7318326234817505 0.6213603615760803 10.146482467651367 1.338175654411316 26.051084518432617 -4.562280178070068 0.1399
Car 1 1 1 807.7987060546875 176.8983612060547 863.002197265625 208.70570373535156 3.8082833290100098 1.5143040418624878 1.6572214365005493 11.367814064025879 1.7307276725769043 36.75139617919922 -4.701065540313721 0.1398
Pedestrian 1 1 1 889.0629272460938 158.72727966308594 913.9979858398438 214.8324432373047 0.696948766708374 1.744353175163269 0.6067209839820862 9.169965744018555 1.304842472076416 22.832075119018555 -7.66650915145874 0.1393
Pedestrian 1 1 1 72.76477813720703 165.80581665039062 112.53607940673828 242.32925415039062 0.7623074650764465 1.72760808467865 0.5986363887786865 -12.054224967956543 1.5681871175765991 16.757349014282227 -5.113545894622803 0.1391
Pedestrian 1 1 1 901.453857421875 171.00787353515625 915.1828002929688 209.85311889648438 0.4162159860134125 1.7699121236801147 0.5221689939498901 13.680926322937012 1.6854971647262573 33.19028854370117 -4.1547017097473145 0.1389
Car 1 1 1 642.4035034179688 176.18682861328125 661.8775024414062 192.46847534179688 3.8781747817993164 1.4822845458984375 1.5633621215820312 3.9506285190582275 1.807108759880066 68.43756866455078 -4.726932525634766 0.1385
Car 1 1 1 723.720947265625 174.9337921142578 757.9765625 205.10244750976562 3.678201198577881 1.510277271270752 1.5911794900894165 6.863046646118164 1.6259516477584839 38.310482025146484 -7.728565692901611 0.1380
Pedestrian 1 1 1 912.104248046875 160.4971466064453 932.9168701171875 206.98822021484375 0.7968493700027466 1.7720727920532227 0.5922855734825134 12.083889961242676 1.3007739782333374 27.99867057800293 -7.241511821746826 0.1359
Car 1 1 1 643.256591796875 179.81741333007812 677.6524658203125 202.94056701660156 3.93267822265625 1.6076287031173706 1.6201496124267578 3.6686806678771973 2.1436824798583984 53.49666213989258 -4.892301559448242 0.1357
Cyclist 1 1 1 824.7525634765625 169.7288055419922 843.8094482421875 207.25845336914062 1.6876431703567505 1.7132642269134521 0.5693513751029968 10.457037925720215 1.5702961683273315 33.81216049194336 -4.584278106689453 0.1347
Car 1 1 1 552.1373901367188 178.19570922851562 589.7066650390625 205.78363037109375 3.874199867248535 1.564372181892395 1.6119766235351562 -2.4511561393737793 1.9035712480545044 43.78743362426758 -4.945076942443848 0.1345
Pedestrian 1 1 1 1073.2164306640625 157.1686553955078 1093.654296875 200.11587524414062 0.6008190512657166 1.834845781326294 0.6089752912521362 20.42947006225586 1.1644165515899658 31.20943832397461 -7.52338171005249 0.1342
Pedestrian 1 1 1 141.32241821289062 175.25491333007812 168.45091247558594 229.0061798095703 0.7978370785713196 1.760563850402832 0.6044164896011353 -15.272397994995117 1.8422133922576904 24.15191078186035 -5.048006534576416 0.1342
Pedestrian 1 1 1 991.4168701171875 165.65713500976562 1036.0994873046875 259.61553955078125 0.5586065649986267 1.591874599456787 0.5107671022415161 6.951483726501465 1.4696427583694458 12.537405967712402 -4.56925630569458 0.1341
Pedestrian 1 1 1 1036.4212646484375 167.67213439941406 1081.9560546875 259.2978515625 0.5843645930290222 1.5100570917129517 0.5031026601791382 7.552556037902832 1.42435622215271 12.237152099609375 -4.460254192352295 0.1340
Pedestrian 1 1 1 987.93701171875 157.80111694335938 1015.6883544921875 212.54095458984375 0.7769832611083984 1.7954294681549072 0.6216961145401001 13.037114143371582 1.3014051914215088 24.111480712890625 -7.640471935272217 0.1340
Pedestrian 1 1 1 13.969313621520996 179.3140106201172 43.23027038574219 229.87152099609375 0.7429167628288269 1.7805135250091553 0.6875640749931335 -21.028728485107422 2.0178496837615967 26.04067039489746 -5.59213399887085 0.1338
Pedestrian 1 1 1 849.6348876953125 159.11509704589844 871.38134765625 213.65921020507812 0.6278716921806335 1.768983006477356 0.6448847055435181 8.222724914550781 1.3231010437011719 23.81375503540039 -7.46516752243042 0.1336
Pedestrian 1 1 1 1199.8236083984375 163.1191864013672 1233.8690185546875 224.14219665527344 0.752560019493103 1.7301076650619507 0.5670586824417114 17.529098510742188 1.4538089036941528 20.901525497436523 -6.8715338706970215 0.1334
Car 1 1 1 548.5753784179688 178.3771514892578 572.53662109375 201.90182495117188 4.007783889770508 1.5054329633712769 1.5636991262435913 -3.410845994949341 1.8974260091781616 49.193870544433594 -7.926076412200928 0.1334
Car 1 1 1 0.0 192.5126190185547 52.39078903198242 219.76502990722656 4.013941287994385 1.5139472484588623 1.6702139377593994 -36.02262496948242 2.718554735183716 43.021427154541016 -3.333599090576172 0.1334
Pedestrian 1 1 1 1091.903564453125 151.51901245117188 1132.0482177734375 220.23326110839844 0.7481001019477844 1.801377534866333 0.5920934677124023 13.377167701721191 1.241770625114441 19.31672477722168 -4.614227771759033 0.1332
Car 1 1 1 1201.2969970703125 150.8414306640625 1241.0 209.54689025878906 3.647979974746704 1.6255080699920654 1.6517620086669922 20.340837478637695 1.0156974792480469 21.892881393432617 -7.981258869171143 0.1332
Car 1 1 1 0.0 0.0 934.39892578125 374.0 3.8041367530822754 1.5487216711044312 1.6451574563980103 0.4336116313934326 1.5792871713638306 0.8949829936027527 -7.880003452301025 0.1329
Car 1 1 1 253.56289672851562 175.1057891845703 323.51702880859375 212.67874145507812 3.8687334060668945 1.5286628007888794 1.644500970840454 -14.023194313049316 1.6332200765609741 31.5975341796875 -4.804352283477783 0.1325
Car 1 1 1 0.0 0.0 1241.0 374.0 3.8820884227752686 1.5475307703018188 1.6488866806030273 -2.150273084640503 1.6094471216201782 0.9148594737052917 -7.892014980316162 0.1320
Car 1 1 1 0.0 0.0 1241.0 374.0 3.8519785404205322 1.5577696561813354 1.6263922452926636 4.6211090087890625 1.5475142002105713 1.5861308574676514 -7.9319844245910645 0.1314
Car 1 1 1 501.33355712890625 180.27398681640625 535.6722412109375 210.1080322265625 3.8833420276641846 1.4945626258850098 1.6184040307998657 -5.0544633865356445 1.918829321861267 39.227840423583984 -8.040534019470215 0.1306
Car 1 1 1 531.7392578125 182.21749877929688 550.0888061523438 200.12315368652344 3.878591299057007 1.5143234729766846 1.5696160793304443 -6.283553600311279 2.385633707046509 65.14826202392578 -4.827885150909424 0.1303
Car 1 1 1 498.0833435058594 177.57933044433594 522.6925048828125 198.94186401367188 3.9147448539733887 1.6113090515136719 1.6318756341934204 -7.904916763305664 1.9994301795959473 57.30946350097656 -4.76979398727417 0.1301
Pedestrian 1 1 1 1031.187744140625 164.68145751953125 1057.3638916015625 212.0198974609375 0.653698205947876 1.7872415781021118 0.5979674458503723 16.595335006713867 1.4783908128738403 27.651836395263672 -6.727852821350098 0.1300
Car 1 1 1 411.8224182128906 172.76678466796875 438.857421875 195.3002471923828 3.701327085494995 1.725608468055725 1.664899468421936 -14.630096435546875 1.7186297178268433 57.20144271850586 -7.989522457122803 0.1300
Pedestrian 1 1 1 1068.1634521484375 162.478759765625 1093.138427734375 211.1891326904297 0.5598242282867432 1.7991513013839722 0.5686393976211548 17.57818603515625 1.4156347513198853 27.022464752197266 -6.690714359283447 0.1296
Pedestrian 1 1 1 813.919189453125 167.24192810058594 839.3424682617188 215.40200805664062 0.7083590030670166 1.7315727472305298 0.5950402617454529 7.878990173339844 1.5294935703277588 26.396621704101562 -6.963470935821533 0.1296
Pedestrian 1 1 1 924.1953735351562 155.65235900878906 954.6066284179688 218.67971801757812 0.6889196038246155 1.7379196882247925 0.6091258525848389 9.200774192810059 1.2633010149002075 20.280691146850586 -7.708495616912842 0.1282
Car 1 1 1 0.0 185.7819061279297 0.0 222.37510681152344 3.78629732131958 1.5018620491027832 1.619648814201355 -34.555152893066406 2.13016939163208 33.062828063964844 -4.924561023712158 0.1278
Pedestrian 1 1 1 910.0577392578125 157.5220489501953 937.981689453125 218.85020446777344 0.6608644723892212 1.774810791015625 0.6189789772033691 9.196556091308594 1.330810785293579 21.261274337768555 -7.674896717071533 0.1276
Pedestrian 1 1 1 872.9255981445312 169.833984375 914.8483276367188 251.21206665039062 0.7674621939659119 1.589838981628418 0.4888116419315338 5.641894340515137 1.5305386781692505 14.501627922058105 -7.949740886688232 0.1267
Cyclist 1 1 1 751.0752563476562 174.4057159423828 765.8949584960938 205.4678955078125 1.6656181812286377 1.6922333240509033 0.4529781937599182 8.232637405395508 1.7802491188049316 40.229129791259766 -7.872839450836182 0.1259
Pedestrian 1 1 1 886.5480346679688 170.41571044921875 900.0157470703125 209.6610565185547 0.4263826310634613 1.8036234378814697 0.5250740051269531 13.10163402557373 1.6912657022476196 33.475711822509766 -4.191810607910156 0.1257
Cyclist 1 1 1 38.487064361572266 171.41380310058594 99.44037628173828 220.814208984375 1.7618423700332642 1.8065094947814941 0.6525859832763672 -20.06790542602539 1.7535433769226074 26.720720291137695 -3.1515135765075684 0.1257
Pedestrian 1 1 1 143.8146209716797 166.79112243652344 166.2156219482422 209.5565185546875 0.5453931093215942 1.8341375589370728 0.6182670593261719 -19.736698150634766 1.5738109350204468 31.237321853637695 -7.790480136871338 0.1255
Pedestrian 1 1 1 1159.9822998046875 163.02886962890625 1192.5118408203125 216.8658447265625 0.6326462626457214 1.7965824604034424 0.5918804407119751 19.12159538269043 1.4684100151062012 24.433589935302734 -7.997142314910889 0.1249
Car 1 1 1 821.6905517578125 176.49769592285156 854.7919311523438 194.5995635986328 3.9185550212860107 1.5527608394622803 1.6358280181884766 20.389789581298828 1.889038324356079 64.67024230957031 -7.880473613739014 0.1248
Car 1 1 1 1084.5662841796875 165.212890625 1199.4625244140625 209.65701293945312 3.7127797603607178 1.5472888946533203 1.6584821939468384 19.71684455871582 1.2809691429138184 27.00638198852539 -4.674337863922119 0.1239
Pedestrian 1 1 1 1012.869140625 159.0676727294922 1032.667236328125 207.2515869140625 0.6447365283966064 1.797752022743225 0.6087036728858948 15.60641860961914 1.2830816507339478 27.35782241821289 -7.265389919281006 0.1239
Car 1 1 1 207.3359832763672 183.947265625 284.0465087890625 217.72885131835938 3.8766722679138184 1.5067495107650757 1.6245615482330322 -17.851987838745117 2.0824098587036133 35.474884033203125 -4.647054672241211 0.1238
Pedestrian 1 1 1 281.7025146484375 181.47708129882812 299.0415344238281 213.6012725830078 0.7830497622489929 1.7834463119506836 0.6664137840270996 -18.131866455078125 2.2774267196655273 40.846092224121094 -8.626681327819824 0.1232
Pedestrian 1 1 1 1053.6373291015625 159.75733947753906 1074.2530517578125 207.07070922851562 0.6068119406700134 1.8072458505630493 0.6062096357345581 17.542490005493164 1.3066884279251099 27.964305877685547 -7.4150166511535645 0.1231
Pedestrian 1 1 1 270.460205078125 173.19056701660156 293.94598388671875 227.29608154296875 0.7515004873275757 1.6787053346633911 0.5877418518066406 -10.439342498779297 1.6892926692962646 22.86676025390625 -5.264733791351318 0.1222
Car 1 1 1 972.1838989257812 177.45162963867188 1037.7000732421875 210.27920532226562 3.8098952770233154 1.5048151016235352 1.5981929302215576 19.373336791992188 1.7443066835403442 35.63362503051758 -4.570973873138428 0.1212
Pedestrian 1 1 1 1148.3565673828125 154.23025512695312 1204.7066650390625 245.65785217285156 0.7767109274864197 1.6949185132980347 0.575039803981781 10.780072212219238 1.349364995956421 13.820064544677734 -4.481058597564697 0.1212
Pedestrian 1 1 1 934.2633056640625 170.89208984375 974.5087280273438 263.84832763671875 0.6542249917984009 1.485663652420044 0.47543808817863464 5.617394924163818 1.454007625579834 11.906126022338867 -4.472530841827393 0.1211
Car 1 1 1 1145.91015625 159.4651641845703 1226.7880859375 188.5421600341797 3.944737195968628 1.6007039546966553 1.664366364479065 33.186248779296875 0.8633415699005127 41.733333587646484 -7.802886486053467 0.1210
Pedestrian 1 1 1 124.1426773071289 178.40989685058594 174.16598510742188 263.02398681640625 0.615573525428772 1.5046957731246948 0.49101075530052185 -8.483817100524902 1.6087368726730347 13.21304988861084 -4.579583168029785 0.1210
Car 1 1 1 414.63690185546875 179.04139709472656 457.9998779296875 210.8345947265625 3.8858163356781006 1.561249852180481 1.6217249631881714 -9.175293922424316 1.9056917428970337 38.20543670654297 -4.7845234870910645 0.1198
Car 1 1 1 437.95635986328125 177.39627075195312 473.27740478515625 202.8984832763672 3.877910614013672 1.5646231174468994 1.6010017395019531 -10.15046501159668 1.8741166591644287 47.113014221191406 -8.240260124206543 0.1195
Car 1 1 1 401.5727233886719 173.337646484375 428.5819396972656 193.6476593017578 3.9680614471435547 1.7352845668792725 1.6464935541152954 -17.21917724609375 1.7791192531585693 63.795692443847656 -7.944044589996338 0.1194
Pedestrian 1 1 1 1037.939453125 161.11431884765625 1054.1119384765625 194.9548797607422 0.7140905261039734 1.8183578252792358 0.5843179225921631 23.66776466369629 1.1872484683990479 39.22814178466797 -7.042393207550049 0.1192
Car 1 1 1 643.3408203125 179.28443908691406 676.447509765625 209.7104949951172 3.8985040187835693 1.507186770439148 1.6409631967544556 2.674548625946045 1.8691025972366333 38.620094299316406 -7.751586437225342 0.1183
Car 1 1 1 37.76477813720703 171.5965576171875 158.3059539794922 222.72000122070312 3.7259714603424072 1.5589792728424072 1.6657155752182007 -16.87621307373047 1.5203343629837036 23.9462833404541 -7.964400768280029 0.1180
Pedestrian 1 1 1 1002.4071655273438 167.9681854248047 1027.7718505859375 209.6171417236328 0.7615963220596313 1.8463821411132812 0.715226411819458 18.197132110595703 1.629483699798584 32.4910888671875 -3.6913204193115234 0.1175
Car 1 1 1 833.5697631835938 177.20179748535156 880.8486328125 200.1563262939453 4.012083530426025 1.5117782354354858 1.6035683155059814 17.166667938232422 1.8275530338287354 50.380088806152344 -4.809166431427002 0.1175
Pedestrian 1 1 1 417.51629638671875 177.2311553955078 432.8530578613281 208.7449951171875 0.843018651008606 1.7389999628067017 0.6061559319496155 -10.407604217529297 1.9873991012573242 40.47798156738281 -8.412812232971191 0.1170
Pedestrian 1 1 1 863.7291259765625 161.14535522460938 885.8302612304688 210.40780639648438 0.6998217701911926 1.750931739807129 0.6199645400047302 9.502625465393066 1.334472417831421 26.03756332397461 -7.705179691314697 0.1168
Pedestrian 1 1 1 1020.05517578125 163.09217834472656 1053.8116455078125 226.96719360351562 0.7751363515853882 1.7280853986740112 0.5632730722427368 11.773697853088379 1.4636873006820679 19.981796264648438 -3.809814929962158 0.1166
