Car 1 1 1 146.13800048828125 183.8973846435547 398.3541564941406 341.1568603515625 3.71811842918396 1.5392441749572754 1.601131796836853 -4.0406317710876465 1.7089109420776367 9.216340065002441 -4.751193046569824 0.8162
Car 1 1 1 667.253662109375 176.1204833984375 746.14111328125 234.24652099609375 3.8948848247528076 1.5235271453857422 1.6241451501846313 2.6762239933013916 1.6277921199798584 21.11612892150879 -7.898136615753174 0.8071
Car 1 1 1 850.548828125 170.74322509765625 995.0585327148438 228.6720733642578 3.6004929542541504 1.5114415884017944 1.5989809036254883 8.692427635192871 1.456068754196167 20.19593048095703 -3.4928078651428223 0.7870
Car 1 1 1 472.28057861328125 177.7710723876953 532.92041015625 226.0041046142578 3.8092222213745117 1.542027235031128 1.6003137826919556 -3.7425377368927 1.727642297744751 25.369504928588867 -4.721564292907715 0.7538
Car 1 1 1 348.939453125 179.26132202148438 478.8798522949219 271.71759033203125 3.9943761825561523 1.5802932977676392 1.638424277305603 -3.847278118133545 1.7278046607971191 14.628755569458008 -4.736688137054443 0.7339
Car 1 1 1 799.8533935546875 172.0615234375 917.2578735351562 216.84310913085938 3.7477385997772217 1.5356866121292114 1.5817357301712036 8.879974365234375 1.50821053981781 25.981426239013672 -3.3965234756469727 0.6533
Car 1 1 1 957.6264038085938 165.84112548828125 1122.2581787109375 232.78834533691406 3.7923312187194824 1.600237488746643 1.6181010007858276 11.050057411193848 1.4323089122772217 18.651996612548828 -3.488213062286377 0.6468
Car 1 1 1 712.004150390625 172.43333435058594 786.1905517578125 201.6467742919922 3.8422863483428955 1.6042745113372803 1.6237319707870483 7.716729164123535 1.5808738470077515 40.43886947631836 -3.143308162689209 0.6285
Car 1 1 1 814.8424682617188 171.32571411132812 935.3283081054688 222.09255981445312 3.410423994064331 1.5133229494094849 1.5274014472961426 8.328729629516602 1.4674656391143799 22.826425552368164 -3.503455638885498 0.5715
Car 1 1 1 785.031494140625 172.85118103027344 888.4725952148438 213.19313049316406 3.680349349975586 1.5282845497131348 1.5627474784851074 8.93740463256836 1.5278775691986084 28.626995086669922 -3.4432411193847656 0.5190
Car 1 1 1 1076.87353515625 145.7957000732422 1241.0 325.0252380371094 4.0765604972839355 1.6228562593460083 1.6493160724639893 7.837475776672363 1.3775535821914673 8.649950981140137 -4.822736740112305 0.4092
Car 1 1 1 532.0810546875 176.97421264648438 556.1978759765625 199.82077026367188 3.8880982398986816 1.520821213722229 1.6260780096054077 -4.693325519561768 1.8220009803771973 50.77714920043945 -7.959133625030518 0.3578
Car 1 1 1 353.4142150878906 183.95712280273438 406.2662658691406 201.52548217773438 4.210209846496582 1.5127211809158325 1.637190818786621 -20.484256744384766 2.5155954360961914 64.25286865234375 -6.340867042541504 0.3394
Car 1 1 1 532.2186889648438 178.5472869873047 565.392822265625 210.47286987304688 3.8616836071014404 1.5187621116638184 1.6076774597167969 -3.146918296813965 1.8261431455612183 37.01273727416992 -4.780666351318359 0.3331
Car 1 1 1 0.0 0.0 1241.0 374.0 3.870302200317383 1.576155424118042 1.6337378025054932 -2.1605546474456787 1.621138572692871 0.7884760499000549 -4.813863277435303 0.3284
Car 1 1 1 740.9517211914062 177.39572143554688 821.129150390625 207.041259765625 3.7661497592926025 1.4784923791885376 1.5482174158096313 8.843470573425293 1.7220346927642822 37.544776916503906 -6.519900321960449 0.3195
Car 1 1 1 658.4232177734375 178.33575439453125 714.5432739257812 221.4342041015625 3.715280532836914 1.4723191261291504 1.5776753425598145 2.7466909885406494 1.6915709972381592 27.013532638549805 -7.890244960784912 0.3110
Car 1 1 1 302.2797546386719 186.20492553710938 329.5371398925781 206.75433349609375 3.9135055541992188 1.4919493198394775 1.716349482536316 -23.33116340637207 2.5907371044158936 57.27354431152344 -5.024097919464111 0.3018
Car 1 1 1 751.9119873046875 174.57427978515625 842.3411254882812 206.78468322753906 3.935382127761841 1.4863016605377197 1.5971598625183105 8.945326805114746 1.5718203783035278 34.71305847167969 -6.54568338394165 0.2976
Car 1 1 1 770.8947143554688 175.84255981445312 868.8054809570312 210.9292449951172 3.8569769859313965 1.4584354162216187 1.57845938205719 9.10379409790039 1.5939621925354004 31.502456665039062 -6.562726974487305 0.2688
Pedestrian 1 1 1 1068.858154296875 156.17782592773438 1090.947021484375 197.14306640625 0.7131392955780029 1.7659889459609985 0.6150323152542114 20.483325958251953 1.0467883348464966 31.528078079223633 -7.597179889678955 0.2643
Pedestrian 1 1 1 1037.371826171875 152.4724578857422 1146.5079345703125 329.283447265625 0.7230003476142883 1.644215703010559 0.6307477951049805 4.657134056091309 1.454382061958313 7.1036152839660645 -4.602771759033203 0.2638
Car 1 1 1 550.3290405273438 178.8236541748047 581.389892578125 205.47059631347656 3.8078107833862305 1.5165801048278809 1.5853497982025146 -2.762573480606079 1.8964780569076538 43.95689392089844 -7.9956231117248535 0.2288
Pedestrian 1 1 1 426.3184509277344 165.6958465576172 442.1489562988281 199.0821533203125 0.7813908457756042 1.8277424573898315 0.6618292927742004 -9.75430679321289 1.4355677366256714 39.90420913696289 -7.81455659866333 0.2260
Car 1 1 1 21.927520751953125 192.66053771972656 91.3708724975586 218.6607208251953 3.655827760696411 1.5761853456497192 1.6752604246139526 -37.16172409057617 2.9599130153656006 48.52389907836914 -7.764832973480225 0.2016
Pedestrian 1 1 1 740.1228637695312 168.20989990234375 759.9076538085938 204.55215454101562 0.7053148150444031 1.6966029405593872 0.6150658130645752 6.580811500549316 1.4794981479644775 34.1380500793457 -8.32448959350586 0.1996
Car 1 1 1 455.8226623535156 182.0325164794922 477.8874206542969 204.0382843017578 3.7832090854644775 1.5850898027420044 1.5941764116287231 -11.0990629196167 2.3186898231506348 55.674774169921875 -4.927827835083008 0.1983
Car 1 1 1 650.6334228515625 178.7398681640625 679.2950439453125 204.9547119140625 3.630356550216675 1.5233910083770752 1.6121666431427002 3.3258190155029297 1.9019149541854858 44.5980224609375 -4.678648948669434 0.1945
Pedestrian 1 1 1 780.6209716796875 161.87579345703125 810.35546875 216.55502319335938 0.7608492374420166 1.7440367937088013 0.6166601777076721 5.992995738983154 1.393578290939331 23.496797561645508 -7.004950523376465 0.1900
Cyclist 1 1 1 731.5632934570312 169.9189910888672 753.5263671875 205.2161102294922 1.7870814800262451 1.7215195894241333 0.599820077419281 6.580341339111328 1.5780727863311768 36.110984802246094 -4.817009925842285 0.1890
Car 1 1 1 262.7864685058594 182.49131774902344 394.6422424316406 229.64942932128906 3.8434717655181885 1.5036391019821167 1.60350501537323 -9.499795913696289 1.8422452211380005 24.39080047607422 -3.045285701751709 0.1793
Car 1 1 1 612.9174194335938 177.9729461669922 638.9816284179688 195.9136962890625 3.8913683891296387 1.4779284000396729 1.6078033447265625 1.3933318853378296 1.936997413635254 62.684078216552734 -7.655426502227783 0.1783
Pedestrian 1 1 1 909.37646484375 159.33277893066406 926.705078125 197.92349243164062 0.6865653991699219 1.8169562816619873 0.6455885767936707 14.63066291809082 1.1800401210784912 34.3779182434082 -7.631898403167725 0.1756
Car 1 1 1 293.11517333984375 181.888427734375 417.37567138671875 225.9805450439453 3.898919105529785 1.5013467073440552 1.6116851568222046 -9.156536102294922 1.838331937789917 25.954370498657227 -3.0488009452819824 0.1722
Car 1 1 1 0.0 0.0 1241.0 374.0 3.7773630619049072 1.5279854536056519 1.6307123899459839 3.028324604034424 1.552187204360962 0.9508276581764221 -7.882051944732666 0.1691
Car 1 1 1 244.63832092285156 187.42251586914062 285.84576416015625 210.83338928222656 3.9890096187591553 1.5427155494689941 1.650006890296936 -24.943456649780273 2.6401593685150146 52.26604080200195 -4.875912189483643 0.1678
Car 1 1 1 586.2520751953125 177.1448974609375 613.528564453125 199.27479553222656 4.052244663238525 1.5120799541473389 1.6217752695083618 -0.7983860969543457 1.8347580432891846 52.21259307861328 -7.955893039703369 0.1676
Car 1 1 1 465.11529541015625 180.06593322753906 493.2722473144531 207.53485107421875 3.869997024536133 1.5272599458694458 1.5871855020523071 -7.868631839752197 1.9795475006103516 43.235599517822266 -4.889867782592773 0.1670
Car 1 1 1 273.2228088378906 186.5068359375 305.742919921875 206.85694885253906 3.771716833114624 1.470168948173523 1.7249764204025269 -25.257946014404297 2.5851335525512695 56.90158462524414 -4.958139896392822 0.1660
Car 1 1 1 402.6474304199219 183.3206787109375 434.5890808105469 204.35848999023438 3.863656759262085 1.4959173202514648 1.6993407011032104 -14.646940231323242 2.326416015625 55.28030014038086 -4.790469646453857 0.1644
Car 1 1 1 936.103271484375 173.28663635253906 999.321044921875 208.80374145507812 3.982311725616455 1.5123261213302612 1.622351884841919 16.170406341552734 1.5330140590667725 32.88886642456055 -4.5085859298706055 0.1614
Car 1 1 1 572.0277709960938 177.84202575683594 593.3170166015625 197.5419921875 4.016979217529297 1.4509907960891724 1.5979492664337158 -2.1317858695983887 1.8532190322875977 56.19941329956055 -7.879153728485107 0.1607
Pedestrian 1 1 1 358.1585693359375 165.5394744873047 382.2490539550781 209.9903564453125 0.7907814383506775 1.7765573263168335 0.6289488077163696 -9.769885063171387 1.4839197397232056 29.280832290649414 -7.682310581207275 0.1603
Car 1 1 1 665.4737548828125 175.8678741455078 699.001708984375 199.708740234375 3.8421294689178467 1.5737175941467285 1.6324087381362915 4.942839622497559 1.7910312414169312 50.11402893066406 -4.798624515533447 0.1598
Car 1 1 1 1076.6619873046875 162.23553466796875 1175.0770263671875 191.86196899414062 4.340341091156006 1.579383373260498 1.6485872268676758 28.1329345703125 1.0130137205123901 39.46376419067383 -6.36487340927124 0.1590
Car 1 1 1 616.909912109375 176.33248901367188 641.0059814453125 199.9615020751953 4.115231990814209 1.5808888673782349 1.6333465576171875 1.3359490633010864 1.8364224433898926 50.97827911376953 -4.671851634979248 0.1587
Pedestrian 1 1 1 1220.5433349609375 144.73834228515625 1241.0 207.37747192382812 0.7126430869102478 1.8073192834854126 0.6029701232910156 18.479833602905273 0.995801568031311 21.24217414855957 -7.584497928619385 0.1581
Pedestrian 1 1 1 877.9366455078125 160.23965454101562 893.2648315429688 194.3466796875 0.7529526352882385 1.8352549076080322 0.6335898637771606 14.947518348693848 1.1561931371688843 39.2451057434082 -7.701975345611572 0.1579
Car 1 1 1 1061.0081787109375 158.19410705566406 1177.0740966796875 193.53836059570312 4.27532958984375 1.5330349206924438 1.6574982404708862 22.776567459106445 0.8968713879585266 32.4053840637207 -6.4182963371276855 0.1541
Car 1 1 1 503.8381652832031 174.77732849121094 551.0671997070312 216.47450256347656 3.87652587890625 1.6390314102172852 1.6390279531478882 -3.4687352180480957 1.7252436876296997 30.498910903930664 -4.734960556030273 0.1537
Car 1 1 1 565.3734741210938 179.92979431152344 582.7857666015625 196.9482879638672 3.7381837368011475 1.5407096147537231 1.613699197769165 -3.449495315551758 2.2339701652526855 68.81639862060547 -4.7636399269104 0.1520
Pedestrian 1 1 1 353.8080749511719 181.85919189453125 364.6828308105469 202.2850341796875 0.6713578104972839 1.7615419626235962 0.6468300223350525 -21.951980590820312 2.554537057876587 63.098724365234375 -5.580267906188965 0.1498
Pedestrian 1 1 1 1160.4306640625 137.6431884765625 1241.0 324.20849609375 0.6998112797737122 1.6552515029907227 0.5418705344200134 5.62714147567749 1.3425530195236206 6.798396587371826 -4.512457847595215 0.1496
Car 1 1 1 412.2364501953125 180.99440002441406 474.2955017089844 218.58392333984375 3.9810471534729004 1.4925388097763062 1.6087874174118042 -7.252040386199951 1.8711994886398315 31.559385299682617 -4.659275531768799 0.1495
Car 1 1 1 977.6010131835938 171.3076171875 1096.7857666015625 216.9803009033203 3.9598886966705322 1.484022855758667 1.5937978029251099 14.889483451843262 1.4334770441055298 25.491641998291016 -4.808071613311768 0.1486
Car 1 1 1 283.5445861816406 182.37954711914062 429.9905700683594 236.10662841796875 3.849818468093872 1.5279018878936768 1.6322788000106812 -7.642477035522461 1.8285199403762817 21.827800750732422 -3.0623159408569336 0.1478
Car 1 1 1 0.0 185.84654235839844 15.562723159790039 374.0 3.9321370124816895 1.5496704578399658 1.601035714149475 -5.042733669281006 1.649942398071289 3.4972012042999268 -4.917836666107178 0.1478
Car 1 1 1 572.4107055664062 178.345458984375 613.5367431640625 204.30953979492188 3.819148540496826 1.523912787437439 1.5904484987258911 -1.1482257843017578 1.883905291557312 45.28018569946289 -8.155799865722656 0.1432
Car 1 1 1 354.882080078125 184.70555114746094 382.57763671875 205.43177795410156 3.719193696975708 1.4886542558670044 1.7311700582504272 -18.759571075439453 2.4434001445770264 56.134002685546875 -4.9486517906188965 0.1419
Car 1 1 1 527.1315307617188 179.04783630371094 547.2348022460938 197.62396240234375 3.950251579284668 1.5091779232025146 1.5124337673187256 -6.313467025756836 2.059410333633423 62.06587219238281 -4.865635395050049 0.1419
Pedestrian 1 1 1 782.5996704101562 165.8117218017578 795.4139404296875 196.72903442382812 0.6935873031616211 1.79860520362854 0.6065672039985657 10.488986015319824 1.3886228799819946 42.418399810791016 -7.412374019622803 0.1414
Car 1 1 1 669.644287109375 176.14447021484375 714.569580078125 208.5478973388672 3.97267484664917 1.4945204257965088 1.6446342468261719 3.9611403942108154 1.6662030220031738 35.7000617980957 -4.745375633239746 0.1413
Car 1 1 1 338.3765563964844 183.052734375 444.04248046875 249.27401733398438 3.984825849533081 1.5014764070510864 1.6236826181411743 -5.659369468688965 1.7977869510650635 18.980804443359375 -4.726593494415283 0.1398
Car 1 1 1 712.0238647460938 176.2638397216797 744.892333984375 202.2985076904297 3.9197371006011963 1.5132832527160645 1.624834418296814 7.220919609069824 1.7326574325561523 44.475120544433594 -7.788255214691162 0.1392
Car 1 1 1 0.0 0.0 1241.0 374.0 3.8061556816101074 1.5298939943313599 1.6106966733932495 4.620058059692383 1.5314700603485107 1.2927725315093994 -7.912896633148193 0.1390
Car 1 1 1 618.1720581054688 176.67628479003906 675.1027221679688 227.36265563964844 3.8336267471313477 1.5325578451156616 1.5945497751235962 1.0988805294036865 1.6699182987213135 24.047569274902344 -7.882391452789307 0.1383
Pedestrian 1 1 1 92.63590240478516 162.22979736328125 132.9059295654297 239.28529357910156 0.7421690225601196 1.8073947429656982 0.5941873788833618 -12.03133487701416 1.5578960180282593 17.384658813476562 -2.497011661529541 0.1379
Car 1 1 1 54.75188446044922 175.4014434814453 113.8245849609375 204.3544158935547 3.9572062492370605 1.7903416156768799 1.67485511302948 -34.26522445678711 1.9637963771820068 47.10177230834961 -8.07182502746582 0.1371
Car 1 1 1 698.5684204101562 170.351806640625 740.7374877929688 195.3141326904297 3.8433868885040283 1.6666431427001953 1.6473619937896729 7.551509857177734 1.4992806911468506 50.2258415222168 -4.92299747467041 0.1369
Car 1 1 1 499.3963928222656 179.14598083496094 532.9127807617188 209.9617156982422 3.913141965866089 1.5110582113265991 1.612997055053711 -4.963900089263916 1.8617416620254517 38.22782897949219 -4.802984714508057 0.1359
Pedestrian 1 1 1 89.0649185180664 161.13174438476562 131.06289672851562 233.2975616455078 0.7696859240531921 1.8240833282470703 0.591687023639679 -12.985209465026855 1.527488350868225 18.671894073486328 -2.69014310836792 0.1353
Pedestrian 1 1 1 141.53536987304688 161.58560180664062 178.2296600341797 233.96994018554688 0.7653916478157043 1.8270862102508545 0.5924793481826782 -11.707054138183594 1.5423555374145508 18.68446159362793 -2.4541640281677246 0.1351
Car 1 1 1 376.54925537109375 184.185791015625 406.5624084472656 205.10313415527344 3.6544435024261475 1.5072104930877686 1.6902666091918945 -16.94353485107422 2.4167487621307373 56.00579833984375 -4.852034568786621 0.1345
Pedestrian 1 1 1 0.0 161.84071350097656 43.84523391723633 240.97305297851562 0.7912186980247498 1.8593024015426636 0.6069095134735107 -14.272937774658203 1.6002328395843506 17.393888473510742 -2.7123990058898926 0.1341
Pedestrian 1 1 1 0.9483250975608826 160.21043395996094 49.664031982421875 241.481689453125 0.771726667881012 1.8391999006271362 0.5928419828414917 -13.626253128051758 1.5527714490890503 16.756072998046875 -2.724196672439575 0.1331
Car 1 1 1 569.552490234375 178.43630981445312 604.1574096679688 210.4174041748047 3.8625898361206055 1.495810866355896 1.6510543823242188 -1.1732072830200195 1.7919166088104248 36.36876678466797 -7.868317127227783 0.1321
Car 1 1 1 468.7330017089844 181.08663940429688 526.8323974609375 215.51266479492188 4.0370635986328125 1.4904751777648926 1.6413122415542603 -5.309369087219238 1.9063398838043213 34.36174774169922 -4.574002265930176 0.1316
Pedestrian 1 1 1 54.11888122558594 160.10397338867188 97.20086669921875 239.3549041748047 0.7613067626953125 1.8252696990966797 0.5766071677207947 -12.686589241027832 1.5313174724578857 17.06311798095703 -2.5901241302490234 0.1306
Car 1 1 1 1133.6998291015625 153.2649688720703 1241.0 219.977294921875 3.68255877494812 1.601800799369812 1.6567124128341675 16.167951583862305 1.1311571598052979 19.22865867614746 -7.937740802764893 0.1302
Pedestrian 1 1 1 1105.77490234375 148.79098510742188 1141.39453125 216.62530517578125 0.6825068593025208 1.7776117324829102 0.6045706272125244 13.69657039642334 1.146735668182373 19.32769012451172 -4.388842582702637 0.1301
Car 1 1 1 993.0004272460938 161.10914611816406 1087.4437255859375 189.81236267089844 4.377197742462158 1.5850592851638794 1.659010887145996 24.208118438720703 0.936180830001831 40.74577713012695 -6.315957069396973 0.1293
Car 1 1 1 976.0381469726562 164.75169372558594 1074.9927978515625 201.89398193359375 3.940030336380005 1.5562045574188232 1.6277496814727783 18.452974319458008 1.2164303064346313 32.326656341552734 -4.919673919677734 0.1293
Car 1 1 1 324.6604309082031 182.24859619140625 355.1798095703125 200.8079376220703 3.949003219604492 1.5397253036499023 1.6447349786758423 -23.935806274414062 2.3995189666748047 64.00080108642578 -4.83015775680542 0.1281
Car 1 1 1 341.8175964355469 180.88966369628906 400.8407897949219 214.0179443359375 3.9127984046936035 1.5032200813293457 1.570007562637329 -11.758076667785645 1.9220409393310547 35.66461181640625 -4.695912837982178 0.1280
Pedestrian 1 1 1 463.956298828125 178.2509307861328 479.94970703125 212.17774963378906 0.8220828175544739 1.721391201019287 0.6375465989112854 -7.173930644989014 2.0036919116973877 37.27630615234375 -8.27772331237793 0.1271
Pedestrian 1 1 1 61.517555236816406 158.73355102539062 105.4024887084961 241.71084594726562 0.7573450803756714 1.8369821310043335 0.5775793790817261 -12.035723686218262 1.524078607559204 16.422954559326172 -2.5603277683258057 0.1265
Car 1 1 1 521.3081665039062 178.09912109375 557.4703979492188 204.89755249023438 3.848989486694336 1.4949476718902588 1.6073898077011108 -4.297500133514404 1.823081612586975 43.119205474853516 -8.097113609313965 0.1261
Car 1 1 1 553.7243041992188 176.30633544921875 585.5130615234375 199.83778381347656 3.8764095306396484 1.5421826839447021 1.6433519124984741 -2.7824954986572266 1.7901442050933838 49.88139724731445 -7.76204252243042 0.1260
Car 1 1 1 391.27313232421875 181.6712188720703 448.8677978515625 215.32533264160156 3.9957478046417236 1.489154577255249 1.5794943571090698 -9.182374954223633 1.9417128562927246 35.02560806274414 -4.6649169921875 0.1260
Pedestrian 1 1 1 1027.8883056640625 155.398681640625 1056.3115234375 210.68092346191406 0.6741935014724731 1.7695742845535278 0.625767707824707 14.017199516296387 1.2105330228805542 23.499591827392578 -7.607275485992432 0.1260
Pedestrian 1 1 1 0.0 158.1321258544922 43.07809829711914 254.85243225097656 0.7560575604438782 1.8406025171279907 0.5920566916465759 -11.703888893127441 1.5601431131362915 14.189546585083008 -2.5360546112060547 0.1259
Car 1 1 1 0.0 182.2543182373047 75.11485290527344 216.06036376953125 3.8879761695861816 1.545301079750061 1.6993017196655273 -28.3356990814209 2.017606496810913 34.987144470214844 -2.9009320735931396 0.1254
Car 1 1 1 185.25991821289062 185.96246337890625 235.8015899658203 202.6614532470703 3.93510365486145 1.5023021697998047 1.6557985544204712 -37.851463317871094 2.769770383834839 68.41835021972656 -6.578243732452393 0.1235
Car 1 1 1 507.0755920410156 176.3672637939453 534.7392578125 200.45677185058594 3.946333646774292 1.5776607990264893 1.6099029779434204 -6.2343034744262695 1.8308002948760986 49.95771408081055 -8.051234245300293 0.1230
Car 1 1 1 187.94467163085938 187.7537841796875 241.00291442871094 220.19598388671875 4.029478549957275 1.4918118715286255 1.7075979709625244 -20.440431594848633 2.3080904483795166 37.36289596557617 -5.031044006347656 0.1226
Car 1 1 1 310.46160888671875 181.56475830078125 426.82415771484375 222.45973205566406 3.8957912921905518 1.4865708351135254 1.6104669570922852 -9.209208488464355 1.8302198648452759 27.558040618896484 -3.0754034519195557 0.1222
Pedestrian 1 1 1 1064.6346435546875 154.35272216796875 1095.9102783203125 214.90989685058594 0.6595768332481384 1.776518702507019 0.5975918173789978 13.993568420410156 1.2334611415863037 21.558486938476562 -4.472705364227295 0.1211
Car 1 1 1 616.7462768554688 178.0646514892578 653.721435546875 205.76174926757812 3.784116744995117 1.5045359134674072 1.6111125946044922 1.3830547332763672 1.8210829496383667 41.90536117553711 -4.823273658752441 0.1205
Pedestrian 1 1 1 18.808490753173828 160.76663208007812 63.399497985839844 236.87841796875 0.7713072299957275 1.8572982549667358 0.5906617045402527 -14.269404411315918 1.5620394945144653 18.037321090698242 -2.7073183059692383 0.1205
Pedestrian 1 1 1 122.48927307128906 163.11077880859375 154.38607788085938 232.18890380859375 0.7718168497085571 1.8031152486801147 0.5899861454963684 -12.676977157592773 1.548492431640625 19.31727409362793 -5.465332984924316 0.1204
Car 1 1 1 322.3476257324219 185.74427795410156 356.32977294921875 206.26681518554688 3.8538155555725098 1.4961658716201782 1.723329782485962 -21.4276180267334 2.5535550117492676 57.17708206176758 -4.851020812988281 0.1201
Car 1 1 1 198.33859252929688 183.37196350097656 367.76885986328125 281.02166748046875 3.994385004043579 1.4951714277267456 1.6359723806381226 -5.950291156768799 1.7222715616226196 13.545129776000977 -4.790050029754639 0.1186
Car 1 1 1 550.6923217773438 179.07437133789062 570.3627319335938 197.49705505371094 3.8601009845733643 1.5237115621566772 1.5513075590133667 -4.370609283447266 2.084102153778076 63.034183502197266 -4.8228864669799805 0.1183
Car 1 1 1 1122.5975341796875 163.39659118652344 1241.0 240.01187133789062 4.0211262702941895 1.5604206323623657 1.6781212091445923 14.22339916229248 1.3675020933151245 16.762544631958008 -7.92786169052124 0.1175
Car 1 1 1 678.2142333984375 178.1184844970703 712.20361328125 205.63876342773438 3.804250717163086 1.5195465087890625 1.638731837272644 4.937112808227539 1.8433302640914917 42.49671173095703 -4.688061714172363 0.1175
Car 1 1 1 547.872802734375 177.6346435546875 573.9742431640625 198.06829833984375 4.080835819244385 1.470555305480957 1.606384515762329 -3.7298197746276855 1.8480106592178345 54.95301055908203 -7.8270087242126465 0.1168
Car 1 1 1 607.1404418945312 178.40321350097656 639.0004272460938 203.62948608398438 3.849591016769409 1.4991707801818848 1.581042766571045 0.7539448142051697 1.8660545349121094 45.75018310546875 -7.952304363250732 0.1167
Pedestrian 1 1 1 967.4483032226562 156.12120056152344 1007.1103515625 270.3017578125 0.6936030983924866 1.6654843091964722 0.5033296346664429 5.675333499908447 1.4211128950119019 10.950927734375 -4.18619441986084 0.1165
Pedestrian 1 1 1 0.0 159.0654296875 42.76118087768555 246.21473693847656 0.7443134188652039 1.8118990659713745 0.5786018967628479 -12.673858642578125 1.5249245166778564 15.459202766418457 -2.4713072776794434 0.1163
Car 1 1 1 757.9173583984375 169.10816955566406 799.6198120117188 195.89781188964844 4.021623611450195 1.5866398811340332 1.6463062763214111 10.373007774353027 1.3644893169403076 44.745269775390625 -7.853074550628662 0.1161
Car 1 1 1 599.5518798828125 178.98291015625 622.3932495117188 196.86289978027344 3.891514301300049 1.516106128692627 1.5868276357650757 0.0933864638209343 2.0817666053771973 64.60060119628906 -7.731002330780029 0.1154
Car 1 1 1 654.3142700195312 177.68341064453125 691.010986328125 206.87266540527344 3.8328702449798584 1.4942834377288818 1.6151304244995117 3.344416618347168 1.7713119983673096 39.505104064941406 -4.728399753570557 0.1154
Car 1 1 1 655.1873168945312 177.70248413085938 678.8211669921875 195.20001220703125 3.953552007675171 1.458988070487976 1.5779625177383423 4.94498872756958 1.8975017070770264 63.2909049987793 -7.901678562164307 0.1149
Car 1 1 1 501.56671142578125 179.6435089111328 519.23681640625 198.48716735839844 3.9173219203948975 1.5213149785995483 1.451633334159851 -8.567889213562012 2.1214652061462402 61.768104553222656 -4.858321666717529 0.1149
Pedestrian 1 1 1 215.40951538085938 162.81919860839844 242.21534729003906 230.6919403076172 0.7715118527412415 1.8004637956619263 0.6017330884933472 -10.404558181762695 1.5339699983596802 19.616188049316406 -8.282776832580566 0.1142
Car 1 1 1 482.236328125 179.91685485839844 500.2015075683594 198.77122497558594 3.8934473991394043 1.521080732345581 1.45016610622406 -10.166733741760254 2.1452372074127197 61.763084411621094 -4.857594013214111 0.1138
Car 1 1 1 357.2962646484375 181.07452392578125 404.46063232421875 209.83966064453125 3.981840133666992 1.512582540512085 1.6193487644195557 -13.032770156860352 2.0040812492370605 41.13459396362305 -4.766692161560059 0.1131
Pedestrian 1 1 1 153.0168914794922 162.3754425048828 185.2756805419922 231.06723022460938 0.7768934369087219 1.8225328922271729 0.5831023454666138 -12.042288780212402 1.544215440750122 19.624752044677734 -8.638509750366211 0.1130
Car 1 1 1 208.54811096191406 189.77650451660156 239.93533325195312 210.57850646972656 3.850867986679077 1.513866901397705 1.7032712697982788 -31.005014419555664 2.9237992763519287 58.02848434448242 -5.062130928039551 0.1129
Pedestrian 1 1 1 0.0 157.90647888183594 0.0 248.84979248046875 0.7462491393089294 1.8528419733047485 0.5884613990783691 -13.6277437210083 1.5480073690414429 15.150562286376953 -2.5638837814331055 0.1125
Car 1 1 1 23.138404846191406 186.2715606689453 101.10061645507812 215.4518585205078 3.943941593170166 1.5889302492141724 1.5813144445419312 -32.67386245727539 2.4276304244995117 43.12146759033203 -4.68031644821167 0.1124
Car 1 1 1 0.0 0.0 1241.0 374.0 3.791171073913574 1.5497015714645386 1.6096056699752808 1.3978352546691895 1.6003111600875854 0.12478455901145935 -7.849807262420654 0.1120
Car 1 1 1 423.54461669921875 178.845703125 463.2663879394531 206.09193420410156 4.087154865264893 1.5477334260940552 1.6303911209106445 -10.131352424621582 1.9298264980316162 43.974300384521484 -4.752449035644531 0.1119
Car 1 1 1 235.74464416503906 183.50428771972656 362.7733459472656 255.14205932617188 4.131430625915527 1.517154335975647 1.6214908361434937 -7.6267008781433105 1.8140634298324585 18.02224349975586 -4.776052951812744 0.1118
Car 1 1 1 490.06475830078125 179.68734741210938 524.121337890625 205.64915466308594 3.8218889236450195 1.4790626764297485 1.5774931907653809 -6.270614147186279 1.9139999151229858 44.03712463378906 -7.865530490875244 0.1115
Car 1 1 1 416.5125732421875 179.75022888183594 439.8730773925781 198.49212646484375 3.90659761428833 1.4860683679580688 1.5282349586486816 -15.301814079284668 2.086031913757324 60.76014709472656 -4.859394073486328 0.1110
Pedestrian 1 1 1 0.0 163.8507843017578 6.770451068878174 244.97947692871094 0.7753298282623291 1.8312022686004639 0.6162385940551758 -14.596570014953613 1.6276856660842896 16.75306510925293 -2.5825281143188477 0.1109
Pedestrian 1 1 1 11.192893028259277 163.6244659423828 51.20643997192383 234.57798767089844 0.7700605988502502 1.8562654256820679 0.6051130890846252 -15.557579040527344 1.6145050525665283 19.333614349365234 -2.604491710662842 0.1104
Car 1 1 1 867.2630004882812 171.78561401367188 932.820068359375 203.76528930664062 3.849228858947754 1.5350549221038818 1.603988528251648 14.587407112121582 1.4834712743759155 36.60038757324219 -4.767533302307129 0.1103
Pedestrian 1 1 1 0.0 159.47381591796875 25.632638931274414 254.7825164794922 0.7601319551467896 1.8535726070404053 0.5744616985321045 -12.33863353729248 1.5930538177490234 14.506537437438965 -3.964961051940918 0.1103
Pedestrian 1 1 1 0.0 160.51808166503906 27.55519676208496 245.23397827148438 0.7614749670028687 1.8416789770126343 0.596545398235321 -13.623516082763672 1.5732026100158691 16.112720489501953 -2.7248034477233887 0.1101
