Car 1 1 1 581.1661376953125 177.4207000732422 629.9135131835938 224.6656036376953 4.16536283493042 1.5762608051300049 1.6555784940719604 -0.2509150505065918 1.757516860961914 26.582735061645508 -7.879417896270752 0.8111
Car 1 1 1 400.2062072753906 180.52647399902344 486.755615234375 249.63963317871094 3.6052236557006836 1.5234626531600952 1.5495476722717285 -4.1316046714782715 1.7359087467193604 18.160966873168945 -4.772939205169678 0.8003
Car 1 1 1 520.18115234375 179.7255859375 553.7219848632812 208.55996704101562 4.138004779815674 1.4902582168579102 1.6454025506973267 -4.078575611114502 1.8947412967681885 40.399009704589844 -4.758142948150635 0.7669
Car 1 1 1 141.9202117919922 181.47653198242188 219.7159423828125 216.13963317871094 3.8746228218078613 1.5657216310501099 1.6841577291488647 -21.081769943237305 2.0139358043670654 35.55379104614258 -4.763844966888428 0.7629
Car 1 1 1 28.590877532958984 181.4649658203125 140.2684783935547 224.8856964111328 4.002966403961182 1.5616689920425415 1.518031358718872 -20.833919525146484 1.9284586906433105 28.753053665161133 -4.705814361572266 0.7481
Car 1 1 1 216.08160400390625 181.85545349121094 277.8148498535156 210.96636962890625 3.9411418437957764 1.5095268487930298 1.6029560565948486 -20.403240203857422 2.0411949157714844 40.64537048339844 -4.745589256286621 0.7373
Cyclist 1 1 1 962.0316162109375 174.86741638183594 1010.0028076171875 234.1546630859375 1.699027419090271 1.698773741722107 0.4488753378391266 11.177950859069824 1.7611465454101562 21.596342086791992 -7.924938678741455 0.5153
Car 1 1 1 0.0 183.63613891601562 11.796931266784668 239.75128173828125 4.05824613571167 1.4985084533691406 1.5921987295150757 -20.80036163330078 1.8597558736801147 22.12838363647461 -4.762251853942871 0.4423
Cyclist 1 1 1 0.35793477296829224 177.75608825683594 45.07233810424805 224.24697875976562 1.8898062705993652 1.7093020677566528 0.55671226978302 -22.576200485229492 1.9040031433105469 27.718952178955078 -4.938772201538086 0.4063
Pedestrian 1 1 1 1030.2054443359375 173.9145050048828 1052.8992919921875 209.406982421875 0.8140373229980469 1.7655733823776245 0.6434322595596313 21.722951889038086 1.8194470405578613 36.38951110839844 -3.5999579429626465 0.3191
Pedestrian 1 1 1 869.4495849609375 176.32713317871094 893.2410278320312 213.8284912109375 0.858921229839325 1.7762149572372437 0.6538887619972229 13.018912315368652 1.9453723430633545 34.73329544067383 -3.5518431663513184 0.3055
Pedestrian 1 1 1 1204.5283203125 176.92477416992188 1227.3408203125 209.28651428222656 0.6887494921684265 1.721045970916748 0.6507468223571777 32.61256790161133 1.9424402713775635 38.88520812988281 -8.08481216430664 0.2906
Pedestrian 1 1 1 1057.3734130859375 154.13600158691406 1080.9560546875 198.2646484375 0.711672306060791 1.8225955963134766 0.6241977214813232 19.17699432373047 1.0492076873779297 30.21430206298828 -7.642371654510498 0.2803
Pedestrian 1 1 1 787.7156372070312 139.21954345703125 854.7108154296875 281.3702087402344 0.8513284921646118 1.8199256658554077 0.5331833958625793 2.768061637878418 1.3890107870101929 9.706453323364258 -4.904611587524414 0.2751
Pedestrian 1 1 1 942.797607421875 170.84829711914062 960.4264526367188 201.69886779785156 0.768650233745575 1.7988770008087158 0.5677064061164856 20.074583053588867 1.6816262006759644 42.48019027709961 -3.527982234954834 0.2743
Pedestrian 1 1 1 178.35357666015625 168.1816864013672 197.09498596191406 201.28526306152344 0.6681737303733826 1.831053376197815 0.6757234930992126 -23.598459243774414 1.572314739227295 40.26610565185547 -7.920407772064209 0.2724
Pedestrian 1 1 1 1091.7835693359375 156.0631103515625 1110.3336181640625 199.18597412109375 0.5859754085540771 1.806622862815857 0.5936092734336853 20.795612335205078 1.1028720140457153 30.627460479736328 -4.2174973487854 0.2660
Car 1 1 1 533.4865112304688 178.61318969726562 562.190673828125 204.69540405273438 4.005443572998047 1.591123104095459 1.6351776123046875 -4.036843299865723 1.9816234111785889 46.93626403808594 -4.740795135498047 0.2615
Car 1 1 1 753.8043823242188 183.3628387451172 791.3280639648438 204.80471801757812 3.7843475341796875 1.518057107925415 1.6692285537719727 12.312012672424316 2.3471732139587402 54.98018264770508 -4.814791679382324 0.2499
Pedestrian 1 1 1 932.6940307617188 178.33352661132812 957.005859375 216.546142578125 0.788770854473114 1.7523669004440308 0.671261727809906 15.615464210510254 2.012197256088257 33.74417495727539 -8.379334449768066 0.2352
Car 1 1 1 696.6188354492188 181.62728881835938 727.1976928710938 201.21646118164062 3.923434257507324 1.5371512174606323 1.6176804304122925 8.477694511413574 2.2970457077026367 60.48231887817383 -4.82141637802124 0.2283
Pedestrian 1 1 1 436.5138854980469 176.7286376953125 447.3027648925781 195.83322143554688 0.8215630650520325 1.7864956855773926 0.5982404351234436 -15.897948265075684 2.1547892093658447 68.15434265136719 -3.783108711242676 0.2278
Car 1 1 1 1.3089685440063477 179.34271240234375 88.39158630371094 213.37399291992188 3.84413743019104 1.552087664604187 1.6215108633041382 -27.860925674438477 1.8905986547470093 35.67328643798828 -4.826944351196289 0.2166
Car 1 1 1 1087.1102294921875 183.9658203125 1241.0 241.68113708496094 3.8348560333251953 1.529793620109558 1.6175384521484375 16.54332160949707 1.8959918022155762 21.83885955810547 -7.909571170806885 0.2144
Car 1 1 1 888.2886962890625 173.7386474609375 942.0997924804688 198.1053924560547 3.7806475162506104 1.562194585800171 1.6452003717422485 20.365530014038086 1.6236381530761719 48.3813591003418 -4.838301658630371 0.2141
Pedestrian 1 1 1 59.6260871887207 156.04405212402344 112.1581039428711 243.0312042236328 0.6832365989685059 1.7787312269210815 0.5752631425857544 -11.053351402282715 1.434698224067688 15.157207489013672 -4.457748889923096 0.2101
Pedestrian 1 1 1 1136.907958984375 156.67523193359375 1162.3114013671875 202.3979949951172 0.6688617467880249 1.791296124458313 0.6102971434593201 21.391971588134766 1.1571555137634277 28.673473358154297 -7.5749125480651855 0.2091
Car 1 1 1 442.6900329589844 179.89651489257812 478.153564453125 205.29026794433594 4.039736270904541 1.551672101020813 1.6289476156234741 -9.78319263458252 2.032789707183838 47.274600982666016 -4.749843597412109 0.2081
Car 1 1 1 1023.9336547851562 182.6279754638672 1128.393798828125 216.68492126464844 3.953134536743164 1.5371372699737549 1.596904993057251 21.87543487548828 2.009740114212036 33.99988555908203 -3.1991937160491943 0.2063
Car 1 1 1 729.1769409179688 181.00831604003906 759.4475708007812 199.6686248779297 4.142079830169678 1.6134735345840454 1.705688714981079 12.294390678405762 2.3875551223754883 66.38744354248047 -4.794677734375 0.1994
Pedestrian 1 1 1 77.01680755615234 159.44357299804688 147.9053955078125 290.8607482910156 0.5739656686782837 1.7493078708648682 0.5729100108146667 -6.916090488433838 1.5705002546310425 9.962129592895508 -4.418456077575684 0.1993
Car 1 1 1 821.1312866210938 172.3693389892578 881.8175659179688 193.04408264160156 3.997990846633911 1.5180975198745728 1.6696983575820923 17.975727081298828 1.4822101593017578 53.917423248291016 -3.0901293754577637 0.1985
Car 1 1 1 17.572303771972656 181.98008728027344 110.45745849609375 218.85707092285156 3.9176645278930664 1.534623384475708 1.6084598302841187 -24.932266235351562 1.9782676696777344 33.066322326660156 -4.819135665893555 0.1907
Car 1 1 1 642.1790161132812 177.3697509765625 682.2493286132812 212.73887634277344 3.834432363510132 1.556091547012329 1.6389261484146118 2.3771250247955322 1.7815947532653809 34.157371520996094 -7.848113536834717 0.1888
Pedestrian 1 1 1 1236.321533203125 159.9811248779297 1241.0 204.82833862304688 0.4196023941040039 1.7619585990905762 0.5076679587364197 25.196208953857422 1.2559092044830322 28.667625427246094 -4.072958469390869 0.1864
Car 1 1 1 481.90350341796875 179.0203399658203 513.4945678710938 205.51901245117188 4.032502174377441 1.600555181503296 1.6407374143600464 -7.241763114929199 2.0161309242248535 46.60188293457031 -4.771083354949951 0.1838
Car 1 1 1 249.59088134765625 179.82949829101562 289.0005187988281 198.00494384765625 4.002040386199951 1.4816714525222778 1.5588510036468506 -29.42132568359375 2.1038002967834473 62.37325668334961 -7.8659586906433105 0.1836
Car 1 1 1 5.014869213104248 178.22874450683594 67.6064682006836 207.35678100585938 4.177652359008789 1.6830286979675293 1.6674505472183228 -35.527523040771484 2.0328736305236816 44.76207733154297 -8.162925720214844 0.1787
Pedestrian 1 1 1 1014.183349609375 158.70578002929688 1042.285400390625 217.5493927001953 0.5538743138313293 1.8123847246170044 0.6297506093978882 13.025899887084961 1.376319169998169 22.56730842590332 -4.472048282623291 0.1756
Pedestrian 1 1 1 1155.56494140625 171.7123260498047 1181.2376708984375 211.615478515625 0.717024028301239 1.8278675079345703 0.6564348936080933 25.864599227905273 1.7752705812454224 33.47926330566406 -6.616044998168945 0.1756
Car 1 1 1 878.1126708984375 167.0342559814453 961.691650390625 195.33921813964844 4.013297080993652 1.527264952659607 1.6415834426879883 17.126468658447266 1.2129460573196411 40.12344741821289 -2.948242664337158 0.1738
Pedestrian 1 1 1 1213.078125 157.47476196289062 1241.0 205.19580078125 0.5726606845855713 1.7869328260421753 0.6107996106147766 23.331100463867188 1.2107512950897217 27.31892204284668 -4.664391994476318 0.1732
Car 1 1 1 95.97212219238281 183.142578125 162.54820251464844 213.65469360351562 3.9940502643585205 1.5379716157913208 1.6286239624023438 -26.52871322631836 2.1368248462677 39.90622329711914 -4.8964948654174805 0.1726
Pedestrian 1 1 1 502.9959411621094 174.36949157714844 517.5242919921875 199.87069702148438 0.8800520896911621 1.8233870267868042 0.5748210549354553 -7.236074447631836 1.9335784912109375 52.12733840942383 -6.851440906524658 0.1716
Car 1 1 1 184.25372314453125 181.93719482421875 238.84510803222656 211.1356658935547 3.8088250160217285 1.5322378873825073 1.638035774230957 -22.684667587280273 2.075472354888916 41.15045166015625 -4.905092716217041 0.1716
Car 1 1 1 417.8649597167969 180.7239227294922 456.5384521484375 208.7492218017578 3.9130172729492188 1.5296111106872559 1.578452467918396 -10.163111686706543 2.0148301124572754 42.51017761230469 -4.777307987213135 0.1706
Car 1 1 1 187.9669189453125 180.1960906982422 224.74295043945312 199.13351440429688 3.827385902404785 1.513304591178894 1.5872077941894531 -34.24184799194336 2.156959056854248 61.257266998291016 -8.038789749145508 0.1685
Car 1 1 1 0.0 0.0 1241.0 374.0 3.797976493835449 1.5294699668884277 1.6303948163986206 3.0155131816864014 1.5572106838226318 0.9504870772361755 -7.866663455963135 0.1653
Car 1 1 1 424.1962890625 181.08596801757812 467.9230651855469 212.5622100830078 3.992722511291504 1.506372332572937 1.6247732639312744 -8.531033515930176 1.9589335918426514 37.64743423461914 -4.779299736022949 0.1640
Car 1 1 1 201.163818359375 180.76254272460938 251.17933654785156 202.18104553222656 4.018045425415039 1.4693113565444946 1.5822114944458008 -28.15799903869629 2.072150468826294 53.00822067260742 -7.867340564727783 0.1635
Car 1 1 1 266.3429260253906 183.0667724609375 323.9574890136719 213.532470703125 3.9234652519226074 1.4672808647155762 1.6397768259048462 -16.599769592285156 2.0354952812194824 38.13795471191406 -4.80300235748291 0.1625
Pedestrian 1 1 1 852.0516967773438 174.8866729736328 870.8837890625 205.38587951660156 0.836512565612793 1.756946325302124 0.6399093866348267 14.637763023376465 1.8766194581985474 42.10800552368164 -6.772645473480225 0.1619
Car 1 1 1 588.1980590820312 179.68858337402344 627.5911865234375 213.28977966308594 3.915771007537842 1.5009360313415527 1.6525415182113647 -0.19479140639305115 1.8517770767211914 35.059513092041016 -7.924109935760498 0.1618
Car 1 1 1 42.764549255371094 180.00372314453125 91.86968994140625 204.1457061767578 3.9203596115112305 1.5845133066177368 1.6308023929595947 -38.114505767822266 2.107895851135254 50.730499267578125 -5.043447494506836 0.1613
Pedestrian 1 1 1 44.78544998168945 161.8468017578125 88.76419830322266 237.08668518066406 0.7569351196289062 1.8365293741226196 0.5931271314620972 -13.630475044250488 1.5675549507141113 18.04108428955078 -2.7036375999450684 0.1603
Car 1 1 1 269.8824462890625 181.76060485839844 311.5546569824219 208.22027587890625 3.89734148979187 1.5955281257629395 1.630029559135437 -20.755666732788086 2.2004446983337402 46.96440887451172 -4.896907806396484 0.1595
Cyclist 1 1 1 783.4247436523438 173.7154541015625 794.3119506835938 195.84014892578125 1.7210434675216675 1.7482634782791138 0.46088743209838867 14.331127166748047 1.8181734085083008 57.94465637207031 -7.845130443572998 0.1576
Car 1 1 1 127.35829162597656 180.5939178466797 170.208984375 203.12255859375 3.8981692790985107 1.5661075115203857 1.5764422416687012 -34.27918243408203 2.1639885902404785 53.67809295654297 -4.97186803817749 0.1571
Pedestrian 1 1 1 64.2260971069336 161.388427734375 106.45744323730469 233.6895294189453 0.7582364678382874 1.8289825916290283 0.5887839198112488 -13.629424095153809 1.5386409759521484 18.67848014831543 -2.7103018760681152 0.1568
Car 1 1 1 707.90771484375 180.3568115234375 738.6698608398438 206.24069213867188 3.7827823162078857 1.5390509366989136 1.6011728048324585 7.141884803771973 2.036907911300659 45.967288970947266 -4.646381855010986 0.1548
Pedestrian 1 1 1 1054.4447021484375 159.23983764648438 1071.0677490234375 200.30555725097656 0.6636592149734497 1.7695883512496948 0.590191125869751 19.744705200195312 1.1826322078704834 31.532672882080078 -4.113245964050293 0.1546
Car 1 1 1 0.0 0.0 1241.0 374.0 3.9009220600128174 1.538938283920288 1.6477609872817993 -3.428227186203003 1.6260597705841064 0.9631338715553284 -7.903311252593994 0.1523
Pedestrian 1 1 1 899.3344116210938 163.716552734375 914.7255249023438 198.22360229492188 0.5866998434066772 1.7936183214187622 0.5780699253082275 15.569757461547852 1.3183692693710327 37.91597366333008 -3.9612350463867188 0.1508
Pedestrian 1 1 1 881.639892578125 168.24916076660156 903.7317504882812 226.6888427734375 0.7393512725830078 1.6080033779144287 0.5540448427200317 7.908011436462402 1.4809987545013428 20.302762985229492 -4.304718017578125 0.1498
Car 1 1 1 404.2451477050781 181.03228759765625 430.6161193847656 199.52053833007812 3.8239927291870117 1.5290647745132446 1.5682036876678467 -16.90315818786621 2.2694509029388428 63.381168365478516 -4.789464473724365 0.1495
Car 1 1 1 57.94705581665039 184.038330078125 149.11964416503906 220.35899353027344 3.996638059616089 1.513647198677063 1.6314268112182617 -23.345935821533203 2.062638282775879 33.38493347167969 -4.784124374389648 0.1490
Pedestrian 1 1 1 839.693359375 174.78085327148438 856.3057250976562 203.60963439941406 0.7722656726837158 1.7908116579055786 0.6308866739273071 14.919610977172852 1.9128113985061646 45.339569091796875 -3.61751127243042 0.1456
Car 1 1 1 376.9803466796875 179.51730346679688 411.3384094238281 202.539306640625 3.9743170738220215 1.5977474451065063 1.6769951581954956 -15.930612564086914 2.1088173389434814 53.319313049316406 -4.802575588226318 0.1439
Car 1 1 1 356.6925048828125 183.1571502685547 407.825439453125 215.65768432617188 4.090011119842529 1.5265579223632812 1.6404790878295898 -11.746095657348633 2.089263916015625 37.32566452026367 -4.789450645446777 0.1418
Car 1 1 1 146.0601348876953 179.82386779785156 198.85812377929688 209.5369110107422 4.053749084472656 1.5866878032684326 1.6583086252212524 -25.264076232910156 2.0105814933776855 41.7334098815918 -5.006413459777832 0.1417
Pedestrian 1 1 1 475.480224609375 169.58154296875 493.89678955078125 201.40321350097656 0.8750974535942078 1.7946234941482544 0.5581867694854736 -7.188718795776367 1.6097687482833862 41.18321228027344 -6.957273006439209 0.1412
Pedestrian 1 1 1 41.708343505859375 159.2449951171875 78.3113021850586 242.9799346923828 0.740603506565094 1.8173686265945435 0.5559161305427551 -12.340252876281738 1.5217013359069824 16.118492126464844 -2.356632947921753 0.1409
Pedestrian 1 1 1 1057.82470703125 173.20263671875 1080.730712890625 207.99192810058594 0.8333797454833984 1.7464081048965454 0.6411373615264893 23.31957244873047 1.764068603515625 36.70077896118164 -3.5939693450927734 0.1407
Pedestrian 1 1 1 82.35832214355469 160.26161193847656 118.98726654052734 237.28746032714844 0.748461902141571 1.8086068630218506 0.564875602722168 -12.336100578308105 1.5126311779022217 17.401592254638672 -2.4171879291534424 0.1405
Pedestrian 1 1 1 0.0 161.46778869628906 39.47098922729492 246.2446746826172 0.7495865225791931 1.8407944440841675 0.588614284992218 -13.318025588989258 1.5932612419128418 16.1060733795166 -2.635849952697754 0.1398
Pedestrian 1 1 1 1216.2965087890625 175.43017578125 1239.3756103515625 208.0064697265625 0.6905466914176941 1.7362383604049683 0.6465829610824585 33.27381134033203 1.8762543201446533 38.90899658203125 -8.008636474609375 0.1394
Car 1 1 1 719.8095703125 179.4452362060547 758.6213989257812 199.2127685546875 4.110513687133789 1.5025092363357544 1.664496660232544 10.397562026977539 2.056401252746582 58.483314514160156 -4.922693729400635 0.1392
Cyclist 1 1 1 948.0459594726562 176.49752807617188 992.5130615234375 216.66046142578125 1.7463583946228027 1.8161544799804688 0.6518294811248779 16.484176635742188 1.985128402709961 33.111881256103516 -6.381221294403076 0.1387
Car 1 1 1 995.1111450195312 180.9041290283203 1107.0513916015625 226.845458984375 3.7684340476989746 1.5371307134628296 1.6542679071426392 16.172468185424805 1.857046365737915 26.761259078979492 -7.927412509918213 0.1384
Cyclist 1 1 1 797.2672729492188 176.5068359375 812.3556518554688 200.1787872314453 1.8119603395462036 1.7425894737243652 0.5436521768569946 14.628081321716309 2.0219552516937256 54.32085037231445 -4.77487850189209 0.1380
Car 1 1 1 415.0033874511719 181.44821166992188 453.3126525878906 206.52169799804688 4.060138702392578 1.512169361114502 1.6358932256698608 -11.428823471069336 2.0959837436676025 46.98297119140625 -4.747018337249756 0.1376
Car 1 1 1 129.4552764892578 179.6860809326172 199.6236572265625 211.27932739257812 3.7195563316345215 1.5149792432785034 1.5861294269561768 -23.005573272705078 1.8865333795547485 37.3509521484375 -4.7977705001831055 0.1375
Car 1 1 1 0.0 0.0 1237.8499755859375 374.0 3.8220810890197754 1.5416148900985718 1.6120147705078125 1.4021074771881104 1.5689897537231445 0.674174427986145 -7.861325740814209 0.1374
Car 1 1 1 488.4473571777344 180.3582305908203 508.1748046875 198.42018127441406 3.954740285873413 1.4881547689437866 1.6348192691802979 -9.842287063598633 2.167619228363037 63.27190017700195 -8.025970458984375 0.1366
Cyclist 1 1 1 903.3137817382812 168.64956665039062 927.9962158203125 204.8955841064453 1.6931986808776855 1.7381045818328857 0.4868927001953125 14.961235046386719 1.5361899137496948 35.44769287109375 -7.858971118927002 0.1357
Pedestrian 1 1 1 1204.7703857421875 161.25978088378906 1224.6630859375 206.2992401123047 0.43115243315696716 1.7671833038330078 0.5502713918685913 23.95303726196289 1.3119686841964722 28.63906478881836 -4.154253959655762 0.1353
Car 1 1 1 0.0 186.65736389160156 0.0 374.0 3.9016826152801514 1.550242304801941 1.6225484609603882 -5.340084552764893 1.6277167797088623 2.0891904830932617 -7.886621952056885 0.1338
Car 1 1 1 496.4939880371094 179.3651885986328 536.8428344726562 212.80020141601562 3.89872145652771 1.5577987432479858 1.6650896072387695 -4.688641548156738 1.9035171270370483 36.36608123779297 -4.748225212097168 0.1337
Car 1 1 1 420.6313171386719 182.314208984375 469.9845886230469 217.1962127685547 3.9973206520080566 1.4650105237960815 1.6272718906402588 -7.609800338745117 1.9303178787231445 33.46366882324219 -4.779334545135498 0.1336
Car 1 1 1 577.7484130859375 179.8445587158203 622.5143432617188 219.15110778808594 3.8637423515319824 1.5155049562454224 1.630754828453064 -0.5186178088188171 1.8302018642425537 30.520496368408203 -7.936085224151611 0.1319
Car 1 1 1 419.91009521484375 181.96995544433594 482.8097839355469 235.10365295410156 4.104805946350098 1.492120623588562 1.6228989362716675 -5.041732311248779 1.8111721277236938 23.136932373046875 -4.8420562744140625 0.1319
Pedestrian 1 1 1 832.8634033203125 169.26675415039062 845.6582641601562 201.68524169921875 0.7633303999900818 1.7843784093856812 0.6157843470573425 12.7329683303833 1.5866292715072632 40.18551254272461 -4.3182525634765625 0.1296
Pedestrian 1 1 1 384.74908447265625 173.88494873046875 408.1145935058594 220.7085723876953 0.6096969842910767 1.5441101789474487 0.5473061800003052 -7.190930366516113 1.5787993669509888 24.14873504638672 -4.574706077575684 0.1285
Pedestrian 1 1 1 954.2764282226562 161.422607421875 969.4838256835938 199.89151000976562 0.7626153826713562 1.8594388961791992 0.6057102680206299 17.205224990844727 1.3065894842147827 35.35918426513672 -7.3127570152282715 0.1276
Car 1 1 1 658.6583862304688 178.87753295898438 782.495361328125 224.06471252441406 4.099150657653809 1.5373587608337402 1.6572834253311157 3.896235942840576 1.7636806964874268 26.000001907348633 -6.4440598487854 0.1262
Pedestrian 1 1 1 1079.5831298828125 157.69473266601562 1099.2161865234375 200.73989868164062 0.6506103873252869 1.7782973051071167 0.6095207929611206 20.039457321166992 1.151732087135315 30.23563003540039 -7.390674114227295 0.1257
Car 1 1 1 879.5730590820312 178.60157775878906 927.1546630859375 203.7681121826172 3.9469430446624756 1.5161129236221313 1.6603902578353882 18.769594192504883 1.9016103744506836 46.411476135253906 -4.650960445404053 0.1252
Car 1 1 1 630.38720703125 178.60194396972656 663.514404296875 201.6051025390625 3.950068712234497 1.5564703941345215 1.6519774198532104 2.6717307567596436 1.987248182296753 51.99633026123047 -7.60776948928833 0.1250
Car 1 1 1 722.7994995117188 179.63380432128906 765.18896484375 204.67379760742188 4.144754409790039 1.5460989475250244 1.6811304092407227 8.796051979064941 2.0156142711639404 47.85615539550781 -4.808990955352783 0.1247
Pedestrian 1 1 1 1222.542724609375 160.7472381591797 1240.4542236328125 206.25563049316406 0.4275992810726166 1.7860671281814575 0.4997919499874115 24.62971305847168 1.3106135129928589 28.64655876159668 -3.9045543670654297 0.1244
Car 1 1 1 833.5391235351562 178.78628540039062 895.5625610351562 208.33877563476562 3.9554595947265625 1.513478398323059 1.6314064264297485 13.938852310180664 1.8577346801757812 39.84440231323242 -4.8367600440979 0.1234
Pedestrian 1 1 1 88.62418365478516 155.11505126953125 139.45394897460938 242.23324584960938 0.6798405051231384 1.7791166305541992 0.5584038496017456 -10.453962326049805 1.4165544509887695 15.143959045410156 -4.40291690826416 0.1234
Pedestrian 1 1 1 1225.22314453125 169.27166748046875 1241.0 203.2605743408203 0.6699858903884888 1.7700872421264648 0.6877743005752563 32.95423889160156 1.583225131034851 37.95661926269531 -4.853768825531006 0.1217
Pedestrian 1 1 1 0.0 162.5709686279297 37.78388595581055 238.66766357421875 0.7564624547958374 1.8578758239746094 0.5856118202209473 -14.907214164733887 1.6065192222595215 18.045217514038086 -2.687169075012207 0.1213
Pedestrian 1 1 1 719.3491821289062 173.1393585205078 745.8945922851562 218.6184539794922 0.8564097285270691 1.7325454950332642 0.5760989189147949 4.7091851234436035 1.7434990406036377 27.974401473999023 -3.749866008758545 0.1207
Car 1 1 1 32.780433654785156 182.111328125 95.20843505859375 210.55572509765625 3.9593381881713867 1.6176332235336304 1.6376800537109375 -33.64005661010742 2.215815544128418 44.529640197753906 -4.952148914337158 0.1201
Pedestrian 1 1 1 875.655029296875 161.41357421875 900.8834228515625 210.45713806152344 0.7158606648445129 1.7632739543914795 0.6017528176307678 10.137432098388672 1.3516536951065063 26.40454864501953 -7.013972759246826 0.1194
Pedestrian 1 1 1 736.7328491210938 170.4442138671875 765.989501953125 223.28616333007812 0.794899046421051 1.7333570718765259 0.585895836353302 4.683457374572754 1.6540096998214722 24.14539909362793 -6.9579339027404785 0.1191
Pedestrian 1 1 1 0.0 162.05848693847656 34.024681091308594 242.74447631835938 0.7396520376205444 1.8247203826904297 0.5812826752662659 -13.947952270507812 1.5802788734436035 16.7509708404541 -2.636320114135742 0.1188
Car 1 1 1 713.2752685546875 179.1915283203125 749.1707153320312 201.7881317138672 4.120896339416504 1.5554097890853882 1.6726953983306885 8.81938648223877 2.0389153957366943 52.96726989746094 -4.783698558807373 0.1185
Car 1 1 1 0.0 0.0 1241.0 374.0 3.881577253341675 1.5323264598846436 1.6219171285629272 4.614908218383789 1.534887433052063 1.3048267364501953 -7.885252475738525 0.1181
Pedestrian 1 1 1 29.812162399291992 159.84214782714844 76.34393310546875 241.71112060546875 0.7502989768981934 1.8522648811340332 0.5865944027900696 -12.980694770812988 1.5575753450393677 16.754253387451172 -2.6802101135253906 0.1180
Car 1 1 1 175.5655975341797 182.3507537841797 290.82574462890625 239.34396362304688 3.7011256217956543 1.5040404796600342 1.525960087776184 -11.136630058288574 1.8113452196121216 21.51531410217285 -4.719111919403076 0.1179
Pedestrian 1 1 1 333.5622863769531 176.0081787109375 341.49847412109375 197.70094299316406 0.8192297220230103 1.7800880670547485 0.5764933824539185 -22.62474250793457 2.043527603149414 59.84183883666992 -5.121872425079346 0.1174
Pedestrian 1 1 1 71.56941986083984 162.67201232910156 114.57659149169922 242.47503662109375 0.7438924312591553 1.8016064167022705 0.5570379495620728 -12.04830265045166 1.5714412927627563 16.746950149536133 -3.8969359397888184 0.1169
Car 1 1 1 428.22357177734375 179.92735290527344 457.16033935546875 198.41554260253906 3.9473726749420166 1.5326242446899414 1.6363567113876343 -14.662107467651367 2.172252655029297 63.3017578125 -7.8569416999816895 0.1162
Pedestrian 1 1 1 1047.421875 165.20962524414062 1063.378173828125 199.2645721435547 0.7833607792854309 1.813511610031128 0.6121494770050049 23.97039222717285 1.406129240989685 38.90227127075195 -4.322943210601807 0.1150
Car 1 1 1 628.372802734375 177.75091552734375 650.1202392578125 197.7288360595703 3.809145450592041 1.578584909439087 1.6041405200958252 2.372396945953369 1.9975647926330566 59.86533737182617 -4.72404146194458 0.1146
Car 1 1 1 693.4415283203125 179.78970336914062 718.2362060546875 197.21417236328125 3.8829283714294434 1.5296368598937988 1.6617878675460815 8.828556060791016 2.1910781860351562 66.87519073486328 -4.7449870109558105 0.1140
Car 1 1 1 0.0 182.06219482421875 56.403289794921875 220.0891571044922 3.925248861312866 1.519309401512146 1.6216020584106445 -26.52420425415039 1.9531245231628418 31.927963256835938 -4.92241907119751 0.1140
Car 1 1 1 0.0 177.5016632080078 75.87619018554688 240.2372283935547 3.5477559566497803 1.523028016090393 1.5890954732894897 -16.609758377075195 1.6604982614517212 19.586116790771484 -4.749777793884277 0.1130
Pedestrian 1 1 1 48.88328170776367 157.1062469482422 85.74359130859375 244.28282165527344 0.7283011674880981 1.8138900995254517 0.5614369511604309 -11.676392555236816 1.4859254360198975 15.469956398010254 -5.256206035614014 0.1129
Car 1 1 1 0.0 179.6994171142578 0.0 207.98190307617188 3.881239414215088 1.5803968906402588 1.6465879678726196 -39.67926788330078 2.011838674545288 43.418758392333984 -8.120072364807129 0.1122
Pedestrian 1 1 1 107.11425018310547 163.90716552734375 137.50897216796875 234.8817901611328 0.7648637294769287 1.7894047498703003 0.5830796360969543 -12.673466682434082 1.5635381937026978 18.67190933227539 -5.39970064163208 0.1121
Pedestrian 1 1 1 127.7562255859375 160.5469207763672 160.69326782226562 235.2066192626953 0.77064049243927 1.8165643215179443 0.5876129269599915 -11.698402404785156 1.5168176889419556 18.039440155029297 -5.429061412811279 0.1119
Car 1 1 1 815.907958984375 175.7731170654297 864.49658203125 201.6708526611328 4.108010768890381 1.6631475687026978 1.6880499124526978 15.513092041015625 1.8693861961364746 48.9332160949707 -4.797956943511963 0.1117
Car 1 1 1 0.0 182.95370483398438 75.35398864746094 235.96664428710938 3.763378143310547 1.5018361806869507 1.6386665105819702 -19.19676971435547 1.8541163206100464 23.194751739501953 -4.884213447570801 0.1116
Pedestrian 1 1 1 37.962493896484375 167.22622680664062 106.73681640625 292.11981201171875 0.5485151410102844 1.6687588691711426 0.543980598449707 -7.486949920654297 1.5932636260986328 9.983916282653809 -4.408211708068848 0.1115
Pedestrian 1 1 1 24.556415557861328 161.7838897705078 69.62438201904297 239.69091796875 0.7411306500434875 1.8327007293701172 0.5883930921554565 -13.622112274169922 1.5719852447509766 17.398977279663086 -2.6950438022613525 0.1109
Cyclist 1 1 1 23.52098846435547 177.49473571777344 63.15603256225586 223.42465209960938 1.8168718814849854 1.7083468437194824 0.5199294090270996 -21.987585067749023 1.894034504890442 27.972713470458984 -4.962430953979492 0.1109
Pedestrian 1 1 1 59.7093391418457 163.79208374023438 98.08502197265625 233.80799865722656 0.7417889833450317 1.8324670791625977 0.5821914672851562 -14.271728515625 1.5949972867965698 19.322935104370117 -2.6111154556274414 0.1105
Pedestrian 1 1 1 421.4538269042969 176.62994384765625 431.754150390625 195.6211395263672 0.731843113899231 1.7938605546951294 0.6247767806053162 -17.50814437866211 2.156095504760742 68.80848693847656 -7.383235454559326 0.1105
Pedestrian 1 1 1 1036.517333984375 168.14161682128906 1056.60888671875 206.14076232910156 0.6948818564414978 1.839200496673584 0.6786444187164307 21.382904052734375 1.6108158826828003 35.40827941894531 -3.889704704284668 0.1095
Car 1 1 1 5.627196788787842 180.81497192382812 58.221946716308594 204.18112182617188 4.026978969573975 1.4887003898620605 1.5773110389709473 -39.69450759887695 2.0595431327819824 49.60410690307617 -5.049698829650879 0.1095
Car 1 1 1 559.470703125 179.01576232910156 577.1693725585938 196.7757110595703 4.044244289398193 1.5009406805038452 1.529539704322815 -3.753028631210327 2.068881034851074 64.47607421875 -4.772600173950195 0.1092
Car 1 1 1 833.9078369140625 174.35235595703125 866.64599609375 192.659912109375 3.8585355281829834 1.5003252029418945 1.5010780096054077 20.37041473388672 1.631488561630249 61.376792907714844 -4.711341381072998 0.1086
Pedestrian 1 1 1 3.3701961040496826 160.85357666015625 38.70355224609375 246.87428283691406 0.7352089881896973 1.7893550395965576 0.5554313659667969 -12.668780326843262 1.539428949356079 15.469732284545898 -5.352878093719482 0.1086
Car 1 1 1 239.07025146484375 181.67938232421875 286.4600830078125 207.82659912109375 4.009542942047119 1.5566120147705078 1.6305830478668213 -22.330827713012695 2.150479316711426 46.47563552856445 -4.857869625091553 0.1086
Car 1 1 1 1053.127197265625 175.30227661132812 1105.44140625 198.629150390625 3.913996458053589 1.4466898441314697 1.608742594718933 30.636507034301758 1.6138660907745361 47.27193832397461 -4.491418838500977 0.1085
Car 1 1 1 373.1015319824219 180.4120635986328 414.9638366699219 205.4723358154297 4.072561740875244 1.5926439762115479 1.6559451818466187 -14.677773475646973 2.128340721130371 49.12820816040039 -4.718552112579346 0.1081
Pedestrian 1 1 1 1205.0330810546875 159.09347534179688 1229.7701416015625 206.93743896484375 0.45196056365966797 1.7748260498046875 0.5601605772972107 22.707557678222656 1.2640637159347534 27.03241729736328 -4.865978240966797 0.1077
Car 1 1 1 164.16360473632812 181.12503051757812 216.01626586914062 205.46612548828125 3.9860785007476807 1.5176067352294922 1.5950783491134644 -28.170791625976562 2.096857786178589 48.47873306274414 -4.842103004455566 0.1074
Car 1 1 1 432.21209716796875 180.8915557861328 484.74908447265625 222.5850067138672 4.039815425872803 1.486182451248169 1.629070520401001 -5.978348255157471 1.827993392944336 28.618955612182617 -4.814807891845703 0.1073
Pedestrian 1 1 1 1224.21240234375 168.48919677734375 1241.0 202.39346313476562 0.6640814542770386 1.8244190216064453 0.6456117630004883 33.935054779052734 1.5892452001571655 39.198184967041016 -6.443187713623047 0.1073
Cyclist 1 1 1 924.8323364257812 175.39749145507812 953.6865844726562 211.63116455078125 1.6987422704696655 1.7117167711257935 0.5064395666122437 15.948935508728027 1.8381222486495972 35.07585906982422 -7.939036846160889 0.1069
Pedestrian 1 1 1 50.25103759765625 164.5716552734375 88.23372650146484 231.47360229492188 0.751609742641449 1.8405828475952148 0.5817893743515015 -15.246359825134277 1.612421989440918 20.280073165893555 -2.67244815826416 0.1067
Car 1 1 1 166.98892211914062 0.0 1241.0 374.0 3.8243179321289062 1.550589919090271 1.6522705554962158 -0.8683570623397827 1.5926954746246338 0.8506128191947937 -7.879684925079346 0.1067
Car 1 1 1 189.6746368408203 178.969970703125 242.4390411376953 206.49664306640625 3.9173107147216797 1.5886257886886597 1.6202844381332397 -24.31759262084961 1.9839222431182861 44.6134033203125 -4.862009525299072 0.1064
Car 1 1 1 0.0 185.42007446289062 0.0 374.0 4.086920261383057 1.5668315887451172 1.6330829858779907 -11.12752628326416 1.7434883117675781 8.0457124710083 -4.812857627868652 0.1064
Pedestrian 1 1 1 178.8963623046875 163.5708770751953 205.43728637695312 226.8964385986328 0.7845568060874939 1.821266531944275 0.5854623913764954 -12.352190017700195 1.553980827331543 21.241147994995117 -8.500046730041504 0.1062
Car 1 1 1 528.445068359375 179.20985412597656 550.7269287109375 199.3451690673828 3.911497116088867 1.5109233856201172 1.6012334823608398 -5.665053844451904 2.035027265548706 57.484100341796875 -7.993392467498779 0.1061
Pedestrian 1 1 1 1076.1878662109375 158.78121948242188 1097.27001953125 199.55996704101562 0.5873941779136658 1.7602474689483643 0.589066207408905 20.758703231811523 1.1524848937988281 31.49128532409668 -4.515994071960449 0.1058
Pedestrian 1 1 1 1146.6080322265625 167.79002380371094 1169.8604736328125 200.9469757080078 0.778293251991272 1.7821818590164185 0.6382231712341309 29.76939582824707 1.5096936225891113 39.236541748046875 -4.953094005584717 0.1056
Pedestrian 1 1 1 23.308774948120117 164.75494384765625 61.397274017333984 234.24710083007812 0.7238022685050964 1.8188120126724243 0.5787849426269531 -15.246495246887207 1.6065363883972168 19.318017959594727 -2.607752799987793 0.1051
