Car 1 1 1 596.6707763671875 179.43862915039062 676.2154541015625 246.53912353515625 3.6689562797546387 1.4212861061096191 1.6611158847808838 0.49100783467292786 1.5978200435638428 17.513168334960938 -7.891176700592041 0.8203
Car 1 1 1 584.6571044921875 179.46786499023438 628.0640869140625 221.037841796875 3.7248287200927734 1.5292785167694092 1.6326814889907837 -0.18774311244487762 1.8119144439697266 29.002079010009766 -7.856842517852783 0.7383
Car 1 1 1 340.15576171875 181.5517578125 398.5556335449219 217.0581817626953 3.83048152923584 1.557262659072876 1.651304841041565 -11.483659744262695 1.9968440532684326 34.545108795166016 -4.7514872550964355 0.7178
Pedestrian 1 1 1 511.34918212890625 170.0285186767578 536.77783203125 218.78956604003906 0.7164778113365173 1.814110279083252 0.6454670429229736 -3.299811601638794 1.7086904048919678 27.323078155517578 -7.0046706199646 0.6518
Pedestrian 1 1 1 1130.1622314453125 150.78750610351562 1212.720703125 271.84588623046875 0.9719923138618469 1.7575464248657227 0.5986502766609192 8.475641250610352 1.4368813037872314 11.002503395080566 -7.695714473724365 0.6171
Cyclist 1 1 1 776.292236328125 170.08712768554688 835.0632934570312 218.97801208496094 1.871989369392395 1.696394443511963 0.7336218357086182 6.829036712646484 1.6000908613204956 25.409385681152344 -3.134129762649536 0.6169
Car 1 1 1 471.0111083984375 180.19602966308594 553.7932739257812 212.74118041992188 3.758512020111084 1.5295428037643433 1.6273695230484009 -4.89360237121582 1.9091544151306152 35.93838882446289 -2.799208164215088 0.4889
Car 1 1 1 434.7828369140625 179.09432983398438 466.7210998535156 204.43836975097656 3.924471378326416 1.7198138236999512 1.6142343282699585 -11.451196670532227 2.186077117919922 51.946868896484375 -4.76161003112793 0.4315
Car 1 1 1 488.7137145996094 180.3067626953125 562.311279296875 206.51483154296875 3.949406385421753 1.4547836780548096 1.614658236503601 -4.955356121063232 1.9030377864837646 42.112857818603516 -2.866255760192871 0.4061
Car 1 1 1 1149.448974609375 178.40191650390625 1241.0 231.6151885986328 3.702446460723877 1.465679407119751 1.5711442232131958 17.989639282226562 1.6325023174285889 20.892335891723633 -3.172776699066162 0.3449
Cyclist 1 1 1 92.770751953125 179.72154235839844 149.693603515625 226.25250244140625 1.764280915260315 1.7920238971710205 0.6387300491333008 -19.189706802368164 2.0645830631256104 28.28462028503418 -3.2150678634643555 0.3320
Car 1 1 1 468.7401123046875 181.7784423828125 500.9569396972656 204.6114501953125 3.9087679386138916 1.513465404510498 1.5997709035873413 -8.887886047363281 2.1720752716064453 51.31482696533203 -4.708019256591797 0.3171
Pedestrian 1 1 1 936.6586303710938 158.82106018066406 951.1865844726562 193.4397430419922 0.6750097870826721 1.8323464393615723 0.6320332288742065 17.825687408447266 1.0892916917800903 38.61012649536133 -4.393494129180908 0.3081
Pedestrian 1 1 1 152.65728759765625 163.30728149414062 181.67665100097656 214.04595947265625 0.7270994186401367 1.827765941619873 0.6172930002212524 -16.215665817260742 1.4835631847381592 26.35820960998535 -7.86248254776001 0.2800
Cyclist 1 1 1 385.9720153808594 156.3880615234375 425.0475769042969 206.80433654785156 1.6289423704147339 1.7825733423233032 0.5567354559898376 -7.50160026550293 1.2000854015350342 26.372167587280273 -4.392784118652344 0.2790
Cyclist 1 1 1 917.8567504882812 173.9314727783203 956.6686401367188 218.03880310058594 1.6888432502746582 1.7156466245651245 0.5774967670440674 13.0827054977417 1.7599505186080933 28.98894691467285 -8.017925262451172 0.2573
Car 1 1 1 810.6522216796875 175.4142303466797 855.3502807617188 205.76904296875 3.84763765335083 1.5065608024597168 1.6204372644424438 11.693207740783691 1.6488054990768433 38.16157150268555 -7.726578235626221 0.2472
Car 1 1 1 634.3111572265625 175.7222900390625 659.3694458007812 198.2861328125 3.8130035400390625 1.6056593656539917 1.6021708250045776 2.6824026107788086 1.826680302619934 53.75423049926758 -4.730604648590088 0.2387
Car 1 1 1 594.2376098632812 179.60508728027344 620.76708984375 200.04644775390625 3.996884346008301 1.5616660118103027 1.6643345355987549 -0.1946093589067459 2.129049301147461 58.586875915527344 -4.589053630828857 0.2322
Car 1 1 1 535.3604125976562 179.6910858154297 560.0984497070312 203.26846313476562 3.7135531902313232 1.5373059511184692 1.606116533279419 -4.38582706451416 2.030133008956909 50.10512161254883 -7.968047618865967 0.2291
Pedestrian 1 1 1 649.9741821289062 171.61471557617188 659.7631225585938 197.0524139404297 0.6822361350059509 1.7665737867355347 0.678814709186554 3.1093528270721436 1.680208444595337 50.47248458862305 -4.643136501312256 0.2241
Car 1 1 1 1100.6026611328125 173.2647705078125 1197.3997802734375 206.2971649169922 3.7408671379089355 1.4805058240890503 1.5170804262161255 25.492168426513672 1.5008655786514282 34.338497161865234 -4.838103771209717 0.2184
Pedestrian 1 1 1 522.5787963867188 166.38314819335938 535.768798828125 195.1209259033203 0.7711402773857117 1.8271540403366089 0.6497324705123901 -5.218776226043701 1.415436029434204 46.31201171875 -7.678024768829346 0.2164
Car 1 1 1 640.2003784179688 177.65060424804688 669.528564453125 203.8141632080078 3.823828935623169 1.5197503566741943 1.574683427810669 2.6947295665740967 1.8281646966934204 44.526023864746094 -7.85265588760376 0.2149
Car 1 1 1 466.08441162109375 179.7767333984375 495.2812194824219 205.32862854003906 3.9954135417938232 1.559027910232544 1.634649634361267 -8.548701286315918 2.033174514770508 47.315582275390625 -4.952610015869141 0.2120
Pedestrian 1 1 1 0.0 162.24569702148438 12.151838302612305 222.28375244140625 0.48871880769729614 1.817211389541626 0.5466001629829407 -18.768686294555664 1.4958231449127197 22.20573616027832 -3.843669891357422 0.2091
Pedestrian 1 1 1 923.1402587890625 157.351318359375 938.5637817382812 200.64761352539062 0.6427510976791382 1.8273893594741821 0.5970360636711121 13.680405616760254 1.172773838043213 30.86811065673828 -4.297335624694824 0.2060
Pedestrian 1 1 1 941.7542114257812 165.94285583496094 963.878662109375 210.10508728027344 0.6302144527435303 1.7925864458084106 0.6131587028503418 14.018113136291504 1.5117567777633667 29.60751724243164 -7.839152812957764 0.2041
Pedestrian 1 1 1 707.5518798828125 165.85037231445312 724.5343627929688 200.033447265625 0.6974495649337769 1.8053165674209595 0.5723607540130615 5.6267805099487305 1.4351325035095215 38.55727005004883 -8.491578102111816 0.2029
Car 1 1 1 597.4920043945312 178.85137939453125 629.1611938476562 207.01589965820312 3.8518128395080566 1.5017433166503906 1.5965512990951538 0.11201699823141098 1.8608334064483643 41.27352523803711 -4.763669490814209 0.2000
Car 1 1 1 396.4404602050781 181.22457885742188 431.6060791015625 203.45126342773438 3.685751438140869 1.5692235231399536 1.642366647720337 -14.697965621948242 2.218762159347534 54.17254638671875 -4.712695598602295 0.1982
Pedestrian 1 1 1 1033.801513671875 170.26541137695312 1066.3621826171875 217.56463623046875 0.8615490794181824 1.7254364490509033 0.6012823581695557 16.249347686767578 1.630706787109375 26.723438262939453 -6.546319484710693 0.1947
Pedestrian 1 1 1 1224.480224609375 156.68115234375 1241.0 197.03128051757812 0.7414568066596985 1.8288705348968506 0.6454266309738159 28.764102935791016 1.0955356359481812 33.165916442871094 -7.484684467315674 0.1932
Car 1 1 1 431.6648864746094 180.5617218017578 459.90289306640625 207.41722106933594 3.9240102767944336 1.5412914752960205 1.6182537078857422 -10.1653470993042 2.0406556129455566 44.690757751464844 -4.913217067718506 0.1917
Car 1 1 1 330.5025329589844 180.25526428222656 383.5050048828125 205.66943359375 3.978968381881714 1.5198081731796265 1.6305192708969116 -16.244646072387695 2.017026424407959 46.42945098876953 -4.592032432556152 0.1907
Pedestrian 1 1 1 1121.0340576171875 159.5112762451172 1142.58984375 199.20504760742188 0.6757882237434387 1.7820987701416016 0.6533581018447876 23.69431495666504 1.182761311531067 32.83066177368164 -4.324380397796631 0.1893
Cyclist 1 1 1 287.1509704589844 177.3236083984375 308.524169921875 207.50546264648438 1.6917821168899536 1.7023847103118896 0.5527642965316772 -18.11018180847168 1.966336727142334 41.804744720458984 -4.743171691894531 0.1850
Pedestrian 1 1 1 881.28662109375 159.43316650390625 899.7518920898438 200.67599487304688 0.6923202276229858 1.8498584032058716 0.6550882458686829 12.688870429992676 1.2475956678390503 32.7591667175293 -4.544070243835449 0.1847
Car 1 1 1 478.6944580078125 180.03204345703125 557.1661987304688 208.08973693847656 3.9799349308013916 1.470876932144165 1.6283024549484253 -5.1102375984191895 1.8803035020828247 39.847862243652344 -2.858314037322998 0.1840
Car 1 1 1 598.3316040039062 178.45616149902344 624.9255981445312 203.13624572753906 3.939607620239258 1.485916256904602 1.557547926902771 0.1064327210187912 1.8610185384750366 46.35020065307617 -4.670941352844238 0.1766
Pedestrian 1 1 1 543.0930786132812 169.43190002441406 552.2399291992188 193.2349853515625 0.8164871335029602 1.8612463474273682 0.6049306988716125 -4.943930149078369 1.5933599472045898 56.886688232421875 -8.087259292602539 0.1754
Car 1 1 1 567.2627563476562 180.8117218017578 599.904541015625 201.57440185546875 4.122457981109619 1.5403454303741455 1.6245014667510986 -2.0866761207580566 2.1971373558044434 57.392662048339844 -4.498149871826172 0.1752
Pedestrian 1 1 1 997.5814819335938 163.9703369140625 1013.4337768554688 202.3599090576172 0.473464697599411 1.7788792848587036 0.6095175743103027 18.46718406677246 1.3669320344924927 33.77286148071289 -4.302627086639404 0.1746
Pedestrian 1 1 1 484.230712890625 168.46023559570312 506.6431884765625 223.63279724121094 0.7426754832267761 1.7114750146865845 0.655092179775238 -3.6754040718078613 1.5748788118362427 22.8160457611084 -8.073080062866211 0.1718
Pedestrian 1 1 1 694.627197265625 166.3566131591797 708.6262817382812 207.19329833984375 0.7592810988426208 1.77945077419281 0.5997954607009888 3.998002767562866 1.496028184890747 31.85098648071289 -4.602980613708496 0.1700
Pedestrian 1 1 1 1209.8038330078125 150.09326171875 1241.0 226.8409881591797 0.7609499096870422 1.8357399702072144 0.5843018293380737 15.290724754333496 1.291022777557373 17.707054138183594 -8.146092414855957 0.1693
Pedestrian 1 1 1 1056.501953125 156.322998046875 1075.1214599609375 195.4532012939453 0.6444252133369446 1.844046711921692 0.6538821458816528 21.701717376708984 1.0647084712982178 34.42701721191406 -4.313581943511963 0.1674
Pedestrian 1 1 1 199.6483612060547 169.0714874267578 220.21092224121094 207.32530212402344 0.6888124346733093 1.7688087224960327 0.6507980823516846 -18.75337791442871 1.5936105251312256 33.75741958618164 -8.023659706115723 0.1643
Pedestrian 1 1 1 1032.6409912109375 162.7667236328125 1053.5458984375 200.1753692626953 0.5337074995040894 1.7526546716690063 0.659186840057373 20.42243766784668 1.2797496318817139 34.09859848022461 -4.795860767364502 0.1627
Cyclist 1 1 1 805.7654418945312 173.54037475585938 833.0772094726562 212.1720428466797 1.7261030673980713 1.7106857299804688 0.5965006947517395 9.482662200927734 1.7424993515014648 32.87059783935547 -7.95131254196167 0.1621
Pedestrian 1 1 1 1046.7431640625 160.48214721679688 1069.785888671875 205.91575622558594 0.5789628028869629 1.7606110572814941 0.619892418384552 17.541275024414062 1.280885934829712 28.31624984741211 -7.610280513763428 0.1615
Cyclist 1 1 1 802.5889282226562 171.5967559814453 824.2899780273438 204.90782165527344 1.673822283744812 1.68572998046875 0.4696175158023834 10.486088752746582 1.6218059062957764 37.37327194213867 -7.9766316413879395 0.1605
Car 1 1 1 533.7659912109375 179.4424285888672 581.8433837890625 197.21400451660156 3.876082181930542 1.4974130392074585 1.618463158607483 -4.566555500030518 2.083259105682373 62.95351028442383 -2.9061808586120605 0.1600
Car 1 1 1 0.0 0.0 1241.0 374.0 3.914820671081543 1.5433709621429443 1.6531747579574585 -3.429710626602173 1.6274751424789429 0.9570344090461731 -7.894326686859131 0.1575
Pedestrian 1 1 1 25.210094451904297 170.1402587890625 56.63824462890625 215.4479522705078 0.798008143901825 1.77394437789917 0.643917441368103 -22.6486759185791 1.6673922538757324 28.6715145111084 -7.925373554229736 0.1549
Car 1 1 1 740.204345703125 175.5931854248047 770.81982421875 201.20404052734375 3.9213685989379883 1.5337525606155396 1.6670455932617188 9.140007019042969 1.7147839069366455 45.70800018310547 -4.5732574462890625 0.1549
Car 1 1 1 667.0852661132812 177.70457458496094 694.7213745117188 204.16114807128906 3.8190596103668213 1.516931414604187 1.6072876453399658 4.278443813323975 1.8261590003967285 44.068885803222656 -7.763463497161865 0.1537
Car 1 1 1 0.0 0.0 1241.0 374.0 3.8266398906707764 1.5320037603378296 1.6332428455352783 3.0111942291259766 1.5575180053710938 0.9573182463645935 -7.86819314956665 0.1532
Pedestrian 1 1 1 1234.400146484375 147.92274475097656 1241.0 224.48678588867188 0.7826947569847107 1.8309249877929688 0.5773209929466248 15.913154602050781 1.2344279289245605 17.70501708984375 -8.10303020477295 0.1531
Pedestrian 1 1 1 141.9612579345703 162.87074279785156 169.37835693359375 213.4028778076172 0.6639561653137207 1.8439146280288696 0.6175535321235657 -16.839567184448242 1.4793263673782349 26.68128776550293 -7.922770977020264 0.1524
Pedestrian 1 1 1 912.9244995117188 162.18333435058594 942.3421020507812 215.90853881835938 0.8015798926353455 1.7463140487670898 0.5965471863746643 10.45118522644043 1.399168848991394 23.86701011657715 -7.898777484893799 0.1514
Car 1 1 1 625.6605224609375 177.89915466308594 657.8809204101562 206.58279418945312 3.672577142715454 1.513808250427246 1.5737913846969604 1.7089715003967285 1.8102303743362427 40.5837287902832 -7.874776363372803 0.1511
Pedestrian 1 1 1 255.9073944091797 169.92974853515625 272.2308044433594 199.94834899902344 0.7596532702445984 1.7767118215560913 0.6270871162414551 -20.69307518005371 1.603333592414856 43.09574890136719 -7.887335300445557 0.1502
Car 1 1 1 239.66619873046875 181.44081115722656 299.3969421386719 211.2270965576172 4.033237457275391 1.544511079788208 1.6483747959136963 -19.137929916381836 2.052586793899536 40.65951156616211 -4.76703405380249 0.1498
Car 1 1 1 702.9970703125 176.92129516601562 727.4267578125 195.0417938232422 3.9333291053771973 1.6234440803527832 1.6331462860107422 9.791206359863281 2.0149176120758057 67.51740264892578 -4.733337879180908 0.1494
Car 1 1 1 764.3082885742188 176.5379180908203 820.0477294921875 209.1356201171875 3.8062548637390137 1.498041033744812 1.6064951419830322 8.861248016357422 1.6891182661056519 35.54054260253906 -7.906737804412842 0.1493
Car 1 1 1 354.2308654785156 182.34231567382812 400.6950378417969 210.3312530517578 3.947279214859009 1.5168538093566895 1.6458923816680908 -13.66251277923584 2.101674795150757 42.48208236694336 -4.763923168182373 0.1489
Car 1 1 1 793.8611450195312 176.66148376464844 824.1198120117188 197.11256408691406 3.898289680480957 1.5261880159378052 1.5711607933044434 15.538747787475586 1.8351134061813354 56.59581756591797 -4.635143280029297 0.1486
Pedestrian 1 1 1 179.07119750976562 169.44073486328125 201.79734802246094 208.52294921875 0.6952214241027832 1.7552694082260132 0.6397760510444641 -19.08850860595703 1.6016721725463867 32.764190673828125 -7.88810396194458 0.1477
Car 1 1 1 439.1726379394531 181.03964233398438 477.0690612792969 210.1005096435547 3.8793673515319824 1.510251522064209 1.5620845556259155 -8.532217025756836 1.9931511878967285 40.60476303100586 -4.779540061950684 0.1475
Cyclist 1 1 1 974.2744140625 170.23907470703125 1008.1740112304688 211.42115783691406 1.6926134824752808 1.6790622472763062 0.5628843307495117 15.930214881896973 1.5721478462219238 30.271501541137695 -4.686929225921631 0.1474
Car 1 1 1 658.47900390625 176.22242736816406 685.2044067382812 200.18951416015625 3.9497241973876953 1.6068806648254395 1.6464054584503174 4.297314643859863 1.8536713123321533 50.93254470825195 -4.686086177825928 0.1466
Car 1 1 1 639.879150390625 176.5435333251953 660.5260009765625 195.27828979492188 4.107577800750732 1.5028746128082275 1.5555217266082764 3.3306338787078857 1.8237947225570679 60.75621032714844 -4.70039176940918 0.1466
Pedestrian 1 1 1 3.007258415222168 174.28787231445312 33.347782135009766 218.9957275390625 0.7953397631645203 1.7250930070877075 0.6264041662216187 -23.26791763305664 1.7819844484329224 28.32470703125 -8.064667701721191 0.1445
Car 1 1 1 193.75022888183594 181.5980682373047 261.7666320800781 214.24478149414062 4.028187274932861 1.4969673156738281 1.656901240348816 -19.17084503173828 1.9619147777557373 36.29848098754883 -4.821782112121582 0.1444
Pedestrian 1 1 1 947.3080444335938 160.72998046875 967.9267578125 202.25314331054688 0.7083176970481873 1.7704646587371826 0.643496036529541 14.969867706298828 1.253220558166504 31.174108505249023 -7.661438465118408 0.1431
Pedestrian 1 1 1 1030.6234130859375 161.4792938232422 1053.223388671875 206.75941467285156 0.5846612453460693 1.7533915042877197 0.6196019649505615 16.89054298400879 1.312626600265503 28.30043601989746 -7.602692127227783 0.1425
Car 1 1 1 493.83612060546875 178.87399291992188 514.82861328125 197.84715270996094 4.000026702880859 1.507457971572876 1.5491517782211304 -8.884736061096191 2.0308339595794678 60.70195007324219 -4.807091236114502 0.1414
Pedestrian 1 1 1 0.0 159.1269073486328 24.34459114074707 243.0288543701172 0.7774426937103271 1.8624756336212158 0.5786567330360413 -13.957119941711426 1.5574582815170288 16.429454803466797 -2.7627193927764893 0.1412
Pedestrian 1 1 1 659.7017211914062 167.22300720214844 673.1875610351562 208.03517150878906 0.7842606902122498 1.779919981956482 0.5493844151496887 2.446383476257324 1.5340379476547241 31.865840911865234 -7.833064556121826 0.1407
Car 1 1 1 527.9000854492188 179.51727294921875 561.8707885742188 206.5426025390625 3.8998095989227295 1.5643980503082275 1.636022925376892 -4.024994850158691 1.9952857494354248 44.7164192199707 -4.680212020874023 0.1404
Pedestrian 1 1 1 164.96426391601562 164.86880493164062 194.1973876953125 215.6711883544922 0.7188047170639038 1.8101634979248047 0.6256469488143921 -15.591094970703125 1.525339126586914 26.070905685424805 -7.847360134124756 0.1401
Pedestrian 1 1 1 712.9940185546875 171.74969482421875 725.5947875976562 194.85838317871094 0.8026332855224609 1.797167181968689 0.574446976184845 8.542786598205566 1.7109848260879517 56.580101013183594 -3.7554025650024414 0.1392
Car 1 1 1 153.03639221191406 181.58920288085938 218.6660919189453 215.61898803710938 3.8876359462738037 1.5223523378372192 1.6157137155532837 -20.76038360595703 1.9757351875305176 35.40735626220703 -4.916893482208252 0.1385
Car 1 1 1 854.1962280273438 168.3785400390625 921.5043334960938 202.0559539794922 3.940962553024292 1.5371167659759521 1.6015779972076416 13.321784019470215 1.3325464725494385 34.93518829345703 -4.7545599937438965 0.1378
Car 1 1 1 748.7338256835938 175.45350646972656 773.0762329101562 192.67526245117188 3.76006817817688 1.5730228424072266 1.6202839612960815 14.249237060546875 1.825941562652588 68.38238525390625 -4.682876110076904 0.1372
Cyclist 1 1 1 849.3172607421875 165.94342041015625 876.4075317382812 205.02162170410156 1.741482138633728 1.7278739213943481 0.5893869996070862 11.429254531860352 1.422016978263855 32.77973937988281 -4.732071399688721 0.1371
Car 1 1 1 343.762939453125 182.9341583251953 399.3453063964844 213.83555603027344 4.035964488983154 1.5130826234817505 1.6431000232696533 -12.73883056640625 2.081169366836548 38.66614532470703 -4.711192607879639 0.1369
Pedestrian 1 1 1 73.05367279052734 169.65704345703125 101.16454315185547 215.47830200195312 0.692825436592102 1.8169260025024414 0.6460348963737488 -21.038097381591797 1.6898585557937622 28.979028701782227 -7.9244065284729 0.1365
Car 1 1 1 96.03276824951172 184.43270874023438 187.17323303222656 223.57058715820312 4.138174533843994 1.4734530448913574 1.660525918006897 -19.77869987487793 1.9991428852081299 30.61166000366211 -4.854583263397217 0.1356
Pedestrian 1 1 1 1039.9715576171875 158.529541015625 1081.171630859375 229.123779296875 0.7064041495323181 1.664971113204956 0.5489751696586609 10.786380767822266 1.3268275260925293 17.371793746948242 -4.716287136077881 0.1351
Pedestrian 1 1 1 961.027587890625 164.0467071533203 982.2444458007812 207.75132751464844 0.676957905292511 1.7471085786819458 0.6418890357017517 14.610992431640625 1.3947336673736572 29.25229263305664 -7.598680019378662 0.1350
Pedestrian 1 1 1 149.99163818359375 170.06356811523438 173.06394958496094 214.54937744140625 0.6035597920417786 1.8024559020996094 0.6303150653839111 -18.430864334106445 1.6890946626663208 29.591259002685547 -4.9041547775268555 0.1346
Pedestrian 1 1 1 1119.385986328125 152.20437622070312 1162.8109130859375 219.9259796142578 0.779906690120697 1.8290343284606934 0.5965300798416138 14.641616821289062 1.271026372909546 19.968629837036133 -8.307806968688965 0.1344
Car 1 1 1 0.0 187.39315795898438 0.0 374.0 3.89808988571167 1.5466866493225098 1.6268246173858643 -5.3438005447387695 1.6278040409088135 2.075165271759033 -7.874528408050537 0.1337
Pedestrian 1 1 1 356.6056823730469 171.84085083007812 368.3911437988281 197.19679260253906 0.8452776074409485 1.8376556634902954 0.5627670884132385 -18.110368728637695 1.7639274597167969 52.719486236572266 -4.698606014251709 0.1321
Car 1 1 1 311.2579345703125 177.451171875 355.0404052734375 202.94784545898438 3.8988335132598877 1.6412161588668823 1.6596441268920898 -18.83111572265625 1.9667518138885498 49.151771545410156 -4.7634735107421875 0.1314
Car 1 1 1 608.3490600585938 179.4226531982422 664.8681030273438 230.95867919921875 3.8332347869873047 1.5267781019210815 1.6475250720977783 0.7556593418121338 1.7607439756393433 23.800748825073242 -7.873460292816162 0.1313
Cyclist 1 1 1 475.19525146484375 159.0574493408203 501.5787658691406 201.68045043945312 1.6255862712860107 1.775508999824524 0.5523910522460938 -5.2394914627075195 1.2004985809326172 30.90924835205078 -4.499800205230713 0.1310
Pedestrian 1 1 1 517.1155395507812 170.2732696533203 539.9203491210938 219.7793731689453 0.7710169553756714 1.7840884923934937 0.6292919516563416 -3.026893138885498 1.6907846927642822 26.440759658813477 -7.663241863250732 0.1306
Car 1 1 1 0.0 169.88951110839844 102.9609146118164 205.15731811523438 4.237847328186035 1.5392224788665771 1.6415585279464722 -25.541894912719727 1.4095408916473389 32.410865783691406 -3.1889572143554688 0.1303
Car 1 1 1 577.8536376953125 178.29835510253906 601.78515625 200.97259521484375 3.8701157569885254 1.555131196975708 1.6335738897323608 -1.4623360633850098 1.9644622802734375 52.352535247802734 -4.7131876945495605 0.1302
Pedestrian 1 1 1 1163.0955810546875 156.51426696777344 1188.0513916015625 199.213623046875 0.7149733901023865 1.7850066423416138 0.6199533939361572 23.932373046875 1.1016396284103394 30.597076416015625 -4.408445835113525 0.1292
Car 1 1 1 496.0473327636719 178.7830047607422 526.6705932617188 203.36671447753906 4.000222206115723 1.5458616018295288 1.6579054594039917 -6.603793144226074 1.9598121643066406 48.3819465637207 -4.751408576965332 0.1278
Car 1 1 1 385.49017333984375 185.10934448242188 434.15386962890625 214.27386474609375 3.8575899600982666 1.480616569519043 1.6609500646591187 -11.122108459472656 2.195760488510132 40.18880081176758 -4.717764854431152 0.1277
Pedestrian 1 1 1 1227.6796875 148.1376953125 1241.0 230.24752807617188 0.7687951922416687 1.816384196281433 0.5766986012458801 14.631214141845703 1.2693250179290771 16.41677474975586 -5.030851364135742 0.1277
Pedestrian 1 1 1 945.689697265625 167.87379455566406 970.7084350585938 216.17953491210938 0.7864920496940613 1.735954761505127 0.5834634900093079 12.700840950012207 1.5566821098327637 26.411970138549805 -7.04107666015625 0.1266
Car 1 1 1 0.0 0.0 1216.8623046875 374.0 3.843327045440674 1.5437986850738525 1.6178979873657227 1.3981200456619263 1.5743882656097412 0.6845632791519165 -7.883179187774658 0.1258
Car 1 1 1 1173.49169921875 177.7777862548828 1241.0 229.65380859375 3.6848819255828857 1.4964220523834229 1.6616674661636353 20.377140045166016 1.6668593883514404 23.099138259887695 -7.961459636688232 0.1258
Pedestrian 1 1 1 52.48824691772461 162.3573455810547 92.3097152709961 234.44436645507812 0.7495049834251404 1.8212686777114868 0.5898311734199524 -13.964738845825195 1.5557724237442017 18.676633834838867 -2.5929203033447266 0.1256
Pedestrian 1 1 1 0.0 159.77362060546875 45.27370071411133 240.35406494140625 0.7646899223327637 1.8588082790374756 0.5827575325965881 -13.965082168579102 1.5567736625671387 17.058164596557617 -2.755434513092041 0.1248
Pedestrian 1 1 1 1141.155517578125 150.5123748779297 1190.962158203125 227.50489807128906 0.7525991797447205 1.80782151222229 0.5852092504501343 13.34310531616211 1.2829296588897705 17.392534255981445 -5.040234088897705 0.1242
Car 1 1 1 809.7853393554688 177.26649475097656 843.8870239257812 197.19984436035156 3.848599672317505 1.5047825574874878 1.6070607900619507 17.136423110961914 1.866536021232605 57.265541076660156 -4.694839000701904 0.1239
Car 1 1 1 659.5294799804688 177.7323455810547 683.4129638671875 197.24124145507812 3.9261181354522705 1.5028190612792969 1.653072714805603 4.928504943847656 1.9116803407669067 58.543392181396484 -4.698665142059326 0.1237
Car 1 1 1 173.15428161621094 0.0 1241.0 374.0 3.861027240753174 1.5571999549865723 1.655207633972168 -0.8649255633354187 1.595732569694519 0.8644393086433411 -7.878663539886475 0.1226
Car 1 1 1 432.52471923828125 181.3254852294922 469.4067687988281 215.41258239746094 3.9535818099975586 1.4715088605880737 1.6157540082931519 -7.588913440704346 1.8985651731491089 34.29616928100586 -4.925203800201416 0.1226
Pedestrian 1 1 1 0.0 162.52395629882812 22.78712272644043 237.89622497558594 0.7545773386955261 1.8370383977890015 0.588944137096405 -15.245153427124023 1.5849659442901611 18.036012649536133 -2.5805888175964355 0.1206
Car 1 1 1 1241.0 144.87632751464844 1241.0 374.0 3.919968605041504 1.5344399213790894 1.6402218341827393 4.9266767501831055 1.527243733406067 2.141589403152466 -4.7169880867004395 0.1201
Pedestrian 1 1 1 1072.8131103515625 162.0221710205078 1102.702880859375 210.75912475585938 0.7333129644393921 1.8009368181228638 0.6402378678321838 17.84772300720215 1.4003772735595703 27.035280227661133 -7.834293842315674 0.1189
Car 1 1 1 652.591064453125 177.81381225585938 690.6218872070312 206.98040771484375 3.8343427181243896 1.5098644495010376 1.6321429014205933 3.3246614933013916 1.797652244567871 39.96217727661133 -7.893513202667236 0.1181
Pedestrian 1 1 1 29.190650939941406 159.11428833007812 76.58204650878906 241.4975128173828 0.7632118463516235 1.8639435768127441 0.5952104330062866 -12.989421844482422 1.5527788400650024 16.760038375854492 -2.686514377593994 0.1179
Car 1 1 1 652.6355590820312 177.1318359375 694.78125 210.6510009765625 3.69059419631958 1.543084979057312 1.609812617301941 3.047428846359253 1.7648013830184937 35.57136917114258 -7.893843173980713 0.1177
Pedestrian 1 1 1 1049.554443359375 155.17242431640625 1091.7548828125 224.62884521484375 0.7436126470565796 1.7846472263336182 0.5686483383178711 12.065820693969727 1.3300280570983887 18.989395141601562 -5.0854105949401855 0.1151
Pedestrian 1 1 1 746.303466796875 169.5270538330078 767.9775390625 215.3651123046875 0.6938772797584534 1.651943564414978 0.5758227109909058 5.330565929412842 1.5317447185516357 26.387760162353516 -4.855672836303711 0.1147
Pedestrian 1 1 1 419.89984130859375 164.49758911132812 445.0677795410156 217.82167053222656 0.6414303183555603 1.6392452716827393 0.5774192810058594 -5.586793422698975 1.3820594549179077 22.53180503845215 -4.600752830505371 0.1144
Pedestrian 1 1 1 1178.63623046875 150.34429931640625 1226.7841796875 223.1095733642578 0.7595019936561584 1.8378006219863892 0.5961050987243652 15.279498100280762 1.268983244895935 18.673582077026367 -8.149066925048828 0.1138
Pedestrian 1 1 1 20.9715576171875 160.0531463623047 64.8522720336914 237.26882934570312 0.7627949118614197 1.8485469818115234 0.579464316368103 -13.963715553283691 1.5417943000793457 17.70477294921875 -2.671212673187256 0.1132
Car 1 1 1 565.393310546875 177.5786590576172 592.0049438476562 203.04452514648438 3.9719724655151367 1.5804303884506226 1.6352146863937378 -2.1324403285980225 1.9050202369689941 47.57624435424805 -4.785000324249268 0.1126
Pedestrian 1 1 1 0.0 159.494873046875 26.64696502685547 247.38119506835938 0.7712375521659851 1.8672065734863281 0.5816096663475037 -13.326844215393066 1.5830827951431274 15.779949188232422 -2.586480140686035 0.1125
Car 1 1 1 1162.6973876953125 174.17916870117188 1241.0 208.41896057128906 3.628108024597168 1.4755043983459473 1.6120041608810425 27.41513442993164 1.5394554138183594 33.111061096191406 -4.632369518280029 0.1125
Car 1 1 1 1018.7245483398438 168.87435913085938 1112.8035888671875 207.73573303222656 3.9172890186309814 1.5028775930404663 1.6577709913253784 18.724140167236328 1.348673939704895 29.92054557800293 -4.635280132293701 0.1123
Car 1 1 1 726.5814819335938 175.02015686035156 755.6907348632812 192.23886108398438 3.8752055168151855 1.570226788520813 1.609269142150879 12.362207412719727 1.781151294708252 68.33362579345703 -4.841188907623291 0.1120
