Pedestrian 1 1 1 36.728172302246094 155.5038299560547 110.59788513183594 263.28729248046875 0.9929662942886353 1.8371686935424805 0.5745724439620972 -9.455018043518066 1.411485195159912 12.55215072631836 -3.6774020195007324 0.5258
Car 1 1 1 932.8681030273438 175.50149536132812 994.6895141601562 198.5189971923828 4.112945556640625 1.591239333152771 1.6435445547103882 25.586471557617188 1.2457165718078613 50.420249938964844 -3.530832529067993 0.4916
Pedestrian 1 1 1 807.81298828125 172.2377471923828 831.7694091796875 233.8539276123047 0.605546772480011 1.5111886262893677 0.5331236720085144 5.328052997589111 1.3088765144348145 17.696035385131836 -4.485065460205078 0.4378
Cyclist 1 1 1 660.4175415039062 171.41921997070312 675.8109741210938 208.0425567626953 1.8378292322158813 1.6972171068191528 0.5391660332679749 2.9983487129211426 1.2765727043151855 33.72031021118164 -4.515756130218506 0.3334
Pedestrian 1 1 1 610.8443603515625 160.56924438476562 624.2864990234375 192.66648864746094 0.6502965688705444 1.8344732522964478 0.6297663450241089 0.7157043814659119 0.6954695582389832 40.80968475341797 -7.5750508308410645 0.3178
Pedestrian 1 1 1 282.99029541015625 149.6179962158203 373.49200439453125 317.99432373046875 0.676106870174408 1.7442220449447632 0.6531757712364197 -3.063558340072632 1.4247334003448486 7.728452682495117 -4.480419635772705 0.3092
Car 1 1 1 1178.072509765625 175.81591796875 1223.0 218.75428771972656 3.852064609527588 1.4786739349365234 1.6384382247924805 23.05840492248535 1.3176283836364746 25.65534019470215 -3.413619041442871 0.3085
Pedestrian 1 1 1 651.7711181640625 159.6111297607422 666.6201171875 196.37559509277344 0.7642504572868347 1.8140430450439453 0.6401563286781311 2.692392349243164 0.7835006713867188 35.32940673828125 -7.637409687042236 0.2549
Pedestrian 1 1 1 73.88233184814453 156.63941955566406 141.09521484375 257.7825927734375 1.0185703039169312 1.843885064125061 0.5703175067901611 -9.454659461975098 1.4092642068862915 13.404224395751953 -3.709774971008301 0.2399
Cyclist 1 1 1 782.4973754882812 167.78524780273438 791.8115234375 194.7465362548828 1.6820566654205322 1.6965528726577759 0.5487741231918335 11.688929557800293 0.8965435028076172 45.375205993652344 -4.441208839416504 0.2348
Car 1 1 1 1190.043212890625 178.4119873046875 1223.0 293.0956726074219 3.9931530952453613 1.4963443279266357 1.6237030029296875 11.605886459350586 1.4695031642913818 11.298675537109375 -7.744386196136475 0.2217
Pedestrian 1 1 1 1180.5540771484375 134.8428192138672 1223.0 286.0434265136719 0.7319645285606384 1.7699949741363525 0.5434622764587402 7.526277542114258 1.235931158065796 8.687644004821777 -3.62515926361084 0.2188
Car 1 1 1 523.9837646484375 168.64730834960938 634.5088500976562 239.36810302734375 4.187967777252197 1.681768536567688 1.7141987085342407 -0.5972963571548462 1.4002385139465332 19.066600799560547 -4.417545318603516 0.2155
Pedestrian 1 1 1 69.52336120605469 160.80377197265625 114.59815216064453 236.83172607421875 0.7442566752433777 1.7877967357635498 0.569367527961731 -12.374602317810059 1.324973464012146 17.015869140625 -4.7765398025512695 0.2108
Car 1 1 1 0.0 0.0 1223.0 369.0 3.872965097427368 1.539871335029602 1.643113136291504 -3.4287636280059814 1.6253129243850708 0.9412696361541748 -7.895628452301025 0.1857
Car 1 1 1 767.8115234375 170.6522674560547 810.3592529296875 193.5702362060547 3.7954728603363037 1.5454192161560059 1.6637543439865112 12.872629165649414 0.8814036250114441 49.651283264160156 -4.815250396728516 0.1856
Pedestrian 1 1 1 691.20751953125 161.41587829589844 703.991943359375 195.1710968017578 0.6592336893081665 1.7904398441314697 0.670546293258667 4.947704792022705 0.7783206105232239 37.87763595581055 -7.709622859954834 0.1848
Pedestrian 1 1 1 675.7481689453125 162.13116455078125 687.7400512695312 197.7528533935547 0.5230940580368042 1.831052541732788 0.6133559346199036 3.961674690246582 0.8869926929473877 36.639976501464844 -7.73644495010376 0.1817
Pedestrian 1 1 1 177.9714813232422 160.37973022460938 217.0928497314453 226.394775390625 0.7305314540863037 1.7591744661331177 0.6069176197052002 -11.118416786193848 1.2233202457427979 19.239765167236328 -7.736756801605225 0.1786
Car 1 1 1 1160.9974365234375 178.26449584960938 1223.0 244.7720947265625 3.6719508171081543 1.4542014598846436 1.6147984266281128 15.827924728393555 1.4056658744812012 17.302734375 -7.862724781036377 0.1777
Pedestrian 1 1 1 139.6577606201172 160.6745147705078 179.56051635742188 228.8925323486328 0.7410838603973389 1.759925127029419 0.5829363465309143 -11.754758834838867 1.2487744092941284 18.612642288208008 -4.708059310913086 0.1760
Cyclist 1 1 1 729.2457885742188 168.9369659423828 739.356689453125 198.6044464111328 1.7041034698486328 1.6888142824172974 0.5667855739593506 7.515347957611084 1.0307031869888306 41.138427734375 -4.525838851928711 0.1744
Pedestrian 1 1 1 1171.65625 135.75904846191406 1223.0 299.4012756347656 0.6153525710105896 1.7859307527542114 0.5624628663063049 6.911013126373291 1.2980610132217407 8.03785228729248 -7.803869724273682 0.1718
Car 1 1 1 1206.3248291015625 154.7310028076172 1223.0 369.0 4.049846172332764 1.5875540971755981 1.6403687000274658 8.10993480682373 1.427049994468689 6.498291969299316 -4.789535045623779 0.1693
Cyclist 1 1 1 307.939697265625 157.61061096191406 347.8912048339844 208.40113830566406 1.6343227624893188 1.736859679222107 0.5514180064201355 -9.82008171081543 0.9543845653533936 25.030847549438477 -4.540985584259033 0.1640
Pedestrian 1 1 1 188.97427368164062 162.4287109375 229.26377868652344 237.182861328125 0.5560372471809387 1.6948233842849731 0.5961429476737976 -9.208474159240723 1.2854504585266113 16.3784122467041 -4.4388017654418945 0.1620
Pedestrian 1 1 1 395.0880432128906 163.1607666015625 421.2066345214844 214.96044921875 0.6884374022483826 1.710010051727295 0.6077755093574524 -6.63616418838501 1.1378778219223022 23.732852935791016 -7.679507732391357 0.1593
Car 1 1 1 1040.00048828125 179.0613555908203 1105.078125 200.9575958251953 3.710721015930176 1.5279546976089478 1.686090111732483 33.34623336791992 1.4275922775268555 50.464996337890625 -6.4420390129089355 0.1587
Pedestrian 1 1 1 741.22021484375 165.29551696777344 753.9482421875 194.3990020751953 0.7320445775985718 1.7017152309417725 0.6472401022911072 8.419839859008789 0.8127928376197815 41.793373107910156 -7.522755146026611 0.1581
Pedestrian 1 1 1 426.8755798339844 160.67356872558594 450.42535400390625 210.12646484375 0.6691657900810242 1.7483431100845337 0.6310191750526428 -5.995063304901123 1.047659993171692 25.36712646484375 -4.591086387634277 0.1554
Pedestrian 1 1 1 1205.732421875 142.77999877929688 1223.0 205.59689331054688 0.745987057685852 1.8164657354354858 0.5692074298858643 18.123287200927734 0.7260197401046753 20.912799835205078 -3.968101978302002 0.1552
Pedestrian 1 1 1 184.3100128173828 162.17172241210938 217.48220825195312 224.05198669433594 0.7867602705955505 1.7594709396362305 0.5904647707939148 -11.764775276184082 1.2386348247528076 20.535669326782227 -4.85690450668335 0.1551
Pedestrian 1 1 1 810.5923461914062 169.2652130126953 835.1580200195312 231.50686645507812 0.5817540884017944 1.577972412109375 0.5574666857719421 5.582420349121094 1.2934650182724 18.268434524536133 -4.500122547149658 0.1549
Cyclist 1 1 1 793.2350463867188 168.670166015625 802.5321655273438 195.1685028076172 1.6876763105392456 1.7030926942825317 0.5623911023139954 12.62865161895752 0.9428331851959229 46.33056640625 -4.4597978591918945 0.1548
Pedestrian 1 1 1 619.30224609375 160.3382110595703 638.0986938476562 199.19541931152344 0.6951848864555359 1.7570664882659912 0.6040944457054138 1.0662388801574707 0.8455691337585449 32.424224853515625 -7.325294017791748 0.1518
Cyclist 1 1 1 332.661865234375 157.436767578125 370.8121032714844 208.8636474609375 1.634415626525879 1.7393025159835815 0.5557556748390198 -8.88150405883789 0.959548830986023 24.762001037597656 -4.566226482391357 0.1504
Pedestrian 1 1 1 110.36787414550781 161.4462127685547 142.2130126953125 236.7657012939453 0.7530949115753174 1.7964948415756226 0.5696895122528076 -11.765299797058105 1.342361330986023 17.33040428161621 -5.1998372077941895 0.1474
Car 1 1 1 904.4976806640625 172.38833618164062 943.9188842773438 197.3815155029297 3.9173085689544678 1.5177828073501587 1.6529645919799805 20.269939422607422 1.0252652168273926 45.04176712036133 -4.456079959869385 0.1466
Car 1 1 1 76.63911437988281 0.0 1223.0 369.0 3.8351452350616455 1.553826093673706 1.6400365829467773 -1.1784520149230957 1.6005747318267822 0.8065731525421143 -7.8927130699157715 0.1454
Pedestrian 1 1 1 854.4703979492188 133.1062774658203 947.2363891601562 312.5564880371094 0.8759579062461853 1.7362688779830933 0.5636233687400818 3.0222549438476562 1.278135895729065 7.342269420623779 -3.865499973297119 0.1453
Car 1 1 1 981.405517578125 171.2930450439453 1023.3197631835938 194.96142578125 3.9052863121032715 1.522638201713562 1.6066163778305054 26.67776107788086 0.9303984642028809 47.58507537841797 -4.430301666259766 0.1441
Pedestrian 1 1 1 537.450439453125 163.5843505859375 555.0732421875 205.90631103515625 0.809731662273407 1.7427538633346558 0.6126213669776917 -2.4758806228637695 1.046409249305725 29.542858123779297 -4.63385534286499 0.1439
Car 1 1 1 0.0 0.0 1223.0 369.0 3.840512275695801 1.5346078872680664 1.620099425315857 3.9648022651672363 1.5446257591247559 1.3168349266052246 -7.894084453582764 0.1433
Pedestrian 1 1 1 0.0 160.1499786376953 33.905250549316406 240.2155303955078 0.7270521521568298 1.801071286201477 0.5724126696586609 -13.673437118530273 1.3436384201049805 16.36606216430664 -5.294760704040527 0.1433
Pedestrian 1 1 1 757.4044799804688 163.26258850097656 770.6805419921875 192.20108032226562 0.7689557671546936 1.7561578750610352 0.6402679085731506 9.754331588745117 0.7101786732673645 43.39282989501953 -7.408133029937744 0.1428
Pedestrian 1 1 1 466.2938232421875 161.8155059814453 488.9285583496094 210.0164337158203 0.6901376843452454 1.7476820945739746 0.6309488415718079 -4.715175628662109 1.07046377658844 26.025272369384766 -4.560300350189209 0.1424
Pedestrian 1 1 1 685.8216552734375 162.13339233398438 699.1027221679688 196.55374145507812 0.6827234625816345 1.7949981689453125 0.6683505773544312 4.595833778381348 0.8373354077339172 37.26335144042969 -7.690504550933838 0.1423
Pedestrian 1 1 1 509.99169921875 162.8890380859375 528.5861206054688 208.08204650878906 0.719098687171936 1.7611961364746094 0.6189103722572327 -3.4093971252441406 1.0751179456710815 27.92767906188965 -4.665730953216553 0.1413
Car 1 1 1 863.0635986328125 163.57257080078125 888.8366088867188 189.0501708984375 4.052093029022217 1.7968432903289795 1.7057441473007202 19.913463592529297 0.6030353307723999 52.061363220214844 -7.503128528594971 0.1408
Car 1 1 1 837.5759887695312 173.56582641601562 865.8137817382812 196.42984008789062 3.8059561252593994 1.577988862991333 1.6237115859985352 17.700740814208984 1.0994518995285034 50.845211029052734 -4.453848838806152 0.1401
Car 1 1 1 865.870849609375 173.427001953125 910.2879638671875 200.87965393066406 3.9838857650756836 1.5177189111709595 1.6543619632720947 16.41739845275879 1.1268112659454346 41.19934844970703 -4.527318954467773 0.1397
Pedestrian 1 1 1 469.31329345703125 146.71926879882812 536.2440795898438 283.4925537109375 0.8515724539756775 1.7705551385879517 0.5297335386276245 -1.434126377105713 1.33366060256958 9.649985313415527 -7.429213047027588 0.1354
Car 1 1 1 987.855224609375 167.67491149902344 1024.5511474609375 188.16964721679688 3.864675521850586 1.567173957824707 1.6499197483062744 31.815210342407227 0.5864602327346802 56.1494255065918 -4.438811779022217 0.1349
Cyclist 1 1 1 649.0371704101562 171.19375610351562 663.016357421875 207.87074279785156 1.7956905364990234 1.689063310623169 0.5532169938087463 2.404006004333496 1.2606723308563232 33.487998962402344 -4.578814506530762 0.1346
Pedestrian 1 1 1 823.7682495117188 165.8679962158203 835.8109130859375 191.20481872558594 0.7687332630157471 1.7705762386322021 0.6242117285728455 15.830995559692383 0.7480959892272949 49.8051643371582 -7.817567348480225 0.1339
Pedestrian 1 1 1 599.63720703125 160.98777770996094 616.1670532226562 201.4242401123047 0.7235876321792603 1.7577232122421265 0.6409141421318054 0.10722550004720688 0.909751832485199 31.135700225830078 -4.5792036056518555 0.1339
Cyclist 1 1 1 673.2162475585938 170.86900329589844 687.6651611328125 207.63633728027344 1.8416692018508911 1.7224255800247192 0.5384180545806885 3.6243395805358887 1.2714247703552246 34.07819366455078 -4.5200605392456055 0.1314
Pedestrian 1 1 1 549.6428833007812 162.09576416015625 568.707275390625 207.2349090576172 0.6914976835250854 1.7393999099731445 0.6111418008804321 -1.815759539604187 1.030441403388977 27.63302230834961 -7.704278469085693 0.1308
Pedestrian 1 1 1 34.63620376586914 159.52410888671875 67.56468200683594 236.8529510498047 0.7397112250328064 1.8080079555511475 0.5765387415885925 -13.361713409423828 1.3179093599319458 16.99923324584961 -5.441461086273193 0.1305
Car 1 1 1 952.1611328125 171.56553649902344 997.0759887695312 196.4241485595703 4.031332969665527 1.5300953388214111 1.6411237716674805 23.802085876464844 0.9802435636520386 45.672454833984375 -4.474642276763916 0.1304
Pedestrian 1 1 1 769.9160766601562 164.84254455566406 784.0774536132812 193.3185577392578 0.7302468419075012 1.7550854682922363 0.6240972280502319 10.710963249206543 0.7901378870010376 44.05719757080078 -7.218875408172607 0.1300
Car 1 1 1 303.4345397949219 181.81951904296875 417.7533874511719 237.4085693359375 4.125794887542725 1.5078097581863403 1.6416208744049072 -7.285318374633789 1.552067518234253 21.42540740966797 -4.593171119689941 0.1293
Pedestrian 1 1 1 101.73204803466797 160.45774841308594 130.14944458007812 228.63656616210938 0.7477251887321472 1.8121973276138306 0.5892459154129028 -13.370363235473633 1.279786229133606 19.26941680908203 -5.382713794708252 0.1281
Pedestrian 1 1 1 0.0 165.38539123535156 34.80580139160156 250.32923889160156 0.7585569620132446 1.7944741249084473 0.5821962952613831 -13.034109115600586 1.4755207300186157 15.414782524108887 -4.0454421043396 0.1250
Pedestrian 1 1 1 327.09039306640625 165.2841796875 354.7536315917969 218.26126098632812 0.6602289080619812 1.6798099279403687 0.5940374135971069 -8.540139198303223 1.1976220607757568 22.786602020263672 -7.718075275421143 0.1245
Pedestrian 1 1 1 704.0750732421875 162.08445739746094 717.402099609375 196.6282501220703 0.6527416110038757 1.8028974533081055 0.6626027226448059 5.562494277954102 0.8419032096862793 37.28791427612305 -7.65333890914917 0.1237
Car 1 1 1 1145.9310302734375 164.48744201660156 1203.7935791015625 189.41392517089844 3.94620680809021 1.6035975217819214 1.6316744089126587 38.281673431396484 0.5735241174697876 47.608787536621094 -4.430565357208252 0.1235
Car 1 1 1 1223.0 0.0 1223.0 369.0 3.885848045349121 1.5373237133026123 1.623569130897522 5.548582553863525 1.4994925260543823 2.123760223388672 -7.89699125289917 0.1224
Pedestrian 1 1 1 1140.63818359375 142.07395935058594 1192.3133544921875 223.37896728515625 0.7645010352134705 1.8343534469604492 0.5638166069984436 12.983753204345703 0.9677481651306152 16.415538787841797 -5.12800407409668 0.1217
Car 1 1 1 612.75537109375 167.90216064453125 653.1630249023438 200.05126953125 3.836402654647827 1.5270615816116333 1.620546579360962 1.3342958688735962 0.9288466572761536 35.55367660522461 -7.922689914703369 0.1215
Car 1 1 1 538.1649169921875 177.24769592285156 593.8209838867188 228.7130126953125 4.144129276275635 1.534824013710022 1.6488147974014282 -1.230820894241333 1.4381237030029297 23.16771125793457 -4.7242889404296875 0.1207
Pedestrian 1 1 1 171.98898315429688 163.45616149902344 210.501220703125 238.2588348388672 0.5255894064903259 1.728549838066101 0.5873448848724365 -9.797276496887207 1.3350344896316528 16.676265716552734 -4.413193702697754 0.1205
Car 1 1 1 135.00538635253906 179.58006286621094 242.0765838623047 227.7895050048828 3.803947687149048 1.511603593826294 1.5482960939407349 -14.08456802368164 1.483040452003479 24.10428810119629 -4.757289409637451 0.1205
Car 1 1 1 0.0 0.0 1223.0 369.0 3.982565402984619 1.550325632095337 1.6360472440719604 -5.035427570343018 1.6591626405715942 0.7425973415374756 -7.909951686859131 0.1205
Pedestrian 1 1 1 567.073974609375 160.94464111328125 586.1935424804688 205.71080017089844 0.7061354517936707 1.763698935508728 0.6110941171646118 -1.1581083536148071 0.9934840202331543 28.26434898376465 -7.648505687713623 0.1204
Car 1 1 1 797.1815185546875 167.04046630859375 823.4834594726562 188.88510131835938 3.7779252529144287 1.6507675647735596 1.6535758972167969 16.071317672729492 0.6336392164230347 55.444339752197266 -4.516773223876953 0.1204
Car 1 1 1 823.8892211914062 171.49880981445312 855.507568359375 197.6690216064453 3.860726833343506 1.5438934564590454 1.631503939628601 14.480683326721191 1.0129725933074951 43.787723541259766 -4.450090408325195 0.1197
Pedestrian 1 1 1 707.7945556640625 162.17567443847656 720.4014892578125 195.24147033691406 0.6769759058952332 1.7696928977966309 0.6647623777389526 5.879438877105713 0.7891033291816711 38.22349548339844 -7.712509632110596 0.1195
Cyclist 1 1 1 801.8157958984375 167.66845703125 811.9717407226562 194.1576690673828 1.723939299583435 1.7067421674728394 0.5681601762771606 13.255754470825195 0.8800484538078308 46.4608039855957 -4.475895881652832 0.1183
Pedestrian 1 1 1 1160.9207763671875 145.95095825195312 1204.18505859375 212.5521240234375 0.7693796753883362 1.865020990371704 0.5903176665306091 16.50771141052246 0.8978532552719116 20.265361785888672 -8.228347778320312 0.1176
Car 1 1 1 799.6553955078125 172.3036346435547 828.9740600585938 195.19085693359375 4.023499965667725 1.5541876554489136 1.6418272256851196 14.801948547363281 0.9976428747177124 50.14788818359375 -4.512440204620361 0.1174
Pedestrian 1 1 1 26.945262908935547 157.673095703125 63.911895751953125 233.0526123046875 0.7364515662193298 1.8323609828948975 0.5742599964141846 -14.004059791564941 1.2778018712997437 17.641849517822266 -2.4638586044311523 0.1174
Car 1 1 1 795.4602661132812 171.15602111816406 826.4766845703125 189.05824279785156 3.980853319168091 1.4875463247299194 1.5002704858779907 17.664897918701172 0.711068332195282 60.74126434326172 -7.853832721710205 0.1172
Pedestrian 1 1 1 853.1591796875 159.4711456298828 864.60986328125 188.541259765625 0.7275637984275818 1.7922159433364868 0.6346610188484192 15.811105728149414 0.4958376884460449 44.048805236816406 -7.456810474395752 0.1171
Car 1 1 1 876.7105102539062 171.35975646972656 917.396240234375 197.21875 3.9839565753936768 1.5537829399108887 1.6616764068603516 18.356447219848633 1.004666805267334 44.60426712036133 -4.505954742431641 0.1168
Car 1 1 1 380.84637451171875 180.71173095703125 482.5830993652344 233.23028564453125 4.0223469734191895 1.5161610841751099 1.6292572021484375 -5.432676315307617 1.5238105058670044 22.55705451965332 -4.522975921630859 0.1166
Car 1 1 1 846.5599365234375 172.170654296875 957.5699462890625 222.24044799804688 3.943715810775757 1.5142546892166138 1.5843955278396606 9.673078536987305 1.2626402378082275 23.44807243347168 -4.8558430671691895 0.1157
Pedestrian 1 1 1 936.72705078125 155.14248657226562 969.644775390625 209.68798828125 0.7825269103050232 1.799642562866211 0.6149027943611145 11.68439769744873 0.9632821083068848 23.807228088378906 -8.247518539428711 0.1156
Car 1 1 1 790.8521728515625 171.75277709960938 855.8422241210938 209.8029327392578 3.870997190475464 1.4890416860580444 1.5578829050064087 9.029400825500488 1.146960973739624 29.6131534576416 -4.701699733734131 0.1147
Car 1 1 1 254.57281494140625 179.65167236328125 335.89599609375 224.09814453125 3.8109519481658936 1.4939380884170532 1.5652002096176147 -11.190590858459473 1.465690016746521 25.729223251342773 -4.795438289642334 0.1147
Car 1 1 1 1028.344482421875 169.93136596679688 1064.040771484375 187.6063690185547 3.9273195266723633 1.482964038848877 1.5576589107513428 38.288753509521484 0.5961713194847107 61.42177963256836 -4.447691917419434 0.1145
Car 1 1 1 1009.3814697265625 170.89845275878906 1046.34716796875 190.35787963867188 3.9956533908843994 1.524739146232605 1.6131664514541626 34.36925506591797 0.7723835110664368 57.543922424316406 -4.430788516998291 0.1136
Pedestrian 1 1 1 87.03067779541016 160.82769775390625 124.6614761352539 232.55560302734375 0.7549022436141968 1.7770304679870605 0.5715948343276978 -12.709108352661133 1.289981722831726 17.960498809814453 -5.003738880157471 0.1127
Car 1 1 1 0.0 0.0 1223.0 369.0 3.80648136138916 1.5489177703857422 1.6434723138809204 1.6938115358352661 1.5601654052734375 0.8564423322677612 -7.868669033050537 0.1124
Pedestrian 1 1 1 544.3505249023438 166.30868530273438 558.413330078125 200.7811279296875 0.46522942185401917 1.7691371440887451 0.5777097344398499 -2.797264814376831 1.0409836769104004 36.65538787841797 -7.050934314727783 0.1121
Pedestrian 1 1 1 1168.9281005859375 145.5876007080078 1212.63818359375 219.98880004882812 0.7610754370689392 1.8170520067214966 0.5764596462249756 14.613163948059082 0.9647363424301147 17.692241668701172 -3.5887460708618164 0.1114
Car 1 1 1 0.0 188.4403839111328 0.0 369.0 4.083191871643066 1.5339879989624023 1.6249536275863647 -9.223063468933105 1.6444059610366821 7.640815258026123 -4.896835803985596 0.1113
Pedestrian 1 1 1 226.79653930664062 161.89697265625 255.7228546142578 215.2682342529297 0.7617756724357605 1.786169171333313 0.621548056602478 -12.403642654418945 1.163851261138916 24.061389923095703 -7.913371562957764 0.1103
Car 1 1 1 985.6154174804688 174.78163146972656 1025.4945068359375 196.78842163085938 4.024223327636719 1.5426511764526367 1.700974464416504 29.250608444213867 1.1418262720108032 51.736175537109375 -4.415778636932373 0.1095
Pedestrian 1 1 1 1199.142578125 151.8562469482422 1223.0 210.07986450195312 0.7424506545066833 1.8468302488327026 0.5840654969215393 19.72093963623047 0.9385407567024231 22.82959747314453 -6.635813236236572 0.1095
Pedestrian 1 1 1 1223.0 143.9426727294922 1223.0 208.89996337890625 0.7564288973808289 1.8243407011032104 0.5570058822631836 18.445619583129883 0.7979226112365723 20.28758430480957 -3.6632766723632812 0.1092
Car 1 1 1 0.0 186.5414276123047 0.0 369.0 4.099269390106201 1.5595924854278564 1.6340858936309814 -11.162717819213867 1.646336317062378 7.978548049926758 -4.822937488555908 0.1090
Pedestrian 1 1 1 198.12051391601562 162.5181427001953 235.3557891845703 224.20193481445312 0.7944956421852112 1.727135181427002 0.612200140953064 -11.123939514160156 1.223949909210205 20.20582389831543 -7.816074848175049 0.1090
Pedestrian 1 1 1 0.0 159.44039916992188 30.131065368652344 237.37734985351562 0.7284352779388428 1.8246127367019653 0.5857670307159424 -14.321725845336914 1.3319118022918701 17.014368057250977 -2.4086246490478516 0.1089
Pedestrian 1 1 1 56.94911575317383 162.39015197753906 91.37637329101562 232.00686645507812 0.7368062138557434 1.7869999408721924 0.5790765881538391 -14.012237548828125 1.3224549293518066 18.608964920043945 -2.432526111602783 0.1083
Pedestrian 1 1 1 964.2435302734375 156.4005126953125 991.0037231445312 202.07676696777344 0.7528344392776489 1.8024911880493164 0.6358543634414673 14.884978294372559 0.8516972064971924 28.309349060058594 -7.958506107330322 0.1083
Car 1 1 1 929.0360717773438 162.911376953125 964.12548828125 183.4402313232422 4.0817999839782715 1.7160851955413818 1.7254812717437744 29.56113624572754 0.24572139978408813 61.26996612548828 -7.668525218963623 0.1082
Pedestrian 1 1 1 493.23663330078125 164.8946533203125 512.6806640625 215.64117431640625 0.6478862762451172 1.6586366891860962 0.5750423669815063 -3.413207530975342 1.1488525867462158 23.44481658935547 -7.8936638832092285 0.1081
Car 1 1 1 900.9765014648438 169.6178436279297 992.291748046875 210.7263946533203 3.7425408363342285 1.4980307817459106 1.5630710124969482 13.231898307800293 1.1017231941223145 27.68657684326172 -4.781994819641113 0.1081
Pedestrian 1 1 1 1167.072265625 142.4008026123047 1220.19921875 223.6187744140625 0.767633855342865 1.8328360319137573 0.5660043954849243 13.612210273742676 0.973395586013794 16.414411544799805 -5.0693840980529785 0.1076
Pedestrian 1 1 1 1139.0098876953125 147.3221893310547 1181.88037109375 213.27297973632812 0.7743330597877502 1.8456852436065674 0.5932015180587769 15.869140625 0.9174814820289612 20.258764266967773 -8.24848461151123 0.1071
Pedestrian 1 1 1 521.3155517578125 162.96005249023438 539.0927734375 206.26638793945312 0.744338870048523 1.7471373081207275 0.6266745328903198 -3.0806171894073486 1.039732575416565 28.907438278198242 -4.678848743438721 0.1070
Car 1 1 1 699.5567626953125 174.2601318359375 728.1839599609375 200.6949920654297 3.957670211791992 1.4868862628936768 1.5969648361206055 6.471277236938477 1.1360280513763428 41.856590270996094 -4.53866720199585 0.1069
Cyclist 1 1 1 750.8864135742188 172.2754364013672 762.800048828125 202.2179718017578 1.6700654029846191 1.6943327188491821 0.5701213479042053 8.77596664428711 1.229050636291504 40.89028549194336 -4.437021255493164 0.1068
Car 1 1 1 557.931640625 174.8435516357422 670.12353515625 216.80828857421875 4.1067047119140625 1.5202702283859253 1.617560625076294 0.3579048812389374 1.3156013488769531 26.609426498413086 -3.0491323471069336 0.1065
Pedestrian 1 1 1 617.7969360351562 160.74749755859375 628.40234375 192.75128173828125 0.6621350049972534 1.8599388599395752 0.6162335276603699 1.0483273267745972 0.7121020555496216 41.42912292480469 -7.830912113189697 0.1064
Pedestrian 1 1 1 1170.8839111328125 141.93247985839844 1223.0 229.89637756347656 0.7630670666694641 1.8230335712432861 0.5712063908576965 12.655247688293457 1.0240814685821533 15.10820198059082 -5.051083564758301 0.1061
Pedestrian 1 1 1 913.37158203125 156.60379028320312 942.7291870117188 206.16656494140625 0.7915813326835632 1.8143103122711182 0.6128950119018555 12.00929069519043 0.9398047924041748 26.36268424987793 -8.226767539978027 0.1060
Car 1 1 1 0.0 185.59890747070312 92.68233489990234 369.0 4.049811363220215 1.5186964273452759 1.6104516983032227 -5.302654266357422 1.553354263305664 3.7440390586853027 -3.043192148208618 0.1059
Car 1 1 1 930.7928466796875 172.38595581054688 971.571533203125 197.5587158203125 3.9560372829437256 1.5191773176193237 1.6172055006027222 21.863466262817383 1.029584527015686 44.79269027709961 -4.441514492034912 0.1055
Pedestrian 1 1 1 601.4708862304688 160.5726318359375 613.6896362304688 192.44468688964844 0.6462206840515137 1.8368315696716309 0.62746262550354 0.1411069631576538 0.6884971261024475 41.112796783447266 -7.710882663726807 0.1053
Pedestrian 1 1 1 1171.014404296875 148.2975311279297 1209.80029296875 210.37185668945312 0.7939314842224121 1.856951117515564 0.5733124017715454 17.798364639282227 0.8939061164855957 21.54604721069336 -6.595242023468018 0.1050
Pedestrian 1 1 1 105.81957244873047 161.88938903808594 167.608642578125 261.75006103515625 0.8608296513557434 1.7477093935012817 0.5338269472122192 -8.563178062438965 1.4223690032958984 12.863298416137695 -3.893136501312256 0.1049
Car 1 1 1 905.1351928710938 171.48843383789062 934.5337524414062 193.79351806640625 3.8478174209594727 1.5764490365982056 1.6685571670532227 23.14229393005371 0.9395630359649658 52.06363296508789 -7.515571117401123 0.1047
Pedestrian 1 1 1 215.2998504638672 161.81430053710938 251.5846710205078 225.7823944091797 0.7229838371276855 1.7646702527999878 0.6082852482795715 -10.484594345092773 1.2494993209838867 19.893680572509766 -7.759766101837158 0.1047
Pedestrian 1 1 1 948.534423828125 156.45611572265625 974.9283447265625 202.01416015625 0.7451519966125488 1.7976542711257935 0.6390416026115417 14.246667861938477 0.8491450548171997 28.30497169494629 -7.96553373336792 0.1041
Car 1 1 1 844.0935668945312 170.2799835205078 920.6729736328125 208.46243286132812 3.860896348953247 1.5060522556304932 1.5719772577285767 11.582852363586426 1.1031657457351685 29.852136611938477 -4.75701904296875 0.1040
Car 1 1 1 553.9660034179688 175.04454040527344 655.4269409179688 212.2748565673828 4.119566440582275 1.5089187622070312 1.6006320714950562 -0.025387544184923172 1.2880336046218872 29.501672744750977 -3.1195812225341797 0.1036
Car 1 1 1 865.196044921875 165.5536651611328 899.0930786132812 185.9630126953125 4.159382343292236 1.7831215858459473 1.6810808181762695 25.016944885253906 0.47720444202423096 63.90681457519531 -7.783911228179932 0.1034
Pedestrian 1 1 1 1171.367431640625 157.52618408203125 1223.0 248.41807556152344 0.6762353181838989 1.6064741611480713 0.5278760194778442 10.772586822509766 1.2007938623428345 12.855222702026367 -4.6310811042785645 0.1020
Pedestrian 1 1 1 786.1595458984375 166.60498046875 812.2327880859375 229.72250366210938 0.5430833697319031 1.608827829360962 0.5462660193443298 4.982082366943359 1.254972219467163 18.307456970214844 -4.661105155944824 0.1020
Pedestrian 1 1 1 535.1057739257812 163.35537719726562 554.1016235351562 207.23834228515625 0.7248705625534058 1.7512602806091309 0.6185734868049622 -2.4680027961730957 1.0672855377197266 28.619583129882812 -4.5686821937561035 0.1018
Pedestrian 1 1 1 165.33578491210938 163.3276824951172 194.838134765625 225.50234985351562 0.7839881777763367 1.7657191753387451 0.5904773473739624 -12.376673698425293 1.2783375978469849 20.547584533691406 -5.051283359527588 0.1017
Pedestrian 1 1 1 377.5696716308594 164.7169647216797 403.2789001464844 214.92727661132812 0.6729567050933838 1.659494161605835 0.589981198310852 -7.235998153686523 1.138121485710144 23.748777389526367 -4.548160552978516 0.1013
Pedestrian 1 1 1 205.61553955078125 162.6875457763672 240.74432373046875 232.9113006591797 0.5378563404083252 1.6592612266540527 0.5476747155189514 -9.207103729248047 1.2387174367904663 16.982627868652344 -4.685021877288818 0.1010
Pedestrian 1 1 1 129.51498413085938 159.8243865966797 155.76498413085938 225.9147491455078 0.753163754940033 1.8138525485992432 0.593834400177002 -13.044031143188477 1.246716856956482 19.883785247802734 -5.323395252227783 0.1009
Car 1 1 1 739.96435546875 170.6435089111328 770.8707885742188 196.16000366210938 3.956857919692993 1.5751163959503174 1.6296995878219604 9.674198150634766 0.9667620658874512 45.71160888671875 -4.584991931915283 0.1007
Pedestrian 1 1 1 1153.9342041015625 152.5691375732422 1187.7056884765625 208.3444061279297 0.8063206076622009 1.8186297416687012 0.5622360706329346 18.74703598022461 0.9081785082817078 23.472028732299805 -6.690018177032471 0.1006
Pedestrian 1 1 1 1137.2716064453125 145.98880004882812 1185.9344482421875 221.4420928955078 0.738036572933197 1.806290864944458 0.5868241190910339 13.622751235961914 0.9804508686065674 17.369625091552734 -5.037688732147217 0.1005
Pedestrian 1 1 1 765.7097778320312 168.61065673828125 782.7705078125 198.20858764648438 0.7677454352378845 1.7431496381759644 0.6224256753921509 10.06485366821289 1.043034315109253 42.095550537109375 -6.768744468688965 0.1004
Pedestrian 1 1 1 165.0526580810547 159.7729034423828 198.45974731445312 225.88291931152344 0.7589361071586609 1.7893915176391602 0.5805131196975708 -11.743473052978516 1.228683352470398 19.569442749023438 -4.9232988357543945 0.1002
Pedestrian 1 1 1 959.2224731445312 167.672607421875 973.0387573242188 193.30514526367188 0.6264550089836121 1.7483718395233154 0.5713357329368591 24.822959899902344 0.8734651803970337 48.60759735107422 -8.136465072631836 0.1002
Pedestrian 1 1 1 605.8333129882812 161.7145538330078 620.1962890625 194.49032592773438 0.6728681921958923 1.8442429304122925 0.6480347514152527 0.44549861550331116 0.7873309254646301 40.203792572021484 -7.544226169586182 0.1000
