Pedestrian 1 1 1 260.4282531738281 175.5831756591797 278.04534912109375 216.52133178710938 0.5211533904075623 1.7712559700012207 0.5732886791229248 -14.944364547729492 1.8914728164672852 31.560422897338867 -8.008947372436523 0.4001
Pedestrian 1 1 1 418.267822265625 163.2976531982422 436.5933532714844 202.47743225097656 0.6505588293075562 1.869022250175476 0.6651344299316406 -8.838833808898926 1.4128485918045044 34.78456115722656 -4.5863142013549805 0.3714
Pedestrian 1 1 1 579.8687744140625 172.88763427734375 594.9050903320312 214.4309844970703 0.41692057251930237 1.7968418598175049 0.5087499022483826 -1.0312221050262451 1.7980268001556396 31.532506942749023 -4.002630233764648 0.3579
Car 1 1 1 511.6524963378906 171.53773498535156 563.3622436523438 209.6264190673828 3.7290918827056885 1.4725290536880493 1.5824357271194458 -3.1053731441497803 1.4213413000106812 29.89811134338379 -4.964859485626221 0.3524
Pedestrian 1 1 1 99.11353302001953 181.4330596923828 142.77520751953125 274.6639404296875 0.7446861267089844 1.7236499786376953 0.5903615355491638 -9.452925682067871 1.8939837217330933 13.888018608093262 -8.297944068908691 0.3183
Pedestrian 1 1 1 282.1136474609375 169.8863525390625 297.196533203125 211.9033203125 0.4751339554786682 1.835193395614624 0.5402129292488098 -14.194770812988281 1.7052744626998901 31.874588012695312 -6.988800525665283 0.3175
Car 1 1 1 609.2657470703125 185.9389190673828 627.174560546875 203.43447875976562 3.8000590801239014 1.5370959043502808 1.6451040506362915 0.7776164412498474 2.8080267906188965 68.180419921875 -4.6890034675598145 0.3018
Pedestrian 1 1 1 482.7084655761719 163.6118621826172 497.5137634277344 201.13636779785156 0.6435980200767517 1.8237671852111816 0.6605583429336548 -5.92112922668457 1.374280333518982 35.41294479370117 -7.926053524017334 0.2826
Pedestrian 1 1 1 218.94215393066406 166.13546752929688 254.10781860351562 229.72314453125 0.7440342903137207 1.7255604267120361 0.6194571256637573 -10.378196716308594 1.542941689491272 19.972143173217773 -7.921212673187256 0.2808
Pedestrian 1 1 1 590.4189453125 181.4416961669922 605.7149047851562 211.3119659423828 0.6915261745452881 1.717155933380127 0.604911744594574 -0.7347077131271362 2.2237539291381836 42.15829086303711 -6.783245086669922 0.2712
Pedestrian 1 1 1 693.0880737304688 157.723388671875 732.791015625 234.75074768066406 0.7422334551811218 1.7739800214767456 0.6163501143455505 2.389319658279419 1.425214171409607 17.098817825317383 -3.9562649726867676 0.2638
Pedestrian 1 1 1 422.62615966796875 163.96963500976562 449.9242858886719 226.94703674316406 0.853009819984436 1.7575346231460571 0.641573429107666 -4.998528957366943 1.509295105934143 20.590272903442383 -7.945520877838135 0.2433
Pedestrian 1 1 1 306.932861328125 168.89744567871094 351.2282409667969 261.6103515625 0.6347392201423645 1.697677731513977 0.5763528347015381 -5.314007759094238 1.6249289512634277 13.535082817077637 -4.6929426193237305 0.2319
Pedestrian 1 1 1 370.9158020019531 170.89212036132812 388.05511474609375 208.70838928222656 0.6172245740890503 1.7857474088668823 0.6445955038070679 -11.026761054992676 1.6928040981292725 34.39834976196289 -7.909877300262451 0.2293
Pedestrian 1 1 1 692.7850952148438 165.4581298828125 729.0989990234375 241.41123962402344 0.6416650414466858 1.5811805725097656 0.55617755651474 2.110473871231079 1.4269145727157593 15.440390586853027 -4.152659893035889 0.2241
Car 1 1 1 658.9345703125 173.48471069335938 743.7595825195312 204.1343994140625 3.84814453125 1.459536075592041 1.5788711309432983 4.458948135375977 1.491509199142456 35.66585922241211 -3.3998360633850098 0.2237
Pedestrian 1 1 1 573.9019775390625 162.89671325683594 590.72021484375 211.2227020263672 0.8019072413444519 1.805320143699646 0.6280683875083923 -1.0908012390136719 1.433044672012329 27.363611221313477 -7.880177974700928 0.2229
Pedestrian 1 1 1 419.3956298828125 171.0045623779297 438.9141540527344 216.63522338867188 0.6430431008338928 1.6276633739471436 0.5792865753173828 -6.577676773071289 1.5613934993743896 26.077531814575195 -7.920284748077393 0.2221
Pedestrian 1 1 1 556.489990234375 163.4532928466797 574.202880859375 211.48448181152344 0.7442893981933594 1.7965391874313354 0.6539496779441833 -1.7347285747528076 1.444618821144104 27.372549057006836 -7.8924384117126465 0.2217
Pedestrian 1 1 1 589.6727905273438 173.97756958007812 605.4308471679688 203.84832763671875 0.7128052115440369 1.790307879447937 0.6376050710678101 -0.7900815606117249 1.8588923215866089 43.7588996887207 -3.9293980598449707 0.2096
Pedestrian 1 1 1 860.1932373046875 137.83958435058594 940.4485473632812 350.0955505371094 0.7447481751441956 1.6730097532272339 0.5774547457695007 2.4271929264068604 1.396724820137024 6.149222373962402 -4.250368595123291 0.2087
Pedestrian 1 1 1 515.390380859375 166.38909912109375 527.9130859375 195.57212829589844 0.6902838945388794 1.8204185962677002 0.619855523109436 -5.590451240539551 1.4168424606323242 45.39665985107422 -7.704046726226807 0.2005
Car 1 1 1 692.8504028320312 171.68496704101562 728.3317260742188 192.78152465820312 3.923135280609131 1.726142168045044 1.7012003660202026 8.45605182647705 1.6301897764205933 61.13761901855469 -4.934314250946045 0.1996
Pedestrian 1 1 1 340.08123779296875 170.4066619873047 358.9451599121094 208.6873321533203 0.6676105856895447 1.7875330448150635 0.6846789121627808 -12.329870223999023 1.672953486442566 34.0516357421875 -7.930827617645264 0.1937
Pedestrian 1 1 1 271.8273010253906 170.76727294921875 321.12042236328125 262.2956237792969 0.629029393196106 1.6627252101898193 0.5676253437995911 -5.915893077850342 1.6245173215866089 13.505173683166504 -4.331003665924072 0.1933
Pedestrian 1 1 1 503.1999206542969 166.02304077148438 520.9544677734375 214.1957244873047 0.735505998134613 1.7567838430404663 0.6299529075622559 -3.677000045776367 1.5073695182800293 26.72770118713379 -8.018304824829102 0.1931
Pedestrian 1 1 1 602.7534790039062 179.9842987060547 613.76708984375 201.77537536621094 0.7405496835708618 1.743549108505249 0.6425118446350098 -0.16904565691947937 2.326110363006592 58.51075744628906 -8.286701202392578 0.1927
Pedestrian 1 1 1 187.36569213867188 167.8683624267578 222.927001953125 232.40371704101562 0.7271983623504639 1.720923662185669 0.6103823781013489 -11.05849838256836 1.5876750946044922 19.636621475219727 -7.967491626739502 0.1902
Pedestrian 1 1 1 231.37498474121094 166.75379943847656 280.459228515625 262.0785217285156 0.6691158413887024 1.7018752098083496 0.5855677127838135 -6.533025741577148 1.5926657915115356 13.226423263549805 -7.8885674476623535 0.1888
Pedestrian 1 1 1 602.90966796875 179.32354736328125 613.9360961914062 200.15762329101562 0.7008008360862732 1.7692583799362183 0.6408149003982544 -0.16008184850215912 2.3295111656188965 62.04316329956055 -8.629704475402832 0.1885
Pedestrian 1 1 1 501.9708557128906 164.9896697998047 516.330078125 197.88534545898438 0.7604302763938904 1.783873200416565 0.6036071181297302 -5.561428546905518 1.3571046590805054 39.541996002197266 -7.7312235832214355 0.1876
Pedestrian 1 1 1 389.05047607421875 165.23741149902344 408.0290832519531 205.25823974609375 0.6045787334442139 1.889328956604004 0.6698124408721924 -10.125237464904785 1.5294599533081055 34.419315338134766 -7.677087306976318 0.1874
Pedestrian 1 1 1 1028.9632568359375 0.0 1241.0 374.0 0.7626132369041443 1.8067243099212646 0.611789882183075 1.804944634437561 1.2790710926055908 2.2655813694000244 -4.848067283630371 0.1858
Pedestrian 1 1 1 678.9935302734375 161.71170043945312 714.1253051757812 232.46710205078125 0.6894240379333496 1.717768669128418 0.630889892578125 2.1084144115448 1.4469608068466187 17.977861404418945 -4.1392292976379395 0.1829
Pedestrian 1 1 1 616.4640502929688 162.67633056640625 633.052734375 209.30197143554688 0.7422176003456116 1.7830278873443604 0.6295072436332703 0.5226248502731323 1.3935201168060303 27.96464729309082 -7.850948810577393 0.1820
Pedestrian 1 1 1 179.27247619628906 184.8367919921875 201.2294464111328 225.43701171875 0.7583648562431335 1.768004059791565 0.637274980545044 -18.771129608154297 2.3104302883148193 32.19377517700195 -6.963415622711182 0.1785
Pedestrian 1 1 1 265.30755615234375 181.6965789794922 282.93048095703125 214.29672241210938 0.7911351919174194 1.7806957960128784 0.6686577200889587 -18.75592041015625 2.2795002460479736 40.20920181274414 -8.622176170349121 0.1770
Pedestrian 1 1 1 601.3926391601562 162.8588409423828 614.6328125 199.82159423828125 0.6538359522819519 1.8110079765319824 0.6293547749519348 -0.13578256964683533 1.3209902048110962 35.69065475463867 -7.8162522315979 0.1765
Cyclist 1 1 1 240.5497283935547 161.91278076171875 325.1489562988281 276.5419006347656 1.7701568603515625 1.7014691829681396 0.5410884022712708 -5.262031078338623 1.5387659072875977 11.598062515258789 -4.701024055480957 0.1714
Pedestrian 1 1 1 178.8265380859375 162.0203399658203 212.62953186035156 226.54844665527344 0.7573768496513367 1.7735832929611206 0.620547890663147 -11.675552368164062 1.475515365600586 20.26632308959961 -4.920134544372559 0.1682
Pedestrian 1 1 1 631.902587890625 162.72434997558594 649.5836181640625 209.6291046142578 0.7140885591506958 1.796103596687317 0.6337969899177551 1.1435439586639404 1.407913327217102 27.99642562866211 -7.885611057281494 0.1620
Pedestrian 1 1 1 689.7908935546875 163.73785400390625 714.2366943359375 212.18746948242188 0.7277538180351257 1.7833786010742188 0.5779842138290405 3.4006192684173584 1.4475232362747192 27.01909828186035 -7.0417799949646 0.1594
Car 1 1 1 472.87200927734375 175.09117126464844 530.6666259765625 230.0423126220703 3.7494516372680664 1.5248749256134033 1.589197039604187 -3.442765712738037 1.5995149612426758 22.17718505859375 -4.905850887298584 0.1550
Pedestrian 1 1 1 538.8078002929688 166.4663848876953 556.95166015625 214.35328674316406 0.7567314505577087 1.7679508924484253 0.6429964303970337 -2.3792078495025635 1.5318248271942139 27.056148529052734 -7.9863200187683105 0.1549
Car 1 1 1 447.31365966796875 170.95693969726562 487.18035888671875 204.33421325683594 3.8295493125915527 1.6085193157196045 1.6615278720855713 -7.2583794593811035 1.5167956352233887 36.76454544067383 -7.9603705406188965 0.1528
Pedestrian 1 1 1 709.8833618164062 151.5749053955078 762.4006958007812 259.3279724121094 0.8241657614707947 1.7516405582427979 0.5692525506019592 2.089310646057129 1.4054263830184937 12.229944229125977 -4.077066898345947 0.1504
Car 1 1 1 0.0 191.96737670898438 131.83348083496094 299.816162109375 3.8989098072052 1.4985334873199463 1.6048673391342163 -10.452030181884766 1.8897998332977295 12.761695861816406 -7.954413890838623 0.1493
Pedestrian 1 1 1 365.77667236328125 165.76048278808594 398.8620300292969 229.46734619140625 0.8278867602348328 1.6976889371871948 0.6222837567329407 -6.241650104522705 1.5083580017089844 19.650693893432617 -7.824827671051025 0.1491
Car 1 1 1 321.59228515625 180.23486328125 434.1467590332031 218.89100646972656 4.12342643737793 1.5100356340408325 1.6236015558242798 -9.468466758728027 1.821755290031433 29.52972984313965 -3.2209413051605225 0.1490
Pedestrian 1 1 1 586.8945922851562 173.5867919921875 603.4400024414062 210.22445678710938 0.5662907361984253 1.7602235078811646 0.5790635943412781 -0.7612747550010681 1.7959578037261963 35.08138656616211 -7.21793794631958 0.1489
Pedestrian 1 1 1 586.5053100585938 172.6151885986328 599.0587768554688 214.8211669921875 0.42546629905700684 1.7949057817459106 0.5131857395172119 -0.7827462553977966 1.784449577331543 30.918371200561523 -4.795640468597412 0.1474
Car 1 1 1 893.98095703125 175.36109924316406 1155.379638671875 292.7667236328125 4.069659233093262 1.5254814624786377 1.6208981275558472 6.228665351867676 1.57258939743042 11.554121971130371 -4.787253379821777 0.1456
Pedestrian 1 1 1 471.055908203125 169.9401397705078 489.592529296875 212.15255737304688 0.7430371642112732 1.6907460689544678 0.616796612739563 -5.300432205200195 1.573736548423767 29.272525787353516 -7.85059118270874 0.1454
Cyclist 1 1 1 285.51422119140625 171.39901733398438 313.3729553222656 212.81272888183594 1.7722914218902588 1.7650755643844604 0.5646458864212036 -13.650110244750977 1.702763557434082 31.655241012573242 -4.778629779815674 0.1439
Car 1 1 1 295.3458251953125 181.88108825683594 424.65875244140625 226.34982299804688 4.03788423538208 1.492775797843933 1.6359455585479736 -8.890509605407715 1.8266918659210205 25.67799186706543 -3.030897617340088 0.1436
Pedestrian 1 1 1 263.89031982421875 163.92996215820312 298.85711669921875 227.38424682617188 0.7023391127586365 1.7228609323501587 0.6317577362060547 -9.1299409866333 1.4802623987197876 19.954116821289062 -7.814085483551025 0.1423
Pedestrian 1 1 1 555.2086791992188 160.69895935058594 576.72705078125 219.1912384033203 0.8089313507080078 1.7917308807373047 0.6567273139953613 -1.4289944171905518 1.4190986156463623 22.530832290649414 -7.931734561920166 0.1417
Pedestrian 1 1 1 695.6178588867188 152.58990478515625 741.2935180664062 244.0865478515625 0.7847996354103088 1.7773030996322632 0.5873720645904541 2.1306405067443848 1.3833775520324707 14.505260467529297 -7.162405490875244 0.1416
Pedestrian 1 1 1 433.26690673828125 165.02206420898438 449.09814453125 203.77096557617188 0.6409474611282349 1.8492153882980347 0.6423060297966003 -8.172807693481445 1.4751516580581665 34.772056579589844 -4.768794536590576 0.1388
Pedestrian 1 1 1 145.836181640625 160.42221069335938 179.21499633789062 220.25439453125 0.7396268248558044 1.7836856842041016 0.5715470314025879 -13.616421699523926 1.4127758741378784 21.891572952270508 -7.895925045013428 0.1372
Cyclist 1 1 1 69.30155944824219 161.79957580566406 163.38121032714844 264.3565673828125 1.7533434629440308 1.708325743675232 0.4860796332359314 -8.82029914855957 1.5238884687423706 12.896093368530273 -7.856168270111084 0.1368
Pedestrian 1 1 1 570.3792114257812 164.19493103027344 589.3192749023438 215.40274047851562 0.7917494773864746 1.772396206855774 0.5989391803741455 -1.1128907203674316 1.472389817237854 25.404926300048828 -7.9832682609558105 0.1366
Car 1 1 1 272.2519226074219 182.09324645996094 410.6160583496094 229.869140625 4.025208950042725 1.504641056060791 1.599593997001648 -8.94029712677002 1.8246581554412842 24.055145263671875 -3.060629367828369 0.1365
Car 1 1 1 0.0 0.0 1241.0 374.0 3.949354648590088 1.5568140745162964 1.6278584003448486 -4.373374938964844 1.630628228187561 0.7631651759147644 -7.9346537590026855 0.1360
Car 1 1 1 599.1361694335938 185.53810119628906 637.1387329101562 214.05572509765625 3.9628238677978516 1.508099913597107 1.7187528610229492 0.4867227077484131 2.2843737602233887 42.0927848815918 -7.712401866912842 0.1334
Pedestrian 1 1 1 159.30914306640625 161.38699340820312 193.4664764404297 221.36537170410156 0.7478296160697937 1.7612254619598389 0.5773003697395325 -12.999762535095215 1.4242045879364014 21.56515884399414 -4.725552082061768 0.1309
Pedestrian 1 1 1 796.0097045898438 146.81919860839844 894.3235473632812 336.86627197265625 0.7666310667991638 1.661046028137207 0.5538672208786011 2.1489927768707275 1.433197259902954 6.764657020568848 -3.8375988006591797 0.1297
Car 1 1 1 0.0 181.81248474121094 154.17990112304688 337.7479248046875 4.1481451988220215 1.5819828510284424 1.626936912536621 -7.906559944152832 1.6957676410675049 8.305131912231445 -3.175607204437256 0.1290
Pedestrian 1 1 1 587.770751953125 164.56228637695312 608.8316650390625 212.5284881591797 0.8166272044181824 1.8087190389633179 0.6150767803192139 -0.4986245632171631 1.4957534074783325 27.6855525970459 -8.135418891906738 0.1283
Pedestrian 1 1 1 1038.3970947265625 102.7479248046875 1196.171142578125 374.0 0.6675262451171875 1.7899749279022217 0.6013238430023193 3.070047378540039 1.3894916772842407 4.512426853179932 -4.481523036956787 0.1273
Pedestrian 1 1 1 666.6790161132812 162.5142822265625 694.43310546875 216.3886260986328 0.7848069071769714 1.8642144203186035 0.5780192613601685 2.4392223358154297 1.5061290264129639 25.42584228515625 -6.873219013214111 0.1248
Pedestrian 1 1 1 570.267822265625 164.81106567382812 591.8162231445312 214.6072540283203 0.7883929014205933 1.7894744873046875 0.6077862977981567 -1.1096787452697754 1.5001438856124878 26.394777297973633 -8.149554252624512 0.1247
Car 1 1 1 808.6279296875 176.09317016601562 1025.8841552734375 293.91607666015625 4.0923895835876465 1.5426981449127197 1.6196024417877197 4.599032878875732 1.6039844751358032 11.640071868896484 -4.754449367523193 0.1247
Pedestrian 1 1 1 397.2967834472656 165.75936889648438 424.7449645996094 227.81649780273438 0.8616141676902771 1.679951786994934 0.5982955098152161 -5.554352760314941 1.4875925779342651 19.991670608520508 -7.955414295196533 0.1233
Car 1 1 1 727.0595703125 176.41514587402344 869.2691040039062 256.5121154785156 4.059437274932861 1.5324468612670898 1.6266844272613525 3.964449882507324 1.622185468673706 16.118350982666016 -4.854928016662598 0.1222
Pedestrian 1 1 1 487.0061950683594 167.2461395263672 504.14935302734375 211.2975311279297 0.7581237554550171 1.7416614294052124 0.6464556455612183 -4.6289963722229 1.5196428298950195 28.940454483032227 -7.966651439666748 0.1219
Pedestrian 1 1 1 680.6329956054688 167.5590057373047 705.8629760742188 240.28746032714844 0.6085084080696106 1.5849521160125732 0.5472703576087952 1.7999882698059082 1.4692599773406982 16.058176040649414 -4.59633207321167 0.1217
Car 1 1 1 646.2857666015625 183.8682098388672 667.9102172851562 201.91226196289062 3.9538378715515137 1.5513249635696411 1.6823713779449463 4.286273002624512 2.595675468444824 66.44739532470703 -4.725063323974609 0.1213
Pedestrian 1 1 1 205.09918212890625 162.09695434570312 239.94947814941406 225.3633575439453 0.6905881762504578 1.7707350254058838 0.6108201742172241 -11.077080726623535 1.4693607091903687 20.54985809326172 -4.679793357849121 0.1212
Pedestrian 1 1 1 221.60202026367188 166.6647491455078 268.0579833984375 267.3017578125 0.6011670231819153 1.6583385467529297 0.517320990562439 -6.2704386711120605 1.5560494661331177 12.281564712524414 -3.8463006019592285 0.1205
Car 1 1 1 834.8538208007812 175.5823516845703 1241.0 374.0 3.9333620071411133 1.5225099325180054 1.6384655237197876 3.639253616333008 1.5552760362625122 6.701265335083008 -7.961740016937256 0.1198
Car 1 1 1 24.498401641845703 184.0435791015625 266.40960693359375 294.498046875 3.753049850463867 1.5182920694351196 1.6383682489395142 -7.588284969329834 1.7362473011016846 12.18708324432373 -4.699825286865234 0.1191
Pedestrian 1 1 1 521.6424560546875 166.16033935546875 539.903076171875 213.9353790283203 0.7497654557228088 1.7620790004730225 0.630262553691864 -3.0183725357055664 1.5148980617523193 27.036977767944336 -8.031388282775879 0.1183
Car 1 1 1 245.9598388671875 181.60414123535156 312.545166015625 217.33963012695312 3.7755093574523926 1.5495905876159668 1.6386011838912964 -15.618058204650879 1.9872655868530273 34.17645263671875 -4.780303478240967 0.1178
Pedestrian 1 1 1 686.4483032226562 161.34756469726562 715.2702026367188 216.07455444335938 0.8036460280418396 1.8444362878799438 0.5689886212348938 3.0720696449279785 1.4563409090042114 24.773487091064453 -6.850538730621338 0.1172
Pedestrian 1 1 1 182.0204315185547 162.88116455078125 213.2837371826172 231.5117645263672 0.7540423274040222 1.735640287399292 0.595865786075592 -10.73101806640625 1.4831314086914062 18.706022262573242 -8.219614028930664 0.1160
Car 1 1 1 369.16741943359375 176.4201202392578 413.62664794921875 208.94326782226562 3.994802474975586 1.540001630783081 1.6351782083511353 -11.101984977722168 1.73159921169281 36.72648620605469 -8.010411262512207 0.1157
Pedestrian 1 1 1 76.39976501464844 152.6368408203125 168.27789306640625 320.8801574707031 0.7501757740974426 1.7075507640838623 0.5599353909492493 -5.2627482414245605 1.5020610094070435 7.741086959838867 -8.028437614440918 0.1155
Cyclist 1 1 1 276.8223876953125 167.94154357910156 322.03741455078125 232.77403259277344 1.7002278566360474 1.6906658411026 0.5081468224525452 -8.488752365112305 1.562261700630188 19.667083740234375 -7.858360767364502 0.1138
Car 1 1 1 38.54541778564453 180.68505859375 191.64215087890625 246.5094757080078 3.3961057662963867 1.5136604309082031 1.560950756072998 -12.720460891723633 1.735375165939331 18.729413986206055 -4.674310207366943 0.1135
Pedestrian 1 1 1 763.4187622070312 147.42684936523438 840.2745971679688 289.3966064453125 0.8897950053215027 1.742469072341919 0.5361294150352478 2.4310195446014404 1.4300885200500488 9.342201232910156 -3.811605930328369 0.1122
Pedestrian 1 1 1 940.2090454101562 113.33209228515625 1148.0738525390625 374.0 0.7247834801673889 1.6803710460662842 0.5920177102088928 1.8104971647262573 1.4498109817504883 3.20912504196167 -4.494266510009766 0.1122
Pedestrian 1 1 1 163.38455200195312 166.41156005859375 190.11965942382812 232.34922790527344 0.7668082118034363 1.7221012115478516 0.6038140058517456 -11.657661437988281 1.5535433292388916 19.329105377197266 -8.40332317352295 0.1105
Pedestrian 1 1 1 596.3833618164062 174.32020568847656 610.4022827148438 199.90625 0.8464412689208984 1.8403706550598145 0.5748066902160645 -0.5099130868911743 1.947645664215088 52.44749450683594 -3.8372249603271484 0.1096
Pedestrian 1 1 1 579.2479248046875 172.06288146972656 594.197265625 212.72042846679688 0.4237608015537262 1.790433645248413 0.5143346786499023 -1.0775452852249146 1.7552951574325562 32.09281539916992 -4.128945827484131 0.1089
Car 1 1 1 0.0 0.0 1241.0 374.0 3.865438938140869 1.5715816020965576 1.6556644439697266 -6.312811851501465 1.6971901655197144 0.7374950051307678 -7.937094211578369 0.1088
Car 1 1 1 522.6928100585938 168.384521484375 547.2739868164062 192.24169921875 3.8308627605438232 1.6191526651382446 1.628576636314392 -5.293814659118652 1.315515160560608 50.942359924316406 -7.9313225746154785 0.1088
Pedestrian 1 1 1 674.7440185546875 158.32847595214844 705.3709716796875 219.2266845703125 0.7817896604537964 1.8353216648101807 0.5606677532196045 2.4175262451171875 1.3972582817077637 22.215856552124023 -7.022124767303467 0.1086
Car 1 1 1 585.7723388671875 184.07479858398438 611.7766723632812 201.25906372070312 3.761037588119507 1.5141099691390991 1.6897192001342773 -1.1116775274276733 2.6065475940704346 68.24273681640625 -4.9441399574279785 0.1083
Car 1 1 1 247.783203125 181.1832733154297 371.0659484863281 222.21371459960938 4.030134677886963 1.4983941316604614 1.637803077697754 -11.461219787597656 1.8262337446212769 27.562936782836914 -3.119725227355957 0.1079
Pedestrian 1 1 1 717.0757446289062 161.87486267089844 746.4275512695312 236.87327575683594 0.6456817984580994 1.6688123941421509 0.5748427510261536 2.7281243801116943 1.4242125749588013 16.450040817260742 -7.5453877449035645 0.1075
Pedestrian 1 1 1 121.2042465209961 160.88551330566406 148.63229370117188 225.7366485595703 0.7311916947364807 1.8099626302719116 0.5928189158439636 -13.620699882507324 1.475628137588501 20.60837745666504 -5.3817901611328125 0.1061
Pedestrian 1 1 1 683.0037841796875 162.4210968017578 709.7080688476562 214.03866577148438 0.7732853293418884 1.8307924270629883 0.5746585726737976 3.07167649269104 1.460453987121582 26.052078247070312 -6.915539264678955 0.1056
Car 1 1 1 395.3171691894531 183.0023193359375 460.3137512207031 235.2713165283203 3.9237895011901855 1.5280523300170898 1.5884966850280762 -5.996865272521973 1.892962098121643 23.92601776123047 -7.969038486480713 0.1053
Pedestrian 1 1 1 673.6807250976562 163.85650634765625 698.364990234375 213.1497802734375 0.754621684551239 1.7926104068756104 0.571575403213501 2.7652695178985596 1.4651057720184326 26.709774017333984 -8.386719703674316 0.1052
Cyclist 1 1 1 287.51214599609375 165.2870330810547 339.42474365234375 242.40185546875 1.7223174571990967 1.694396734237671 0.5189457535743713 -6.891825199127197 1.5278325080871582 16.7188720703125 -7.86902379989624 0.1050
Pedestrian 1 1 1 497.2413024902344 164.05213928222656 510.5477600097656 200.76451110839844 0.6483988761901855 1.7975949048995972 0.6378514170646667 -5.292996883392334 1.3663179874420166 35.70218276977539 -8.020609855651855 0.1047
Pedestrian 1 1 1 176.8196563720703 163.36546325683594 206.89727783203125 225.6306915283203 0.7618634104728699 1.7946351766586304 0.6080775260925293 -12.353893280029297 1.5208525657653809 21.249055862426758 -5.005764484405518 0.1043
Pedestrian 1 1 1 150.42105102539062 174.28549194335938 213.97439575195312 284.1198425292969 0.6155173182487488 1.6137242317199707 0.5606381297111511 -6.559310436248779 1.6359622478485107 10.985503196716309 -4.424658298492432 0.1043
Car 1 1 1 649.6563720703125 184.67918395996094 687.08642578125 212.59617614746094 3.976620674133301 1.4841692447662354 1.7065292596817017 3.3181512355804443 2.206845998764038 42.09282684326172 -7.8942694664001465 0.1040
Car 1 1 1 423.3834228515625 178.00070190429688 471.1678771972656 219.1475067138672 3.971139669418335 1.5362440347671509 1.6273373365402222 -6.638224124908447 1.7615559101104736 29.54501724243164 -8.003171920776367 0.1039
Car 1 1 1 623.9171142578125 182.72994995117188 675.5728149414062 217.6876220703125 3.867438316345215 1.4952653646469116 1.6832059621810913 1.7703073024749756 1.9889185428619385 34.05106735229492 -4.861385345458984 0.1036
Pedestrian 1 1 1 666.2921752929688 173.60267639160156 687.5130004882812 212.16371154785156 0.7849473357200623 1.7774195671081543 0.6303560733795166 3.0910580158233643 1.8126851320266724 33.777244567871094 -7.0540547370910645 0.1029
Pedestrian 1 1 1 228.0726318359375 165.5735321044922 264.9471740722656 231.22531127929688 0.7038213610649109 1.725611925125122 0.6253318190574646 -9.776237487792969 1.5339502096176147 19.323623657226562 -7.832655429840088 0.1028
Cyclist 1 1 1 245.47305297851562 165.49285888671875 297.9447937011719 239.65777587890625 1.7194832563400269 1.7002110481262207 0.520834743976593 -8.182787895202637 1.5311591625213623 17.41049575805664 -7.893826007843018 0.1027
Pedestrian 1 1 1 648.0750732421875 162.66647338867188 666.32568359375 209.92440795898438 0.7126843929290771 1.8090710639953613 0.6065381169319153 1.7825456857681274 1.418784499168396 28.001813888549805 -7.93888521194458 0.1026
Pedestrian 1 1 1 500.4677734375 167.69805908203125 518.3033447265625 212.63909912109375 0.7541277408599854 1.7386714220046997 0.6438145637512207 -3.9881107807159424 1.5388989448547363 28.31351661682129 -7.924412250518799 0.1026
Pedestrian 1 1 1 56.00947952270508 164.5977783203125 113.92134857177734 264.04364013671875 0.6571044325828552 1.7283101081848145 0.5984492301940918 -9.430910110473633 1.5845222473144531 12.906185150146484 -4.84917688369751 0.1026
Car 1 1 1 699.2168579101562 176.71896362304688 812.5769653320312 236.44203186035156 3.9953861236572266 1.5051442384719849 1.6303577423095703 3.977132558822632 1.6265851259231567 20.593902587890625 -4.950260639190674 0.1026
Pedestrian 1 1 1 567.2689819335938 163.76609802246094 589.5877685546875 217.6189727783203 0.7824372053146362 1.7662242650985718 0.6007726192474365 -1.107439398765564 1.4678665399551392 24.116771697998047 -8.098721504211426 0.1024
Pedestrian 1 1 1 533.3529052734375 162.4709930419922 555.8129272460938 220.83578491210938 0.793371856212616 1.7634234428405762 0.6606574058532715 -2.0561864376068115 1.4494131803512573 22.214319229125977 -7.907902240753174 0.1021
Car 1 1 1 0.0 184.84910583496094 92.73686981201172 374.0 4.004032135009766 1.5258594751358032 1.6207693815231323 -5.294464111328125 1.6051311492919922 3.795001983642578 -3.0493009090423584 0.1021
Car 1 1 1 350.6787109375 182.99142456054688 444.4368896484375 216.4021759033203 4.0183024406433105 1.4583784341812134 1.610234260559082 -9.789085388183594 1.9431312084197998 33.36204147338867 -3.3270912170410156 0.1018
Pedestrian 1 1 1 669.184814453125 160.64141845703125 697.4452514648438 216.0059356689453 0.7926551699638367 1.8404302597045898 0.585379421710968 2.4365389347076416 1.4341589212417603 24.477275848388672 -8.432677268981934 0.1015
Pedestrian 1 1 1 721.4915161132812 152.99783325195312 776.3370971679688 266.3072509765625 0.7901239991188049 1.6968302726745605 0.5436607003211975 2.122692584991455 1.3991804122924805 11.283926010131836 -4.052464008331299 0.1015
Pedestrian 1 1 1 486.69036865234375 166.20176696777344 500.42010498046875 201.63577270507812 0.6367214322090149 1.764864206314087 0.6371514797210693 -5.903875350952148 1.4332362413406372 36.3210563659668 -8.087199211120605 0.1012
Car 1 1 1 554.7981567382812 174.11402893066406 594.693115234375 206.59579467773438 3.9122121334075928 1.5050480365753174 1.6644989252090454 -1.8323602676391602 1.5705543756484985 35.63719177246094 -4.839626312255859 0.1005
Pedestrian 1 1 1 347.6558532714844 167.24130249023438 380.6849365234375 228.1328582763672 0.7558440566062927 1.6494344472885132 0.5811207294464111 -6.843907356262207 1.497097373008728 19.96305274963379 -7.700109958648682 0.1003
