Car 1 1 1 594.51025390625 178.3558349609375 622.0907592773438 203.47740173339844 4.091647624969482 1.4698103666305542 1.6486667394638062 -0.1652892827987671 1.829649567604065 45.17359924316406 -4.726120948791504 0.6601
Pedestrian 1 1 1 989.9124145507812 156.71849060058594 1006.646728515625 196.17184448242188 0.6971299052238464 1.8229302167892456 0.624961793422699 18.131662368774414 1.0770939588546753 33.78068161010742 -7.457139492034912 0.4175
Pedestrian 1 1 1 257.36590576171875 161.363037109375 302.1176452636719 241.8647003173828 0.8796141743659973 1.7746825218200684 0.6757669448852539 -7.533870697021484 1.5210609436035156 16.377716064453125 -4.811928749084473 0.3672
Car 1 1 1 340.96142578125 181.3990020751953 433.1275329589844 217.54383850097656 3.72639799118042 1.4705300331115723 1.5880100727081299 -9.765552520751953 1.8596094846725464 31.454078674316406 -3.5191750526428223 0.3005
Pedestrian 1 1 1 7.7710371017456055 163.35208129882812 58.01686096191406 266.8208923339844 0.7862178683280945 1.7291843891143799 0.5900882482528687 -10.073556900024414 1.5700870752334595 12.547811508178711 -8.404555320739746 0.2925
Car 1 1 1 729.087890625 174.44854736328125 751.1950073242188 191.3733367919922 3.805331230163574 1.5113673210144043 1.5991055965423584 11.988686561584473 1.6629002094268799 66.75282287597656 -7.786427021026611 0.2767
Car 1 1 1 789.4166259765625 174.80642700195312 840.1212768554688 202.14901733398438 3.765073537826538 1.535699486732483 1.5228134393692017 12.040267944335938 1.656455397605896 42.771705627441406 -4.843070983886719 0.2717
Pedestrian 1 1 1 107.5235824584961 164.61070251464844 157.90109252929688 248.08892822265625 0.6878620982170105 1.7102851867675781 0.5949726104736328 -10.052148818969727 1.5410981178283691 15.134035110473633 -7.828790187835693 0.2483
Car 1 1 1 871.8803100585938 175.36154174804688 919.4391479492188 202.9698486328125 3.7054574489593506 1.51666259765625 1.554966926574707 16.486778259277344 1.6685963869094849 41.89476776123047 -4.6304931640625 0.2471
Pedestrian 1 1 1 874.9248046875 176.2389678955078 901.1799926757812 219.0281524658203 0.7702547907829285 1.736728549003601 0.6598317623138428 11.461130142211914 1.878865361213684 29.863231658935547 -5.236827850341797 0.2301
Car 1 1 1 624.59912109375 179.72882080078125 655.2656860351562 208.0015411376953 3.82356858253479 1.5106133222579956 1.6228992938995361 1.723043441772461 1.9242942333221436 41.47925567626953 -4.633810520172119 0.2188
Pedestrian 1 1 1 1156.6024169921875 160.18173217773438 1174.336181640625 201.1908416748047 0.4490934908390045 1.773383617401123 0.5299705862998962 24.244277954101562 1.2250885963439941 31.549243927001953 -3.838881492614746 0.2179
Pedestrian 1 1 1 794.2113037109375 161.75877380371094 809.792724609375 196.62612915039062 0.8242449164390564 1.8298439979553223 0.6284282803535461 10.145240783691406 1.247265338897705 38.28838348388672 -7.821990489959717 0.2107
Pedestrian 1 1 1 979.0094604492188 169.06912231445312 1007.508056640625 216.7424774169922 0.8272113800048828 1.7111549377441406 0.5825526714324951 13.957090377807617 1.5750033855438232 26.363975524902344 -6.838629245758057 0.2089
Car 1 1 1 1047.0330810546875 169.93495178222656 1122.0784912109375 198.2165069580078 3.956538677215576 1.5095460414886475 1.6329132318496704 26.494808197021484 1.3534395694732666 40.497894287109375 -7.845201015472412 0.2081
Cyclist 1 1 1 748.760986328125 174.67401123046875 766.0484619140625 209.2988739013672 1.6475563049316406 1.671097755432129 0.5641597509384155 7.2516584396362305 1.7630537748336792 35.74268341064453 -4.6830153465271 0.2067
Car 1 1 1 698.6491088867188 176.38487243652344 742.5967407226562 212.1725311279297 3.8162806034088135 1.5169084072113037 1.6285877227783203 4.9457502365112305 1.687260389328003 32.92078399658203 -7.7958598136901855 0.2053
Car 1 1 1 794.5191040039062 171.00344848632812 882.7962646484375 213.3648681640625 3.826591968536377 1.537993311882019 1.6085277795791626 8.798883438110352 1.470506191253662 28.235658645629883 -4.923066139221191 0.2031
Pedestrian 1 1 1 1161.904052734375 142.92620849609375 1206.123779296875 217.36434936523438 0.7618584632873535 1.8140373229980469 0.6062941551208496 14.277410507202148 1.0844054222106934 18.028188705444336 -7.601857662200928 0.2025
Car 1 1 1 559.2022705078125 179.0264129638672 584.9109497070312 200.95860290527344 3.901186943054199 1.6832020282745361 1.6502265930175781 -3.068837881088257 2.2004053592681885 58.49705123901367 -4.650811195373535 0.2007
Pedestrian 1 1 1 1033.5048828125 162.057861328125 1056.8736572265625 214.75375366210938 0.8082903027534485 1.7470794916152954 0.5907953381538391 14.685132026672363 1.38884437084198 24.422311782836914 -7.199207782745361 0.1964
Cyclist 1 1 1 817.9313354492188 175.47293090820312 838.0331420898438 209.4350128173828 1.67960786819458 1.6919312477111816 0.47768571972846985 11.103323936462402 1.8287180662155151 36.92238235473633 -7.881931781768799 0.1951
Pedestrian 1 1 1 983.4508666992188 157.36172485351562 1016.9231567382812 217.878662109375 0.7295882701873779 1.749502182006836 0.646769642829895 11.43905258178711 1.3013314008712769 21.261415481567383 -7.728976726531982 0.1942
Pedestrian 1 1 1 1113.870361328125 148.8956298828125 1166.4271240234375 240.7957305908203 0.744629979133606 1.7145811319351196 0.5857232809066772 10.14162540435791 1.267289638519287 13.897514343261719 -4.44868803024292 0.1920
Pedestrian 1 1 1 1117.322021484375 153.64773559570312 1144.377685546875 215.79425048828125 0.543195366859436 1.7956069707870483 0.5087277889251709 15.263863563537598 1.2403777837753296 21.214326858520508 -3.7914042472839355 0.1905
Cyclist 1 1 1 870.5989990234375 171.18899536132812 895.6725463867188 211.52586364746094 1.702772855758667 1.6939470767974854 0.515658438205719 11.739043235778809 1.6237249374389648 31.164396286010742 -7.803004741668701 0.1893
Pedestrian 1 1 1 1039.506103515625 152.8094024658203 1064.2872314453125 202.47503662109375 0.6707305312156677 1.8070909976959229 0.6270574927330017 16.27666473388672 1.0774657726287842 26.663284301757812 -7.568775653839111 0.1891
Car 1 1 1 441.3675231933594 174.9036865234375 459.9737548828125 193.1688232421875 3.8726587295532227 1.580377221107483 1.5880333185195923 -14.338338851928711 1.7704240083694458 64.94950866699219 -8.058534622192383 0.1871
Car 1 1 1 823.2282104492188 175.1804962158203 873.7085571289062 202.42672729492188 3.723320484161377 1.5182722806930542 1.57015061378479 13.924036979675293 1.6609166860580444 42.43224334716797 -4.7653584480285645 0.1826
Car 1 1 1 663.549560546875 179.95846557617188 700.57861328125 208.57127380371094 3.6451919078826904 1.5059996843338013 1.5739364624023438 3.987222909927368 1.9252443313598633 40.7540168762207 -7.897908687591553 0.1792
Pedestrian 1 1 1 792.2223510742188 168.6611785888672 809.3355712890625 212.68788146972656 0.7097916007041931 1.664615511894226 0.601354718208313 7.271485805511475 1.5057882070541382 27.690759658813477 -7.6431050300598145 0.1777
Pedestrian 1 1 1 0.0 167.9335174560547 23.16703987121582 241.67926025390625 0.782244861125946 1.8266850709915161 0.5694286823272705 -15.549955368041992 1.7045046091079712 18.355775833129883 -4.0367045402526855 0.1756
Pedestrian 1 1 1 948.4142456054688 168.03152465820312 985.7031860351562 240.63243103027344 0.6095008254051208 1.523103952407837 0.5192596316337585 7.587986469268799 1.4216327667236328 15.456911087036133 -4.652792930603027 0.1748
Pedestrian 1 1 1 212.53125 164.00599670410156 247.23333740234375 225.77357482910156 0.6931321620941162 1.760404348373413 0.6395304203033447 -11.05791187286377 1.5079323053359985 20.912071228027344 -7.849758625030518 0.1729
Car 1 1 1 229.95909118652344 178.78598022460938 354.2093200683594 220.83151245117188 3.8906397819519043 1.4815139770507812 1.5928188562393188 -11.70065689086914 1.7079706192016602 26.636234283447266 -6.3611016273498535 0.1716
Car 1 1 1 900.361572265625 175.77810668945312 1000.2345581054688 207.11447143554688 4.116247653961182 1.4758626222610474 1.6503137350082397 16.53273582458496 1.6231486797332764 35.30405807495117 -2.9967148303985596 0.1709
Car 1 1 1 529.9818725585938 176.381591796875 552.6566162109375 196.2672882080078 3.8144140243530273 1.64792799949646 1.6327078342437744 -6.003599643707275 1.9632484912872314 62.53453063964844 -4.893270969390869 0.1697
Car 1 1 1 0.0 0.0 1221.632568359375 374.0 3.7856931686401367 1.5324400663375854 1.628133773803711 1.7294591665267944 1.5729484558105469 1.001556396484375 -7.9127631187438965 0.1693
Car 1 1 1 653.698486328125 176.81741333007812 681.9693603515625 196.087646484375 4.14479398727417 1.4840587377548218 1.6754776239395142 4.628942489624023 1.8171730041503906 58.570491790771484 -7.926351070404053 0.1677
Car 1 1 1 0.0 0.0 1241.0 374.0 3.865812063217163 1.5414299964904785 1.6375025510787964 -3.4076671600341797 1.612126111984253 0.9661088585853577 -7.932037830352783 0.1652
Car 1 1 1 417.5992126464844 175.68348693847656 466.40380859375 208.46151733398438 3.8604848384857178 1.5078322887420654 1.6228522062301636 -8.236677169799805 1.6543618440628052 35.48601531982422 -4.746166706085205 0.1652
Pedestrian 1 1 1 878.39697265625 175.48419189453125 898.7908935546875 208.94921875 0.8522621393203735 1.7023617029190063 0.619408369064331 14.356466293334961 1.8397986888885498 37.284236907958984 -3.7694482803344727 0.1650
Pedestrian 1 1 1 1070.6522216796875 157.9969482421875 1106.405517578125 223.55650329589844 0.7630485892295837 1.712419033050537 0.5851936340332031 12.73274040222168 1.324052333831787 19.291332244873047 -4.448023796081543 0.1641
Pedestrian 1 1 1 252.4493865966797 165.72715759277344 283.272216796875 222.2012939453125 0.6986952424049377 1.7369405031204224 0.6182368397712708 -10.735074996948242 1.5174446105957031 22.552364349365234 -7.817216396331787 0.1634
Car 1 1 1 582.5211791992188 175.55722045898438 600.0042724609375 192.13587951660156 3.908064603805542 1.5105129480361938 1.5754880905151367 -1.77131986618042 1.7735704183578491 68.33695220947266 -7.858825206756592 0.1634
Pedestrian 1 1 1 1171.6458740234375 146.51051330566406 1223.0452880859375 248.3289794921875 0.7035533785820007 1.7115923166275024 0.5789502859115601 10.184525489807129 1.2684520483016968 12.577940940856934 -3.8502817153930664 0.1609
Pedestrian 1 1 1 1151.5560302734375 147.15419006347656 1199.885498046875 238.31234741210938 0.7211315631866455 1.7381303310394287 0.5573770999908447 11.072434425354004 1.2478069067001343 14.191468238830566 -3.742795944213867 0.1607
Car 1 1 1 997.5695190429688 171.75550842285156 1122.057373046875 234.70388793945312 3.5189778804779053 1.5042930841445923 1.5270874500274658 11.69482135772705 1.477742314338684 19.097061157226562 -4.561455249786377 0.1585
Pedestrian 1 1 1 1055.9873046875 162.7830352783203 1079.2657470703125 216.0217742919922 0.8087919354438782 1.7439297437667847 0.5872044563293457 15.262062072753906 1.4137372970581055 24.134803771972656 -7.198544979095459 0.1572
Pedestrian 1 1 1 996.7459106445312 168.94065856933594 1038.882080078125 242.90191650390625 0.7097168564796448 1.5793238878250122 0.5499381422996521 8.855661392211914 1.4954609870910645 15.780372619628906 -4.642906665802002 0.1568
Car 1 1 1 654.9650268554688 176.98941040039062 683.2496337890625 198.19741821289062 4.080470085144043 1.4919410943984985 1.6440321207046509 4.324305534362793 1.8108410835266113 53.62875747680664 -7.885023593902588 0.1563
Pedestrian 1 1 1 862.9423217773438 167.81471252441406 885.9459838867188 211.32232666015625 0.728667676448822 1.7613608837127686 0.6491864919662476 10.796335220336914 1.5570507049560547 29.59319305419922 -4.770163059234619 0.1551
Pedestrian 1 1 1 1188.6461181640625 120.92766571044922 1241.0 306.9186096191406 0.8009562492370605 1.788068175315857 0.5831794142723083 6.316013813018799 1.2885620594024658 7.427640438079834 -3.9493589401245117 0.1549
Car 1 1 1 552.1028442382812 174.04977416992188 571.7520751953125 193.0638885498047 3.756870985031128 1.6829603910446167 1.6818073987960815 -4.39389705657959 1.7952176332473755 66.01139068603516 -4.748305797576904 0.1543
Pedestrian 1 1 1 942.1727905273438 158.31710815429688 970.3422241210938 218.3834991455078 0.7043232321739197 1.7326836585998535 0.6304444670677185 10.13359546661377 1.3130507469177246 21.23628807067871 -7.587673664093018 0.1537
Pedestrian 1 1 1 1185.7392578125 163.2598114013672 1207.3892822265625 214.25054931640625 0.5857192873954773 1.7201766967773438 0.5693684816360474 20.072433471679688 1.3962160348892212 24.748363494873047 -4.017991065979004 0.1524
Pedestrian 1 1 1 361.5113830566406 167.38047790527344 383.19976806640625 210.70755004882812 0.7226306796073914 1.7521569728851318 0.6392737627029419 -9.770538330078125 1.5305062532424927 29.547565460205078 -7.831455707550049 0.1517
Pedestrian 1 1 1 126.40341186523438 163.05972290039062 175.44808959960938 250.21458435058594 0.6954649686813354 1.7358120679855347 0.5638807415962219 -9.477131843566895 1.5404452085494995 14.817779541015625 -4.069551467895508 0.1509
Cyclist 1 1 1 453.8031005859375 170.30844116210938 473.8013000488281 209.70828247070312 1.7622325420379639 1.7080187797546387 0.5588692426681519 -6.547379493713379 1.597366452217102 32.16427993774414 -4.72651481628418 0.1508
Car 1 1 1 854.2589721679688 175.8937530517578 908.0599975585938 209.09397888183594 3.8681411743164062 1.487657904624939 1.6443551778793335 12.937777519226074 1.6422702074050903 34.73731994628906 -7.706741809844971 0.1484
Pedestrian 1 1 1 1012.3937377929688 157.7545928955078 1035.859375 209.84886169433594 0.8019936680793762 1.774408221244812 0.6092784404754639 14.350141525268555 1.2597999572753906 25.080238342285156 -7.203698635101318 0.1480
Pedestrian 1 1 1 765.217529296875 170.1748046875 780.6377563476562 211.43861389160156 0.7795610427856445 1.7382566928863525 0.611189067363739 6.9262237548828125 1.6250948905944824 30.851171493530273 -4.448163986206055 0.1466
Car 1 1 1 793.3094482421875 172.45046997070312 823.4303588867188 194.27024841308594 3.836700201034546 1.518418312072754 1.6157077550888062 14.285107612609863 1.4900368452072144 52.2225341796875 -7.715752124786377 0.1461
Pedestrian 1 1 1 969.9939575195312 159.64138793945312 997.7933349609375 216.94679260253906 0.7479962706565857 1.7221474647521973 0.624980628490448 11.410594940185547 1.3247809410095215 22.130599975585938 -7.568418979644775 0.1461
Pedestrian 1 1 1 118.27603912353516 167.86949157714844 166.18870544433594 260.62890625 0.6142830848693848 1.6973686218261719 0.5309752821922302 -8.817073822021484 1.6058591604232788 13.53426456451416 -4.808164119720459 0.1451
Pedestrian 1 1 1 324.9927978515625 170.23818969726562 344.1448669433594 212.6543426513672 0.479838103055954 1.7769633531570435 0.5877944827079773 -11.697529792785645 1.6670777797698975 30.535057067871094 -7.59457540512085 0.1450
Pedestrian 1 1 1 870.6920166015625 155.94064331054688 894.21728515625 216.577392578125 0.7503714561462402 1.8006051778793335 0.6549685597419739 8.20928955078125 1.298064112663269 21.889802932739258 -7.509291172027588 0.1448
Pedestrian 1 1 1 829.3195190429688 157.143310546875 955.0864868164062 374.0 0.6678253412246704 1.5744367837905884 0.5182570815086365 1.8048369884490967 1.4770052433013916 4.8306779861450195 -4.8666157722473145 0.1446
Pedestrian 1 1 1 157.8239288330078 161.9685821533203 191.51907348632812 225.5992889404297 0.7068004608154297 1.8098679780960083 0.6227055191993713 -12.664238929748535 1.4999507665634155 20.92407989501953 -8.024728775024414 0.1435
Pedestrian 1 1 1 1039.796875 159.0038299560547 1062.0225830078125 211.2190704345703 0.8151870965957642 1.7797949314117432 0.5933147072792053 15.29229736328125 1.3074016571044922 25.09825325012207 -7.22116231918335 0.1434
Pedestrian 1 1 1 35.346710205078125 164.02230834960938 68.28353881835938 236.1580047607422 0.707425057888031 1.7918450832366943 0.5650728344917297 -14.264288902282715 1.5721665620803833 18.371671676635742 -5.5189313888549805 0.1433
Pedestrian 1 1 1 141.81063842773438 168.31259155273438 184.87371826171875 254.92288208007812 0.580915629863739 1.6537173986434937 0.5136411786079407 -8.819690704345703 1.5667051076889038 14.164166450500488 -4.035521984100342 0.1432
Pedestrian 1 1 1 749.1741333007812 170.8958740234375 761.2595825195312 193.90858459472656 0.7288205027580261 1.7505720853805542 0.6021053791046143 11.10760498046875 1.6013175249099731 55.34027862548828 -8.255303382873535 0.1424
Car 1 1 1 662.1237182617188 181.9399871826172 692.078369140625 206.86660766601562 4.070519924163818 1.503385066986084 1.618617296218872 4.299919128417969 2.1213455200195312 47.05289077758789 -7.8422160148620605 0.1407
Car 1 1 1 321.43927001953125 172.04605102539062 365.80230712890625 201.92942810058594 4.0126447677612305 1.5990328788757324 1.6353877782821655 -15.00660514831543 1.5555005073547363 40.72322082519531 -4.879485130310059 0.1400
Car 1 1 1 646.4863891601562 177.44300842285156 666.808837890625 195.55459594726562 3.997807264328003 1.493643045425415 1.616920828819275 3.9915003776550293 1.9040281772613525 62.550994873046875 -7.824373722076416 0.1398
Pedestrian 1 1 1 19.152278900146484 161.55870056152344 81.3724136352539 254.95773315429688 0.7519720792770386 1.7358604669570923 0.5777871608734131 -10.762819290161133 1.5256327390670776 13.823124885559082 -4.570577621459961 0.1396
Pedestrian 1 1 1 982.7892456054688 160.72840881347656 1002.6908569335938 200.0570831298828 0.6660241484642029 1.786147117614746 0.6167951822280884 17.533063888549805 1.2351523637771606 33.14188003540039 -7.714745998382568 0.1384
Cyclist 1 1 1 375.68780517578125 173.64788818359375 403.9979553222656 215.94937133789062 1.7026896476745605 1.699353575706482 0.5513148307800293 -9.14674186706543 1.7328925132751465 29.886775970458984 -4.643692970275879 0.1382
Pedestrian 1 1 1 762.5676879882812 174.6357879638672 792.302734375 227.7434844970703 0.8057281374931335 1.6681276559829712 0.5543621182441711 5.328449249267578 1.7261937856674194 23.165361404418945 -6.972462177276611 0.1366
Pedestrian 1 1 1 896.2265625 171.86080932617188 922.9257202148438 214.91085815429688 0.8093320727348328 1.753875494003296 0.6367380023002625 12.36131477355957 1.7131121158599854 29.88980484008789 -8.235304832458496 0.1363
Pedestrian 1 1 1 1229.686279296875 147.7972412109375 1241.0 213.4541015625 0.6783494353294373 1.7760621309280396 0.5653233528137207 17.52495574951172 1.097960114479065 19.955429077148438 -7.296703815460205 0.1354
Car 1 1 1 512.7978515625 178.0747833251953 554.5789794921875 214.72793579101562 3.944281578063965 1.5192286968231201 1.6335314512252808 -3.4198765754699707 1.7684890031814575 32.484375 -4.756215572357178 0.1350
Car 1 1 1 496.44622802734375 175.9231414794922 561.2395629882812 201.55519104003906 3.7723023891448975 1.5366716384887695 1.6086984872817993 -4.984670162200928 1.728448748588562 44.30818176269531 -3.1182994842529297 0.1349
Car 1 1 1 757.4305419921875 177.36985778808594 797.7962646484375 208.6412811279297 3.8100292682647705 1.4815396070480347 1.5701667070388794 8.43896484375 1.7235653400421143 36.7374267578125 -4.599856853485107 0.1346
Car 1 1 1 471.2507629394531 173.60984802246094 511.33319091796875 198.1045684814453 3.8971939086914062 1.5647414922714233 1.6374069452285767 -7.919339179992676 1.6171091794967651 48.2477912902832 -4.596588611602783 0.1340
Pedestrian 1 1 1 993.9673461914062 161.871826171875 1014.154052734375 206.86892700195312 0.5265771746635437 1.8004268407821655 0.5909014940261841 15.938395500183105 1.3607072830200195 29.265499114990234 -7.058846950531006 0.1339
Car 1 1 1 830.0820922851562 173.62278747558594 969.3663940429688 221.5472412109375 4.057713508605957 1.5569911003112793 1.6407232284545898 9.683345794677734 1.5836853981018066 24.403223037719727 -6.3387064933776855 0.1338
Car 1 1 1 336.6282043457031 172.12039184570312 425.1953125 202.78199768066406 4.009152889251709 1.5223898887634277 1.6305269002914429 -11.728201866149902 1.485664963722229 36.91566848754883 -2.9997968673706055 0.1335
Cyclist 1 1 1 733.3985595703125 176.36257934570312 752.9693603515625 208.7466278076172 1.6551141738891602 1.6543054580688477 0.5103501677513123 6.945971488952637 1.8424549102783203 37.89948272705078 -4.853318691253662 0.1334
Pedestrian 1 1 1 267.8343811035156 166.7210693359375 294.4119873046875 220.16355895996094 0.650082528591156 1.7127352952957153 0.5935218334197998 -10.737624168395996 1.5158857107162476 23.46665382385254 -7.915516376495361 0.1331
Car 1 1 1 591.3934936523438 178.5354461669922 625.4348754882812 208.12078857421875 3.8518617153167725 1.5769976377487183 1.6389284133911133 -0.17126287519931793 1.9168343544006348 41.21023178100586 -4.794717311859131 0.1329
Pedestrian 1 1 1 1071.7314453125 156.7593994140625 1127.9228515625 267.32916259765625 0.5768721699714661 1.6787248849868774 0.5195968747138977 7.584817409515381 1.4340686798095703 11.272440910339355 -4.591329574584961 0.1326
Car 1 1 1 457.7824401855469 180.2137451171875 501.5925598144531 213.3166961669922 3.883420944213867 1.4829221963882446 1.6029173135757446 -6.333940029144287 1.8615963459014893 35.177825927734375 -4.7579145431518555 0.1324
Pedestrian 1 1 1 170.39649963378906 163.5966796875 207.13294982910156 228.17135620117188 0.7404105067253113 1.7527315616607666 0.6042489409446716 -11.697835922241211 1.5011627674102783 19.968473434448242 -7.900977611541748 0.1312
Car 1 1 1 261.3843688964844 181.8636932373047 363.52337646484375 235.5122528076172 3.7806906700134277 1.5414292812347412 1.5849684476852417 -9.528874397277832 1.856255054473877 23.307886123657227 -4.660614013671875 0.1312
Pedestrian 1 1 1 65.14392852783203 169.0369110107422 122.46890258789062 268.3993835449219 0.6323462128639221 1.6427592039108276 0.5102285146713257 -8.811408042907715 1.5793513059616089 12.25705623626709 -4.665104866027832 0.1311
Pedestrian 1 1 1 222.6651611328125 166.1638641357422 242.66159057617188 219.6674041748047 0.8097880482673645 1.799696922302246 0.5995579361915588 -12.992465019226074 1.5743612051010132 24.767135620117188 -8.324493408203125 0.1301
Pedestrian 1 1 1 883.1015625 159.8127899169922 911.9099731445312 222.33267211914062 0.7582895159721375 1.6957223415374756 0.5813148617744446 7.906007766723633 1.3417065143585205 19.987577438354492 -7.708096981048584 0.1299
Car 1 1 1 491.0335388183594 172.09925842285156 510.8187255859375 191.63723754882812 3.9502012729644775 1.650732398033142 1.6522740125656128 -9.523454666137695 1.5866639614105225 63.029869079589844 -4.8474016189575195 0.1287
Car 1 1 1 891.8848876953125 173.26345825195312 975.7752685546875 217.0413055419922 3.903770685195923 1.5185253620147705 1.5943278074264526 11.984089851379395 1.5347157716751099 27.062580108642578 -4.650869846343994 0.1281
Car 1 1 1 393.25115966796875 177.81687927246094 450.95330810546875 217.5189666748047 3.8470187187194824 1.4800138473510742 1.588150143623352 -7.612044334411621 1.6952543258666992 29.363754272460938 -4.7803955078125 0.1268
Car 1 1 1 770.368408203125 171.15989685058594 796.8109130859375 191.59678649902344 3.7680747509002686 1.591688632965088 1.6088364124298096 13.928897857666016 1.4594460725784302 58.15657424926758 -7.74395227432251 0.1266
Cyclist 1 1 1 786.2376098632812 169.34498596191406 813.893798828125 210.21456909179688 1.7638380527496338 1.731685996055603 0.5916802883148193 8.23276138305664 1.5827052593231201 31.478485107421875 -4.80835485458374 0.1265
Pedestrian 1 1 1 439.8554992675781 171.22203063964844 460.15667724609375 215.93910217285156 0.7174174189567566 1.709077000617981 0.5956830978393555 -6.238403797149658 1.646403431892395 27.952106475830078 -4.655402183532715 0.1264
Car 1 1 1 1029.7161865234375 167.19944763183594 1138.03173828125 204.34217834472656 4.060710430145264 1.4804651737213135 1.6137800216674805 19.757822036743164 1.2547814846038818 30.165016174316406 -3.4620532989501953 0.1260
Pedestrian 1 1 1 967.9723510742188 171.62548828125 988.6950073242188 205.9516143798828 0.7698010802268982 1.7697217464447021 0.6203994750976562 19.175458908081055 1.7060843706130981 37.64335250854492 -3.5773115158081055 0.1257
Car 1 1 1 962.4432983398438 171.4810333251953 1062.51123046875 221.5308837890625 3.7106544971466064 1.49393630027771 1.5952856540679932 12.915976524353027 1.4526549577713013 23.482595443725586 -4.578073501586914 0.1252
Pedestrian 1 1 1 908.6268920898438 160.61474609375 935.9847412109375 221.81015014648438 0.7228855490684509 1.7096439599990845 0.617906928062439 8.853166580200195 1.36741042137146 20.587364196777344 -7.590514659881592 0.1245
Pedestrian 1 1 1 19.28395652770996 171.2016143798828 47.172786712646484 232.12168884277344 0.7649759650230408 1.834814190864563 0.5882413387298584 -17.8035888671875 1.7847472429275513 22.209882736206055 -2.3577768802642822 0.1240
Cyclist 1 1 1 856.98046875 171.6351318359375 882.7928466796875 212.31422424316406 1.687320351600647 1.7095791101455688 0.4772569239139557 11.169336318969727 1.6580548286437988 31.171457290649414 -7.873322010040283 0.1239
Car 1 1 1 699.635009765625 177.50892639160156 745.8997192382812 208.43209838867188 3.779529333114624 1.5336885452270508 1.600206971168518 5.89127254486084 1.7931379079818726 38.31709289550781 -4.789013862609863 0.1238
Car 1 1 1 428.2712097167969 174.8185577392578 503.7430725097656 202.03289794921875 4.263261318206787 1.5640931129455566 1.670172095298767 -8.501996994018555 1.6830090284347534 42.70512008666992 -3.2595374584198 0.1238
Car 1 1 1 733.481689453125 173.5694122314453 760.6735229492188 192.7397918701172 3.9178309440612793 1.5387322902679443 1.5919816493988037 11.343212127685547 1.5999175310134888 60.03759002685547 -7.833064556121826 0.1237
Pedestrian 1 1 1 217.01602172851562 166.07199096679688 261.9649963378906 242.71707153320312 0.7522329092025757 1.700204849243164 0.6090605854988098 -8.4630708694458 1.5494608879089355 16.401140213012695 -4.646359920501709 0.1233
Pedestrian 1 1 1 965.1846923828125 161.39845275878906 985.512939453125 199.62623596191406 0.6690661311149597 1.788676142692566 0.622307300567627 17.2183780670166 1.2523716688156128 34.096038818359375 -7.851460933685303 0.1222
Car 1 1 1 0.0 0.0 1241.0 374.0 3.8729050159454346 1.532382845878601 1.6173992156982422 3.9751362800598145 1.5492887496948242 1.3009545803070068 -7.903884410858154 0.1208
Car 1 1 1 886.9840698242188 176.02496337890625 935.7985229492188 206.4655303955078 3.786893129348755 1.5116175413131714 1.619310975074768 15.873570442199707 1.6882752180099487 38.25724792480469 -4.530529499053955 0.1204
Pedestrian 1 1 1 1088.313232421875 154.0391387939453 1114.0096435546875 209.7474365234375 0.6643387675285339 1.7770838737487793 0.6053636074066162 15.906621932983398 1.1765934228897095 23.449121475219727 -7.392420291900635 0.1192
Pedestrian 1 1 1 989.8717651367188 162.41000366210938 1008.4811401367188 204.2115478515625 0.4847179353237152 1.771191120147705 0.59112149477005 16.6050968170166 1.3283640146255493 30.873544692993164 -7.6342291831970215 0.1189
Pedestrian 1 1 1 1145.507568359375 154.80335998535156 1167.30517578125 207.75775146484375 0.6817858219146729 1.7626614570617676 0.5640217065811157 18.47699546813965 1.1615208387374878 24.459814071655273 -7.1683735847473145 0.1187
Car 1 1 1 457.8779296875 171.59854125976562 487.008544921875 192.80743408203125 4.159881591796875 1.8527785539627075 1.6470640897750854 -12.402059555053711 1.7428016662597656 65.15166473388672 -7.803022861480713 0.1187
Pedestrian 1 1 1 5.522726058959961 173.58486938476562 35.36968231201172 229.44627380371094 0.6544495820999146 1.8601038455963135 0.6076177358627319 -20.038637161254883 1.8850263357162476 24.468992233276367 -5.720358848571777 0.1179
Pedestrian 1 1 1 1050.406494140625 161.7068328857422 1069.411865234375 201.93324279785156 0.5962522029876709 1.7521922588348389 0.6238290071487427 19.796010971069336 1.266341209411621 31.82455825805664 -7.456518173217773 0.1174
Pedestrian 1 1 1 52.44491958618164 159.1914825439453 104.98648071289062 261.3019714355469 0.7978122234344482 1.7533098459243774 0.5821589827537537 -9.512910842895508 1.5184146165847778 12.869479179382324 -8.248678207397461 0.1173
Car 1 1 1 402.9197692871094 169.90972900390625 475.0414733886719 196.1402587890625 4.372429847717285 1.6526744365692139 1.6612468957901 -11.012999534606934 1.4668680429458618 46.55198287963867 -3.263796806335449 0.1167
Pedestrian 1 1 1 4.4351983070373535 166.61285400390625 59.651512145996094 256.8879089355469 0.7668631672859192 1.7160450220108032 0.5653265118598938 -11.372183799743652 1.5971068143844604 14.151345252990723 -8.072471618652344 0.1167
Cyclist 1 1 1 975.5474853515625 160.3572998046875 1035.4620361328125 227.80690002441406 1.6886906623840332 1.6674435138702393 0.5077264308929443 10.165926933288574 1.3582086563110352 18.700769424438477 -7.942050457000732 0.1162
Car 1 1 1 1210.07861328125 169.42579650878906 1241.0 199.73239135742188 3.9041314125061035 1.5709264278411865 1.5934566259384155 34.79819107055664 1.3929271697998047 39.49433898925781 -4.442531108856201 0.1151
Pedestrian 1 1 1 30.036134719848633 177.62220764160156 56.13862991333008 228.12306213378906 0.7520776987075806 1.828139305114746 0.6614572405815125 -21.01814079284668 2.007554531097412 26.703767776489258 -8.379694938659668 0.1150
Car 1 1 1 910.2048950195312 175.5990447998047 980.953857421875 204.66555786132812 3.8721375465393066 1.5074409246444702 1.6339918375015259 18.40983009338379 1.6665349006652832 39.851661682128906 -4.879786014556885 0.1150
Cyclist 1 1 1 485.27032470703125 175.32749938964844 496.8288879394531 203.0178680419922 1.6365612745285034 1.7040733098983765 0.4575904607772827 -7.5071635246276855 1.8621047735214233 45.36819839477539 -7.853738307952881 0.1150
Pedestrian 1 1 1 0.0 164.61135864257812 30.968780517578125 235.4080047607422 0.7600013613700867 1.8175150156021118 0.5692801475524902 -15.881275177001953 1.605607509613037 18.99442481994629 -4.1980156898498535 0.1149
Car 1 1 1 131.0428466796875 182.04107666015625 243.76443481445312 232.80328369140625 3.7608299255371094 1.5151859521865845 1.548966646194458 -14.018359184265137 1.8457920551300049 24.10401725769043 -4.706663131713867 0.1149
Car 1 1 1 1226.9617919921875 169.40158081054688 1241.0 334.44964599609375 4.059206962585449 1.5140328407287598 1.6101986169815063 9.080631256103516 1.4820629358291626 7.660678386688232 -6.402940273284912 0.1139
Pedestrian 1 1 1 350.79266357421875 171.06381225585938 369.28271484375 213.51722717285156 0.631283700466156 1.7387419939041138 0.6163862943649292 -10.400382995605469 1.6651222705841064 29.90805435180664 -7.99729585647583 0.1130
Car 1 1 1 618.1050415039062 176.80723571777344 645.1348266601562 200.1646270751953 3.9048664569854736 1.4952706098556519 1.6170072555541992 1.3945705890655518 1.773302674293518 48.82944869995117 -7.8781914710998535 0.1129
Cyclist 1 1 1 800.7125244140625 173.81121826171875 826.830322265625 214.73143005371094 1.7573797702789307 1.736423373222351 0.6049412488937378 8.850175857543945 1.7791478633880615 31.545461654663086 -4.7375407218933105 0.1128
Car 1 1 1 529.6830444335938 172.7544708251953 551.6891479492188 190.47573852539062 3.8786284923553467 1.6258207559585571 1.6289724111557007 -6.604508876800537 1.616388201713562 68.2643051147461 -8.066682815551758 0.1125
Car 1 1 1 562.3568725585938 178.00404357910156 591.5281982421875 203.3632354736328 3.751760721206665 1.5334018468856812 1.5774240493774414 -2.117955446243286 1.8771727085113525 46.30369567871094 -4.678137302398682 0.1121
Pedestrian 1 1 1 0.0 163.4907684326172 28.737712860107422 283.1362609863281 0.6448925137519836 1.6454496383666992 0.5329647660255432 -8.801749229431152 1.516379952430725 10.33444595336914 -3.839026927947998 0.1120
Car 1 1 1 0.0 185.236083984375 0.0 374.0 3.920257329940796 1.5440622568130493 1.6082109212875366 -5.331968307495117 1.6141793727874756 2.1197550296783447 -7.88434362411499 0.1120
Car 1 1 1 633.0250244140625 176.33338928222656 653.7885131835938 195.7024688720703 3.9803483486175537 1.4973104000091553 1.6256603002548218 2.6992573738098145 1.7890959978103638 58.53957748413086 -7.799092769622803 0.1117
Car 1 1 1 821.3112182617188 173.8827667236328 863.9646606445312 204.2581024169922 3.848111391067505 1.5290369987487793 1.591251015663147 12.309228897094727 1.5864942073822021 38.483245849609375 -7.696119785308838 0.1115
Cyclist 1 1 1 812.2378540039062 176.30880737304688 837.9779052734375 215.05587768554688 1.753104329109192 1.7228940725326538 0.5876086950302124 9.819781303405762 1.8854845762252808 33.13080978393555 -4.757874965667725 0.1113
Pedestrian 1 1 1 939.3492431640625 160.2362060546875 967.3758544921875 216.03857421875 0.7266803979873657 1.7337217330932617 0.6072101593017578 10.802595138549805 1.3414002656936646 22.818147659301758 -7.719691753387451 0.1107
Car 1 1 1 527.4913940429688 173.58895874023438 552.9962768554688 196.2326202392578 3.992666244506836 1.770814299583435 1.6673415899276733 -5.652321815490723 1.832196831703186 58.55707931518555 -7.849024295806885 0.1107
Pedestrian 1 1 1 352.3636474609375 168.56976318359375 375.25079345703125 229.74899291992188 0.8199904561042786 1.6514596939086914 0.5679714679718018 -6.865457534790039 1.535512089729309 19.961645126342773 -5.079484939575195 0.1105
Pedestrian 1 1 1 70.21876525878906 161.57205200195312 99.07756042480469 231.97091674804688 0.6803323030471802 1.7789772748947144 0.5846914649009705 -13.642074584960938 1.4935829639434814 18.679059982299805 -8.453972816467285 0.1102
Pedestrian 1 1 1 201.7812042236328 166.75608825683594 238.2198944091797 237.55409240722656 0.6506527662277222 1.6716798543930054 0.5762910842895508 -9.444894790649414 1.527396559715271 17.395376205444336 -4.836328983306885 0.1102
Cyclist 1 1 1 297.2749328613281 173.96414184570312 327.6819763183594 216.05889892578125 1.7279295921325684 1.7319002151489258 0.5839472413063049 -12.641695976257324 1.780006766319275 30.596906661987305 -4.716400623321533 0.1101
Car 1 1 1 599.5180053710938 174.78970336914062 616.6901245117188 191.43865966796875 3.898794412612915 1.520254135131836 1.5586365461349487 -0.2229432910680771 1.7084699869155884 68.30597686767578 -7.8732428550720215 0.1099
Pedestrian 1 1 1 854.674560546875 163.03111267089844 876.4947509765625 212.5848846435547 0.6612895727157593 1.7657420635223389 0.6114189624786377 9.184406280517578 1.4154248237609863 26.074466705322266 -7.737188816070557 0.1098
Pedestrian 1 1 1 778.6629028320312 164.4810028076172 795.2008666992188 205.9975128173828 0.794270932674408 1.769083857536316 0.6183179616928101 7.598328590393066 1.4119973182678223 31.182668685913086 -7.7122979164123535 0.1095
Cyclist 1 1 1 805.9407958984375 174.8612060546875 826.9535522460938 208.79925537109375 1.6853495836257935 1.6920266151428223 0.4745621383190155 10.51584243774414 1.7968578338623047 36.93337631225586 -7.931959629058838 0.1094
Pedestrian 1 1 1 410.3741149902344 171.6830596923828 426.7422790527344 205.43309020996094 0.6955589652061462 1.7574379444122314 0.6487587690353394 -10.10095500946045 1.6961644887924194 37.93724822998047 -7.798581600189209 0.1093
Car 1 1 1 1193.5421142578125 169.0780487060547 1241.0 293.8395690917969 4.027313232421875 1.499882698059082 1.6069929599761963 10.3100004196167 1.4541882276535034 9.581262588500977 -6.335115909576416 0.1089
Car 1 1 1 376.89898681640625 177.62246704101562 420.8172302246094 205.4707489013672 3.9246973991394043 1.5370821952819824 1.5918363332748413 -12.41304874420166 1.830856204032898 42.50296401977539 -4.755279064178467 0.1087
Pedestrian 1 1 1 1060.0289306640625 160.52774047851562 1083.153564453125 209.59384155273438 0.6745597124099731 1.7670671939849854 0.6029989719390869 16.84392547607422 1.3228492736816406 26.41228675842285 -7.462343692779541 0.1086
Pedestrian 1 1 1 894.926513671875 157.2318115234375 920.5680541992188 218.3300018310547 0.7358897924423218 1.7889372110366821 0.6534891128540039 8.847020149230957 1.3312242031097412 21.577320098876953 -7.539836406707764 0.1086
Pedestrian 1 1 1 961.5313720703125 160.3386993408203 988.2013549804688 219.00660705566406 0.7263737320899963 1.7166930437088013 0.6164615750312805 10.843489646911621 1.3501806259155273 21.55654525756836 -7.523868083953857 0.1084
Pedestrian 1 1 1 764.037353515625 168.92953491210938 774.7816162109375 192.90167236328125 0.731778085231781 1.8014743328094482 0.5998391509056091 12.05509090423584 1.50625479221344 54.689815521240234 -4.183172702789307 0.1081
Car 1 1 1 1071.674072265625 169.2941131591797 1156.830078125 198.68496704101562 3.903557062149048 1.576755166053772 1.6148300170898438 28.360933303833008 1.3854750394821167 40.782955169677734 -4.914264678955078 0.1080
Cyclist 1 1 1 825.6566772460938 173.72715759277344 867.5465087890625 211.34036254882812 1.7614623308181763 1.754517674446106 0.6690510511398315 11.134090423583984 1.7959998846054077 34.10176467895508 -6.388138294219971 0.1078
