Cyclist 1 1 1 938.6737060546875 110.7231674194336 1153.9356689453125 374.0 1.754708170890808 1.8471113443374634 0.5364010334014893 3.3290460109710693 1.4239075183868408 5.811064720153809 -7.95426607131958 0.7168
Car 1 1 1 0.0 188.9323272705078 179.83316040039062 374.0 3.8664886951446533 1.5079004764556885 1.6179217100143433 -4.686183929443359 1.655663013458252 4.657731056213379 -4.78491735458374 0.6204
Car 1 1 1 533.6655883789062 178.16464233398438 552.2421264648438 195.548583984375 3.981058359146118 1.5462416410446167 1.679949164390564 -6.312132358551025 2.057999610900879 67.50596618652344 -4.814224720001221 0.4421
Car 1 1 1 160.48196411132812 176.7392578125 208.12246704101562 198.84202575683594 3.817936420440674 1.7178397178649902 1.7086076736450195 -34.58940124511719 2.043980121612549 58.690956115722656 -4.741554260253906 0.3418
Car 1 1 1 174.41860961914062 178.20738220214844 226.8724822998047 203.86776733398438 3.8266754150390625 1.5866682529449463 1.6224082708358765 -26.873397827148438 1.9530911445617676 47.43672180175781 -4.822539329528809 0.3397
Cyclist 1 1 1 114.74666595458984 178.01345825195312 132.8920440673828 206.694091796875 1.7181812524795532 1.7026861906051636 0.45516473054885864 -29.70054054260254 2.0236659049987793 44.04261016845703 -8.162211418151855 0.3113
Car 1 1 1 1021.6902465820312 168.98240661621094 1064.3621826171875 190.2407989501953 3.9758706092834473 1.5893080234527588 1.6490367650985718 33.55377960205078 1.299561619758606 56.06045150756836 -4.499432563781738 0.2959
Car 1 1 1 94.88749694824219 183.92459106445312 203.52499389648438 228.8074951171875 3.7045180797576904 1.4538264274597168 1.532406210899353 -16.611122131347656 1.8834271430969238 26.15523910522461 -4.696781158447266 0.2827
Pedestrian 1 1 1 711.4182739257812 166.76148986816406 727.7396240234375 198.73597717285156 0.8973889350891113 1.818397045135498 0.5198290348052979 6.270046234130859 1.4716148376464844 41.55042266845703 -5.146536350250244 0.2809
Car 1 1 1 712.2947998046875 174.84413146972656 730.3206176757812 191.39747619628906 3.899522304534912 1.4979968070983887 1.6271324157714844 10.419835090637207 1.690434217453003 67.83302307128906 -7.711588382720947 0.2607
Car 1 1 1 295.4676513671875 181.9981231689453 369.8828125 221.760986328125 3.9375691413879395 1.4880954027175903 1.5867481231689453 -11.427716255187988 1.8915010690689087 29.882770538330078 -4.717133045196533 0.2529
Car 1 1 1 0.0 174.2846221923828 49.44318771362305 211.17308044433594 3.8510336875915527 1.6951267719268799 1.71630859375 -29.744226455688477 1.768613338470459 35.26137924194336 -4.745950698852539 0.2496
Car 1 1 1 345.5000305175781 181.24586486816406 398.2987976074219 214.8999481201172 3.787459135055542 1.491073489189148 1.5796233415603638 -11.483830451965332 1.9192944765090942 34.89303970336914 -4.793447971343994 0.2469
Pedestrian 1 1 1 208.98428344726562 168.07284545898438 237.702392578125 217.63600158691406 0.814038097858429 1.7592142820358276 0.6060471534729004 -13.982337951660156 1.5892099142074585 26.02125358581543 -7.866268634796143 0.2369
Car 1 1 1 938.1103515625 166.69154357910156 991.41162109375 190.40444946289062 4.104951858520508 1.729426383972168 1.6681979894638062 26.822837829589844 1.279686450958252 54.758460998535156 -7.970277309417725 0.2355
Pedestrian 1 1 1 309.69561767578125 176.36407470703125 332.3662109375 215.2738800048828 0.7678140997886658 1.6700037717819214 0.6081137657165527 -12.642938613891602 1.8249024152755737 31.474287033081055 -4.547323226928711 0.2353
Car 1 1 1 246.8440399169922 183.64767456054688 315.9167785644531 215.18612670898438 4.060699462890625 1.5083508491516113 1.6906282901763916 -17.235960006713867 2.106783390045166 37.969383239746094 -4.6823601722717285 0.2301
Car 1 1 1 845.9154052734375 173.666259765625 889.8864135742188 195.75054931640625 3.725785255432129 1.5516215562820435 1.6202865839004517 18.77456283569336 1.6128852367401123 52.76221466064453 -4.799018859863281 0.2272
Pedestrian 1 1 1 695.5588989257812 170.14187622070312 707.8731689453125 197.5743408203125 0.8299259543418884 1.781916856765747 0.6011204719543457 5.978819370269775 1.6054461002349854 47.32225036621094 -7.9976019859313965 0.2247
Pedestrian 1 1 1 144.64932250976562 174.36875915527344 182.2395477294922 236.7465362548828 0.8062511682510376 1.769293189048767 0.6007913947105408 -13.007486343383789 1.8139066696166992 20.94085121154785 -2.659613609313965 0.2216
Pedestrian 1 1 1 971.3243408203125 164.9617919921875 987.6825561523438 205.77320861816406 0.5869773626327515 1.741531491279602 0.5938781499862671 15.918776512145996 1.404449701309204 31.177753448486328 -7.441992282867432 0.2083
Pedestrian 1 1 1 450.5115966796875 176.7154541015625 467.00750732421875 208.45863342285156 0.791601836681366 1.7457242012023926 0.5270285606384277 -8.463299751281738 1.962737798690796 40.19399642944336 -3.6043753623962402 0.2034
Car 1 1 1 287.8433837890625 172.29458618164062 321.53619384765625 193.84591674804688 4.286340236663818 1.8752795457839966 1.721968650817871 -27.483430862426758 1.8263019323349 65.02181243896484 -7.985401630401611 0.1967
Pedestrian 1 1 1 225.521240234375 175.0262908935547 237.43746948242188 204.00550842285156 0.5215779542922974 1.763849139213562 0.592460036277771 -23.312606811523438 1.898322582244873 44.3709831237793 -7.009439945220947 0.1951
Car 1 1 1 272.10552978515625 181.1575927734375 338.3302307128906 213.62429809570312 4.10243034362793 1.5276784896850586 1.6616789102554321 -15.597665786743164 1.9774425029754639 37.05474853515625 -4.709763050079346 0.1915
Car 1 1 1 100.35038757324219 181.2147674560547 219.42196655273438 233.6104278564453 3.697312831878662 1.5019632577896118 1.6043462753295898 -14.33779239654541 1.7916690111160278 23.154420852661133 -4.7441086769104 0.1905
Car 1 1 1 836.3323974609375 172.27391052246094 867.1495971679688 189.67535400390625 3.8455255031585693 1.4942069053649902 1.5670908689498901 21.346452713012695 1.4440957307815552 63.90736389160156 -4.67434549331665 0.1870
Car 1 1 1 133.27215576171875 181.12142944335938 219.59361267089844 213.94178771972656 3.927607774734497 1.5318478345870972 1.6593773365020752 -22.031484603881836 1.9766182899475098 36.7799072265625 -4.566656112670898 0.1828
Car 1 1 1 0.0 0.0 1241.0 374.0 3.795644521713257 1.5391404628753662 1.6208314895629883 2.980095624923706 1.5598299503326416 0.6973922848701477 -7.9042887687683105 0.1788
Pedestrian 1 1 1 326.1549987792969 169.06700134277344 342.7176513671875 203.01458740234375 0.811531662940979 1.735534429550171 0.6158715486526489 -14.289141654968262 1.541628122329712 37.3248176574707 -7.963429927825928 0.1683
Cyclist 1 1 1 1136.646240234375 163.61830139160156 1196.3936767578125 210.11044311523438 1.7572637796401978 1.7952021360397339 0.657179594039917 21.779577255249023 1.4382838010787964 28.320449829101562 -6.1289238929748535 0.1659
Pedestrian 1 1 1 119.20075988769531 166.71063232421875 142.1517333984375 204.09474182128906 0.788256049156189 1.813201904296875 0.6232799291610718 -23.554061889648438 1.5149365663528442 35.40526580810547 -7.904224872589111 0.1626
Car 1 1 1 1073.551025390625 167.039306640625 1117.34130859375 188.1477508544922 3.944101572036743 1.6102324724197388 1.6220982074737549 38.35939025878906 1.1663647890090942 57.150718688964844 -4.469991207122803 0.1617
Car 1 1 1 842.5438842773438 173.21600341796875 877.85498046875 189.88754272460938 4.015895843505859 1.4830906391143799 1.6031973361968994 22.9344482421875 1.5171077251434326 66.33905792236328 -7.9282355308532715 0.1574
Pedestrian 1 1 1 688.57763671875 169.39205932617188 707.5779418945312 218.31497192382812 0.6166453957557678 1.7012312412261963 0.6307900547981262 3.0519158840179443 1.5805468559265137 25.418983459472656 -4.646426200866699 0.1573
Car 1 1 1 0.0 0.0 1241.0 374.0 3.7719080448150635 1.5441900491714478 1.6053383350372314 1.4075075387954712 1.5792076587677002 0.3598247766494751 -7.870677471160889 0.1560
Car 1 1 1 731.1260375976562 174.938232421875 749.7586059570312 191.97483825683594 4.056602478027344 1.5019338130950928 1.5815565586090088 11.984627723693848 1.6992971897125244 66.28221893310547 -4.507525444030762 0.1559
Car 1 1 1 426.8089294433594 178.6248321533203 459.50872802734375 201.33062744140625 3.879878520965576 1.5547606945037842 1.6382150650024414 -12.098417282104492 1.9892258644104004 52.385005950927734 -7.898654460906982 0.1555
Pedestrian 1 1 1 246.2447509765625 171.33132934570312 280.440673828125 230.53045654296875 0.7776419520378113 1.7340378761291504 0.6208429932594299 -10.389809608459473 1.689136266708374 21.541717529296875 -4.652458667755127 0.1538
Car 1 1 1 196.59397888183594 179.4510498046875 248.17041015625 205.8779754638672 3.7704505920410156 1.570120930671692 1.641168236732483 -24.5823974609375 2.0068552494049072 45.826942443847656 -4.837312698364258 0.1525
Pedestrian 1 1 1 245.88186645507812 163.5595703125 276.3145751953125 215.38682556152344 0.8435059785842896 1.7955230474472046 0.615648090839386 -12.343969345092773 1.4732236862182617 25.448144912719727 -7.751908779144287 0.1517
Pedestrian 1 1 1 311.7684020996094 175.81640625 343.2269287109375 232.21144104003906 0.695377767086029 1.6449476480484009 0.531163215637207 -8.472272872924805 1.7347919940948486 21.523733139038086 -4.2149338722229 0.1517
Cyclist 1 1 1 242.70394897460938 179.15086364746094 285.3868713378906 217.15670776367188 1.7444802522659302 1.7892301082611084 0.6292012929916382 -16.540903091430664 2.0924267768859863 34.43000793457031 -3.1044921875 0.1506
Car 1 1 1 394.1683349609375 179.97967529296875 436.6182556152344 207.41891479492188 4.09138822555542 1.594384789466858 1.6566208600997925 -12.12934398651123 2.0595991611480713 45.06879425048828 -4.741183757781982 0.1505
Car 1 1 1 1041.7088623046875 166.9034881591797 1092.481201171875 188.1119384765625 4.031344413757324 1.5880022048950195 1.6218595504760742 35.43577194213867 1.1421518325805664 56.09538269042969 -4.639154434204102 0.1491
Car 1 1 1 602.2457275390625 176.84617614746094 620.8206787109375 193.8489990234375 4.0727128982543945 1.4939775466918945 1.5535666942596436 0.1453535258769989 1.8726950883865356 66.4363021850586 -4.670871257781982 0.1487
Car 1 1 1 637.4789428710938 176.28350830078125 660.84375 195.04257202148438 3.9754867553710938 1.5394487380981445 1.6224453449249268 3.3076319694519043 1.843311071395874 61.9723014831543 -4.755593776702881 0.1471
Car 1 1 1 980.2653198242188 169.79544067382812 1089.8466796875 208.8419647216797 3.8536863327026367 1.4764436483383179 1.6210163831710815 17.114547729492188 1.3604923486709595 29.344867706298828 -4.944983959197998 0.1465
Car 1 1 1 1137.7454833984375 161.55682373046875 1214.19921875 190.92869567871094 3.7352945804595947 1.6009677648544312 1.6482614278793335 32.22209548950195 0.9848943948745728 41.25609588623047 -7.774240016937256 0.1454
Cyclist 1 1 1 354.69854736328125 180.51736450195312 376.8500061035156 214.6407470703125 1.6905206441879272 1.706108808517456 0.5041524171829224 -12.657421112060547 2.1112351417541504 37.31635665893555 -4.665343761444092 0.1449
Car 1 1 1 719.0643310546875 175.09971618652344 744.4487915039062 197.52044677734375 3.959913492202759 1.6119959354400635 1.6483484506607056 9.105440139770508 1.787241816520691 54.3455696105957 -4.605208396911621 0.1448
Car 1 1 1 962.0819702148438 170.7071533203125 998.400390625 189.1980743408203 3.9215922355651855 1.5136429071426392 1.5724912881851196 31.28633689880371 1.3376033306121826 61.12109375 -4.560988426208496 0.1447
Pedestrian 1 1 1 229.48497009277344 176.71742248535156 242.0115203857422 200.5589599609375 0.6439680457115173 1.7673512697219849 0.5354019999504089 -28.053190231323242 2.0585594177246094 54.031394958496094 -7.35023832321167 0.1444
Car 1 1 1 877.3873901367188 174.91554260253906 978.3659057617188 221.4550018310547 3.8865864276885986 1.5029394626617432 1.6077654361724854 11.047639846801758 1.5811575651168823 25.47991943359375 -4.792461395263672 0.1432
Car 1 1 1 464.5395202636719 180.1908721923828 515.3204345703125 199.34046936035156 3.794743299484253 1.5089983940124512 1.6204591989517212 -9.73555850982666 2.1128671169281006 58.491458892822266 -3.080228805541992 0.1423
Pedestrian 1 1 1 652.0855102539062 171.66885375976562 668.3990478515625 201.0147247314453 0.8197946548461914 1.7864335775375366 0.5889155268669128 3.0576298236846924 1.7139872312545776 44.41001510620117 -6.960249423980713 0.1422
Car 1 1 1 305.4384765625 171.6995391845703 347.71490478515625 193.8208770751953 4.306180953979492 1.908218502998352 1.720005989074707 -25.288293838500977 1.8083328008651733 64.47359466552734 -7.746846675872803 0.1416
Car 1 1 1 0.0 0.0 1241.0 374.0 3.8726086616516113 1.534155011177063 1.6371490955352783 4.936384201049805 1.5177946090698242 1.027076005935669 -7.982279300689697 0.1415
Car 1 1 1 1011.425537109375 170.10630798339844 1053.5672607421875 189.35733032226562 4.137633323669434 1.562163233757019 1.6021562814712524 35.46084213256836 1.338895559310913 60.710445404052734 -4.573482036590576 0.1410
Pedestrian 1 1 1 265.71990966796875 176.45729064941406 277.7724609375 196.5122528076172 0.8669937252998352 1.7230374813079834 0.4877612590789795 -29.393028259277344 2.038058280944824 62.65403366088867 -4.400379180908203 0.1397
Pedestrian 1 1 1 364.1601257324219 171.79664611816406 380.0514831542969 203.45130920410156 0.9075178503990173 1.828715443611145 0.5566966533660889 -13.933782577514648 1.7673317193984985 42.1650390625 -4.6040520668029785 0.1378
Pedestrian 1 1 1 799.1146850585938 156.3878173828125 826.3598022460938 229.44235229492188 0.7586261034011841 1.7769858837127686 0.5946798920631409 5.014007091522217 1.3761612176895142 18.00994110107422 -4.356225967407227 0.1363
Cyclist 1 1 1 280.96826171875 174.58309936523438 305.7651672363281 214.52723693847656 1.7094093561172485 1.7063655853271484 0.5787826776504517 -13.977399826049805 1.7843741178512573 31.78879165649414 -4.864186763763428 0.1346
Pedestrian 1 1 1 362.77545166015625 178.7734375 380.90155029296875 215.83384704589844 0.7212101817131042 1.5920449495315552 0.5683382749557495 -10.42969799041748 1.8530421257019043 31.481889724731445 -7.881646633148193 0.1343
Car 1 1 1 574.4671630859375 178.28553771972656 598.6170654296875 200.3830108642578 3.8976211547851562 1.5640944242477417 1.6527493000030518 -1.8182170391082764 1.9858200550079346 54.05974578857422 -4.784583568572998 0.1342
Car 1 1 1 0.0 0.0 1241.0 374.0 3.7950947284698486 1.5397546291351318 1.613403558731079 -3.735623836517334 1.6215660572052002 0.6977068781852722 -7.89540433883667 0.1339
Car 1 1 1 383.3698425292969 178.15185546875 447.9049987792969 201.75721740722656 3.941087007522583 1.57001793384552 1.657674789428711 -13.327396392822266 1.9403514862060547 49.46226119995117 -3.0445003509521484 0.1336
Car 1 1 1 437.0026550292969 181.96705627441406 474.15771484375 208.88058471679688 3.9884884357452393 1.5306576490402222 1.653645396232605 -9.49673080444336 2.1175873279571533 44.45582962036133 -4.770555019378662 0.1328
Pedestrian 1 1 1 176.99026489257812 166.43125915527344 206.1673583984375 229.7378387451172 0.8047053217887878 1.8208417892456055 0.5867341160774231 -12.373050689697266 1.6358091831207275 21.248123168945312 -5.450284004211426 0.1326
Pedestrian 1 1 1 1158.4034423828125 150.57151794433594 1207.2218017578125 225.98672485351562 0.7543169260025024 1.809664011001587 0.5778292417526245 14.000517845153809 1.274673581123352 17.71521759033203 -4.80078649520874 0.1279
Pedestrian 1 1 1 108.74080657958984 168.70265197753906 148.29917907714844 235.5361328125 0.7988657355308533 1.8409632444381714 0.609028697013855 -13.609907150268555 1.7263121604919434 20.324968338012695 -2.6831722259521484 0.1276
Car 1 1 1 379.1119689941406 178.14463806152344 421.3800354003906 208.42286682128906 3.978027105331421 1.5895075798034668 1.640867829322815 -11.799711227416992 1.9025887250900269 40.670135498046875 -4.8253045082092285 0.1267
Pedestrian 1 1 1 379.1874084472656 172.42359924316406 391.8507080078125 201.69284057617188 0.8464191555976868 1.7944074869155884 0.6511448621749878 -13.940531730651855 1.7677204608917236 44.70966720581055 -8.032954216003418 0.1254
Car 1 1 1 481.0411682128906 177.26502990722656 501.287109375 196.86814880371094 4.0043439865112305 1.6492528915405273 1.6629972457885742 -10.49251937866211 2.051469087600708 63.74516296386719 -4.849400997161865 0.1253
Pedestrian 1 1 1 882.8956298828125 166.5404510498047 898.5654296875 198.14938354492188 0.7578569650650024 1.8522377014160156 0.6389539241790771 16.607839584350586 1.4819728136062622 42.77644729614258 -3.9795360565185547 0.1251
Pedestrian 1 1 1 641.6517333984375 174.22975158691406 655.2907104492188 198.61643981933594 0.8097609877586365 1.7537078857421875 0.5775518417358398 2.7649688720703125 1.8542641401290894 52.4189453125 -6.951198577880859 0.1249
Cyclist 1 1 1 389.55926513671875 171.39804077148438 415.375244140625 218.44898986816406 1.6322861909866333 1.7114711999893188 0.5530371069908142 -7.817259788513184 1.6582114696502686 27.071269989013672 -4.747887134552002 0.1238
Pedestrian 1 1 1 1226.5589599609375 167.39710998535156 1241.0 219.02418518066406 0.6625882387161255 1.74611234664917 0.6048924922943115 21.706298828125 1.5612515211105347 24.794086456298828 -3.457942485809326 0.1236
Pedestrian 1 1 1 301.9222106933594 172.90870666503906 315.7760925292969 196.48062133789062 0.8721823692321777 1.8525761365890503 0.5369493365287781 -23.907167434692383 1.8566534519195557 57.220794677734375 -7.370421886444092 0.1234
Car 1 1 1 122.32398223876953 169.87892150878906 190.27903747558594 202.1480712890625 3.776796817779541 1.6642481088638306 1.6306564807891846 -24.57975959777832 1.510511875152588 39.176597595214844 -7.959921360015869 0.1232
Car 1 1 1 0.0 187.30364990234375 4.144577980041504 374.0 3.9705140590667725 1.523220181465149 1.638779640197754 -6.922417163848877 1.6671333312988281 5.215386390686035 -4.713102340698242 0.1232
Car 1 1 1 194.3919677734375 187.11073303222656 260.1805419921875 220.9291229248047 3.882077932357788 1.4902015924453735 1.6788986921310425 -18.810928344726562 2.2330193519592285 35.564144134521484 -4.863470554351807 0.1232
Pedestrian 1 1 1 795.1669311523438 172.34864807128906 818.4276123046875 224.07066345214844 0.6284879446029663 1.4773765802383423 0.5197927355766296 5.654735088348389 1.462641716003418 20.93267059326172 -4.678708553314209 0.1227
Car 1 1 1 962.5908203125 177.8419647216797 1111.5164794921875 240.61082458496094 3.9344382286071777 1.5055115222930908 1.6091463565826416 11.36210823059082 1.654638409614563 19.619388580322266 -4.74997615814209 0.1221
Cyclist 1 1 1 672.9092407226562 178.87767028808594 689.0811767578125 216.30157470703125 1.7594003677368164 1.7746690511703491 0.6581849455833435 3.4315261840820312 2.0772106647491455 35.388450622558594 -7.830968379974365 0.1220
Car 1 1 1 0.0 0.0 1241.0 374.0 3.7634453773498535 1.5570627450942993 1.5968044996261597 -1.175201177597046 1.6060175895690918 0.10192421078681946 -7.904024600982666 0.1217
Pedestrian 1 1 1 340.4643249511719 169.64315795898438 362.7977294921875 212.21319580078125 0.7149459719657898 1.6863082647323608 0.6178735494613647 -10.407020568847656 1.5588186979293823 28.953866958618164 -4.664279937744141 0.1217
Car 1 1 1 777.3087768554688 178.64865112304688 816.5858764648438 202.3770294189453 4.041934013366699 1.5578581094741821 1.6386858224868774 12.971872329711914 1.9786312580108643 50.398040771484375 -4.727692604064941 0.1216
Car 1 1 1 96.57996368408203 179.64385986328125 139.52459716796875 204.4648895263672 3.989999532699585 1.6478874683380127 1.6378930807113647 -34.901527404785156 2.1500437259674072 51.238739013671875 -8.217399597167969 0.1214
Car 1 1 1 681.4592895507812 172.8857879638672 714.0684204101562 190.80325317382812 4.138391017913818 1.637097954750061 1.6781549453735352 8.227584838867188 1.6398959159851074 68.14543151855469 -8.101083755493164 0.1207
Car 1 1 1 987.0498046875 171.11578369140625 1030.99072265625 189.52218627929688 4.060969352722168 1.5140888690948486 1.5703160762786865 33.86905288696289 1.3708044290542603 61.40192794799805 -7.829508304595947 0.1195
Car 1 1 1 753.272705078125 175.740478515625 784.9818115234375 194.4063262939453 4.103080749511719 1.4988454580307007 1.6303783655166626 13.308343887329102 1.7495262622833252 60.65996170043945 -7.888601779937744 0.1192
Car 1 1 1 569.5506591796875 178.899658203125 588.8897094726562 196.99560546875 3.9704020023345947 1.5141552686691284 1.580340027809143 -2.7694790363311768 2.06528902053833 63.774208068847656 -4.786728858947754 0.1177
Car 1 1 1 859.2289428710938 177.79039001464844 1104.1368408203125 258.35113525390625 3.9706521034240723 1.4764479398727417 1.5988582372665405 7.090426445007324 1.578421711921692 14.136171340942383 -3.134831428527832 0.1177
Car 1 1 1 220.7838897705078 178.99705505371094 289.0698547363281 216.52223205566406 3.8157644271850586 1.5166221857070923 1.6101595163345337 -15.607797622680664 1.8043149709701538 31.822208404541016 -4.85749626159668 0.1175
Pedestrian 1 1 1 333.97332763671875 169.15850830078125 347.0144348144531 202.5065460205078 0.8603630065917969 1.7745113372802734 0.605305552482605 -14.574593544006348 1.5775671005249023 38.91063690185547 -8.274739265441895 0.1167
Car 1 1 1 1185.056640625 156.9955596923828 1241.0 224.7644805908203 3.5263054370880127 1.5839377641677856 1.6416200399398804 17.1442928314209 1.2129844427108765 18.684066772460938 -7.929177761077881 0.1165
Car 1 1 1 1030.2095947265625 164.39833068847656 1131.171630859375 193.64395141601562 4.187055587768555 1.4969182014465332 1.593613862991333 24.61353302001953 1.0638206005096436 37.893978118896484 -3.0611186027526855 0.1162
Car 1 1 1 1241.0 154.39894104003906 1241.0 374.0 3.9750301837921143 1.5324803590774536 1.626963496208191 6.504888534545898 1.4851031303405762 3.866678237915039 -4.7629594802856445 0.1161
Car 1 1 1 213.11537170410156 178.23451232910156 246.36415100097656 198.93980407714844 3.966416120529175 1.5089471340179443 1.595108985900879 -29.398296356201172 1.9408094882965088 55.822696685791016 -8.159417152404785 0.1161
Car 1 1 1 229.1721954345703 182.64488220214844 306.1139221191406 223.4855499267578 3.9156901836395264 1.471953272819519 1.5593816041946411 -13.696332931518555 1.892626166343689 28.999574661254883 -4.809048175811768 0.1161
Car 1 1 1 1091.567138671875 164.3365936279297 1157.4471435546875 193.89683532714844 3.931253671646118 1.6265716552734375 1.646628975868225 29.669368743896484 1.1575952768325806 41.79310607910156 -4.512369155883789 0.1160
Car 1 1 1 558.8088989257812 177.5753173828125 576.603271484375 194.3375701904297 3.9698431491851807 1.5124088525772095 1.5949933528900146 -4.0472588539123535 1.9723520278930664 68.29478454589844 -4.792202472686768 0.1160
Car 1 1 1 587.314208984375 177.879638671875 614.8401489257812 196.93865966796875 3.8931567668914795 1.5295079946517944 1.550838828086853 -0.812990665435791 1.9689521789550781 61.06520080566406 -4.93445348739624 0.1158
Pedestrian 1 1 1 1179.63916015625 156.13540649414062 1217.2481689453125 222.55702209472656 0.7423929572105408 1.7684030532836914 0.5510455965995789 15.956256866455078 1.322988748550415 19.628887176513672 -6.777950763702393 0.1153
Pedestrian 1 1 1 971.0891723632812 165.83135986328125 988.1948852539062 207.51222229003906 0.5868990421295166 1.745901346206665 0.5876275897026062 15.629902839660645 1.4514415264129639 30.603078842163086 -7.484396457672119 0.1148
Car 1 1 1 89.3724365234375 176.90029907226562 155.1730194091797 208.70399475097656 3.9551289081573486 1.6595311164855957 1.6485503911972046 -27.173429489135742 1.896936058998108 40.28621292114258 -4.911028861999512 0.1146
Pedestrian 1 1 1 61.76255416870117 169.3851318359375 83.3665771484375 204.2642822265625 0.8528470993041992 1.8425230979919434 0.6147118210792542 -28.776287078857422 1.6589771509170532 38.59154510498047 -8.038809776306152 0.1142
Cyclist 1 1 1 1168.851318359375 164.17405700683594 1225.83349609375 207.883544921875 1.7660220861434937 1.787679672241211 0.6387028098106384 24.30286979675293 1.4323776960372925 29.92983055114746 -6.166992664337158 0.1137
Car 1 1 1 41.67561721801758 177.7161407470703 135.03500366210938 213.48214721679688 3.897429943084717 1.5673437118530273 1.6467291116714478 -24.578754425048828 1.8101613521575928 34.11574172973633 -4.729800701141357 0.1135
Car 1 1 1 169.45787048339844 173.38906860351562 208.87960815429688 197.81930541992188 3.9997854232788086 1.633658528327942 1.6795024871826172 -29.43182945251465 1.6724209785461426 50.510189056396484 -5.055526256561279 0.1134
Car 1 1 1 380.1085205078125 182.3566131591797 430.20623779296875 216.37545776367188 4.009479999542236 1.4904965162277222 1.6287256479263306 -9.860899925231934 1.976374626159668 34.843421936035156 -4.806410312652588 0.1122
Pedestrian 1 1 1 283.1317138671875 170.99142456054688 292.09503173828125 196.4651336669922 0.8074830174446106 1.8674334287643433 0.5626444220542908 -23.88248062133789 1.7305912971496582 53.38230895996094 -8.32790470123291 0.1121
Car 1 1 1 526.0175170898438 179.12863159179688 548.6730346679688 198.29934692382812 4.011875629425049 1.5756639242172241 1.6981983184814453 -6.302370071411133 2.1380298137664795 62.66896057128906 -4.746430397033691 0.1120
Car 1 1 1 1200.767578125 160.8817596435547 1241.0 191.5252685546875 4.040227890014648 1.6431587934494019 1.6574112176895142 36.062355041503906 1.000886082649231 40.82192611694336 -8.02524471282959 0.1116
Car 1 1 1 348.75537109375 179.71127319335938 387.787353515625 206.33412170410156 3.9241209030151367 1.570908784866333 1.6241308450698853 -15.283380508422852 2.024256467819214 45.68278503417969 -4.842947006225586 0.1109
Car 1 1 1 402.8409423828125 179.50048828125 432.4950256347656 203.29782104492188 3.85925555229187 1.6253083944320679 1.6563228368759155 -13.9675874710083 2.126788377761841 52.443111419677734 -4.858772277832031 0.1108
Car 1 1 1 805.4547119140625 174.29840087890625 844.2730102539062 193.55210876464844 3.7640597820281982 1.5382944345474243 1.6368204355239868 17.77402114868164 1.6619348526000977 59.929927825927734 -8.00599193572998 0.1107
Car 1 1 1 518.153564453125 178.12022399902344 547.85888671875 204.4068145751953 3.961555004119873 1.6181981563568115 1.6617363691329956 -5.032018184661865 1.9772939682006836 47.23228073120117 -4.748371601104736 0.1104
Car 1 1 1 551.8991088867188 177.64871215820312 575.8981323242188 200.50697326660156 3.9360947608947754 1.5999059677124023 1.6627790927886963 -3.404214859008789 1.9672980308532715 53.336185455322266 -4.748063087463379 0.1082
Car 1 1 1 547.6106567382812 179.01026916503906 566.9925537109375 197.49327087402344 4.022173881530762 1.5483803749084473 1.6398686170578003 -4.660107612609863 2.1105058193206787 63.865760803222656 -4.766919136047363 0.1071
Car 1 1 1 926.9913330078125 177.02439880371094 1204.2796630859375 298.7771301269531 4.046736240386963 1.4897912740707397 1.5992910861968994 6.51327657699585 1.5649434328079224 11.011541366577148 -4.737381458282471 0.1070
Pedestrian 1 1 1 749.89697265625 172.35223388671875 772.24169921875 215.1708984375 0.746902585029602 1.6710087060928345 0.5853888988494873 5.951659202575684 1.6511268615722656 28.632431030273438 -4.016066074371338 0.1068
Pedestrian 1 1 1 1093.3770751953125 155.07962036132812 1138.1483154296875 226.3618927001953 0.7606194615364075 1.798890233039856 0.5878992080688477 13.036730766296387 1.3500335216522217 18.68031120300293 -5.174531936645508 0.1066
Pedestrian 1 1 1 252.64959716796875 171.59893798828125 266.8444519042969 199.27285766601562 0.8078007698059082 1.8461934328079224 0.6307925581932068 -23.60727310180664 1.7621651887893677 48.57402801513672 -7.97298002243042 0.1066
Car 1 1 1 0.0 184.62794494628906 0.0 372.0299072265625 4.104493618011475 1.5467461347579956 1.6202090978622437 -9.850749015808105 1.7177565097808838 8.361095428466797 -4.837396621704102 0.1062
Car 1 1 1 1225.8929443359375 170.81881713867188 1241.0 276.0986328125 3.963205099105835 1.5057127475738525 1.6297987699508667 12.938583374023438 1.4763054847717285 12.318848609924316 -4.689919948577881 0.1049
Car 1 1 1 1234.8238525390625 167.7593231201172 1241.0 301.9598693847656 3.993479013442993 1.5045746564865112 1.6090000867843628 10.364774703979492 1.4471561908721924 8.962549209594727 -6.317794322967529 0.1046
Pedestrian 1 1 1 425.6784362792969 174.71890258789062 437.0670471191406 196.2544403076172 0.7574068903923035 1.7413408756256104 0.547252357006073 -14.601391792297363 1.8944129943847656 58.88145446777344 -7.414096355438232 0.1045
Cyclist 1 1 1 463.89764404296875 177.87985229492188 473.51806640625 201.03759765625 1.6801832914352417 1.7182294130325317 0.4538121223449707 -10.744344711303711 2.105189323425293 54.750343322753906 -7.8862786293029785 0.1045
Car 1 1 1 115.73045349121094 183.64576721191406 200.7782745361328 221.30154418945312 3.8228366374969482 1.5221110582351685 1.5769373178482056 -20.111541748046875 2.03320574760437 32.23859405517578 -4.769397258758545 0.1043
Car 1 1 1 3.7999236583709717 174.1373291015625 97.9689712524414 208.24949645996094 3.8850934505462646 1.6026288270950317 1.7508350610733032 -27.81490135192871 1.6698635816574097 36.00847625732422 -7.876999378204346 0.1040
Car 1 1 1 727.29736328125 177.92930603027344 771.8805541992188 208.44459533691406 3.8193328380584717 1.48225736618042 1.611689567565918 7.176081657409668 1.7599296569824219 37.60197067260742 -7.845587253570557 0.1038
Car 1 1 1 776.2761840820312 175.3618927001953 810.5935668945312 193.15811157226562 3.8933587074279785 1.483026385307312 1.6112314462661743 15.878833770751953 1.7077852487564087 62.72527313232422 -7.968177318572998 0.1037
Car 1 1 1 461.67236328125 179.42242431640625 493.3283996582031 204.72042846679688 3.988201141357422 1.5893887281417847 1.6546049118041992 -8.883108139038086 2.048689603805542 48.44070816040039 -4.781269550323486 0.1035
Pedestrian 1 1 1 214.8271026611328 173.94320678710938 229.7594451904297 203.82333374023438 0.5465462803840637 1.7986998558044434 0.5879204869270325 -23.579044342041016 1.8650877475738525 43.818634033203125 -4.359923839569092 0.1035
Car 1 1 1 721.5033569335938 175.97669982910156 743.20654296875 194.5452880859375 4.054864883422852 1.5149779319763184 1.563790202140808 10.401816368103027 1.7906527519226074 61.67086410522461 -4.610044479370117 0.1033
Car 1 1 1 963.1600952148438 164.9987030029297 1009.0857543945312 189.9744415283203 4.281618118286133 1.8347142934799194 1.692503571510315 28.68961524963379 1.2573639154434204 55.22718048095703 -7.740039348602295 0.1031
Pedestrian 1 1 1 89.75296020507812 161.6301727294922 128.2812042236328 239.45713806152344 0.7615212798118591 1.860672116279602 0.5763214230537415 -12.349225997924805 1.592034935951233 17.711687088012695 -2.479910373687744 0.1028
Pedestrian 1 1 1 170.94439697265625 166.3006591796875 195.9058837890625 227.2783203125 0.7770206332206726 1.806483268737793 0.6115646362304688 -12.980250358581543 1.6120386123657227 21.868587493896484 -5.298253536224365 0.1023
Car 1 1 1 673.14794921875 177.5362091064453 708.2830810546875 205.78549194335938 3.815472364425659 1.5470424890518188 1.6163034439086914 4.62161922454834 1.8320307731628418 42.05513381958008 -4.713053226470947 0.1014
Cyclist 1 1 1 408.8567199707031 173.15687561035156 437.853515625 220.00453186035156 1.687755823135376 1.7411829233169556 0.5761997699737549 -7.191423416137695 1.752867341041565 27.689773559570312 -4.645211219787598 0.1014
Car 1 1 1 961.7260131835938 172.76425170898438 1069.74853515625 220.36514282226562 3.5764896869659424 1.4969135522842407 1.542623519897461 13.6041898727417 1.4937909841537476 24.51017189025879 -4.755537986755371 0.1014
Car 1 1 1 880.5802612304688 171.82582092285156 925.8600463867188 192.0956573486328 3.979022264480591 1.5124597549438477 1.5680382251739502 22.627826690673828 1.4354397058486938 55.8968391418457 -7.954881191253662 0.1008
Car 1 1 1 620.021728515625 176.7882080078125 638.5844116210938 193.96876525878906 4.128574371337891 1.5096524953842163 1.6111830472946167 1.7285971641540527 1.882755994796753 66.4155044555664 -4.708595275878906 0.1008
Pedestrian 1 1 1 124.2055892944336 161.1068878173828 164.04159545898438 237.3257598876953 0.7656775116920471 1.8570606708526611 0.5900788903236389 -11.69902515411377 1.5705443620681763 18.04094886779785 -2.533970594406128 0.1007
