Car 1 1 1 0.0 199.01910400390625 122.1011734008789 269.8210754394531 3.924459457397461 1.522796869277954 1.7190407514572144 -14.484851837158203 2.2716031074523926 18.781484603881836 -2.4873969554901123 0.7987
Pedestrian 1 1 1 713.8514404296875 157.40159606933594 771.9779052734375 251.82012939453125 0.9343476295471191 1.7200806140899658 0.5268818140029907 2.434880256652832 1.4382747411727905 13.53516960144043 -3.4435977935791016 0.5059
Pedestrian 1 1 1 470.643310546875 175.3979034423828 496.5255126953125 223.2977294921875 0.7121195197105408 1.6726993322372437 0.5655394196510315 -4.54730749130249 1.7646106481552124 25.699634552001953 -7.179354190826416 0.3747
Car 1 1 1 346.071533203125 166.41500854492188 444.25146484375 211.8557586669922 3.6077096462249756 1.486189842224121 1.5728710889816284 -7.55551290512085 1.275295615196228 25.556522369384766 -4.402068138122559 0.3392
Pedestrian 1 1 1 249.2243194580078 181.68019104003906 280.1062927246094 237.516357421875 0.8139604926109314 1.7724733352661133 0.6829633116722107 -11.333730697631836 2.066859245300293 23.578468322753906 -3.7440452575683594 0.2908
Pedestrian 1 1 1 153.01783752441406 190.60206604003906 178.44676208496094 226.59434509277344 0.8490999341011047 1.7677363157272339 0.756894588470459 -22.37225341796875 2.6703426837921143 36.28208923339844 -6.399206638336182 0.2898
Pedestrian 1 1 1 369.99554443359375 159.91220092773438 389.8713684082031 205.7994842529297 0.5528256893157959 1.8083713054656982 0.5933182239532471 -9.201915740966797 1.2980482578277588 28.73029899597168 -4.646920204162598 0.2833
Car 1 1 1 0.0 196.5644073486328 82.69136047363281 251.77639770507812 3.5022850036621094 1.5072485208511353 1.568806529045105 -18.790935516357422 2.329380750656128 23.16322898864746 -8.0364990234375 0.1982
Pedestrian 1 1 1 193.5111846923828 182.29685974121094 225.54611206054688 237.39395141601562 0.790809690952301 1.8522179126739502 0.750152587890625 -13.915385246276855 2.186068058013916 24.987850189208984 -3.933725357055664 0.1690
Pedestrian 1 1 1 522.248779296875 154.50784301757812 586.4886474609375 263.18829345703125 0.9804496169090271 1.8225363492965698 0.5459768772125244 -1.0251309871673584 1.5145771503448486 12.582791328430176 -2.613436460494995 0.1608
Pedestrian 1 1 1 0.0 157.690185546875 23.69162940979004 197.6029510498047 0.887497067451477 1.8223024606704712 0.6116765737533569 -27.837879180908203 1.1296660900115967 33.38723373413086 -7.853503704071045 0.1606
Pedestrian 1 1 1 397.8383483886719 178.33998107910156 424.7572021484375 238.4147186279297 0.5517885088920593 1.663159966468811 0.6011786460876465 -5.636806011199951 1.8193790912628174 20.306373596191406 -4.699856758117676 0.1599
Pedestrian 1 1 1 889.324951171875 151.8845977783203 932.7654418945312 232.1330108642578 0.8451406359672546 1.7855933904647827 0.6815792322158813 6.8187479972839355 1.31870698928833 16.49997901916504 -4.643029689788818 0.1509
Pedestrian 1 1 1 1001.52197265625 158.9368896484375 1023.7554321289062 213.94305419921875 0.39125046133995056 1.837136149406433 0.5397603511810303 13.570767402648926 1.3720223903656006 24.409624099731445 -3.402278184890747 0.1352
Pedestrian 1 1 1 306.66546630859375 172.83238220214844 337.3920593261719 232.59703063964844 0.8272795677185059 1.7265594005584717 0.6198133230209351 -8.532614707946777 1.725635051727295 21.27920150756836 -4.7830047607421875 0.1231
Pedestrian 1 1 1 168.09957885742188 169.94052124023438 190.4508514404297 200.8367462158203 1.065761923789978 1.8457401990890503 0.4552781879901886 -25.910688400268555 1.6713889837265015 43.35144805908203 -3.177767753601074 0.1140
Pedestrian 1 1 1 426.3424377441406 165.57794189453125 450.913818359375 213.98094177246094 0.6365228891372681 1.722011685371399 0.6081139445304871 -6.237105846405029 1.4628547430038452 26.078779220581055 -7.470188617706299 0.1114
Pedestrian 1 1 1 267.2897644042969 170.3315887451172 296.3216552734375 230.5695037841797 0.7812756299972534 1.8661878108978271 0.6557462811470032 -10.434969902038574 1.7877426147460938 22.831233978271484 -3.6568446159362793 0.1063
Pedestrian 1 1 1 164.8241729736328 190.43836975097656 201.3013458251953 246.92005920410156 0.7480457425117493 1.612363576889038 0.5882847905158997 -12.622303009033203 2.1402575969696045 21.263120651245117 -4.577386379241943 0.1062
