Car 1 1 1 429.1177673339844 181.4087371826172 495.864013671875 225.2595672607422 3.7962138652801514 1.4106441736221313 1.6402965784072876 -5.014835834503174 1.2883347272872925 25.04123306274414 -7.8767008781433105 0.9797
Car 1 1 1 575.2918090820312 173.25697326660156 623.7545776367188 217.24295043945312 3.551866292953491 1.5080111026763916 1.6617130041122437 -0.3351920247077942 1.0981769561767578 26.425413131713867 -7.859171390533447 0.9314
Car 1 1 1 0.0 191.0172882080078 176.0499725341797 315.6787109375 3.805605173110962 1.4872465133666992 1.6135265827178955 -8.426473617553711 1.5889301300048828 10.66699504852295 -7.8414082527160645 0.8941
Car 1 1 1 201.77294921875 156.33447265625 432.420654296875 294.4283142089844 4.775484561920166 1.9059053659439087 1.8477438688278198 -4.671590805053711 1.5074578523635864 12.350366592407227 -7.8063063621521 0.8562
Car 1 1 1 15.799687385559082 190.17550659179688 187.1344451904297 255.30929565429688 4.189934253692627 1.4251837730407715 1.6458500623703003 -12.617820739746094 1.5658422708511353 18.210426330566406 -7.932857990264893 0.6916
Car 1 1 1 194.7217254638672 179.85284423828125 287.8797912597656 222.6725616455078 3.933373212814331 1.4151533842086792 1.5858192443847656 -13.053303718566895 1.238073468208313 25.778656005859375 -7.9298176765441895 0.6175
Car 1 1 1 411.96246337890625 176.780517578125 452.55096435546875 205.78900146484375 3.973696708679199 1.4341164827346802 1.5614935159683228 -9.154731750488281 1.0172568559646606 37.59862518310547 -7.962890148162842 0.4299
Car 1 1 1 376.91253662109375 176.05284118652344 417.9698181152344 200.31137084960938 3.800196409225464 1.4872665405273438 1.627392053604126 -13.429628372192383 0.9256585836410522 45.997798919677734 -7.886358737945557 0.3548
Car 1 1 1 524.3408203125 174.4153594970703 550.6033935546875 197.29904174804688 3.7709922790527344 1.463678002357483 1.5223294496536255 -4.67317008972168 0.7730284333229065 47.89213180541992 -7.891811847686768 0.3525
Car 1 1 1 448.0878601074219 173.39404296875 485.9680480957031 200.0854034423828 4.182478427886963 1.667641282081604 1.6736925840377808 -9.173550605773926 0.9291969537734985 47.00705337524414 -7.857132434844971 0.1564
Pedestrian 1 1 1 1120.2470703125 149.89764404296875 1240.0 319.48468017578125 0.9135558009147644 1.8156572580337524 0.6377580165863037 6.377090930938721 1.4376872777938843 8.071419715881348 -6.153920650482178 0.1130
Car 1 1 1 5.74876070022583 155.13653564453125 82.16656494140625 187.82009887695312 4.415415287017822 2.1310670375823975 1.743406891822815 -38.403743743896484 0.16997180879116058 49.08353042602539 -7.849090099334717 0.1109
Pedestrian 1 1 1 1000.8688354492188 157.06564331054688 1061.2030029296875 274.70721435546875 0.6194406151771545 1.7914860248565674 0.5674682259559631 6.569795608520508 1.3629646301269531 11.27071762084961 -7.9047980308532715 0.1077
Car 1 1 1 566.4506225585938 177.37100219726562 590.0784301757812 198.9890594482422 3.944319725036621 1.4578166007995605 1.5928943157196045 -2.064262866973877 0.9289659857749939 50.467803955078125 -7.879271984100342 0.1010
