Car 1 1 1 597.6920776367188 180.42593383789062 667.0157470703125 246.093994140625 3.620781421661377 1.558915615081787 1.6864761114120483 0.513579785823822 1.7809783220291138 19.368885040283203 -7.842092037200928 0.9707
Car 1 1 1 327.55413818359375 177.03387451171875 399.03656005859375 227.28695678710938 4.046985149383545 1.9442319869995117 1.6141127347946167 -10.29553508758545 2.1310524940490723 30.276647567749023 -4.711207389831543 0.9536
Car 1 1 1 141.6924285888672 193.89810180664062 341.3742980957031 293.449951171875 4.15809440612793 1.51992666721344 1.7002862691879272 -6.913560390472412 1.988757610321045 13.992897987365723 -4.696653366088867 0.9302
Car 1 1 1 451.40606689453125 182.8575897216797 507.74993896484375 223.86087036132812 4.033191680908203 1.6523021459579468 1.6221967935562134 -5.7721638679504395 2.1258208751678467 32.1257209777832 -4.66904354095459 0.9170
Car 1 1 1 254.37147521972656 185.35675048828125 356.7946472167969 237.87513732910156 4.208798408508301 1.5410523414611816 1.6312658786773682 -10.148119926452637 1.998347282409668 24.293437957763672 -4.6997904777526855 0.8546
Car 1 1 1 71.2578125 187.71896362304688 190.0920867919922 240.46102905273438 3.302452564239502 1.462483525276184 1.5174583196640015 -14.923332214355469 1.9617974758148193 22.595767974853516 -4.707079887390137 0.8282
Car 1 1 1 411.6355895996094 183.084228515625 463.9584045410156 213.22549438476562 4.107853412628174 1.5428988933563232 1.6557830572128296 -9.628514289855957 2.1466472148895264 40.48737716674805 -4.628384590148926 0.7985
Car 1 1 1 672.4519653320312 180.1285400390625 762.44921875 217.92190551757812 3.8916544914245605 1.473109483718872 1.64306640625 4.574317932128906 1.8017760515213013 30.740175247192383 -6.990576267242432 0.7497
Car 1 1 1 702.5772705078125 178.3062744140625 797.3508911132812 228.37252807617188 3.287403106689453 1.5342845916748047 1.5609599351882935 4.688410758972168 1.7298592329025269 24.203601837158203 -7.074711322784424 0.7475
Car 1 1 1 525.8893432617188 181.62513732910156 559.2582397460938 207.7350311279297 4.0488128662109375 1.620521068572998 1.679499864578247 -4.493587970733643 2.2315289974212646 48.227420806884766 -4.66687536239624 0.6583
Car 1 1 1 774.411865234375 176.01669311523438 966.9153442382812 275.458984375 4.143507480621338 1.5380007028579712 1.756381630897522 4.890134334564209 1.6054656505584717 13.375953674316406 -7.066195964813232 0.6324
Car 1 1 1 88.95758056640625 181.94100952148438 205.30615234375 219.248046875 4.620638370513916 1.5171031951904297 1.5560840368270874 -21.023582458496094 1.96256422996521 32.96104049682617 -4.4446635246276855 0.5795
Car 1 1 1 495.25848388671875 183.2386474609375 528.7481689453125 205.6848907470703 3.964726209640503 1.5305359363555908 1.5023936033248901 -7.2060370445251465 2.324936628341675 53.15973663330078 -4.59431266784668 0.4591
Car 1 1 1 603.6671142578125 177.0243377685547 636.9168701171875 204.42674255371094 3.823474407196045 1.5117566585540771 1.627137541770935 0.610358476638794 1.7679617404937744 42.3950309753418 -7.752048969268799 0.4253
Car 1 1 1 582.52734375 181.8838348388672 601.0411987304688 198.9665985107422 4.115977764129639 1.5185284614562988 1.6102066040039062 -1.7206653356552124 2.3999714851379395 68.39022827148438 -4.701763153076172 0.3885
Cyclist 1 1 1 506.49591064453125 179.56809997558594 552.897705078125 224.08680725097656 1.7417248487472534 1.6996488571166992 0.6402697563171387 -3.214770793914795 1.9723525047302246 28.56022071838379 -6.926147937774658 0.3706
Pedestrian 1 1 1 1084.272705078125 208.24205017089844 1165.054443359375 337.5956726074219 0.606846272945404 1.28490149974823 0.42333361506462097 5.37365198135376 1.6741461753845215 7.638152599334717 -4.707790851593018 0.2472
Car 1 1 1 390.8360290527344 179.16250610351562 441.01666259765625 205.0600128173828 3.7580175399780273 1.4575905799865723 1.5057340860366821 -11.68920612335205 1.8553396463394165 43.550262451171875 -4.548150062561035 0.2309
Car 1 1 1 212.70867919921875 179.86282348632812 309.5082702636719 214.50515747070312 3.753598213195801 1.4142531156539917 1.5360431671142578 -15.569572448730469 1.747342586517334 32.29824447631836 -4.256242752075195 0.2113
Car 1 1 1 617.7363891601562 181.10513305664062 642.118408203125 203.27610778808594 3.943148612976074 1.5420506000518799 1.7462198734283447 1.454430103302002 2.178288221359253 53.66707992553711 -4.6831135749816895 0.1696
Pedestrian 1 1 1 290.1285400390625 142.45965576171875 388.0025329589844 315.4294128417969 0.8985220789909363 1.8721023797988892 0.505720853805542 -3.087873697280884 1.5428354740142822 8.107989311218262 -6.1781325340271 0.1628
Car 1 1 1 475.884765625 186.3073272705078 519.1791381835938 209.91786193847656 4.353167533874512 1.4326907396316528 1.7481435537338257 -7.55238151550293 2.3815810680389404 48.638389587402344 -4.586203575134277 0.1041
Car 1 1 1 657.8097534179688 186.81007385253906 690.5068359375 213.90892028808594 3.8397982120513916 1.4654438495635986 1.599937915802002 3.736680030822754 2.332390069961548 42.917030334472656 -4.712688446044922 0.1021
