Car 1 1 1 672.4338989257812 170.57272338867188 712.1666870117188 205.8404541015625 3.626342535018921 1.4731767177581787 1.5909664630889893 3.659606695175171 1.3775850534439087 32.056034088134766 -7.694456577301025 0.9121
Car 1 1 1 593.0211181640625 173.91925048828125 638.9203491210938 202.0529022216797 3.8983535766601562 1.500025987625122 1.5577019453048706 0.35183432698249817 1.5629308223724365 40.72036361694336 -4.418707847595215 0.8112
Pedestrian 1 1 1 507.3709716796875 175.09182739257812 525.7176513671875 217.7488555908203 0.78302401304245 1.7572195529937744 0.6033911108970642 -3.9488070011138916 1.851834774017334 30.185138702392578 -4.618227005004883 0.3640
Pedestrian 1 1 1 164.2024383544922 182.2170867919922 206.05862426757812 246.22364807128906 0.8741208910942078 1.7364293336868286 0.7137504816055298 -12.000998497009277 2.0068016052246094 20.298458099365234 -3.9055685997009277 0.2979
Cyclist 1 1 1 722.836181640625 148.17137145996094 751.7156372070312 191.41738891601562 1.6282626390457153 1.7748992443084717 0.5585426092147827 5.317357540130615 0.7615768909454346 30.472232818603516 -4.978895664215088 0.2019
Pedestrian 1 1 1 353.6246337890625 156.3369903564453 398.7176513671875 234.94944763183594 1.083675742149353 1.8811217546463013 0.9206361174583435 -5.878787040710449 1.4855856895446777 17.95523452758789 -5.170338153839111 0.1913
Pedestrian 1 1 1 114.01409149169922 183.8961181640625 146.10162353515625 242.38748168945312 0.6707515120506287 1.72580885887146 0.6216033101081848 -14.568620681762695 2.0659172534942627 21.842254638671875 -4.9605937004089355 0.1650
Pedestrian 1 1 1 891.972412109375 152.54977416992188 925.5169067382812 220.92807006835938 0.6827082633972168 1.7940683364868164 0.6083675026893616 7.922741413116455 1.2610384225845337 19.275955200195312 -4.723415374755859 0.1578
Pedestrian 1 1 1 557.4885864257812 167.35031127929688 575.1200561523438 198.46250915527344 1.0223067998886108 1.8323358297348022 0.47962096333503723 -2.6214749813079834 1.5078994035720825 42.742313385009766 -3.157097816467285 0.1460
Car 1 1 1 621.8771362304688 175.1103973388672 652.8732299804688 199.82911682128906 3.933379650115967 1.5389750003814697 1.642917513847351 1.72038996219635 1.6929036378860474 47.30433654785156 -4.774715423583984 0.1443
Pedestrian 1 1 1 969.68310546875 149.8938446044922 1094.908203125 353.0184631347656 0.7836300730705261 1.7708659172058105 0.6841610670089722 3.9081733226776123 1.5703965425491333 6.801275730133057 -8.382193565368652 0.1442
Cyclist 1 1 1 374.0849914550781 149.31471252441406 424.1283874511719 202.69647216796875 1.5217305421829224 1.760424017906189 0.5849348306655884 -7.194380760192871 0.9838452339172363 24.47762680053711 -3.7674660682678223 0.1141
Pedestrian 1 1 1 1122.4207763671875 31.038301467895508 1241.0 374.0 0.7146477699279785 1.8625738620758057 0.5946921706199646 3.0525434017181396 1.241315245628357 3.6213176250457764 -5.29484748840332 0.1041
Pedestrian 1 1 1 443.2912292480469 180.95982360839844 466.22222900390625 232.53176879882812 0.4538233280181885 1.6176220178604126 0.6306679844856262 -4.97835636138916 1.8774911165237427 22.931190490722656 -4.710072994232178 0.1038
Pedestrian 1 1 1 127.7127456665039 174.5946044921875 157.05821228027344 232.32647705078125 0.6323864459991455 1.7671438455581665 0.6108971834182739 -14.620841979980469 1.822053074836731 22.497684478759766 -4.99270486831665 0.1023
