Car 1 1 1 53.65969467163086 185.60623168945312 375.4163818359375 313.5964660644531 4.360587120056152 1.464693307876587 1.6357358694076538 -5.709814071655273 1.700799822807312 11.048556327819824 -7.524936199188232 0.9712
Car 1 1 1 418.85626220703125 181.9966583251953 599.8480224609375 284.73895263671875 3.696617364883423 1.4228578805923462 1.6203758716583252 -1.5892149209976196 1.6045892238616943 12.357850074768066 -7.540669918060303 0.9644
Car 1 1 1 705.6461791992188 169.25674438476562 744.3211669921875 199.2796630859375 4.222148895263672 1.4956705570220947 1.6272872686386108 6.096860885620117 1.3161641359329224 38.19306182861328 -7.60010290145874 0.9128
Car 1 1 1 666.7205810546875 172.89125061035156 704.8521118164062 196.46432495117188 4.551000595092773 1.481711983680725 1.6968777179718018 5.037130355834961 1.4840034246444702 47.784080505371094 -7.562227725982666 0.8724
Car 1 1 1 538.8414306640625 178.356201171875 561.430419921875 196.19847106933594 3.876471996307373 1.4716070890426636 1.5909985303878784 -5.192683696746826 1.9640133380889893 62.662620544433594 -4.698585510253906 0.4789
Pedestrian 1 1 1 791.769775390625 166.7298583984375 809.0394897460938 202.57559204101562 0.7347793579101562 1.7609628438949585 0.6094908118247986 9.41417121887207 1.4598073959350586 35.842777252197266 -7.955620288848877 0.3352
Car 1 1 1 508.1531982421875 178.1534423828125 531.4757080078125 196.2071533203125 3.978985548019409 1.4837658405303955 1.5780746936798096 -7.800508499145508 1.9570157527923584 62.47524642944336 -4.726495742797852 0.3089
Pedestrian 1 1 1 800.826171875 145.7176513671875 832.704833984375 209.33053588867188 0.8187978863716125 1.9228663444519043 0.7105093002319336 6.316442012786865 1.1022989749908447 22.241432189941406 -4.775722980499268 0.2273
Car 1 1 1 254.9615478515625 192.99400329589844 355.0124816894531 239.3720245361328 3.9147918224334717 1.4441261291503906 1.6331138610839844 -11.027113914489746 2.234304666519165 26.2795467376709 -4.593843936920166 0.2175
Car 1 1 1 409.78765869140625 183.06842041015625 474.929443359375 219.02767944335938 3.8545708656311035 1.4626928567886353 1.341295599937439 -7.520833492279053 1.951526165008545 32.52619934082031 -4.498255252838135 0.1764
Car 1 1 1 318.43701171875 186.88941955566406 395.77423095703125 232.28948974609375 3.7693519592285156 1.4724886417388916 1.5186023712158203 -9.21653938293457 2.0234224796295166 26.452850341796875 -4.713042259216309 0.1410
Car 1 1 1 1218.5814208984375 162.96131896972656 1241.0 216.29493713378906 3.9042792320251465 1.4875489473342896 1.5946564674377441 21.10394287109375 1.211328387260437 22.112003326416016 -7.900787830352783 0.1267
Car 1 1 1 1075.0531005859375 147.7959442138672 1135.6292724609375 178.66429138183594 4.793127536773682 2.358513593673706 1.831446647644043 39.405670166015625 0.4436381161212921 57.58995819091797 -7.776244640350342 0.1154
Car 1 1 1 573.1511840820312 177.43653869628906 615.940673828125 201.39031982421875 3.9829351902008057 1.493703007698059 1.6086304187774658 -1.1069831848144531 1.8116501569747925 47.962135314941406 -5.072848796844482 0.1137
Car 1 1 1 487.3592529296875 177.84552001953125 513.8005981445312 199.19625854492188 3.671234369277954 1.5072826147079468 1.5871258974075317 -8.136554718017578 1.891337513923645 53.68662643432617 -4.762402534484863 0.1129
