Car 1 1 1 561.9268188476562 173.06529235839844 630.1130981445312 235.3748321533203 3.3917784690856934 1.5191850662231445 1.6640557050704956 -0.37261030077934265 1.2231000661849976 19.240556716918945 -7.876190662384033 0.9158
Car 1 1 1 474.6114807128906 179.90310668945312 534.41748046875 226.5426025390625 4.381124973297119 1.4463648796081543 1.6370086669921875 -3.4731881618499756 1.28177011013031 24.523653030395508 -7.906896114349365 0.6108
Car 1 1 1 516.7820434570312 174.04202270507812 562.079345703125 206.1327667236328 3.6458442211151123 1.6311297416687012 1.6336582899093628 -3.6344082355499268 1.0633447170257568 38.45365905761719 -7.720930576324463 0.4032
Car 1 1 1 496.0725402832031 175.7514190673828 546.459716796875 211.66404724121094 4.100142955780029 1.4377782344818115 1.6550931930541992 -3.676971435546875 1.0590293407440186 30.833179473876953 -7.849874019622803 0.3258
Car 1 1 1 622.4148559570312 167.42039489746094 659.047607421875 197.4407958984375 4.063230514526367 1.5960252285003662 1.6401045322418213 1.7662379741668701 0.6501011848449707 40.29267501831055 -4.7692551612854 0.3039
Car 1 1 1 531.5700073242188 175.1076202392578 559.9658813476562 199.78656005859375 3.6665122509002686 1.5140215158462524 1.557187795639038 -4.029928684234619 0.8940610289573669 46.03277587890625 -8.00976848602295 0.2918
Car 1 1 1 623.4866943359375 166.80296325683594 648.68359375 187.9468536376953 3.702829599380493 1.5663968324661255 1.6213680505752563 2.1856112480163574 0.2024892121553421 55.19344711303711 -7.727917194366455 0.2026
Cyclist 1 1 1 655.7218017578125 176.9492950439453 660.8771362304688 200.8783416748047 1.539008617401123 1.613437533378601 0.3446754813194275 3.4409632682800293 1.0562256574630737 49.24985885620117 -7.778040409088135 0.1453
Pedestrian 1 1 1 788.7398681640625 158.65487670898438 819.2020874023438 230.73512268066406 0.8661503791809082 1.7973341941833496 0.6982065439224243 4.968432426452637 1.1351925134658813 18.41921615600586 -4.510006904602051 0.1116
Car 1 1 1 654.072998046875 173.0264892578125 722.235595703125 199.1088409423828 3.87728214263916 1.5048238039016724 1.5948957204818726 4.808628082275391 0.8017237782478333 43.13711929321289 -6.808907508850098 0.1096
Pedestrian 1 1 1 983.9268188476562 153.09176635742188 1040.1614990234375 285.9620666503906 0.6935368180274963 1.7875059843063354 0.5020942091941833 5.588550090789795 1.355499505996704 10.062347412109375 -7.643489360809326 0.1025
