Car 1 1 1 506.36395263671875 171.81346130371094 577.5772705078125 207.589111328125 4.17461633682251 1.4666125774383545 1.5944987535476685 -2.553338050842285 1.0698438882827759 31.680984497070312 -7.523868083953857 0.9720
Car 1 1 1 39.43867492675781 186.42611694335938 220.90916442871094 242.87257385253906 3.9407198429107666 1.4007937908172607 1.57249915599823 -12.704380989074707 1.5461089611053467 19.605958938598633 -6.6993231773376465 0.9270
Car 1 1 1 325.5592346191406 178.637451171875 392.5711975097656 207.12335205078125 3.9641242027282715 1.4257919788360596 1.6417039632797241 -12.762206077575684 1.2827318906784058 38.053680419921875 -4.527565956115723 0.6938
Car 1 1 1 556.3682250976562 169.36373901367188 580.7001953125 192.51577758789062 3.9034266471862793 1.499584674835205 1.5727440118789673 -2.2459442615509033 0.713542640209198 48.524147033691406 -7.916113376617432 0.3635
Pedestrian 1 1 1 695.0020141601562 156.5274200439453 719.8994750976562 196.21119689941406 1.1436370611190796 1.9546488523483276 0.47658589482307434 5.275956630706787 0.724835991859436 35.81593704223633 -3.52274227142334 0.3189
Car 1 1 1 580.6558227539062 169.81109619140625 604.1290283203125 186.85011291503906 3.592815637588501 1.5020158290863037 1.5978741645812988 -0.7607460618019104 0.4713718593120575 65.21432495117188 -7.710865497589111 0.3061
Pedestrian 1 1 1 1148.588623046875 101.10084533691406 1237.0 288.75689697265625 1.0329406261444092 1.9142743349075317 0.6591346263885498 6.586499214172363 1.094828724861145 7.728121757507324 -6.4274749755859375 0.2594
Car 1 1 1 367.6981201171875 188.8626251220703 458.5260925292969 219.96693420410156 4.212339878082275 1.5228217840194702 1.6876076459884644 -9.5313138961792 1.9072270393371582 36.5487060546875 -3.1863279342651367 0.2517
Car 1 1 1 126.92359924316406 164.0191650390625 231.62283325195312 198.6466522216797 3.831587314605713 1.5041886568069458 1.6564302444458008 -19.063640594482422 0.745134174823761 32.584510803222656 -6.597960472106934 0.2451
Car 1 1 1 152.92242431640625 184.1521759033203 220.7002410888672 210.2322998046875 3.3802096843719482 1.5199000835418701 1.5599355697631836 -25.300704956054688 1.6881206035614014 43.874732971191406 -6.967648983001709 0.2266
Car 1 1 1 300.7155456542969 185.02154541015625 381.2969055175781 211.12928771972656 4.169750690460205 1.4512351751327515 1.6787394285202026 -15.316471099853516 1.6680717468261719 42.32633972167969 -6.898524761199951 0.2193
Car 1 1 1 7.11266565322876 157.3088836669922 123.26559448242188 193.2039337158203 4.04585075378418 1.5043901205062866 1.6475428342819214 -23.886716842651367 0.49083825945854187 32.053340911865234 -6.9972243309021 0.2084
Pedestrian 1 1 1 943.4866943359375 158.98814392089844 1031.87744140625 347.42022705078125 0.8415493965148926 1.6031898260116577 0.4731046259403229 3.489093542098999 1.4123823642730713 6.5728654861450195 -3.9008350372314453 0.1856
Pedestrian 1 1 1 841.9666137695312 122.46791076660156 899.716552734375 315.9862976074219 0.7561097145080566 1.8759920597076416 0.47424912452697754 2.7364113330841064 1.3044376373291016 7.408255100250244 -4.238012790679932 0.1603
Pedestrian 1 1 1 1025.7364501953125 129.18125915527344 1101.07470703125 269.18878173828125 0.9231712222099304 1.9381599426269531 0.5733371376991272 6.659764289855957 1.2145577669143677 10.428686141967773 -6.828823089599609 0.1541
Car 1 1 1 606.2323608398438 165.63844299316406 628.9804077148438 185.678466796875 3.8513336181640625 1.657838225364685 1.6684582233428955 1.4393088817596436 0.34548789262771606 61.42256164550781 -7.757114887237549 0.1404
Car 1 1 1 582.012451171875 175.04783630371094 608.5016479492188 199.7242889404297 4.011043071746826 1.6028732061386108 1.6470434665679932 -0.37330618500709534 1.1838047504425049 48.68934631347656 -4.682248592376709 0.1368
Pedestrian 1 1 1 0.0 204.25375366210938 38.178253173828125 281.7590026855469 0.4052305221557617 1.2823424339294434 0.44268718361854553 -10.061161041259766 1.6811883449554443 12.306514739990234 -4.366798400878906 0.1223
Cyclist 1 1 1 816.5593872070312 141.5748291015625 866.0877685546875 201.04910278320312 1.532825231552124 1.7666414976119995 0.5132785439491272 7.343600273132324 0.5811586976051331 22.1380615234375 -5.17465353012085 0.1154
Car 1 1 1 657.6483764648438 175.21304321289062 673.779541015625 191.9180450439453 3.626802682876587 1.4916311502456665 1.4279412031173706 5.961241722106934 0.9299906492233276 66.0196533203125 -4.608283042907715 0.1099
Car 1 1 1 364.3588562011719 183.80154418945312 456.4902038574219 218.39137268066406 3.874164342880249 1.5125758647918701 1.6499489545822144 -8.83733081817627 1.6242910623550415 33.2076530456543 -3.591827392578125 0.1079
Pedestrian 1 1 1 154.787109375 198.14682006835938 189.73487854003906 262.036865234375 0.4767123758792877 1.4061987400054932 0.4835634231567383 -9.738518714904785 1.7897664308547974 16.24321746826172 -4.496237754821777 0.1056
Car 1 1 1 540.7717895507812 176.89486694335938 574.720947265625 203.3169403076172 3.8742942810058594 1.4884791374206543 1.5894622802734375 -2.5366454124450684 1.2291913032531738 42.441593170166016 -7.8040547370910645 0.1003
