Car 1 1 1 657.2992553710938 191.65206909179688 701.959716796875 226.66268920898438 3.9284720420837402 1.472467303276062 1.6819483041763306 3.223165512084961 2.421285390853882 34.45119094848633 -4.730794906616211 0.8162
Pedestrian 1 1 1 421.9073486328125 162.3746795654297 462.6772766113281 250.2047576904297 1.0819575786590576 1.8658335208892822 0.7336812615394592 -3.73193621635437 1.6429145336151123 15.899919509887695 -4.802535057067871 0.4230
Car 1 1 1 809.379638671875 173.97056579589844 993.265380859375 335.192138671875 3.4624409675598145 1.5952821969985962 1.5534588098526 3.348921060562134 1.6118113994598389 9.020269393920898 -7.64428186416626 0.3345
Pedestrian 1 1 1 558.654296875 192.51255798339844 571.87744140625 218.6090087890625 0.6011142134666443 1.694434642791748 0.6384922862052917 -3.00473690032959 3.0120906829833984 47.93888854980469 -7.169381618499756 0.2836
Pedestrian 1 1 1 673.6434936523438 172.98159790039062 686.8783569335938 198.25611877441406 0.9134957194328308 1.7702765464782715 0.5296361446380615 4.923505783081055 1.7790271043777466 50.86156463623047 -3.0148918628692627 0.2728
Pedestrian 1 1 1 705.0075073242188 174.17369079589844 721.5514526367188 215.66513061523438 0.4460771679878235 1.791146993637085 0.562358558177948 4.469301223754883 1.8491709232330322 31.529827117919922 -3.8204855918884277 0.2429
Pedestrian 1 1 1 493.95361328125 164.04873657226562 519.9302368164062 219.53067016601562 0.6661113500595093 1.7795847654342651 0.5481060743331909 -3.4021923542022705 1.4968557357788086 23.505172729492188 -5.9764533042907715 0.2249
Car 1 1 1 0.0 194.7639923095703 226.63829040527344 374.0 4.077699184417725 1.5203191041946411 1.6556675434112549 -5.641989231109619 1.7253427505493164 5.825412750244141 -3.19539737701416 0.2172
Pedestrian 1 1 1 715.560546875 163.1544189453125 729.9326171875 209.68524169921875 0.3670543432235718 1.8238152265548706 0.5098002552986145 4.419640064239502 1.4433319568634033 28.581850051879883 -3.47111439704895 0.2037
Pedestrian 1 1 1 388.75347900390625 162.3959503173828 441.5796813964844 254.28016662597656 0.7253311276435852 1.7721046209335327 0.7202340364456177 -3.933276414871216 1.5701079368591309 14.392993927001953 -2.718783378601074 0.1842
Cyclist 1 1 1 552.26220703125 184.4652557373047 566.9744262695312 216.8259735107422 1.531440019607544 1.6531500816345215 0.42411431670188904 -2.700091600418091 2.280592203140259 38.217952728271484 -7.682061672210693 0.1822
Car 1 1 1 569.1998291015625 186.10894775390625 618.23193359375 206.94309997558594 3.843482255935669 1.6413025856018066 1.5687611103057861 -1.3802814483642578 2.751016139984131 59.32951736450195 -3.3094992637634277 0.1390
