Car 1 1 1 789.1362915039062 177.78814697265625 1032.9764404296875 338.86083984375 3.266991376876831 1.536098599433899 1.53829026222229 3.263051748275757 1.6059155464172363 8.617374420166016 -7.857335567474365 0.9807
Car 1 1 1 328.50457763671875 180.79478454589844 489.2549133300781 296.7682800292969 4.093127727508545 1.6087994575500488 1.676705002784729 -3.2681093215942383 1.7671200037002563 12.352234840393066 -7.871286869049072 0.9748
Car 1 1 1 660.807861328125 180.5811309814453 712.6076049804688 223.4450225830078 3.504685640335083 1.4216006994247437 1.6679966449737549 2.692387819290161 1.7227678298950195 26.362424850463867 -7.809437274932861 0.9694
Car 1 1 1 709.091064453125 181.41912841796875 853.2742309570312 279.09832763671875 3.6764743328094482 1.498401165008545 1.5904549360275269 2.9178831577301025 1.6780798435211182 13.280013084411621 -7.912534236907959 0.9608
Car 1 1 1 1017.952880859375 196.0150604248047 1241.0 374.0 3.775085687637329 1.4816901683807373 1.581516146659851 3.1121156215667725 1.6163883209228516 2.315563440322876 -7.857147693634033 0.7770
Car 1 1 1 624.2063598632812 173.9268798828125 650.6407470703125 198.73277282714844 4.3281073570251465 1.7027437686920166 1.7640905380249023 1.9018142223358154 1.782821774482727 51.88631057739258 -7.846874713897705 0.6577
Pedestrian 1 1 1 1056.201171875 143.84422302246094 1081.76025390625 195.4003448486328 0.6002132296562195 1.874398112297058 0.6831058859825134 16.887935638427734 0.8194054365158081 26.63184928894043 -7.502747058868408 0.4197
Pedestrian 1 1 1 154.2838592529297 175.68966674804688 180.44720458984375 232.33863830566406 0.5028876662254333 1.952765941619873 0.7764539122581482 -15.577214241027832 2.0536370277404785 25.328460693359375 -8.390632629394531 0.1927
Car 1 1 1 452.40557861328125 165.11952209472656 538.128662109375 230.8982391357422 4.245614051818848 1.75236177444458 1.748348593711853 -3.3227169513702393 1.546013593673706 21.37004280090332 -7.823960781097412 0.1708
Pedestrian 1 1 1 404.22369384765625 152.17398071289062 419.4256591796875 194.4107666015625 0.4801442325115204 1.9775166511535645 0.6600564122200012 -9.399064064025879 1.00898277759552 34.0820426940918 -8.050276756286621 0.1457
Pedestrian 1 1 1 1050.8997802734375 162.5164337158203 1084.3397216796875 222.54061889648438 0.8085853457450867 1.838099479675293 0.6072001457214355 14.277103424072266 1.5212359428405762 22.588327407836914 -2.4392125606536865 0.1289
Car 1 1 1 607.3269653320312 178.51968383789062 623.0650024414062 194.78854370117188 3.585845947265625 1.4772744178771973 1.456682562828064 0.48517972230911255 2.029618740081787 68.57748413085938 -4.698032379150391 0.1157
Pedestrian 1 1 1 1059.6678466796875 165.67971801757812 1094.1607666015625 225.11386108398438 0.8101472854614258 1.7117335796356201 0.6027083992958069 13.684186935424805 1.5048108100891113 21.239593505859375 -2.640289545059204 0.1022
