Car 1 1 1 752.9360961914062 182.72067260742188 890.9242553710938 267.20758056640625 3.914231538772583 1.449460506439209 1.5831170082092285 4.11504602432251 1.678887128829956 14.820319175720215 -7.883050441741943 0.9771
Car 1 1 1 595.2763671875 178.71884155273438 655.6314086914062 228.57325744628906 3.323929786682129 1.3457605838775635 1.6620632410049438 0.3800255358219147 1.5340124368667603 21.532848358154297 -7.851237773895264 0.9704
Car 1 1 1 823.2124633789062 188.06834411621094 1081.1702880859375 330.6618957519531 3.7064051628112793 1.4374656677246094 1.5812864303588867 4.142750263214111 1.6779067516326904 9.545141220092773 -7.878402233123779 0.9697
Car 1 1 1 297.65850830078125 177.63821411132812 492.9114074707031 264.3568115234375 3.7536399364471436 1.4230177402496338 1.5608227252960205 -4.200804233551025 1.5251741409301758 13.740544319152832 -2.534594774246216 0.9485
Car 1 1 1 196.11627197265625 176.74258422851562 339.6890869140625 243.69064331054688 3.172869920730591 1.4150638580322266 1.4481931924819946 -8.045635223388672 1.5163938999176025 17.1533260345459 -4.497431755065918 0.9017
Car 1 1 1 602.0409545898438 173.01043701171875 640.0846557617188 206.05162048339844 3.7658579349517822 1.5374552011489868 1.6635982990264893 0.5522226095199585 1.545278787612915 35.53068161010742 -7.781663417816162 0.8564
Car 1 1 1 718.2003173828125 165.96058654785156 818.7698974609375 237.27862548828125 4.227903842926025 1.7828103303909302 1.7416731119155884 4.2380595207214355 1.6101888418197632 20.181669235229492 -7.890896320343018 0.8202
Car 1 1 1 0.0 181.7499237060547 234.1867218017578 293.1295166015625 3.7104480266571045 1.4641294479370117 1.6085871458053589 -8.03492259979248 1.6317774057388306 11.70646858215332 -4.629309177398682 0.7734
Pedestrian 1 1 1 687.0291748046875 171.5814208984375 712.6354370117188 208.2415313720703 1.1168243885040283 1.6181409358978271 0.7245218753814697 3.9960105419158936 1.5616707801818848 32.49435043334961 -8.188385963439941 0.7025
Pedestrian 1 1 1 960.79931640625 170.50582885742188 1138.25634765625 374.0 0.696634829044342 1.6058120727539062 0.8403679728507996 2.7937679290771484 1.591426968574524 4.773496627807617 -7.591472148895264 0.6982
Car 1 1 1 771.7981567382812 169.63494873046875 876.328369140625 209.9110870361328 4.074558258056641 1.717168927192688 1.705487847328186 9.346104621887207 1.5796252489089966 31.806415557861328 -6.378999710083008 0.6891
Car 1 1 1 0.0 177.17474365234375 111.53744506835938 246.67837524414062 3.6832516193389893 1.461145043373108 1.5430240631103516 -13.994404792785645 1.575228214263916 17.250003814697266 -4.725063323974609 0.6711
Car 1 1 1 429.5806884765625 174.41616821289062 533.3915405273438 218.56478881835938 3.6184990406036377 1.404078722000122 1.5057679414749146 -4.502132415771484 1.4611804485321045 24.791046142578125 -2.4629344940185547 0.5974
Car 1 1 1 403.7412109375 175.7269744873047 515.1843872070312 229.24229431152344 3.5954978466033936 1.4690406322479248 1.5884021520614624 -4.659132480621338 1.5629791021347046 21.835588455200195 -5.498805046081543 0.5512
Car 1 1 1 274.393310546875 174.73350524902344 375.7547912597656 227.22499084472656 3.633279323577881 1.4154406785964966 1.5118169784545898 -8.381182670593262 1.4757102727890015 21.420103073120117 -4.690840244293213 0.5390
Pedestrian 1 1 1 1027.0455322265625 142.33738708496094 1049.2188720703125 193.9336700439453 0.57330721616745 1.9065885543823242 0.6333957314491272 15.996516227722168 0.7786370515823364 27.046043395996094 -7.4736151695251465 0.4999
Car 1 1 1 470.59991455078125 173.74957275390625 555.3644409179688 206.59063720703125 3.9859602451324463 1.386872410774231 1.5838044881820679 -4.4562249183654785 1.4292991161346436 32.49951934814453 -2.4063401222229004 0.4609
Pedestrian 1 1 1 1013.004638671875 149.7158660888672 1034.479248046875 194.69949340820312 0.5122845768928528 1.9082837104797363 0.7201113700866699 17.71078109741211 0.9264236688613892 30.97122573852539 -7.510850429534912 0.3990
Car 1 1 1 393.6085510253906 171.59298706054688 451.1919860839844 207.66961669921875 3.7553892135620117 1.4686347246170044 1.5770853757858276 -8.096135139465332 1.4170001745224 31.263477325439453 -4.729066848754883 0.3312
Cyclist 1 1 1 932.0352783203125 144.36660766601562 985.4464111328125 199.65208435058594 1.5236496925354004 1.6955374479293823 0.5736526846885681 11.0186185836792 0.821564257144928 22.94173812866211 -5.121110439300537 0.3215
Car 1 1 1 0.0 176.48007202148438 76.59251403808594 374.0 3.7227745056152344 1.496975064277649 1.6121762990951538 -4.636429309844971 1.53036630153656 4.742539882659912 -8.520204544067383 0.3143
Car 1 1 1 355.93829345703125 174.41050720214844 421.77728271484375 216.94036865234375 3.5493385791778564 1.4174258708953857 1.4512993097305298 -7.9292731285095215 1.4770963191986084 25.989850997924805 -4.764573097229004 0.2915
Pedestrian 1 1 1 919.9727172851562 144.80064392089844 943.9370727539062 196.79978942871094 0.5470594763755798 1.9285757541656494 0.7155643105506897 12.039605140686035 0.8878158926963806 27.096879959106445 -4.522822380065918 0.2409
Car 1 1 1 666.31640625 175.67926025390625 739.7734375 206.48707580566406 3.606032133102417 1.4773852825164795 1.6124423742294312 4.709298133850098 1.627379298210144 36.65111541748047 -6.932313919067383 0.2376
Car 1 1 1 650.1209106445312 172.95394897460938 671.896728515625 193.55078125 3.8337981700897217 1.4579988718032837 1.4911121129989624 3.6906418800354004 1.4653151035308838 53.04224395751953 -4.668910503387451 0.2277
Car 1 1 1 649.948486328125 173.248046875 680.456298828125 196.58834838867188 3.8859457969665527 1.3977762460708618 1.5616745948791504 3.3849964141845703 1.4232436418533325 45.22996139526367 -7.867584705352783 0.2099
Cyclist 1 1 1 859.8385620117188 178.75001525878906 880.3601684570312 222.71017456054688 1.5671515464782715 1.602278709411621 0.34041041135787964 9.78707218170166 1.8316234350204468 27.30774688720703 -7.7665181159973145 0.1885
Car 1 1 1 0.0 184.63400268554688 96.5667495727539 349.89068603515625 3.836669921875 1.6064759492874146 1.6546745300292969 -8.262306213378906 1.752023696899414 8.03758430480957 -6.2472381591796875 0.1867
Car 1 1 1 880.4774169921875 149.08615112304688 945.6444702148438 185.43228149414062 3.3524720668792725 1.530807614326477 1.544329285621643 13.35584831237793 0.5294654369354248 32.081329345703125 -7.833130359649658 0.1694
Car 1 1 1 656.6026611328125 176.5811004638672 729.6483154296875 205.28599548339844 3.6281769275665283 1.501115322113037 1.5653818845748901 4.471630573272705 1.7099965810775757 39.27301788330078 -6.543237209320068 0.1529
Car 1 1 1 499.8700866699219 171.1388397216797 568.3502197265625 196.99488830566406 3.8989224433898926 1.4862738847732544 1.6541789770126343 -4.598600387573242 1.387381672859192 43.22270965576172 -2.572845458984375 0.1434
Cyclist 1 1 1 478.6229553222656 145.3723907470703 520.681884765625 192.25173950195312 1.5492550134658813 1.8223057985305786 0.5749737024307251 -4.426553726196289 0.75373375415802 28.67634391784668 -3.6506290435791016 0.1318
Car 1 1 1 703.3585205078125 174.47177124023438 732.2577514648438 195.86563110351562 3.529927968978882 1.568016529083252 1.5376118421554565 8.147034645080566 1.694944143295288 54.95002365112305 -4.753449440002441 0.1269
Car 1 1 1 1038.4100341796875 153.2510986328125 1125.398681640625 196.00013732910156 3.5611751079559326 1.5127789974212646 1.5619237422943115 17.78261947631836 0.8187826871871948 27.43409538269043 -4.511231899261475 0.1119
Pedestrian 1 1 1 1214.9937744140625 159.17578125 1241.0 221.96656799316406 0.6118969321250916 1.7737181186676025 0.6469114422798157 17.94661521911621 1.3870350122451782 20.803363800048828 -3.5699729919433594 0.1065
Pedestrian 1 1 1 0.0 168.30322265625 47.80081558227539 309.9394836425781 0.4475595951080322 1.7152081727981567 0.5424549579620361 -7.5360941886901855 1.6597986221313477 9.031047821044922 -6.177805423736572 0.1044
