Car 1 1 1 692.2676391601562 176.1009979248047 738.1845092773438 209.8565673828125 3.772970199584961 1.4542235136032104 1.6387748718261719 4.761669635772705 1.6125725507736206 33.35248565673828 -7.834611415863037 0.9754
Car 1 1 1 30.119775772094727 187.192138671875 232.5623321533203 259.16552734375 4.324812412261963 1.3568165302276611 1.5402439832687378 -10.845908164978027 1.7327864170074463 16.711536407470703 -4.621344089508057 0.9695
Cyclist 1 1 1 759.6421508789062 166.65725708007812 793.8623046875 195.99867248535156 1.9090876579284668 1.709753155708313 0.7822756171226501 9.837777137756348 1.348362684249878 42.71703338623047 -2.8206419944763184 0.6972
Cyclist 1 1 1 213.49757385253906 173.46487426757812 246.61009216308594 212.19139099121094 1.7825233936309814 1.7722077369689941 0.5628987550735474 -17.898183822631836 1.8014132976531982 33.94922637939453 -4.672883987426758 0.5738
Car 1 1 1 887.9000244140625 166.2022705078125 939.2608642578125 183.80166625976562 3.9321393966674805 1.4996461868286133 1.6295608282089233 26.34324073791504 0.9325510263442993 62.777767181396484 -2.880000591278076 0.3884
Pedestrian 1 1 1 233.36587524414062 185.4219512939453 252.6867218017578 217.7415313720703 0.7276818156242371 1.844340205192566 0.7323776483535767 -21.32555389404297 2.5800704956054688 41.86698913574219 -6.217749118804932 0.2931
Pedestrian 1 1 1 559.8773193359375 171.89468383789062 569.6025390625 197.9940643310547 0.5591405630111694 1.774967908859253 0.7542277574539185 -3.1388955116271973 1.7094253301620483 49.497947692871094 -6.495671272277832 0.2837
Pedestrian 1 1 1 97.7738037109375 154.5206756591797 120.98262023925781 195.2051239013672 0.7310665845870972 1.9131886959075928 0.6664493083953857 -23.867576599121094 1.0507632493972778 34.350303649902344 -8.036511421203613 0.2485
Car 1 1 1 789.6991577148438 169.65025329589844 840.6605834960938 187.45004272460938 4.354574680328369 1.5685118436813354 1.6553382873535156 18.38851547241211 1.2858977317810059 64.90933990478516 -2.898383140563965 0.2433
Car 1 1 1 725.0157470703125 178.3982391357422 779.5274658203125 198.69944763183594 3.7489311695098877 1.4676867723464966 1.570743203163147 10.733746528625488 1.8993369340896606 54.6239013671875 -5.780776500701904 0.2086
Pedestrian 1 1 1 567.5631713867188 175.4095916748047 578.2395629882812 199.23731994628906 0.6821146011352539 1.6930170059204102 0.6772589683532715 -2.6872758865356445 1.8771908283233643 51.715126037597656 -7.767470836639404 0.1681
Cyclist 1 1 1 1090.7974853515625 179.6307373046875 1152.2308349609375 230.1043701171875 1.693458080291748 1.784965991973877 0.6811918616294861 18.40721321105957 2.0333762168884277 26.055837631225586 -6.181216239929199 0.1514
Car 1 1 1 134.06866455078125 186.67823791503906 233.22125244140625 234.3055419921875 3.6729319095611572 1.410310983657837 1.488954782485962 -14.319137573242188 1.9134743213653564 24.374162673950195 -4.815681457519531 0.1417
Car 1 1 1 1046.81982421875 157.54690551757812 1087.6754150390625 177.12449645996094 3.860044479370117 1.5945203304290771 1.7147794961929321 38.47053146362305 0.3475145697593689 60.838623046875 -7.630368709564209 0.1370
Car 1 1 1 482.493896484375 172.3734893798828 509.4153137207031 189.8521270751953 4.238116264343262 1.6006741523742676 1.6832239627838135 -10.767097473144531 1.5563688278198242 68.23601531982422 -7.804026126861572 0.1119
Pedestrian 1 1 1 303.896240234375 173.65184020996094 314.6620788574219 196.11715698242188 0.7015400528907776 1.8203781843185425 0.5916112065315247 -24.549335479736328 1.8855379819869995 58.84611511230469 -6.464836597442627 0.1091
Car 1 1 1 356.88165283203125 176.3204345703125 380.2359924316406 196.74761962890625 4.099467754364014 1.5882954597473145 1.5491043329238892 -19.740629196166992 1.8820165395736694 59.021453857421875 -4.969782829284668 0.1085
Car 1 1 1 610.94775390625 178.03135681152344 639.48779296875 200.13619995117188 3.926445484161377 1.5080243349075317 1.5918712615966797 1.107786774635315 1.897383451461792 52.24654006958008 -4.566470146179199 0.1080
Pedestrian 1 1 1 789.9306030273438 160.80455017089844 808.3307495117188 192.30496215820312 0.9191657900810242 1.8917127847671509 0.5658056735992432 11.429502487182617 1.167799949645996 43.744998931884766 -3.4643571376800537 0.1029
