Car 1 1 1 0.0 196.82562255859375 417.0345764160156 373.0 4.157285213470459 1.5268969535827637 1.6172269582748413 -2.7031216621398926 1.661415934562683 4.097731113433838 -4.567649841308594 0.8891
Pedestrian 1 1 1 666.5616455078125 173.07485961914062 687.6078491210938 222.8733367919922 0.8543815016746521 1.6514142751693726 0.6437079906463623 2.5216562747955322 1.3724437952041626 24.25814437866211 -7.823606967926025 0.7226
Pedestrian 1 1 1 985.97265625 140.40911865234375 1114.6947021484375 327.844482421875 0.9110056757926941 1.8497915267944336 0.7200630903244019 4.681769847869873 1.4449753761291504 7.6228203773498535 -4.976101398468018 0.6749
Pedestrian 1 1 1 686.5193481445312 171.8502197265625 708.7864990234375 220.5315704345703 0.9053004384040833 1.6215614080429077 0.6919732093811035 3.2348899841308594 1.3005520105361938 24.403030395507812 -7.784745693206787 0.6140
Pedestrian 1 1 1 612.1762084960938 172.96180725097656 623.7047119140625 201.84120178222656 0.8801628947257996 1.6154052019119263 0.5422221422195435 0.9346020817756653 1.1379563808441162 40.657657623291016 -4.557248115539551 0.5916
Pedestrian 1 1 1 538.106201171875 167.50628662109375 559.574951171875 225.7797088623047 0.922520101070404 1.8525923490524292 0.6102184653282166 -1.7430781126022339 1.4081536531448364 23.342567443847656 -8.02163314819336 0.5654
Pedestrian 1 1 1 827.676513671875 142.0428009033203 931.609375 345.580810546875 0.7458270788192749 1.800279974937439 0.6156972646713257 2.5882575511932373 1.4520041942596436 6.822400093078613 -3.7743124961853027 0.5466
Pedestrian 1 1 1 924.1885375976562 175.7100067138672 980.150146484375 268.4239501953125 0.6602922081947327 1.5794461965560913 0.668185293674469 6.084610462188721 1.4814302921295166 12.578412055969238 -6.261804103851318 0.5399
Pedestrian 1 1 1 732.7073364257812 160.89402770996094 770.4915161132812 260.3569641113281 0.9441024661064148 1.810507893562317 0.6551382541656494 2.8139429092407227 1.4360271692276 13.615492820739746 -4.4556779861450195 0.4719
Pedestrian 1 1 1 1105.3350830078125 141.41012573242188 1161.7235107421875 252.57838439941406 0.5461333990097046 1.7561137676239014 0.5013548135757446 8.559706687927246 1.1234536170959473 11.630428314208984 -4.7527594566345215 0.4664
Pedestrian 1 1 1 10.664397239685059 181.25836181640625 44.31517028808594 251.40469360351562 0.8401955962181091 1.7275460958480835 0.65071702003479 -14.58249568939209 1.7221230268478394 18.222320556640625 -5.365642547607422 0.4629
Cyclist 1 1 1 438.5255126953125 166.52267456054688 485.3033752441406 237.423828125 1.9141415357589722 1.826049566268921 0.6192689538002014 -3.791059970855713 1.4408247470855713 19.495548248291016 -7.689034938812256 0.4310
Pedestrian 1 1 1 748.1486206054688 175.3319549560547 790.2623901367188 273.14581298828125 0.7196313738822937 1.6377289295196533 0.6861178874969482 2.874929904937744 1.5350794792175293 12.464788436889648 -4.445830821990967 0.3758
Pedestrian 1 1 1 480.3311462402344 164.47732543945312 513.2673950195312 221.70269775390625 0.869378387928009 1.7488937377929688 0.5887685418128967 -3.2763428688049316 1.229110836982727 22.323123931884766 -2.955538034439087 0.3579
Pedestrian 1 1 1 3.825296640396118 196.66229248046875 35.147682189941406 250.5715789794922 0.8133689165115356 1.7583086490631104 0.7440124750137329 -19.688222885131836 2.2826955318450928 24.279802322387695 -3.815824031829834 0.3550
Car 1 1 1 709.18505859375 170.11993408203125 782.6368408203125 229.11944580078125 3.431187629699707 1.469167709350586 1.5773247480392456 3.8304667472839355 1.186313271522522 19.66183090209961 -4.630559921264648 0.2959
Pedestrian 1 1 1 460.06341552734375 165.63088989257812 473.18743896484375 202.56703186035156 0.5833376049995422 1.8074032068252563 0.5531222224235535 -6.660473346710205 1.0311081409454346 35.44993209838867 -7.882720470428467 0.2688
Car 1 1 1 534.1661376953125 178.3153839111328 600.6372680664062 202.8205108642578 3.895120859146118 1.512465000152588 1.6628977060317993 -2.1467556953430176 1.3159847259521484 45.66810607910156 -2.864684581756592 0.2686
Cyclist 1 1 1 873.5352783203125 150.1588134765625 913.050537109375 218.41717529296875 1.6447728872299194 1.637607455253601 0.43838101625442505 7.283347129821777 0.8862272500991821 18.07050323486328 -7.777668476104736 0.2630
Car 1 1 1 702.662109375 169.35113525390625 730.3715209960938 189.91590881347656 3.886153221130371 1.6872305870056152 1.6572474241256714 9.744953155517578 0.6903074979782104 60.89295959472656 -7.871608257293701 0.2613
Pedestrian 1 1 1 475.91424560546875 168.2183074951172 489.1869812011719 199.2500762939453 0.5887245535850525 1.7542133331298828 0.6896908283233643 -6.772027015686035 1.0035427808761597 40.921852111816406 -7.914394855499268 0.2439
Pedestrian 1 1 1 786.5457763671875 151.3736572265625 815.832275390625 198.40560913085938 1.036277413368225 1.9422460794448853 0.6156022548675537 8.369729042053223 0.6984639167785645 30.167022705078125 -3.5912694931030273 0.2422
Car 1 1 1 469.4852294921875 177.94883728027344 534.2154541015625 222.07057189941406 4.288753509521484 1.4902243614196777 1.6330692768096924 -3.593470573425293 1.3706995248794556 26.43732452392578 -4.672351360321045 0.2297
Cyclist 1 1 1 349.8316650390625 161.6282501220703 402.12664794921875 262.74298095703125 1.866611123085022 1.7666728496551514 0.5541720986366272 -4.246182441711426 1.420089602470398 13.504866600036621 -4.800900459289551 0.2239
Pedestrian 1 1 1 797.1007080078125 160.4549560546875 847.2056884765625 263.904052734375 0.8340857625007629 1.7485278844833374 0.6727097630500793 3.807501792907715 1.3934403657913208 12.583857536315918 -4.633204460144043 0.2184
Cyclist 1 1 1 415.2643127441406 160.46006774902344 465.4183349609375 234.55511474609375 1.8026807308197021 1.7092204093933105 0.5677419304847717 -3.9327211380004883 1.224419355392456 17.505399703979492 -7.695199489593506 0.2180
Car 1 1 1 564.6419067382812 173.9789276123047 599.05126953125 192.8758087158203 3.5961875915527344 1.567245364189148 1.662148356437683 -1.6817182302474976 0.9432873725891113 61.55718231201172 -8.285940170288086 0.2037
Car 1 1 1 739.0030517578125 155.0898895263672 766.5051879882812 177.0139923095703 3.5997045040130615 1.75541090965271 1.6699751615524292 12.650522232055664 -0.38698557019233704 60.09915542602539 -7.813737392425537 0.2033
Pedestrian 1 1 1 302.46551513671875 168.82789611816406 316.3050231933594 211.0237274169922 0.3727568984031677 1.8027015924453735 0.5357202887535095 -12.624849319458008 1.2616277933120728 31.00983428955078 -3.93161678314209 0.2014
Car 1 1 1 243.3788299560547 160.11024475097656 351.2847595214844 200.2848358154297 3.7426416873931885 1.4969258308410645 1.5435394048690796 -12.0197172164917 0.7003059983253479 28.39991569519043 -3.6901750564575195 0.1867
Car 1 1 1 529.50634765625 174.7837677001953 569.6696166992188 207.79518127441406 4.060711860656738 1.5089373588562012 1.6582993268966675 -2.4709622859954834 1.202211856842041 34.865970611572266 -4.711390018463135 0.1865
Car 1 1 1 726.8745727539062 163.2771453857422 869.4149169921875 212.41256713867188 4.147308349609375 1.5281497240066528 1.6216448545455933 6.234647274017334 0.9618538618087769 23.160879135131836 -6.2876667976379395 0.1824
Pedestrian 1 1 1 700.00439453125 171.067138671875 707.78125 191.88467407226562 0.655784010887146 1.8519452810287476 0.663138210773468 9.203238487243652 0.9235706329345703 64.29232025146484 -2.9471867084503174 0.1801
Car 1 1 1 21.80113983154297 203.86923217773438 109.15399169921875 237.18540954589844 3.654005527496338 1.437254786491394 1.8047937154769897 -25.850709915161133 2.564697265625 34.639583587646484 -2.729409694671631 0.1768
Car 1 1 1 600.76318359375 177.80604553222656 624.0769653320312 200.54029846191406 3.8852922916412354 1.5590142011642456 1.5989559888839722 0.7949782013893127 1.3056894540786743 51.21574401855469 -4.6959710121154785 0.1671
Car 1 1 1 634.4354858398438 175.4385986328125 657.8076171875 191.95565795898438 3.8199825286865234 1.5143762826919556 1.493513584136963 4.287703037261963 0.9583418369293213 67.89839935302734 -4.454007625579834 0.1568
Cyclist 1 1 1 908.7647705078125 155.99794006347656 956.502197265625 234.0430450439453 1.7065407037734985 1.6319952011108398 0.449985146522522 7.260641574859619 1.0992968082427979 15.894719123840332 -7.737218379974365 0.1448
Pedestrian 1 1 1 961.42578125 132.904052734375 1037.423583984375 266.0566711425781 0.7444076538085938 1.8375059366226196 0.5914889574050903 5.608643054962158 1.1675418615341187 10.233735084533691 -3.210616111755371 0.1435
Pedestrian 1 1 1 706.9440307617188 178.1730499267578 736.5248413085938 252.90475463867188 0.6593805551528931 1.702017903327942 0.6576534509658813 2.772688388824463 1.6267973184585571 16.74907112121582 -4.510417461395264 0.1300
Cyclist 1 1 1 919.323974609375 152.79713439941406 971.1986694335938 220.69129943847656 1.6357965469360352 1.6350774765014648 0.43350350856781006 8.61316967010498 0.9443682432174683 18.12975311279297 -7.919154644012451 0.1289
Car 1 1 1 707.3751220703125 165.99281311035156 776.2047729492188 192.17599487304688 3.9988961219787598 1.5318626165390015 1.6721347570419312 8.562979698181152 0.6247193217277527 43.74918746948242 -6.805859088897705 0.1124
Pedestrian 1 1 1 96.63241577148438 169.6019287109375 130.41671752929688 242.92047119140625 0.4847380816936493 1.7171567678451538 0.45846879482269287 -11.65980339050293 1.4390405416488647 17.11785125732422 -4.446495532989502 0.1123
Cyclist 1 1 1 514.7164306640625 166.7034454345703 533.5087890625 220.07009887695312 1.8506380319595337 1.6640819311141968 0.5835006833076477 -2.5396366119384766 1.2031428813934326 23.349843978881836 -7.958345890045166 0.1105
Cyclist 1 1 1 805.27294921875 142.46624755859375 847.080810546875 192.8307647705078 1.492548942565918 1.7398746013641357 0.5274463295936584 7.968806743621826 0.39183545112609863 25.60005760192871 -5.18314790725708 0.1039
Pedestrian 1 1 1 535.390380859375 163.11830139160156 548.6828002929688 194.78228759765625 0.7799214720726013 1.9253170490264893 0.6541606187820435 -3.6421637535095215 0.8077102899551392 44.11183547973633 -7.706918239593506 0.1038
