Car 1 1 1 564.4902954101562 175.37734985351562 616.8731689453125 226.37579345703125 3.267686605453491 1.6387890577316284 1.6965574026107788 -0.7237359285354614 1.7317559719085693 25.009668350219727 -7.885155200958252 0.9760
Car 1 1 1 480.1454772949219 180.16343688964844 511.78765869140625 203.63514709472656 3.827573776245117 1.4441787004470825 1.5401972532272339 -7.501212120056152 1.9447925090789795 47.52083206176758 -4.728713512420654 0.8919
Cyclist 1 1 1 331.3197326660156 176.8196258544922 356.3330993652344 214.2030792236328 1.9622389078140259 1.7021470069885254 0.49539732933044434 -12.584675788879395 1.894399642944336 34.0484504699707 -4.733429908752441 0.8738
Car 1 1 1 542.6109619140625 176.79254150390625 566.183349609375 194.9506072998047 3.8848743438720703 1.4481308460235596 1.5526996850967407 -4.645719528198242 1.7880622148513794 60.36360549926758 -4.679629802703857 0.4384
Car 1 1 1 1211.8519287109375 175.25274658203125 1241.0 206.36141967773438 3.873030662536621 1.3974871635437012 1.5752381086349487 30.482711791992188 1.5131018161773682 33.72796630859375 -3.331425189971924 0.3176
Cyclist 1 1 1 1195.89697265625 192.54208374023438 1241.0 273.0028381347656 1.5982561111450195 1.612605094909668 0.34805697202682495 13.442973136901855 2.061889171600342 15.666960716247559 -7.781772136688232 0.2346
Car 1 1 1 868.6310424804688 176.61135864257812 956.58837890625 204.38731384277344 3.8981335163116455 1.3897955417633057 1.5927256345748901 15.56108570098877 1.5890007019042969 37.33884048461914 -3.049172878265381 0.1213
Car 1 1 1 1219.4329833984375 183.28948974609375 1241.0 283.4711608886719 4.1269097328186035 1.601897120475769 1.7041038274765015 14.568971633911133 1.836492657661438 14.111204147338867 -7.941608905792236 0.1099
Pedestrian 1 1 1 682.0001220703125 182.0844268798828 701.4005126953125 213.25723266601562 0.9254862666130066 1.5789586305618286 0.37675943970680237 4.1400532722473145 2.0541443824768066 36.92880630493164 -6.396942615509033 0.1058
Car 1 1 1 345.9735107421875 182.6790771484375 387.36279296875 207.90818786621094 3.645143747329712 1.5370420217514038 1.5171763896942139 -15.903875350952148 2.204604387283325 47.21572494506836 -4.723762035369873 0.1035
