Pedestrian 1 1 1 623.004150390625 171.48843383789062 649.61572265625 214.17697143554688 0.9399429559707642 1.604874610900879 0.677250862121582 1.3218430280685425 1.2288596630096436 27.580806732177734 -7.350710391998291 0.6552
Pedestrian 1 1 1 459.3926696777344 170.54908752441406 500.9775390625 265.97808837890625 0.8204407691955566 1.6809396743774414 0.6621753573417664 -2.2693052291870117 1.4886577129364014 13.138568878173828 -8.132384300231934 0.4316
Cyclist 1 1 1 674.5581665039062 182.48321533203125 697.7921142578125 235.2644500732422 1.561279058456421 1.59715735912323 0.3664102554321289 2.6204166412353516 1.6295628547668457 22.563011169433594 -7.973446369171143 0.4253
Car 1 1 1 614.2657470703125 155.853515625 693.5521240234375 184.0082550048828 4.374614715576172 1.6074751615524292 1.6688549518585205 3.055377244949341 0.14333821833133698 42.189083099365234 -3.303553581237793 0.3581
Pedestrian 1 1 1 799.9638671875 165.62185668945312 815.7744750976562 198.4386444091797 0.7478906512260437 1.8158612251281738 0.673184335231781 11.523500442504883 0.9374241232872009 40.12541580200195 -7.843161106109619 0.2748
Pedestrian 1 1 1 723.7892456054688 188.33653259277344 760.4264526367188 268.97808837890625 0.7671443819999695 1.521941900253296 0.6489355564117432 2.7251715660095215 1.6609694957733154 14.090633392333984 -4.441932678222656 0.2566
Pedestrian 1 1 1 497.06463623046875 167.8186492919922 521.9883422851562 230.213623046875 0.8249249458312988 1.7763853073120117 0.6598069071769714 -2.695646047592163 1.3873584270477295 20.880102157592773 -4.764533519744873 0.2393
Pedestrian 1 1 1 693.1653442382812 160.74327087402344 725.787841796875 217.8440399169922 0.9452584385871887 1.8550300598144531 0.6823291778564453 3.5611860752105713 1.1811392307281494 23.90386962890625 -5.106129169464111 0.2311
Cyclist 1 1 1 738.0001831054688 153.66921997070312 779.0347900390625 205.82992553710938 1.7184950113296509 1.7670319080352783 0.5452536940574646 5.472902297973633 0.8246325254440308 25.234378814697266 -5.08448600769043 0.2304
Car 1 1 1 598.6055908203125 165.18988037109375 686.8612060546875 197.88548278808594 4.355342864990234 1.672232985496521 1.7261418104171753 2.1696910858154297 0.8382484912872314 38.13797378540039 -6.545559406280518 0.2248
Pedestrian 1 1 1 744.6107788085938 191.57350158691406 776.1402587890625 274.76153564453125 0.7274104952812195 1.429085612297058 0.5357136726379395 2.8055078983306885 1.6158145666122437 12.856688499450684 -4.478749752044678 0.2170
Car 1 1 1 431.3652038574219 181.60665893554688 517.7838745117188 214.20172119140625 4.114732265472412 1.5532500743865967 1.6825180053710938 -6.293482303619385 1.558914303779602 35.50737762451172 -6.502793788909912 0.1897
Car 1 1 1 0.0 210.8360595703125 104.33479309082031 373.0 3.9652507305145264 1.4880841970443726 1.5941494703292847 -6.891401767730713 1.7791202068328857 6.171525955200195 -3.213562488555908 0.1261
Pedestrian 1 1 1 1076.9549560546875 155.1366729736328 1159.2960205078125 313.92706298828125 0.7553553581237793 1.7463268041610718 0.6678183674812317 5.9765424728393555 1.4570854902267456 8.3923978805542 -5.652645587921143 0.1176
Pedestrian 1 1 1 759.5540161132812 168.61888122558594 784.3786010742188 223.38670349121094 0.66892009973526 1.6340484619140625 0.5763875246047974 5.1630988121032715 1.250192642211914 21.864463806152344 -7.347472667694092 0.1067
Car 1 1 1 799.1560668945312 167.54530334472656 884.9349365234375 199.2450408935547 4.085347652435303 1.4879894256591797 1.5955536365509033 11.928832054138184 0.8332103490829468 35.8970832824707 -8.341732025146484 0.1017
Car 1 1 1 609.1634521484375 159.31631469726562 680.673583984375 185.2255096435547 4.302116870880127 1.5587489604949951 1.6429599523544312 2.6364753246307373 0.22422829270362854 44.087093353271484 -3.118645668029785 0.1014
