Car 1 1 1 543.9016723632812 184.91148376464844 605.7884521484375 225.85206604003906 4.010221481323242 1.5124200582504272 1.6712744235992432 -1.429581880569458 2.0495808124542236 30.035186767578125 -4.521449565887451 0.9136
Car 1 1 1 401.82769775390625 175.34207153320312 527.9035034179688 277.6963195800781 4.563887119293213 1.724501609802246 1.709564208984375 -2.782435655593872 1.7823524475097656 14.56600570678711 -4.731146812438965 0.8903
Car 1 1 1 186.9727783203125 162.27151489257812 447.82501220703125 368.7205505371094 4.097812175750732 1.7930094003677368 1.6429938077926636 -3.0717110633850098 1.7008006572723389 8.372841835021973 -4.789783954620361 0.8599
Car 1 1 1 0.0 206.24871826171875 275.6645812988281 374.0 3.791073799133301 1.5444443225860596 1.5684047937393188 -3.140106439590454 1.7710940837860107 2.991835832595825 -4.691212177276611 0.8174
Car 1 1 1 583.9893798828125 185.00889587402344 637.1636962890625 217.53944396972656 3.7179675102233887 1.4760680198669434 1.5892853736877441 0.04479007050395012 2.1205246448516846 36.25952911376953 -4.392951488494873 0.7909
Car 1 1 1 629.8118286132812 182.8288116455078 673.0896606445312 212.04466247558594 3.7890145778656006 1.549001932144165 1.5213044881820679 2.4043147563934326 2.153188705444336 41.68696975708008 -4.37842321395874 0.7493
Car 1 1 1 901.0734252929688 172.7459259033203 1083.956787109375 236.72117614746094 3.6072275638580322 1.4851659536361694 1.5815544128417969 9.150897026062012 1.482357144355774 17.549415588378906 -6.278542995452881 0.3520
Car 1 1 1 651.9303588867188 188.35980224609375 685.9632568359375 206.65650939941406 3.998650312423706 1.5488379001617432 1.683773398399353 5.406957149505615 3.032975196838379 66.91166687011719 -5.042698860168457 0.3013
Car 1 1 1 466.7027893066406 178.30758666992188 539.591552734375 240.42037963867188 3.7568724155426025 1.6132574081420898 1.584549903869629 -3.057413339614868 1.7855724096298218 20.954532623291016 -4.718568801879883 0.2261
Car 1 1 1 780.3785400390625 176.6987762451172 810.3399658203125 194.2064971923828 4.126630783081055 1.5429573059082031 1.6137765645980835 17.151857376098633 1.9099383354187012 66.73848724365234 -4.182521343231201 0.2198
Pedestrian 1 1 1 821.1582641601562 143.6729278564453 870.7412719726562 275.5822448730469 0.8331252932548523 1.8597321510314941 0.601873517036438 3.4445579051971436 1.4480209350585938 10.677386283874512 -7.4173970222473145 0.1827
Cyclist 1 1 1 715.5028076171875 144.95449829101562 763.0242919921875 202.90818786621094 1.5233302116394043 1.8193711042404175 0.5540676712989807 4.133576393127441 0.9432072639465332 23.416574478149414 -5.397993087768555 0.1776
Cyclist 1 1 1 713.7741088867188 150.2459716796875 746.4640502929688 194.50901794433594 1.556077480316162 1.7979973554611206 0.5897412896156311 4.960453510284424 0.8793426752090454 30.140270233154297 -5.1276469230651855 0.1634
