Pedestrian 1 1 1 230.1414337158203 184.12335205078125 266.0195007324219 254.98741149902344 0.4977363646030426 1.6080673933029175 0.5864064693450928 -8.427300453186035 1.8727444410324097 16.710081100463867 -4.735184192657471 0.6546
Cyclist 1 1 1 661.7108154296875 179.4014892578125 672.5256958007812 213.31143188476562 1.5764888525009155 1.6074318885803223 0.5050080418586731 2.749072313308716 1.934889793395996 35.316139221191406 -4.647190570831299 0.2472
Car 1 1 1 886.3202514648438 165.17941284179688 948.8026123046875 199.0344696044922 4.049992561340332 1.521079182624817 1.6656726598739624 14.58431339263916 1.175966501235962 34.525142669677734 -7.739200115203857 0.1927
Cyclist 1 1 1 434.4483947753906 182.58644104003906 449.7584228515625 214.4073028564453 1.6232647895812988 1.6601002216339111 0.34498751163482666 -9.097240447998047 2.1964879035949707 38.966983795166016 -7.784695148468018 0.1840
Cyclist 1 1 1 483.835205078125 178.60865783691406 494.3313293457031 210.56121826171875 1.4860401153564453 1.5935355424880981 0.35560521483421326 -6.235496520996094 1.8943555355072021 37.00508117675781 -7.899418354034424 0.1446
Cyclist 1 1 1 1048.34716796875 168.58644104003906 1085.1514892578125 204.94143676757812 1.7301983833312988 1.6887502670288086 0.6879035234451294 21.705808639526367 1.4902148246765137 34.38936996459961 -4.689515590667725 0.1293
Car 1 1 1 438.2984924316406 180.6521759033203 494.91558837890625 209.92369079589844 3.88421368598938 1.489030122756958 1.6115299463272095 -7.8970770835876465 1.9422073364257812 39.8841438293457 -7.6244940757751465 0.1232
Pedestrian 1 1 1 157.0515899658203 164.68325805664062 191.5514373779297 235.2520751953125 0.5519821047782898 1.7085257768630981 0.5228582620620728 -10.764200210571289 1.5104058980941772 17.75225067138672 -4.740634918212891 0.1149
Car 1 1 1 1019.3834228515625 162.60760498046875 1081.599853515625 192.760498046875 3.697455883026123 1.4986222982406616 1.5491365194320679 22.96390724182129 0.9890689849853516 37.817710876464844 -7.675836086273193 0.1112
Car 1 1 1 726.9635009765625 163.62664794921875 794.5741577148438 188.214111328125 3.920139789581299 1.5189900398254395 1.5280426740646362 9.412103652954102 0.9486324787139893 45.37255096435547 -3.158291816711426 0.1018
