Car 1 1 1 570.9157104492188 183.40591430664062 645.6307983398438 255.78738403320312 3.555990695953369 1.549721360206604 1.6563268899917603 -0.1312582641839981 1.8355605602264404 17.76924705505371 -7.877374172210693 0.9706
Car 1 1 1 64.5253677368164 204.43551635742188 231.91183471679688 273.120361328125 4.634843349456787 1.4816381931304932 1.7292892932891846 -12.601510047912598 2.46012282371521 20.033918380737305 -4.7250776290893555 0.9665
Car 1 1 1 0.0 208.72140502929688 132.39195251464844 260.66143798828125 4.203268051147461 1.4496349096298218 1.881725549697876 -19.034093856811523 2.8043723106384277 25.152894973754883 -4.707573413848877 0.8212
Car 1 1 1 306.6277770996094 196.91844177246094 360.95794677734375 227.00694274902344 3.7897088527679443 1.491416335105896 1.802006721496582 -15.587581634521484 2.9170708656311035 40.81324768066406 -4.767961502075195 0.6692
Car 1 1 1 188.47894287109375 200.69876098632812 277.7061767578125 241.62522888183594 3.7610256671905518 1.4451673030853271 1.789311408996582 -15.572840690612793 2.6738927364349365 29.952404022216797 -4.72905969619751 0.5778
Car 1 1 1 440.4942932128906 189.94873046875 490.5408935546875 228.7469482421875 4.015132904052734 1.4929373264312744 1.6034797430038452 -6.303441524505615 2.2903380393981934 31.619998931884766 -4.768714904785156 0.5772
Car 1 1 1 247.23207092285156 197.05618286132812 307.1554260253906 227.2357635498047 3.579185962677002 1.5339593887329102 1.7718286514282227 -19.032962799072266 2.980639934539795 41.344940185546875 -4.707616329193115 0.3630
Cyclist 1 1 1 852.193359375 183.00601196289062 886.416748046875 223.2610626220703 1.697525143623352 1.8000941276550293 0.6805570721626282 11.984079360961914 2.2814388275146484 33.446712493896484 -6.93499755859375 0.2341
Cyclist 1 1 1 866.8817138671875 183.67124938964844 906.17333984375 225.69354248046875 1.683335781097412 1.7923612594604492 0.6876274943351746 12.162084579467773 2.279912233352661 31.838890075683594 -6.77756404876709 0.1990
Pedestrian 1 1 1 642.4486694335938 172.42474365234375 656.405029296875 198.21258544921875 0.9329903721809387 1.7950072288513184 0.5738020539283752 2.7266974449157715 1.764827013015747 50.52214813232422 -3.166142463684082 0.1975
Pedestrian 1 1 1 668.9356689453125 155.63427734375 696.2787475585938 202.01722717285156 1.0465196371078491 2.0179502964019775 0.6006765365600586 3.1590635776519775 1.268484354019165 31.840713500976562 -3.4605796337127686 0.1728
Car 1 1 1 314.9725646972656 179.69468688964844 367.71295166015625 197.6554412841797 3.9089181423187256 1.4958148002624512 1.6176344156265259 -22.982324600219727 2.089512348175049 61.72574996948242 -6.221529006958008 0.1653
Cyclist 1 1 1 839.3435668945312 147.27503967285156 892.8139038085938 203.64151000976562 1.527264952659607 1.68711256980896 0.5333369970321655 7.873922824859619 0.9212049245834351 22.370567321777344 -5.342473983764648 0.1648
Car 1 1 1 101.09983825683594 191.55807495117188 185.02166748046875 226.9274139404297 3.902190685272217 1.4949861764907837 1.5503569841384888 -22.280447006225586 2.4410507678985596 34.54200744628906 -4.7313408851623535 0.1527
Car 1 1 1 813.7086791992188 174.21763610839844 849.154541015625 194.52598571777344 3.809870958328247 1.4617626667022705 1.5052094459533691 16.52686309814453 1.5673158168792725 54.1007080078125 -4.706718444824219 0.1432
Cyclist 1 1 1 1066.987060546875 163.31117248535156 1241.0 324.6510925292969 1.9053082466125488 1.8858492374420166 0.6042038798332214 6.703459739685059 1.7740063667297363 8.828866004943848 -3.042300224304199 0.1135
Pedestrian 1 1 1 32.99917221069336 154.9168701171875 62.80812072753906 202.21768188476562 0.7203782796859741 1.8519704341888428 0.631367564201355 -22.3345890045166 1.1493775844573975 28.622404098510742 -7.892279148101807 0.1035
