Car 1 1 1 541.2227783203125 194.3673858642578 585.219482421875 232.87142944335938 3.622429132461548 1.6245555877685547 1.7493962049484253 -2.212916612625122 2.70281982421875 34.33562469482422 -4.680291652679443 0.8810
Cyclist 1 1 1 446.11492919921875 187.90489196777344 476.27593994140625 237.86965942382812 1.8178374767303467 1.6834057569503784 0.5223897695541382 -5.349670886993408 2.2407984733581543 25.803606033325195 -4.602333068847656 0.4877
Pedestrian 1 1 1 582.9720458984375 193.08909606933594 593.03125 216.52682495117188 0.6608991622924805 1.7392265796661377 0.6992000341415405 -1.6968189477920532 3.282787561416626 54.64596939086914 -6.469043254852295 0.4640
Pedestrian 1 1 1 717.6608276367188 195.06861877441406 739.6741943359375 239.9285125732422 0.8284333348274231 1.7329347133636475 0.7352820634841919 4.668196678161621 2.6287569999694824 28.693885803222656 -6.168984889984131 0.4506
Car 1 1 1 670.0087890625 195.14576721191406 694.372802734375 216.81369018554688 3.757103681564331 1.4225307703018188 1.652984857559204 5.343417644500732 3.1332437992095947 53.4073600769043 -7.7157111167907715 0.4490
Pedestrian 1 1 1 422.7514953613281 165.1304168701172 454.19573974609375 219.96397399902344 0.7662535309791565 1.7363311052322388 0.6253550052642822 -5.579804420471191 1.4914602041244507 23.283201217651367 -5.891043186187744 0.3375
Cyclist 1 1 1 926.7021484375 153.79649353027344 998.8713989257812 255.41737365722656 1.6419934034347534 1.7182707786560059 0.40035775303840637 6.278029441833496 1.3957343101501465 13.033334732055664 -7.924889087677002 0.3037
Pedestrian 1 1 1 1220.0289306640625 181.7307891845703 1241.0 243.1531219482422 0.7752930521965027 1.7287003993988037 0.6118632555007935 18.193557739257812 1.9909536838531494 20.88958740234375 -5.796485424041748 0.2171
Pedestrian 1 1 1 807.9259033203125 160.96420288085938 828.270751953125 206.1254425048828 0.757370114326477 1.8453551530838013 0.7126179933547974 8.576058387756348 1.359220266342163 29.90873146057129 -4.569247722625732 0.1766
Car 1 1 1 474.85003662109375 202.0185546875 521.4398803710938 245.25559997558594 3.921002149581909 1.4851123094558716 1.6758263111114502 -4.704146385192871 2.769756317138672 29.69778060913086 -8.063830375671387 0.1750
Car 1 1 1 732.7003173828125 184.11827087402344 807.829345703125 238.92088317871094 4.317792892456055 1.5038107633590698 1.7097100019454956 4.928193092346191 1.895938754081726 22.923282623291016 -7.783340930938721 0.1697
Pedestrian 1 1 1 701.7423095703125 159.9609832763672 722.0305786132812 202.5669403076172 0.6615090370178223 1.853800892829895 0.5933718681335449 4.451464653015137 1.2925211191177368 31.836254119873047 -5.338658332824707 0.1576
Pedestrian 1 1 1 713.999755859375 155.3231658935547 732.2256469726562 203.52943420410156 0.7607084512710571 1.9921811819076538 0.7121700048446655 4.704702854156494 1.2673988342285156 30.265777587890625 -4.498095512390137 0.1559
Pedestrian 1 1 1 1101.126708984375 231.43873596191406 1234.94970703125 374.0 0.6118236780166626 1.112627625465393 0.3424547016620636 3.428053379058838 1.5072160959243774 4.544015884399414 -4.7983622550964355 0.1323
Pedestrian 1 1 1 814.84912109375 156.01434326171875 896.145751953125 298.9613952636719 0.9702317118644714 1.7697770595550537 0.4713920056819916 3.108654022216797 1.5609911680221558 9.318503379821777 -2.7978432178497314 0.1285
Car 1 1 1 1108.5716552734375 186.0875244140625 1227.1468505859375 243.23304748535156 3.1907105445861816 1.3869123458862305 1.4316301345825195 15.293633460998535 1.7854911088943481 20.028240203857422 -4.471646308898926 0.1176
Pedestrian 1 1 1 420.6456604003906 193.90390014648438 452.9143981933594 256.9343566894531 0.5064669251441956 1.4110265970230103 0.5273576974868774 -4.0738630294799805 1.9102251529693604 16.758386611938477 -2.4915497303009033 0.1133
Car 1 1 1 678.215087890625 193.13577270507812 716.4605102539062 226.87103271484375 4.244759559631348 1.4471771717071533 1.7759557962417603 4.352970123291016 2.517642021179199 35.863426208496094 -4.5650105476379395 0.1132
Car 1 1 1 569.8971557617188 184.26473999023438 628.0374145507812 208.2355194091797 4.026175022125244 1.6526776552200317 1.7098573446273804 -0.7932942509651184 2.4861814975738525 51.71556854248047 -6.205511569976807 0.1116
Pedestrian 1 1 1 853.069580078125 186.3556365966797 874.4459228515625 226.8654327392578 0.8193334937095642 1.8247789144515991 0.7321330308914185 11.695109367370605 2.458590030670166 33.36781692504883 -2.63114857673645 0.1103
Car 1 1 1 681.6234130859375 186.10801696777344 699.65625 203.24224853515625 3.7267651557922363 1.505216121673584 1.5531954765319824 7.642911911010742 2.796905517578125 68.3758544921875 -4.561253547668457 0.1066
Car 1 1 1 1217.6146240234375 184.68215942382812 1241.0 245.5976104736328 3.6961395740509033 1.4816060066223145 1.7029579877853394 19.753093719482422 1.8483887910842896 20.364835739135742 -8.368359565734863 0.1055
