Car 1 1 1 707.7399291992188 160.41026306152344 830.8655395507812 261.80377197265625 3.841308832168579 1.826128602027893 1.5850582122802734 3.2717018127441406 1.4469046592712402 14.871766090393066 -7.871610164642334 0.9521
Pedestrian 1 1 1 403.2583923339844 166.42628479003906 440.9046936035156 239.10284423828125 0.8387460708618164 1.777640461921692 0.6843558549880981 -4.523752212524414 1.4094732999801636 18.01610565185547 -4.63065242767334 0.6668
Pedestrian 1 1 1 977.4488525390625 151.1529083251953 1017.7295532226562 231.2937774658203 0.6792500019073486 1.758626103401184 0.6188839077949524 8.861642837524414 1.0932444334030151 16.158327102661133 -7.650941371917725 0.5509
Pedestrian 1 1 1 542.944580078125 172.9250946044922 557.6586303710938 212.3281707763672 0.9494199156761169 1.7287286520004272 0.6444696187973022 -2.2954325675964355 1.3528156280517578 32.01240921020508 -4.7853264808654785 0.4766
Pedestrian 1 1 1 778.72412109375 155.8499755859375 855.6294555664062 295.2649230957031 0.8423563241958618 1.7475342750549316 0.46974316239356995 2.7185542583465576 1.4266927242279053 9.25255012512207 -3.173980712890625 0.4500
Car 1 1 1 539.0715942382812 178.193603515625 569.2658081054688 205.83331298828125 4.0339131355285645 1.506401538848877 1.6216013431549072 -2.75567889213562 1.3263616561889648 41.23263168334961 -7.945152759552002 0.3908
Car 1 1 1 493.9517517089844 177.5587158203125 549.6663208007812 198.9983673095703 3.9636647701263428 1.5887507200241089 1.668992280960083 -6.044776916503906 1.2966113090515137 54.61894989013672 -3.4446609020233154 0.3901
Pedestrian 1 1 1 497.71728515625 187.26380920410156 526.317626953125 240.57901000976562 0.6015247702598572 1.3579752445220947 0.49044913053512573 -2.3722219467163086 1.512183666229248 18.768129348754883 -5.42241907119751 0.3150
Pedestrian 1 1 1 482.0753479003906 181.72817993164062 512.9742431640625 248.05462646484375 0.5882413387298584 1.6122097969055176 0.6469439268112183 -2.6097052097320557 1.6185106039047241 17.83209228515625 -2.9698331356048584 0.3075
Car 1 1 1 1113.057373046875 184.17295837402344 1237.0 373.0 4.117473602294922 1.4818546772003174 1.6391429901123047 7.145748615264893 1.5161948204040527 6.962460517883301 -7.8207688331604 0.3060
Pedestrian 1 1 1 186.6103515625 142.7955780029297 252.70245361328125 272.8606872558594 0.8577542304992676 1.9367148876190186 0.5312408208847046 -5.9660491943359375 1.3610392808914185 11.140716552734375 -5.7596611976623535 0.2261
Pedestrian 1 1 1 732.5654296875 148.806640625 749.7098388671875 195.04747009277344 0.6074971556663513 1.969895601272583 0.6833686828613281 5.997193813323975 0.5774411559104919 30.944835662841797 -4.589961051940918 0.2000
Pedestrian 1 1 1 116.10482025146484 201.167724609375 163.47579956054688 288.5765380859375 0.4408949017524719 1.3102895021438599 0.4360629618167877 -7.190059185028076 1.6223337650299072 11.126524925231934 -4.580355644226074 0.1855
Pedestrian 1 1 1 738.6664428710938 146.5943145751953 761.0422973632812 196.15562438964844 0.7887596487998962 1.9337313175201416 0.7051068544387817 5.847662925720215 0.5721702575683594 28.430641174316406 -4.738358974456787 0.1817
Car 1 1 1 582.4168701171875 166.6611328125 644.2987670898438 187.46258544921875 4.636080741882324 1.6056514978408813 1.6881885528564453 0.9451571702957153 0.46013370156288147 56.715206146240234 -6.473479270935059 0.1774
Pedestrian 1 1 1 386.5610656738281 153.75534057617188 420.99322509765625 220.06346130371094 0.97764652967453 1.8692885637283325 0.7674017548561096 -5.731380939483643 1.0876249074935913 20.758073806762695 -4.762788772583008 0.1771
Pedestrian 1 1 1 691.7665405273438 179.62289428710938 712.0704956054688 225.55224609375 0.5806659460067749 1.627082109451294 0.6468979120254517 3.5718555450439453 1.5609800815582275 25.738845825195312 -4.70943021774292 0.1761
Pedestrian 1 1 1 692.5914306640625 163.5673065185547 708.9368286132812 197.9097442626953 0.6443111896514893 1.916562557220459 0.6489783525466919 5.601658821105957 0.9159327745437622 40.53852462768555 -3.7464466094970703 0.1749
Cyclist 1 1 1 641.4370727539062 173.77174377441406 652.579345703125 204.25047302246094 1.6698763370513916 1.7183635234832764 0.4325951039791107 2.6149821281433105 1.2827911376953125 41.34580612182617 -7.91577672958374 0.1470
Car 1 1 1 702.58642578125 187.16815185546875 780.36865234375 213.57693481445312 4.141890048980713 1.4244072437286377 1.7676399946212769 8.029349327087402 1.7627276182174683 41.16724395751953 -6.732767581939697 0.1414
Cyclist 1 1 1 1027.8204345703125 144.2108154296875 1085.02001953125 212.1991729736328 1.6049631834030151 1.6811834573745728 0.4619416892528534 11.6923246383667 0.759641170501709 18.565563201904297 -7.8520731925964355 0.1408
Car 1 1 1 849.625732421875 181.54974365234375 1026.667724609375 259.07733154296875 4.395809650421143 1.4796377420425415 1.670347809791565 7.174179553985596 1.4814168214797974 15.952652931213379 -7.909469127655029 0.1347
Pedestrian 1 1 1 343.16943359375 155.40640258789062 380.86090087890625 240.75949096679688 1.1155153512954712 1.8811907768249512 0.777012825012207 -5.5445098876953125 1.3066445589065552 16.491151809692383 -5.073039531707764 0.1268
Pedestrian 1 1 1 392.853515625 170.1443634033203 425.03717041015625 237.92481994628906 0.9214451909065247 1.7395869493484497 0.6387286186218262 -5.091432571411133 1.4486595392227173 18.91157341003418 -7.9019083976745605 0.1087
Pedestrian 1 1 1 682.02587890625 177.61643981933594 699.7777099609375 218.34616088867188 0.6282191872596741 1.584900140762329 0.6124975681304932 3.5112226009368896 1.4341341257095337 28.335966110229492 -7.587533473968506 0.1067
