Car 1 1 1 462.4713439941406 180.159423828125 511.2912902832031 214.68515014648438 3.4847640991210938 1.400105357170105 1.5311448574066162 -5.543151378631592 1.7426530122756958 31.963001251220703 -5.061361312866211 0.9597
Car 1 1 1 0.0 189.36753845214844 202.3350067138672 374.0 3.8517093658447266 1.5012702941894531 1.5814112424850464 -5.9009575843811035 1.7093743085861206 7.145130157470703 -4.759291172027588 0.9128
Car 1 1 1 337.67047119140625 183.04928588867188 421.41314697265625 213.40489196777344 4.346120834350586 1.5289041996002197 1.6830627918243408 -12.555523872375488 2.1057674884796143 39.160438537597656 -5.843556880950928 0.9018
Car 1 1 1 639.904541015625 176.7222900390625 706.1441040039062 197.82777404785156 4.544493198394775 1.494400978088379 1.6967480182647705 4.594127178192139 1.786145806312561 53.04391860961914 -3.4149038791656494 0.8247
Car 1 1 1 904.037841796875 187.78152465820312 1241.0 374.0 3.6316819190979004 1.502855896949768 1.5605586767196655 2.9789130687713623 1.6160937547683716 3.6584272384643555 -7.871917247772217 0.7538
Car 1 1 1 37.16999435424805 186.1719207763672 147.92498779296875 233.20753479003906 3.591582775115967 1.44074285030365 1.5851300954818726 -17.860212326049805 1.937246322631836 25.03975486755371 -7.970975399017334 0.7536
Pedestrian 1 1 1 675.3631591796875 172.7608184814453 698.8617553710938 215.26385498046875 0.9127042889595032 1.7311266660690308 0.6579737663269043 3.1604506969451904 1.7270311117172241 29.947423934936523 -7.332597255706787 0.7310
Car 1 1 1 106.6273422241211 182.6705780029297 213.950439453125 235.12513732910156 4.065326690673828 1.5582562685012817 1.7284072637557983 -15.094635009765625 1.919282078742981 24.40020179748535 -4.8994951248168945 0.7175
Pedestrian 1 1 1 940.7081909179688 151.62158203125 983.2247314453125 239.68826293945312 0.8505558371543884 1.7922182083129883 0.6164543628692627 7.330086708068848 1.3598237037658691 15.164295196533203 -7.642510890960693 0.6846
Car 1 1 1 534.3501586914062 177.71705627441406 598.1087036132812 201.02796936035156 4.1678147315979 1.5121750831604004 1.7003854513168335 -3.0120575428009033 1.8595331907272339 49.60655212402344 -6.967454433441162 0.5592
Car 1 1 1 162.1665802001953 180.90594482421875 265.9582824707031 231.14613342285156 3.067662000656128 1.429187297821045 1.4389809370040894 -12.345376014709473 1.6987085342407227 22.60450553894043 -4.652334690093994 0.3470
Car 1 1 1 0.0 190.5631561279297 65.502685546875 241.0081024169922 3.9818286895751953 1.4509587287902832 1.5777273178100586 -20.41832160949707 2.0990922451019287 24.32280158996582 -8.026628494262695 0.3391
Car 1 1 1 509.64764404296875 173.4634246826172 560.2146606445312 193.96463012695312 3.9721922874450684 1.676220417022705 1.728074312210083 -6.2409539222717285 1.7274024486541748 60.00190734863281 -3.0973925590515137 0.3090
Cyclist 1 1 1 849.4287109375 144.01153564453125 896.4664306640625 194.99269104003906 1.5720489025115967 1.7479294538497925 0.5393654704093933 9.247293472290039 0.7587428092956543 25.550220489501953 -5.2587080001831055 0.1832
Car 1 1 1 550.4692993164062 180.89784240722656 625.3007202148438 208.8075408935547 3.7599680423736572 1.4404247999191284 1.655921220779419 -1.2537062168121338 1.8976198434829712 39.5631103515625 -6.6689558029174805 0.1540
Pedestrian 1 1 1 421.65655517578125 168.00978088378906 437.8432312011719 195.5623321533203 1.0150145292282104 1.9108073711395264 0.4473630487918854 -12.64301586151123 1.574553370475769 50.48701095581055 -3.664987564086914 0.1432
Pedestrian 1 1 1 172.9854278564453 147.97067260742188 197.81243896484375 200.49462890625 0.6574774980545044 1.9620789289474487 0.6772729754447937 -16.142911911010742 1.0322401523590088 27.36699104309082 -8.15035629272461 0.1245
Cyclist 1 1 1 0.0 127.16170501708984 58.999759674072266 250.3204803466797 1.6866405010223389 1.8896493911743164 0.5529502630233765 -10.057165145874023 1.1882835626602173 11.923218727111816 -4.747572898864746 0.1157
Cyclist 1 1 1 690.1456298828125 147.00997924804688 720.0062866210938 186.35586547851562 1.5130470991134644 1.7670003175735474 0.5489495992660522 4.321574687957764 0.6060606837272644 33.195472717285156 -5.24143123626709 0.1096
Pedestrian 1 1 1 612.5679321289062 144.3577880859375 708.1572875976562 311.7378234863281 1.0359654426574707 1.8247052431106567 0.5089258551597595 0.4935075342655182 1.513751745223999 8.126049995422363 -6.294207572937012 0.1011
