Car 1 1 1 93.37344360351562 179.73257446289062 315.4960021972656 274.8742370605469 3.9266388416290283 1.55061936378479 1.6241638660430908 -7.734593391418457 1.7050789594650269 14.147500038146973 -4.510665416717529 0.9495
Car 1 1 1 399.0820617675781 176.5031280517578 466.53521728515625 210.6175994873047 3.527329206466675 1.5281481742858887 1.5536998510360718 -8.480896949768066 1.7127445936203003 34.6450080871582 -7.55437707901001 0.9427
Car 1 1 1 541.7090454101562 175.05650329589844 661.6473999023438 215.20205688476562 4.481738567352295 1.4338092803955078 1.6798409223556519 -0.31790247559547424 1.5248816013336182 27.959930419921875 -3.7525644302368164 0.9062
Pedestrian 1 1 1 349.8468322753906 170.24749755859375 388.06256103515625 253.541259765625 0.5377721190452576 1.7001546621322632 0.753864049911499 -5.090870380401611 1.646652102470398 15.109841346740723 -6.263555526733398 0.7743
Cyclist 1 1 1 1096.58251953125 161.74014282226562 1241.0 303.5519104003906 2.0156173706054688 1.774092435836792 0.7532625198364258 7.7540388107299805 1.6347558498382568 9.657914161682129 -2.8721210956573486 0.6432
Car 1 1 1 828.869384765625 163.60325622558594 924.5175170898438 198.9911651611328 3.7816734313964844 1.567202091217041 1.6494125127792358 12.059615135192871 1.1572203636169434 32.9129524230957 -3.0695462226867676 0.5303
Car 1 1 1 565.8760986328125 175.97506713867188 587.7305908203125 194.14849853515625 3.8487119674682617 1.4112012386322021 1.5198382139205933 -2.69518780708313 1.6729259490966797 58.63557434082031 -4.690735816955566 0.4989
Car 1 1 1 520.043212890625 178.3028564453125 549.8323974609375 196.45013427734375 3.5307514667510986 1.416327714920044 1.591452956199646 -6.1615166664123535 1.8779417276382446 59.30036926269531 -4.558896064758301 0.4856
Car 1 1 1 699.7976684570312 173.56558227539062 724.5366821289062 196.63253784179688 3.6618587970733643 1.5279422998428345 1.49923574924469 7.05593729019165 1.5787242650985718 49.85538864135742 -4.517787933349609 0.4244
Pedestrian 1 1 1 257.8385009765625 154.34349060058594 278.6622009277344 195.36868286132812 0.7289060950279236 1.7954758405685425 0.5960388779640198 -15.172098159790039 0.9850597381591797 31.954330444335938 -7.893980503082275 0.2117
Pedestrian 1 1 1 385.4751281738281 180.89724731445312 421.25830078125 252.182373046875 0.5203210711479187 1.6758779287338257 0.6632405519485474 -5.0550127029418945 1.8750609159469604 17.476280212402344 -2.362971544265747 0.2039
Pedestrian 1 1 1 771.7413330078125 166.70750427246094 785.7902221679688 190.1553192138672 1.0466316938400269 1.8934552669525146 0.4245661795139313 13.688483238220215 1.396812915802002 58.63734817504883 -3.4749326705932617 0.1722
Pedestrian 1 1 1 428.8965148925781 162.2926483154297 438.90863037109375 188.30064392089844 0.6608452200889587 1.8665817975997925 0.6017845869064331 -12.752058029174805 1.1082977056503296 52.13572311401367 -7.926419734954834 0.1590
Pedestrian 1 1 1 872.4624633789062 153.4958038330078 886.9390258789062 199.6187744140625 0.43735548853874207 1.934183955192566 0.5071616172790527 11.361956596374512 1.1220905780792236 30.520450592041016 -3.099820375442505 0.1582
Pedestrian 1 1 1 388.68634033203125 174.5643310546875 401.54180908203125 199.163818359375 0.898939311504364 1.8833016157150269 0.49186500906944275 -16.617080688476562 2.0159924030303955 55.70042037963867 -6.691861152648926 0.1539
Pedestrian 1 1 1 847.1264038085938 171.28282165527344 869.592529296875 221.45834350585938 0.588403582572937 1.6526442766189575 0.5471881628036499 8.229700088500977 1.600594162940979 24.060314178466797 -3.0667226314544678 0.1462
Car 1 1 1 733.4534301757812 169.85195922851562 759.9237670898438 188.2124481201172 4.136096477508545 1.6182825565338135 1.679355502128601 12.381503105163574 1.3533834218978882 65.676025390625 -7.8393683433532715 0.1300
Car 1 1 1 252.3275146484375 157.56614685058594 308.7068786621094 193.03408813476562 4.687896728515625 2.4335060119628906 1.8618782758712769 -23.621829986572266 1.3842843770980835 51.86232376098633 -7.840150356292725 0.1286
Pedestrian 1 1 1 1221.9620361328125 137.3057098388672 1241.0 184.88211059570312 0.573138415813446 1.8484266996383667 0.6432977914810181 24.577194213867188 0.4670133888721466 28.387174606323242 -4.475010395050049 0.1198
Car 1 1 1 840.7223510742188 164.66793823242188 890.6563110351562 184.41258239746094 3.857745409011841 1.4682949781417847 1.5486608743667603 19.59404182434082 0.8592434525489807 55.337127685546875 -6.843130111694336 0.1126
Pedestrian 1 1 1 475.9284362792969 172.7669219970703 490.26776123046875 196.1265106201172 1.0173641443252563 1.8818845748901367 0.5332050919532776 -10.325406074523926 1.8745683431625366 58.56155776977539 -2.7692618370056152 0.1120
Car 1 1 1 1128.52587890625 146.42625427246094 1204.2049560546875 176.37937927246094 4.177124500274658 1.919989824295044 1.7466646432876587 37.15728759765625 0.22567635774612427 48.37045669555664 -7.8917365074157715 0.1116
Car 1 1 1 541.4437255859375 177.39077758789062 561.3748779296875 194.3152618408203 3.8619818687438965 1.4615812301635742 1.5494338274002075 -5.297599792480469 1.8840471506118774 65.29523468017578 -4.7275896072387695 0.1102
Pedestrian 1 1 1 1065.2734375 139.68165588378906 1087.1221923828125 186.65737915039062 0.5555846691131592 1.9046307802200317 0.6459532976150513 19.09243392944336 0.5593580007553101 29.626422882080078 -7.504104137420654 0.1093
