Car 1 1 1 440.25665283203125 178.057373046875 573.054443359375 283.75531005859375 4.227938652038574 1.4867161512374878 1.6283165216445923 -1.4645217657089233 1.4389499425888062 12.234074592590332 -4.691929817199707 0.9538
Pedestrian 1 1 1 449.5515441894531 177.0843505859375 466.8782958984375 217.1744384765625 0.8121453523635864 1.6690351963043213 0.576930820941925 -6.05693244934082 1.485522747039795 30.314533233642578 -4.721604347229004 0.7892
Pedestrian 1 1 1 764.8367309570312 152.04144287109375 819.5128784179688 265.31793212890625 0.7121512293815613 1.7901861667633057 0.7266368269920349 3.05415940284729 1.3252679109573364 11.724478721618652 -4.667165279388428 0.7420
Pedestrian 1 1 1 432.66552734375 169.03912353515625 457.30340576171875 225.11856079101562 0.8403010368347168 1.7885493040084839 0.6409415006637573 -5.10392951965332 1.3915719985961914 23.339868545532227 -4.7434773445129395 0.5921
Pedestrian 1 1 1 492.814697265625 163.9705810546875 511.6877746582031 211.6730194091797 0.5744971632957458 1.7749476432800293 0.6582098007202148 -3.7644338607788086 1.1230741739273071 27.080869674682617 -8.07543659210205 0.5334
Pedestrian 1 1 1 589.234619140625 161.7378692626953 601.6089477539062 194.15016174316406 0.976352334022522 1.8925143480300903 0.7225345373153687 -0.3541727662086487 0.7387428879737854 42.43250274658203 -4.7168684005737305 0.3741
Pedestrian 1 1 1 524.4487915039062 162.09449768066406 542.1502075195312 202.40869140625 0.6320489645004272 1.822801113128662 0.6306289434432983 -3.1284618377685547 0.9456605911254883 32.8635368347168 -4.462870121002197 0.3732
Cyclist 1 1 1 607.754150390625 169.71812438964844 618.2670288085938 199.57598876953125 1.7217661142349243 1.7416917085647583 0.5772989988327026 0.6831948161125183 1.054538369178772 42.76642608642578 -4.7231245040893555 0.3145
Pedestrian 1 1 1 659.4249877929688 139.2274932861328 687.7127075195312 230.42477416992188 0.6820308566093445 1.8399219512939453 0.5396308302879333 1.4590156078338623 0.987648606300354 14.873533248901367 -4.546010971069336 0.2863
Car 1 1 1 1119.46826171875 134.85255432128906 1237.0 373.0 3.829681158065796 1.6495314836502075 1.5704973936080933 4.382763862609863 1.5647538900375366 3.2810869216918945 -4.645317077636719 0.2710
Pedestrian 1 1 1 1026.4788818359375 115.66447448730469 1237.0 373.0 0.5875157713890076 1.6571029424667358 0.6577310562133789 1.7565053701400757 1.4899609088897705 2.204118490219116 -8.127717971801758 0.2640
Pedestrian 1 1 1 594.6614379882812 160.53182983398438 608.5868530273438 192.64064025878906 0.9115716218948364 1.9461411237716675 0.5481558442115784 0.010727928020060062 0.6753317713737488 44.06459426879883 -8.24329662322998 0.2617
Car 1 1 1 247.87889099121094 173.75259399414062 412.20050048828125 230.58128356933594 4.069891452789307 1.5367043018341064 1.622223138809204 -7.6226582527160645 1.3277053833007812 20.379484176635742 -3.213383674621582 0.2523
Cyclist 1 1 1 307.0209045410156 164.98728942871094 348.8342590332031 233.4288787841797 1.7054708003997803 1.6226235628128052 0.43585461378097534 -6.8220624923706055 1.2316770553588867 17.888639450073242 -7.880652904510498 0.2476
Pedestrian 1 1 1 574.0624389648438 166.3408966064453 588.2283935546875 191.63279724121094 0.999602735042572 1.8706490993499756 0.43688663840293884 -1.4911335706710815 0.7493714094161987 53.406620025634766 -3.021310329437256 0.2352
Cyclist 1 1 1 411.53826904296875 180.26158142089844 483.8394775390625 245.06370544433594 1.7069575786590576 1.6282531023025513 0.762738823890686 -4.051786422729492 1.5976576805114746 18.782625198364258 -6.764842510223389 0.2319
Pedestrian 1 1 1 423.6479187011719 173.31399536132812 446.95648193359375 217.37417602539062 0.7107357978820801 1.6150809526443481 0.6100562810897827 -6.22245979309082 1.3153941631317139 26.79890251159668 -8.501463890075684 0.2277
Car 1 1 1 589.0916748046875 169.21205139160156 625.031982421875 192.9915313720703 3.6120145320892334 1.597095012664795 1.5546456575393677 0.3661755621433258 0.7718110680580139 50.195091247558594 -4.989360332489014 0.2251
Pedestrian 1 1 1 99.84104919433594 147.50115966796875 162.6269073486328 282.8272705078125 0.6239500045776367 1.828593373298645 0.5025936961174011 -6.640172004699707 1.3698477745056152 10.076788902282715 -5.781950950622559 0.2240
Pedestrian 1 1 1 10.120953559875488 143.9192657470703 94.14192962646484 286.8023376464844 0.7225644588470459 1.8756287097930908 0.62361741065979 -7.566558361053467 1.3829740285873413 9.845693588256836 -5.936152935028076 0.2100
Pedestrian 1 1 1 691.285400390625 151.4922637939453 706.9171142578125 191.13917541503906 0.5269109606742859 1.8416521549224854 0.6274601817131042 4.5738091468811035 0.44801369309425354 33.72386169433594 -7.498196125030518 0.2039
Cyclist 1 1 1 385.18402099609375 153.9329071044922 447.7629699707031 240.6832275390625 1.7122985124588013 1.775348424911499 0.42544955015182495 -4.018533229827881 1.2117656469345093 15.578255653381348 -7.507400035858154 0.2034
Pedestrian 1 1 1 504.09906005859375 164.98516845703125 521.5066528320312 200.7979278564453 0.6325514912605286 1.812133550643921 0.7173084020614624 -4.549230098724365 0.9766902923583984 36.78965759277344 -8.309161186218262 0.1967
Pedestrian 1 1 1 762.6240844726562 158.56190490722656 863.625732421875 369.9461364746094 0.8230599761009216 1.6395418643951416 0.6518346071243286 1.7555603981018066 1.4623627662658691 6.090322971343994 -7.33793830871582 0.1896
Car 1 1 1 619.9632568359375 152.51760864257812 693.5894775390625 215.64341735839844 4.292575836181641 1.646294355392456 1.7315466403961182 1.4690622091293335 0.8909560441970825 20.895126342773438 -4.730067729949951 0.1869
Pedestrian 1 1 1 561.8929443359375 166.52525329589844 575.80859375 190.82945251464844 1.006204605102539 1.8748908042907715 0.4771047532558441 -2.511382818222046 0.7195850014686584 55.764556884765625 -3.3792190551757812 0.1580
Pedestrian 1 1 1 280.7804260253906 167.8124237060547 350.94769287109375 295.5458679199219 0.7431487441062927 1.704342007637024 0.5170336365699768 -3.9934122562408447 1.5223748683929443 9.942415237426758 -5.979863166809082 0.1578
Car 1 1 1 1018.8164672851562 136.71115112304688 1180.5191650390625 184.5158233642578 4.065060138702393 1.493152141571045 1.596825361251831 16.13065528869629 0.09464453160762787 23.463268280029297 -3.026536703109741 0.1568
Pedestrian 1 1 1 552.8150024414062 163.49090576171875 566.0941162109375 195.01014709472656 0.9284359216690063 1.8603858947753906 0.6074216365814209 -2.5031261444091797 0.7975283861160278 42.90520477294922 -4.553869247436523 0.1565
Pedestrian 1 1 1 536.4224243164062 170.21217346191406 547.5174560546875 201.3411407470703 0.3359335958957672 1.691885232925415 0.5873296856880188 -3.2632505893707275 1.078547716140747 39.380409240722656 -5.7732014656066895 0.1557
Pedestrian 1 1 1 434.7931213378906 156.96392822265625 457.03472900390625 201.9326934814453 0.8288496136665344 1.9234737157821655 0.6019344329833984 -6.780045032501221 0.8742849826812744 31.23351287841797 -8.613430976867676 0.1476
Pedestrian 1 1 1 208.32200622558594 185.20333862304688 246.3272705078125 274.4341125488281 0.6006853580474854 1.5828042030334473 0.5854604244232178 -6.911654949188232 1.6534713506698608 13.183561325073242 -5.248880863189697 0.1378
Car 1 1 1 1126.5762939453125 124.645263671875 1237.0 213.54339599609375 3.3760902881622314 1.73876953125 1.798237681388855 13.738759994506836 0.6273305416107178 15.81135082244873 -7.94307279586792 0.1343
Pedestrian 1 1 1 614.3204345703125 163.51571655273438 626.8682250976562 190.24618530273438 0.8677725195884705 1.8699074983596802 0.6412634253501892 1.3630123138427734 0.6118060946464539 50.75969314575195 -8.153343200683594 0.1087
Car 1 1 1 0.0 193.76516723632812 196.2312774658203 293.5423889160156 3.782120943069458 1.4923772811889648 1.5913419723510742 -9.415597915649414 1.7507433891296387 13.159330368041992 -4.6471428871154785 0.1036
