Car 1 1 1 550.4530639648438 172.67832946777344 603.093017578125 210.9334716796875 4.5153727531433105 1.6190671920776367 1.6857872009277344 -1.4779738187789917 1.6113327741622925 32.8785400390625 -7.736390590667725 0.9753
Car 1 1 1 706.4361572265625 161.4822540283203 826.2819213867188 248.59141540527344 4.331040859222412 1.712554931640625 1.698542833328247 3.316298723220825 1.4886879920959473 16.367443084716797 -7.874021053314209 0.9526
Car 1 1 1 451.8321228027344 179.4712677001953 532.9490356445312 236.8428192138672 3.897444248199463 1.547947883605957 1.6091766357421875 -3.5157310962677 1.767005205154419 21.923267364501953 -4.649929523468018 0.9338
Car 1 1 1 682.3445434570312 175.35108947753906 741.3513793945312 212.48812866210938 3.5640223026275635 1.3828463554382324 1.547305703163147 4.114826679229736 1.4898741245269775 29.07052230834961 -7.471960544586182 0.7598
Car 1 1 1 482.1058044433594 178.4564208984375 538.9202880859375 214.4654083251953 4.227978229522705 1.5190763473510742 1.683073878288269 -4.5535407066345215 1.7942861318588257 33.30048370361328 -4.620116233825684 0.5478
Pedestrian 1 1 1 917.7525634765625 149.32305908203125 935.3031005859375 188.1396484375 0.597886860370636 1.8298951387405396 0.6650089621543884 15.036494255065918 0.720297634601593 34.380271911621094 -7.629374980926514 0.2493
Pedestrian 1 1 1 923.1448974609375 144.40895080566406 955.5733032226562 203.01625061035156 0.7768393158912659 1.8986554145812988 0.6579086184501648 10.811432838439941 0.9768433570861816 23.80595588684082 -4.85361909866333 0.2228
Pedestrian 1 1 1 790.3230590820312 159.5116729736328 800.5094604492188 185.66256713867188 0.5542084574699402 1.9133436679840088 0.6327745914459229 13.610403060913086 0.9368447065353394 53.08805465698242 -4.649651050567627 0.2207
Pedestrian 1 1 1 943.594482421875 146.7061767578125 962.5348510742188 187.3798828125 0.5174834132194519 1.8647396564483643 0.6867737174034119 15.835223197937012 0.6656587719917297 33.40156173706055 -4.512685298919678 0.2127
Cyclist 1 1 1 879.0032348632812 142.08103942871094 939.161376953125 203.24534606933594 1.608240008354187 1.7620289325714111 0.5187068581581116 8.754549980163574 0.8752177953720093 21.289649963378906 -5.956772327423096 0.2044
Pedestrian 1 1 1 449.25885009765625 167.0840606689453 468.3749694824219 202.1896209716797 0.96590656042099 1.871800422668457 0.66798335313797 -8.208434104919434 1.5638525485992432 39.01765060424805 -4.4849348068237305 0.1982
Pedestrian 1 1 1 935.1874389648438 148.25779724121094 974.0673828125 234.6824188232422 0.8018016219139099 1.8673423528671265 0.6905282139778137 7.6148681640625 1.3356022834777832 16.0803165435791 -4.386503219604492 0.1861
Car 1 1 1 599.1394653320312 168.85940551757812 620.16259765625 187.78533935546875 3.7410783767700195 1.4555110931396484 1.549346923828125 -0.08173706382513046 1.1480034589767456 57.385345458984375 -7.886875629425049 0.1809
Cyclist 1 1 1 846.5202026367188 140.64280700683594 901.0083618164062 198.31021118164062 1.600493311882019 1.802685260772705 0.5381222367286682 8.406557083129883 0.7954623699188232 23.137672424316406 -5.8463134765625 0.1618
Cyclist 1 1 1 912.2681884765625 166.2515411376953 956.9058837890625 207.19903564453125 1.670854926109314 1.7874627113342285 0.6813616752624512 14.288195610046387 1.4989486932754517 31.877368927001953 -6.331206798553467 0.1494
Pedestrian 1 1 1 306.7807922363281 169.01011657714844 319.52044677734375 212.9044952392578 0.25188347697257996 1.81109619140625 0.4576082229614258 -12.396148681640625 1.6521965265274048 30.027978897094727 -5.956842422485352 0.1472
Pedestrian 1 1 1 1138.90478515625 139.911865234375 1199.728515625 256.73577880859375 0.5265235900878906 1.8069519996643066 0.5546503067016602 8.833549499511719 1.2971256971359253 11.47910213470459 -6.4578471183776855 0.1469
Pedestrian 1 1 1 393.21026611328125 162.57806396484375 424.4544982910156 217.6864776611328 0.8644391894340515 1.850415825843811 0.6369809508323669 -6.940805912017822 1.5050731897354126 24.747936248779297 -4.3263630867004395 0.1295
Pedestrian 1 1 1 952.2890014648438 167.86761474609375 972.2505493164062 219.3125 0.579710066318512 1.6922361850738525 0.5540652871131897 11.73243522644043 1.5279136896133423 24.125112533569336 -7.317431926727295 0.1140
Car 1 1 1 433.1913757324219 177.4488525390625 510.8327331542969 220.1197509765625 3.858344554901123 1.497003197669983 1.5275402069091797 -5.2703857421875 1.6868215799331665 27.804733276367188 -4.490724086761475 0.1113
Pedestrian 1 1 1 989.1539916992188 157.440673828125 1029.4395751953125 245.99978637695312 0.47048112750053406 1.7068626880645752 0.5435234904289246 7.837573528289795 1.4094908237457275 14.263860702514648 -6.8839545249938965 0.1101
