Car 1 1 1 439.81890869140625 177.51344299316406 528.6150512695312 217.95046997070312 3.7947421073913574 1.5043402910232544 1.6384481191635132 -5.0840301513671875 1.7071086168289185 29.382225036621094 -7.394546985626221 0.9707
Car 1 1 1 574.2808837890625 175.3389892578125 628.5565795898438 204.38153076171875 3.6659083366394043 1.5321002006530762 1.6109392642974854 -0.46839600801467896 1.677859902381897 40.40791320800781 -7.417464733123779 0.9490
Car 1 1 1 199.9556884765625 184.89527893066406 362.3706359863281 239.88890075683594 4.1065497398376465 1.3374899625778198 1.5950373411178589 -9.318731307983398 1.7189404964447021 20.690250396728516 -7.356621265411377 0.8548
Car 1 1 1 211.60194396972656 181.23533630371094 324.4162292480469 222.1141815185547 3.9610211849212646 1.407392978668213 1.5497100353240967 -13.117768287658691 1.7551844120025635 27.84007453918457 -4.3464250564575195 0.6906
Car 1 1 1 79.64324951171875 184.27877807617188 177.66775512695312 216.52615356445312 4.112637519836426 1.6271467208862305 1.7019392251968384 -25.923614501953125 2.2672364711761475 38.95384216308594 -6.624577045440674 0.5100
Car 1 1 1 458.3615417480469 173.2223358154297 517.9122924804688 202.8284454345703 4.332657814025879 1.6407983303070068 1.6571400165557861 -7.115880489349365 1.6633051633834839 42.36119842529297 -4.40651273727417 0.4172
Pedestrian 1 1 1 790.8417358398438 168.4422149658203 804.986083984375 192.0927734375 0.9161285758018494 1.8289722204208374 0.5445767641067505 14.604368209838867 1.4874943494796753 56.18870162963867 -3.4261841773986816 0.3869
Pedestrian 1 1 1 772.6558837890625 161.48773193359375 789.7595825195312 192.3738555908203 0.8662905693054199 1.816815733909607 0.5633383989334106 10.102445602416992 1.1479171514511108 42.7409553527832 -6.321174144744873 0.3804
Car 1 1 1 712.4434814453125 173.27093505859375 735.1554565429688 190.15333557128906 3.74115252494812 1.4732236862182617 1.5804847478866577 10.266667366027832 1.5116926431655884 65.07951354980469 -7.575158596038818 0.2753
Cyclist 1 1 1 744.7421875 163.08326721191406 776.6480712890625 236.22044372558594 1.9095276594161987 1.7145484685897827 0.5912529230117798 3.708425998687744 1.485194206237793 17.91442108154297 -7.5494561195373535 0.2378
Car 1 1 1 752.1959838867188 169.2429656982422 773.2808227539062 187.48663330078125 3.9931368827819824 1.6292393207550049 1.603329062461853 14.029643058776855 1.3064568042755127 66.52185821533203 -7.720701694488525 0.2199
Car 1 1 1 67.86434173583984 174.90350341796875 109.65131378173828 202.43370056152344 4.322402000427246 1.9387900829315186 1.7534211874008179 -38.60267639160156 2.097036600112915 53.48886489868164 -5.154324531555176 0.1688
Pedestrian 1 1 1 310.1292724609375 153.04058837890625 367.37127685546875 267.0027160644531 0.6928195357322693 1.8489835262298584 0.6260671615600586 -4.572963714599609 1.5272201299667358 12.0482759475708 -3.055516481399536 0.1631
Car 1 1 1 99.33369445800781 185.6429901123047 176.3363800048828 214.9035186767578 3.8725967407226562 1.5455985069274902 1.5935330390930176 -27.366491317749023 2.3240935802459717 41.911705017089844 -4.575599670410156 0.1503
Car 1 1 1 563.6386108398438 177.1059112548828 617.1792602539062 197.70904541015625 4.023885726928711 1.5765469074249268 1.6221256256103516 -1.543637990951538 1.9160733222961426 56.64998245239258 -6.177931308746338 0.1326
Car 1 1 1 1168.6507568359375 161.7562713623047 1241.0 203.94114685058594 4.048614978790283 1.5718450546264648 1.6852083206176758 24.84270668029785 1.1580344438552856 28.94767951965332 -7.902188777923584 0.1131
Pedestrian 1 1 1 969.8171997070312 148.43975830078125 990.00048828125 194.35186767578125 0.5629631876945496 1.8380159139633179 0.614743709564209 14.937488555908203 0.8603318929672241 29.23271369934082 -7.611204624176025 0.1000
