Car 1 1 1 758.7474365234375 182.6280975341797 1113.3551025390625 374.0 3.8735268115997314 1.4978522062301636 1.6506006717681885 2.6797454357147217 1.620245337486267 7.098509788513184 -7.881680965423584 0.9715
Car 1 1 1 661.9667358398438 179.27593994140625 745.0357055664062 237.57887268066406 4.101414680480957 1.4736988544464111 1.5677149295806885 2.532569408416748 1.6773207187652588 20.80667495727539 -7.9310221672058105 0.9580
Car 1 1 1 402.6805114746094 186.1004638671875 519.7548217773438 266.507568359375 3.8642024993896484 1.4206846952438354 1.6166962385177612 -3.060800790786743 1.7378093004226685 15.340569496154785 -4.6901421546936035 0.9559
Car 1 1 1 346.8310546875 186.29031372070312 423.69061279296875 213.67002868652344 3.882438898086548 1.4780582189559937 1.424267292022705 -12.611019134521484 2.246551990509033 40.50203323364258 -6.3197503089904785 0.9170
Car 1 1 1 640.2898559570312 176.20645141601562 678.620849609375 208.9478759765625 3.9619650840759277 1.5217565298080444 1.611149787902832 2.369861602783203 1.697615623474121 35.928199768066406 -7.8600993156433105 0.9106
Car 1 1 1 960.6111450195312 202.2498779296875 1241.0 374.0 3.8435776233673096 1.486033320426941 1.6470075845718384 3.0497825145721436 1.6741153001785278 2.674474000930786 -7.8890252113342285 0.8884
Car 1 1 1 653.3677978515625 178.0646209716797 712.4234008789062 226.36363220214844 4.018764019012451 1.5690014362335205 1.64730703830719 2.4884743690490723 1.770337700843811 25.898578643798828 -7.87066125869751 0.8562
Pedestrian 1 1 1 818.2066040039062 154.05490112304688 871.9019775390625 260.18255615234375 0.6477488875389099 1.8234686851501465 0.7127991914749146 4.085620403289795 1.500165581703186 12.742812156677246 -7.916369915008545 0.7868
Car 1 1 1 728.7835083007812 164.791748046875 862.4544677734375 290.5570983886719 2.411468029022217 1.7168827056884766 1.4054526090621948 2.679733991622925 1.6065211296081543 11.063405990600586 -7.864924907684326 0.6005
Car 1 1 1 589.1548461914062 175.22169494628906 613.2022705078125 197.3140106201172 3.7390613555908203 1.4649628400802612 1.6085376739501953 -0.6590946912765503 1.6353623867034912 50.13481140136719 -7.873546123504639 0.5386
Car 1 1 1 627.6354370117188 176.49351501464844 651.175048828125 197.72569274902344 3.5494821071624756 1.5264484882354736 1.528403639793396 2.1546714305877686 1.8090194463729858 54.28431701660156 -7.881636142730713 0.3525
Car 1 1 1 243.24148559570312 188.08396911621094 327.75469970703125 215.77099609375 4.032474040985107 1.4846196174621582 1.5614182949066162 -18.18517303466797 2.356179714202881 40.46173858642578 -6.314600467681885 0.3015
Pedestrian 1 1 1 722.629638671875 160.4325408935547 745.5913696289062 203.05419921875 0.8594020009040833 1.8814442157745361 0.7530538439750671 5.535769939422607 1.3328250646591187 32.413692474365234 -4.164575576782227 0.2600
Pedestrian 1 1 1 156.82362365722656 211.3037567138672 196.0314483642578 289.0762023925781 0.36379262804985046 1.1764839887619019 0.3836636543273926 -6.870480537414551 1.7925053834915161 11.347957611083984 -4.503283977508545 0.2195
Pedestrian 1 1 1 241.46090698242188 161.9875946044922 254.0148162841797 200.73638916015625 0.28814440965652466 1.8058857917785645 0.4958367645740509 -17.057933807373047 1.2991575002670288 33.89644241333008 -6.108190059661865 0.1962
Pedestrian 1 1 1 293.2789001464844 204.94944763183594 318.7204895019531 256.73486328125 0.36206403374671936 1.122090220451355 0.3817009925842285 -6.852231979370117 1.8500603437423706 16.144454956054688 -4.424424648284912 0.1683
Car 1 1 1 369.70355224609375 157.57151794433594 406.4400634765625 185.42494201660156 4.639206409454346 2.5153260231018066 1.7902973890304565 -20.732385635375977 1.1349278688430786 67.52507781982422 -7.798046588897705 0.1267
Pedestrian 1 1 1 357.8177795410156 163.48240661621094 374.3668212890625 193.35546875 0.8888198733329773 1.9525706768035889 0.616951584815979 -16.14854621887207 1.339721918106079 47.68415069580078 -7.507032871246338 0.1246
Car 1 1 1 380.663330078125 176.66236877441406 431.6971740722656 201.72120666503906 4.115991115570068 1.5359227657318115 1.7362555265426636 -13.249733924865723 1.7951947450637817 47.02875900268555 -4.587283611297607 0.1245
Car 1 1 1 381.5727844238281 163.88475036621094 426.22430419921875 184.10458374023438 4.0424275398254395 1.7533671855926514 1.6953887939453125 -18.473405838012695 0.9752956628799438 64.7601089477539 -7.45454740524292 0.1234
Car 1 1 1 395.26190185546875 177.3148193359375 454.2825622558594 214.33116149902344 3.6994969844818115 1.4087384939193726 1.5602941513061523 -7.611462116241455 1.604061245918274 29.775739669799805 -7.8756632804870605 0.1132
