Car 1 1 1 397.6951599121094 184.23585510253906 433.1763000488281 207.80960083007812 3.9398810863494873 1.5746407508850098 1.6839977502822876 -14.042454719543457 2.428636312484741 52.14699172973633 -4.762940883636475 0.7043
Car 1 1 1 906.7080078125 173.0234832763672 1006.2564086914062 209.09388732910156 3.4931528568267822 1.4635869264602661 1.5697011947631836 14.48237419128418 1.4706534147262573 30.323925018310547 -3.291680335998535 0.3207
Car 1 1 1 274.99749755859375 179.22901916503906 324.8404541015625 206.3848876953125 3.740426778793335 1.6362584829330444 1.6685107946395874 -19.846515655517578 2.0613393783569336 46.25455856323242 -7.879574298858643 0.3173
Car 1 1 1 163.53955078125 196.2213134765625 229.9869842529297 224.32826232910156 3.8014562129974365 1.5092345476150513 1.7381409406661987 -25.09821891784668 2.993840456008911 43.91063690185547 -4.66414737701416 0.3052
Car 1 1 1 1018.5614624023438 188.44781494140625 1123.6923828125 222.10186767578125 3.584550142288208 1.4305717945098877 1.7717583179473877 20.620464324951172 2.151074171066284 32.436092376708984 -6.266312122344971 0.2662
Cyclist 1 1 1 1036.4873046875 178.6317138671875 1089.300537109375 222.81085205078125 1.7899689674377441 1.857525110244751 0.7036287784576416 19.321762084960938 2.107895612716675 30.876819610595703 -6.196831703186035 0.1587
Car 1 1 1 761.0437622070312 178.05697631835938 798.718505859375 203.3349609375 3.5881295204162598 1.475435733795166 1.517311930656433 10.432552337646484 1.810154914855957 44.658241271972656 -4.702364444732666 0.1565
Car 1 1 1 31.208402633666992 193.2567596435547 132.5184783935547 228.1560516357422 4.222804069519043 1.4850172996520996 1.7006810903549194 -25.801156997680664 2.5465734004974365 35.39091491699219 -4.648598670959473 0.1560
Pedestrian 1 1 1 1008.723876953125 161.45713806152344 1032.807373046875 211.6118621826172 0.6814567446708679 1.762080192565918 0.6269476413726807 14.618437767028809 1.3613756895065308 25.772218704223633 -7.531478404998779 0.1160
Cyclist 1 1 1 1209.3338623046875 173.40928649902344 1241.0 225.00839233398438 1.6061058044433594 1.6586670875549316 0.611802875995636 20.54450035095215 1.6771844625473022 23.82903480529785 -6.727909564971924 0.1107
Pedestrian 1 1 1 0.0 155.3715362548828 20.280961990356445 197.76956176757812 0.765849769115448 1.8122719526290894 0.5717577934265137 -26.168752670288086 1.064697504043579 31.229772567749023 -7.835346698760986 0.1043
