Cyclist 1 1 1 570.8614501953125 180.5511932373047 581.6304321289062 214.74778747558594 1.5818297863006592 1.6356574296951294 0.34873121976852417 -1.7034412622451782 2.0244674682617188 35.67396926879883 -7.78255033493042 0.3494
Cyclist 1 1 1 302.19342041015625 166.00294494628906 360.04412841796875 261.30535888671875 1.80098557472229 1.70664381980896 0.5244739651679993 -5.365174770355225 1.5836576223373413 13.837122917175293 -4.7795634269714355 0.3431
Pedestrian 1 1 1 697.4227905273438 163.43873596191406 716.514404296875 220.30120849609375 0.32512009143829346 1.7917834520339966 0.5993397235870361 3.050677537918091 1.4948008060455322 23.076950073242188 -6.7437920570373535 0.2996
Pedestrian 1 1 1 169.91732788085938 173.56585693359375 195.29518127441406 231.27203369140625 0.5359394550323486 1.9425631761550903 0.7205642461776733 -14.672768592834473 1.9670343399047852 24.703487396240234 -5.194063186645508 0.2694
Car 1 1 1 590.6553344726562 186.9586639404297 613.37158203125 206.32620239257812 4.004775524139404 1.5183595418930054 1.6023072004318237 -0.7370848059654236 2.7637131214141846 61.652305603027344 -4.808984279632568 0.2665
Pedestrian 1 1 1 0.0 164.34515380859375 93.98695373535156 370.2158203125 0.8937246203422546 1.7892564535140991 0.6914147734642029 -5.613293170928955 1.7150046825408936 6.833653926849365 -4.144740104675293 0.2541
Pedestrian 1 1 1 694.4556884765625 147.39950561523438 772.8712768554688 278.47430419921875 1.0449079275131226 1.9019641876220703 0.5169131755828857 1.8046518564224243 1.53230619430542 10.879331588745117 -3.4610095024108887 0.2522
Car 1 1 1 642.2528076171875 186.3843994140625 694.3506469726562 222.02908325195312 3.4647703170776367 1.4820489883422852 1.626770257949829 2.586074113845825 2.1393706798553467 33.232051849365234 -4.8670806884765625 0.2098
Pedestrian 1 1 1 184.9077911376953 153.4413299560547 206.48190307617188 208.87489318847656 0.46256157755851746 1.992884635925293 0.6704102158546448 -15.154632568359375 1.294682264328003 26.311832427978516 -5.25966739654541 0.1996
Pedestrian 1 1 1 136.58660888671875 173.60801696777344 163.9223175048828 228.3821258544922 0.511809766292572 1.8247946500778198 0.6036473512649536 -15.612391471862793 1.8504290580749512 24.432998657226562 -5.819058418273926 0.1866
Pedestrian 1 1 1 547.1000366210938 149.89376831054688 571.978515625 219.41004943847656 0.9936608672142029 1.9612362384796143 0.7011071443557739 -1.5114645957946777 1.3131680488586426 20.87786865234375 -4.786420822143555 0.1270
Car 1 1 1 789.6386108398438 176.6185302734375 1169.9052734375 374.0 3.6032962799072266 1.5914489030838013 1.5603810548782349 2.494393825531006 1.6318881511688232 5.94148588180542 -4.618460178375244 0.1243
Pedestrian 1 1 1 550.2215576171875 165.0104217529297 575.0079345703125 217.02976989746094 0.7060240507125854 1.7572591304779053 0.5122725367546082 -1.6742303371429443 1.4919962882995605 24.810171127319336 -4.05832052230835 0.1188
Car 1 1 1 631.5596923828125 189.04855346679688 659.8003540039062 208.68624877929688 3.9501590728759766 1.574119210243225 1.6531652212142944 3.074599266052246 3.042856454849243 63.36531448364258 -4.8828349113464355 0.1094
Car 1 1 1 367.51788330078125 157.98001098632812 467.6558837890625 197.60867309570312 3.6672754287719727 1.5406498908996582 1.6237515211105347 -7.715923309326172 0.9620915651321411 29.019519805908203 -3.2286226749420166 0.1028
Pedestrian 1 1 1 562.4863891601562 186.85662841796875 584.0110473632812 230.87522888183594 0.8354630470275879 1.6968718767166138 0.6302779316902161 -1.4841365814208984 2.2532267570495605 28.354015350341797 -6.318542003631592 0.1012
