Car 1 1 1 676.5560302734375 182.3997344970703 822.8117065429688 227.43646240234375 4.471402645111084 1.397901177406311 1.6309095621109009 4.433615207672119 1.720699429512024 23.586219787597656 -6.274003505706787 0.9597
Car 1 1 1 642.5358276367188 179.81150817871094 710.2638549804688 203.582763671875 4.186162948608398 1.457217812538147 1.555975317955017 4.121328830718994 1.9048949480056763 45.596858978271484 -3.1015045642852783 0.9065
Car 1 1 1 640.279296875 176.66441345214844 697.864990234375 198.10887145996094 3.8482062816619873 1.4390238523483276 1.6375935077667236 4.14113187789917 1.7160897254943848 50.77986526489258 -6.865611553192139 0.2663
Pedestrian 1 1 1 0.0 153.6765594482422 60.989906311035156 274.49761962890625 0.7043796181678772 1.793854832649231 0.6511879563331604 -9.060396194458008 1.5088235139846802 11.045265197753906 -6.263541221618652 0.2661
Car 1 1 1 629.1709594726562 181.95420837402344 649.7217407226562 200.8674774169922 3.4809625148773193 1.510900855064392 1.5136216878890991 2.443777084350586 2.3032689094543457 61.090850830078125 -4.736575603485107 0.2224
Pedestrian 1 1 1 23.72801399230957 119.96782684326172 103.51823425292969 312.8078308105469 0.8316442370414734 1.9168336391448975 0.5911034345626831 -5.876677513122559 1.3908441066741943 7.67744255065918 -8.609366416931152 0.1885
Pedestrian 1 1 1 72.51219940185547 160.47193908691406 144.59031677246094 268.8727111816406 0.7710151076316833 1.704721450805664 0.5654388666152954 -8.128942489624023 1.5096999406814575 11.638510704040527 -3.164660692214966 0.1437
Pedestrian 1 1 1 1189.8118896484375 154.9185333251953 1241.0 264.5506591796875 0.7089266180992126 1.7729573249816895 0.5948495268821716 10.200063705444336 1.482607126235962 12.032441139221191 -4.744478702545166 0.1387
Pedestrian 1 1 1 818.6069946289062 136.2418670654297 868.1336669921875 241.54251098632812 0.9430078864097595 1.9447802305221558 0.7614259719848633 4.456899642944336 1.2682968378067017 13.920234680175781 -4.230306625366211 0.1331
Pedestrian 1 1 1 388.2709045410156 161.08721923828125 420.3251953125 213.8854522705078 0.8641805052757263 1.7731285095214844 0.6362435817718506 -7.094729423522949 1.377663493156433 24.725187301635742 -2.607809066772461 0.1293
Pedestrian 1 1 1 382.39813232421875 162.2250518798828 406.7242431640625 211.34532165527344 0.8639125227928162 1.7610732316970825 0.6296659111976624 -7.891817569732666 1.3797011375427246 26.30088996887207 -4.712939739227295 0.1239
Pedestrian 1 1 1 1222.275634765625 147.1273193359375 1241.0 183.56980895996094 0.4994800090789795 1.7848114967346191 0.6056575775146484 30.71889305114746 0.5245187282562256 35.6656379699707 -4.414924621582031 0.1166
Car 1 1 1 700.2726440429688 172.2892303466797 736.901123046875 193.74664306640625 3.87943959236145 1.4611570835113525 1.476836919784546 7.623044013977051 1.4223973751068115 51.163330078125 -4.865726470947266 0.1028
