Car 1 1 1 287.3858337402344 188.64450073242188 421.0799560546875 287.69482421875 4.403660774230957 1.4863923788070679 1.682263731956482 -4.757791519165039 1.8402818441390991 13.874367713928223 -4.877441883087158 0.9454
Cyclist 1 1 1 813.2619018554688 139.86569213867188 912.4356079101562 300.60589599609375 1.7633005380630493 1.9110796451568604 0.512482762336731 3.2087340354919434 1.5185736417770386 9.483531951904297 -7.967458248138428 0.8824
Car 1 1 1 375.0491638183594 178.76869201660156 438.1414489746094 216.37078857421875 3.643933057785034 1.455007553100586 1.567888617515564 -8.51587963104248 1.7184171676635742 30.333818435668945 -7.8352532386779785 0.2896
Car 1 1 1 70.30175018310547 164.2119140625 139.34825134277344 193.92088317871094 3.5240163803100586 1.655226469039917 1.6362431049346924 -29.34903335571289 1.1734347343444824 41.98908615112305 -7.887999057769775 0.2666
Car 1 1 1 219.59011840820312 185.1502227783203 291.4447326660156 218.60452270507812 3.4576830863952637 1.4113538265228271 1.4860526323318481 -16.42099380493164 2.012274980545044 33.51001739501953 -4.653744220733643 0.2264
Cyclist 1 1 1 740.5277099609375 139.08441162109375 781.351806640625 190.8622589111328 1.4808741807937622 1.7616673707962036 0.5389022827148438 5.236578464508057 0.6124051213264465 25.3227481842041 -5.253476619720459 0.2255
Car 1 1 1 305.4814453125 181.60626220703125 354.9979248046875 207.44973754882812 3.82466459274292 1.4369895458221436 1.5648361444473267 -16.779531478881836 1.98598313331604 43.35520553588867 -4.733955383300781 0.1960
Car 1 1 1 354.13714599609375 170.46221923828125 407.48980712890625 199.43968200683594 3.7918620109558105 1.5379151105880737 1.6050951480865479 -12.74740982055664 1.4106764793395996 40.22923278808594 -4.66019344329834 0.1808
Car 1 1 1 139.9637908935547 172.09078979492188 183.40467834472656 198.03204345703125 3.738009452819824 1.6275306940078735 1.6027354001998901 -29.358539581298828 1.5793479681015015 47.29546356201172 -8.177488327026367 0.1671
Car 1 1 1 382.9833068847656 177.5753936767578 434.354736328125 208.11988830566406 4.148623943328857 1.57491934299469 1.6164474487304688 -11.108819007873535 1.8496383428573608 39.93939208984375 -4.6927595138549805 0.1439
Pedestrian 1 1 1 82.36106872558594 185.1899871826172 122.2550277709961 248.19696044921875 0.619871199131012 1.5284620523452759 0.5492399334907532 -12.74659538269043 1.8434709310531616 18.049909591674805 -4.310576438903809 0.1388
Car 1 1 1 576.6634521484375 177.59793090820312 595.2647094726562 195.6234130859375 3.80171275138855 1.506638765335083 1.5486479997634888 -2.105048656463623 1.9345729351043701 63.22361373901367 -4.723839282989502 0.1211
Car 1 1 1 1067.0775146484375 166.67172241210938 1137.5106201171875 191.8871307373047 4.234457969665527 1.5188331604003906 1.5528210401535034 30.96076011657715 1.1461479663848877 45.57975769042969 -4.713893413543701 0.1125
Car 1 1 1 858.4854125976562 171.17013549804688 894.6527099609375 193.11892700195312 3.976444959640503 1.486693024635315 1.544068694114685 18.73807716369629 1.3723366260528564 50.9439582824707 -4.583677768707275 0.1089
Car 1 1 1 1018.2478637695312 174.87200927734375 1126.2059326171875 212.167724609375 3.621013641357422 1.4735997915267944 1.605997085571289 19.518726348876953 1.5646954774856567 30.70069122314453 -8.2184419631958 0.1087
Car 1 1 1 814.667236328125 169.97447204589844 844.427978515625 185.83468627929688 3.8772449493408203 1.436589002609253 1.5873010158538818 20.41553497314453 1.175466537475586 67.2956771850586 -7.855828762054443 0.1079
Car 1 1 1 194.50650024414062 193.25994873046875 268.8692321777344 224.5154571533203 4.1674652099609375 1.5317983627319336 1.7077363729476929 -21.07290267944336 2.732475757598877 40.31668472290039 -4.627042770385742 0.1016
