Car 1 1 1 793.9442749023438 175.38011169433594 859.5403442382812 202.42189025878906 3.5709095001220703 1.4698106050491333 1.3783901929855347 12.360919952392578 1.6211708784103394 41.44365692138672 -8.423409461975098 0.9608
Pedestrian 1 1 1 192.7718963623047 152.7208709716797 210.5740203857422 197.55865478515625 0.7523064017295837 1.8940660953521729 0.632885754108429 -17.5693416595459 1.0432894229888916 30.966312408447266 -8.412131309509277 0.2500
Pedestrian 1 1 1 370.9822692871094 153.51475524902344 420.9808654785156 308.6827087402344 0.9301778078079224 1.8217990398406982 0.5684388279914856 -2.7277066707611084 1.5944404602050781 8.999378204345703 -5.009603977203369 0.1984
Pedestrian 1 1 1 51.96681594848633 160.68869018554688 77.62444305419922 215.9822998046875 0.4310683310031891 1.7541122436523438 0.5037533640861511 -17.54306411743164 1.3678849935531616 23.158872604370117 -3.0574417114257812 0.1638
Car 1 1 1 698.3916015625 167.25091552734375 740.8289184570312 199.3195037841797 4.496794700622559 1.8046751022338867 1.7276287078857422 6.411768436431885 1.489059329032898 42.874794006347656 -7.87973165512085 0.1599
Car 1 1 1 329.9784240722656 176.7892608642578 388.3741760253906 201.5873565673828 3.9199488162994385 1.5299268960952759 1.6895722150802612 -16.37696647644043 1.7958308458328247 46.956382751464844 -2.4971537590026855 0.1557
Pedestrian 1 1 1 1035.7437744140625 165.65196228027344 1062.116455078125 220.86756896972656 0.6658450961112976 1.8189462423324585 0.5853357315063477 14.645196914672852 1.581392526626587 24.164392471313477 -5.904263019561768 0.1275
Pedestrian 1 1 1 314.37786865234375 160.08326721191406 338.0318908691406 199.73062133789062 0.9484052658081055 1.880873441696167 0.65645831823349 -13.704840660095215 1.274728775024414 34.75678634643555 -7.666853427886963 0.1262
Car 1 1 1 238.7299346923828 177.68429565429688 309.0481262207031 213.83885192871094 3.9210045337677 1.4667290449142456 1.660304069519043 -14.784046173095703 1.6933789253234863 31.85919189453125 -7.967630863189697 0.1168
Car 1 1 1 236.39671325683594 172.2769012451172 284.8944396972656 188.33474731445312 3.7599847316741943 1.4664860963821411 1.601649522781372 -32.3763427734375 1.4134807586669922 66.86744689941406 -3.048067331314087 0.1153
Car 1 1 1 23.97189712524414 177.20521545410156 87.07244873046875 201.67831420898438 3.547323703765869 1.59952712059021 1.7072534561157227 -38.07442855834961 1.9092741012573242 49.60726547241211 -4.752309799194336 0.1055
Pedestrian 1 1 1 927.6741943359375 181.60679626464844 945.8704833984375 215.7946014404297 0.8231818079948425 1.8055061101913452 0.7500465512275696 17.54672622680664 2.2823169231414795 38.84294891357422 -2.8130922317504883 0.1018
