Car 1 1 1 588.1581420898438 196.8007049560547 664.0255126953125 263.4667663574219 3.49804425239563 1.3646116256713867 1.690018892288208 0.26562798023223877 2.0140347480773926 17.80833625793457 -7.877554416656494 0.9802
Car 1 1 1 83.89864349365234 195.1257781982422 241.10195922851562 264.5668029785156 3.9114878177642822 1.487971544265747 1.585785984992981 -11.4373140335083 2.1257810592651367 18.699724197387695 -4.689901351928711 0.9548
Cyclist 1 1 1 1016.4097290039062 175.634765625 1210.30419921875 324.7307434082031 2.011148452758789 1.8328490257263184 0.6397191286087036 6.339523792266846 1.8695077896118164 9.236494064331055 -3.1080617904663086 0.9057
Car 1 1 1 678.76025390625 192.7162628173828 734.1807250976562 236.55503845214844 3.8821070194244385 1.5031388998031616 1.6443045139312744 3.6843857765197754 2.339503526687622 28.44818687438965 -7.859276294708252 0.8685
Car 1 1 1 581.9434204101562 190.43267822265625 625.19287109375 229.2318572998047 3.6289873123168945 1.446877360343933 1.6389286518096924 -0.36783865094184875 2.233844518661499 30.453718185424805 -7.914289951324463 0.8386
Car 1 1 1 372.301513671875 188.69969177246094 496.25640869140625 252.39794921875 3.4965672492980957 1.5154533386230469 1.6767328977584839 -4.939925193786621 1.991267442703247 19.87267303466797 -2.3884925842285156 0.8353
Car 1 1 1 258.0317687988281 189.19430541992188 346.3614807128906 243.77813720703125 3.950136184692383 1.7898213863372803 1.6629518270492554 -11.374094009399414 2.442436933517456 26.840816497802734 -4.7306718826293945 0.8020
Pedestrian 1 1 1 384.50225830078125 182.4132843017578 433.9263916015625 292.548583984375 0.576450765132904 1.6656854152679443 0.5866556167602539 -3.186244010925293 1.8190823793411255 11.284306526184082 -6.1980061531066895 0.7831
Car 1 1 1 436.4747009277344 194.7838592529297 533.0326538085938 244.10858154296875 3.3460254669189453 1.5659538507461548 1.5279706716537476 -4.5744194984436035 2.402921676635742 25.94166374206543 -2.508021116256714 0.6524
Car 1 1 1 655.4821166992188 190.44261169433594 710.7332153320312 224.316162109375 3.477280616760254 1.4907039403915405 1.6086057424545288 3.5092148780822754 2.40399169921875 35.59402084350586 -8.105386734008789 0.5930
Car 1 1 1 475.6961364746094 190.15927124023438 551.9952392578125 224.91827392578125 3.5778870582580566 1.4452687501907349 1.5373436212539673 -4.539096832275391 2.290808916091919 33.50929260253906 -2.4212987422943115 0.4306
Car 1 1 1 443.8182067871094 177.84375 485.7736511230469 204.7130889892578 4.323938846588135 1.4782209396362305 1.4845784902572632 -8.565455436706543 1.7882667779922485 42.69216537475586 -4.679698467254639 0.3897
Car 1 1 1 514.8177490234375 190.02967834472656 571.016357421875 216.6232147216797 3.379595994949341 1.5853289365768433 1.7004865407943726 -4.408578395843506 2.742213249206543 46.911476135253906 -2.489790916442871 0.3526
Pedestrian 1 1 1 926.6054077148438 151.75537109375 961.5947875976562 218.3094940185547 1.0058315992355347 1.853513479232788 0.7177145481109619 9.505510330200195 1.2656227350234985 20.665424346923828 -4.485286712646484 0.3418
Car 1 1 1 390.3354187011719 196.1666259765625 518.8076782226562 250.26553344726562 3.7702836990356445 1.5183093547821045 1.5675480365753174 -4.989548206329346 2.305898666381836 22.94060516357422 -2.749274253845215 0.2941
Car 1 1 1 460.62591552734375 180.7962646484375 544.58984375 209.96067810058594 4.076572895050049 1.4632114171981812 1.6536134481430054 -5.612789154052734 1.8887643814086914 37.71029281616211 -3.066437244415283 0.2796
Car 1 1 1 295.5513610839844 190.34994506835938 363.9704895019531 222.03768920898438 4.282209396362305 1.4805710315704346 1.7373651266098022 -14.828092575073242 2.4629769325256348 38.332000732421875 -4.644526481628418 0.1983
Car 1 1 1 603.818115234375 186.9318084716797 626.6650390625 206.50741577148438 4.021620273590088 1.517897367477417 1.7341135740280151 0.4489392042160034 2.7471911907196045 60.96403503417969 -4.655181407928467 0.1612
Pedestrian 1 1 1 80.12696075439453 144.65243530273438 106.3720932006836 198.8280029296875 0.5319296717643738 1.9705555438995361 0.711280345916748 -19.118249893188477 0.9444657564163208 26.6407413482666 -8.312378883361816 0.1393
Car 1 1 1 748.2692260742188 171.4820098876953 804.9141845703125 187.4242706298828 4.69126558303833 1.4103522300720215 1.6224397420883179 14.88852310180664 1.2886759042739868 64.70938110351562 -3.170053005218506 0.1323
Car 1 1 1 560.2988891601562 182.96649169921875 578.865966796875 203.7089080810547 3.6793360710144043 1.5814391374588013 1.4618598222732544 -3.332145929336548 2.43064284324646 58.73015594482422 -4.776764869689941 0.1211
Car 1 1 1 692.2332763671875 177.93008422851562 714.0257568359375 195.99240112304688 4.094385147094727 1.572867751121521 1.6380020380020142 8.476110458374023 2.0521068572998047 66.0826416015625 -4.668330669403076 0.1174
Car 1 1 1 698.0533447265625 171.04617309570312 799.4907836914062 260.8547058105469 4.518082618713379 1.929089903831482 1.7885198593139648 3.2091267108917236 1.8899580240249634 17.78980827331543 -7.816263675689697 0.1153
Car 1 1 1 1095.54052734375 152.24261474609375 1235.2601318359375 219.2285614013672 3.3046715259552 1.4962658882141113 1.4505059719085693 13.54308032989502 1.0355693101882935 17.882936477661133 -4.505877494812012 0.1128
Car 1 1 1 623.9207153320312 190.03086853027344 663.0048828125 211.1265869140625 3.3018810749053955 1.342599630355835 1.744421362876892 2.3575074672698975 2.59600567817688 50.80537414550781 -4.324134349822998 0.1108
Cyclist 1 1 1 850.4890747070312 191.1429443359375 873.0407104492188 238.42706298828125 1.6738687753677368 1.809403896331787 0.6057401895523071 10.119149208068848 2.570648431777954 29.167078018188477 -7.6750712394714355 0.1094
Car 1 1 1 635.0855102539062 191.52980041503906 670.5117797851562 215.58056640625 3.038839101791382 1.3931471109390259 1.822800874710083 2.730746030807495 2.628807306289673 46.074913024902344 -4.5019121170043945 0.1002
