Pedestrian 1 1 1 87.29499053955078 139.56536865234375 228.7906494140625 326.25885009765625 1.1374253034591675 1.8689897060394287 0.5243277549743652 -4.672459125518799 1.4596152305603027 7.346645355224609 -6.294127941131592 0.8848
Pedestrian 1 1 1 839.7255249023438 171.8278350830078 864.0806884765625 238.88223266601562 0.6294122338294983 1.6665233373641968 0.5657625198364258 6.236300468444824 1.4513156414031982 17.967710494995117 -4.34576940536499 0.1606
Cyclist 1 1 1 943.47265625 156.69100952148438 1064.1187744140625 263.2843322753906 1.847121238708496 1.6555869579315186 0.6771255731582642 6.496740818023682 1.286176323890686 11.608290672302246 -3.48075008392334 0.1553
Pedestrian 1 1 1 210.62173461914062 161.61575317382812 256.9425048828125 255.7397918701172 0.5564583539962769 1.8100696802139282 0.6103531122207642 -7.328447341918945 1.4472742080688477 13.886066436767578 -4.676424026489258 0.1312
Car 1 1 1 527.7450561523438 152.38555908203125 616.5490112304688 186.62086486816406 3.9769656658172607 1.5329606533050537 1.6715773344039917 -1.4938266277313232 0.2742675244808197 32.498104095458984 -3.1402697563171387 0.1298
Pedestrian 1 1 1 56.9362907409668 179.67575073242188 96.78811645507812 243.87620544433594 0.8491131663322449 1.808835744857788 0.7147893309593201 -15.329183578491211 1.7859151363372803 20.472206115722656 -3.8965096473693848 0.1285
Pedestrian 1 1 1 840.593505859375 154.255615234375 894.12060546875 258.1419982910156 0.6821724772453308 1.7833079099655151 0.7412605881690979 4.5810675621032715 1.333173394203186 12.515071868896484 -7.7494330406188965 0.1258
Car 1 1 1 0.0 183.53317260742188 114.44035339355469 234.5271453857422 4.231934070587158 1.5169957876205444 1.6124643087387085 -18.808273315429688 1.6275434494018555 23.503639221191406 -4.572165489196777 0.1088
Pedestrian 1 1 1 793.3823852539062 155.47830200195312 842.4520263671875 260.86932373046875 0.7523963451385498 1.7651077508926392 0.6265448331832886 3.618234157562256 1.3464176654815674 12.22124195098877 -4.70193338394165 0.1075
Pedestrian 1 1 1 1118.8614501953125 145.08595275878906 1179.0869140625 252.06199645996094 0.6872077584266663 1.6810227632522583 0.5767260193824768 8.824281692504883 1.1249109506607056 11.537677764892578 -3.70350980758667 0.1025
