Car 1 1 1 605.11279296875 177.0483856201172 641.128662109375 204.64588928222656 3.9573662281036377 1.5404689311981201 1.6266472339630127 0.7914793491363525 1.802154779434204 42.98793411254883 -4.558349132537842 0.8055
Cyclist 1 1 1 1011.6954345703125 128.8262939453125 1229.9898681640625 339.1866455078125 1.7654776573181152 1.856089472770691 0.5589867830276489 4.996028900146484 1.4673163890838623 7.28757381439209 -8.26201057434082 0.5973
Pedestrian 1 1 1 980.5325317382812 140.59014892578125 1036.637939453125 242.8417510986328 0.7134052515029907 1.871889352798462 0.6469239592552185 7.434210300445557 1.28094482421875 13.579378128051758 -4.755806922912598 0.2339
Pedestrian 1 1 1 1196.333740234375 126.51814270019531 1241.0 271.0603942871094 0.5920923948287964 1.817028284072876 0.6425821185112 8.133420944213867 1.2342442274093628 9.392959594726562 -6.278853893280029 0.1927
Car 1 1 1 1181.49072265625 166.21078491210938 1241.0 374.0 3.9931023120880127 1.5408084392547607 1.5828808546066284 7.145700454711914 1.4951953887939453 5.879876136779785 -6.368288516998291 0.1827
Car 1 1 1 731.7864990234375 170.09368896484375 810.2533569335938 203.5937957763672 3.86324143409729 1.6938673257827759 1.642194151878357 8.463471412658691 1.5539978742599487 38.07168960571289 -6.739718437194824 0.1706
Cyclist 1 1 1 596.8839111328125 176.77598571777344 603.4253540039062 198.46604919433594 1.5487592220306396 1.6680550575256348 0.34914278984069824 -0.7959798574447632 1.979477882385254 56.561275482177734 -7.759887218475342 0.1611
Pedestrian 1 1 1 844.8275756835938 132.50772094726562 904.9901123046875 268.0177917480469 0.7474609613418579 1.9240728616714478 0.6235729455947876 3.829683303833008 1.3509063720703125 10.625903129577637 -4.688826084136963 0.1594
Pedestrian 1 1 1 904.775634765625 154.31954956054688 966.2401733398438 281.1719055175781 0.7511231899261475 1.7423185110092163 0.5369027256965637 4.568398952484131 1.4874476194381714 10.28589153289795 -4.712373733520508 0.1351
Pedestrian 1 1 1 729.3153686523438 171.47076416015625 736.7542724609375 192.2780303955078 0.49171915650367737 1.7582767009735107 0.7853445410728455 10.450881004333496 1.6410877704620361 61.425148010253906 -5.93394136428833 0.1306
Pedestrian 1 1 1 1111.75341796875 150.6208038330078 1161.3231201171875 226.15716552734375 0.8275904655456543 1.7367485761642456 0.5906836986541748 12.354020118713379 1.225258231163025 17.02046012878418 -4.65259313583374 0.1170
Cyclist 1 1 1 580.710205078125 172.30548095703125 593.3561401367188 199.59730529785156 1.6993924379348755 1.6729859113693237 0.45074304938316345 -1.4633841514587402 1.6390613317489624 45.10619354248047 -4.536741733551025 0.1097
