Pedestrian 1 1 1 118.65139770507812 160.20169067382812 181.6659698486328 270.1097412109375 0.6023266315460205 1.7654098272323608 0.6537448167800903 -7.658435821533203 1.5618808269500732 11.950516700744629 -3.0209524631500244 0.5268
Car 1 1 1 254.81361389160156 176.79010009765625 299.36810302734375 199.1304931640625 3.6867754459381104 1.5076545476913452 1.5162838697433472 -23.598527908325195 1.7968065738677979 51.20404052734375 -4.730042934417725 0.1766
Cyclist 1 1 1 589.9591064453125 143.3050994873047 609.6168212890625 190.28172302246094 1.5653613805770874 1.78610360622406 0.540215790271759 -0.4546572268009186 0.6623215079307556 28.25002670288086 -4.876957416534424 0.1646
Car 1 1 1 309.5770568847656 161.47036743164062 400.3995361328125 213.9120330810547 4.566413879394531 1.7456103563308716 1.8131579160690308 -9.20491886138916 1.3663867712020874 26.325178146362305 -4.740227222442627 0.1564
Pedestrian 1 1 1 973.6339111328125 152.5831298828125 1013.616943359375 230.1258087158203 0.982997715473175 1.808467149734497 0.7024572491645813 9.18694019317627 1.3354055881500244 17.406230926513672 -4.384810924530029 0.1509
Cyclist 1 1 1 166.26943969726562 162.73330688476562 227.50169372558594 230.8377227783203 1.7512332201004028 1.6910048723220825 0.5037193894386292 -10.78128719329834 1.439411997795105 18.805429458618164 -7.789918422698975 0.1441
Car 1 1 1 419.36785888671875 174.0350799560547 486.080810546875 207.88839721679688 3.9622304439544678 1.5509364604949951 1.6856720447540283 -7.78289270401001 1.6118252277374268 35.291404724121094 -8.49960708618164 0.1416
Car 1 1 1 774.1659545898438 170.76502990722656 795.3154907226562 187.89154052734375 3.8147594928741455 1.545513391494751 1.5698192119598389 16.20301628112793 1.3567025661468506 67.11392211914062 -4.565673828125 0.1158
Pedestrian 1 1 1 908.4156494140625 150.55426025390625 942.320068359375 216.9953155517578 1.033190131187439 1.9082975387573242 0.7217375636100769 9.248544692993164 1.2675118446350098 21.303606033325195 -4.50493049621582 0.1154
Car 1 1 1 19.455528259277344 176.8214569091797 237.25469970703125 262.66729736328125 3.8805017471313477 1.4242322444915771 1.624823808670044 -9.17778491973877 1.5122264623641968 14.104395866394043 -7.837808132171631 0.1117
Pedestrian 1 1 1 783.1229858398438 163.7941131591797 794.4679565429688 194.2293243408203 0.8917043805122375 1.8332020044326782 0.5714367628097534 10.864898681640625 1.2871977090835571 43.97825241088867 -7.494151592254639 0.1065
Pedestrian 1 1 1 0.0 122.69953918457031 100.31060028076172 312.8503112792969 0.9256200194358826 1.957827091217041 0.5706814527511597 -6.195086479187012 1.4411276578903198 7.758874893188477 -6.1839470863342285 0.1031
Pedestrian 1 1 1 1083.1934814453125 143.06947326660156 1113.9666748046875 196.58724975585938 0.7339336276054382 1.827452540397644 0.633542537689209 16.907041549682617 0.8101111650466919 25.050621032714844 -7.694814205169678 0.1020
