Car 1 1 1 0.0 196.63568115234375 296.77099609375 369.0 3.7737629413604736 1.4829955101013184 1.552364706993103 -3.175569534301758 1.6058025360107422 3.472564458847046 -7.850586414337158 0.8523
Car 1 1 1 0.0 192.77548217773438 128.6996307373047 281.3596496582031 4.606234550476074 1.5428788661956787 1.6584113836288452 -12.52988338470459 1.851520299911499 15.36784839630127 -4.8417463302612305 0.6248
Car 1 1 1 499.4825744628906 171.10850524902344 588.7324829101562 207.43637084960938 3.785862445831299 1.3987400531768799 1.5937565565109253 -2.583773612976074 1.0373711585998535 29.12407875061035 -2.358231782913208 0.6032
Pedestrian 1 1 1 283.6479797363281 184.71087646484375 314.4068603515625 264.34002685546875 0.44104525446891785 1.5916377305984497 0.5643728375434875 -6.316431522369385 1.6801655292510986 14.48613166809082 -5.152746677398682 0.5754
Pedestrian 1 1 1 990.5396728515625 148.11721801757812 1028.5333251953125 216.4037628173828 0.6649470329284668 1.7238004207611084 0.5849975347518921 10.346906661987305 0.906663179397583 18.171344757080078 -3.046152114868164 0.4220
Pedestrian 1 1 1 723.6897583007812 162.94293212890625 738.3455810546875 187.42312622070312 1.0527058839797974 1.924081563949585 0.43879958987236023 9.970173835754395 0.5441105365753174 55.901222229003906 -3.3614678382873535 0.3464
Cyclist 1 1 1 876.3972778320312 157.95242309570312 905.2764892578125 196.55282592773438 1.7551592588424683 1.7843972444534302 0.5285812020301819 13.537866592407227 0.7422637939453125 33.58256149291992 -7.942431926727295 0.3347
Cyclist 1 1 1 767.1962280273438 156.67459106445312 801.9795532226562 189.72422790527344 1.8476642370224 1.8796886205673218 0.6211662292480469 10.284067153930664 0.5247377157211304 40.57096862792969 -6.231675148010254 0.2876
Pedestrian 1 1 1 118.76607513427734 154.0132598876953 140.82716369628906 194.7006072998047 0.6998191475868225 1.9760111570358276 0.7145862579345703 -23.38129425048828 0.6898305416107178 34.76967239379883 -8.11913013458252 0.2245
Pedestrian 1 1 1 999.2268676757812 119.6336441040039 1066.565185546875 253.99398803710938 0.5985355377197266 1.781458854675293 0.5347244143486023 5.80791711807251 0.9748440980911255 9.703874588012695 -4.832897186279297 0.2233
Pedestrian 1 1 1 508.6656494140625 163.40699768066406 521.0033569335938 185.79823303222656 0.8558417558670044 1.9096659421920776 0.6136295795440674 -7.740958213806152 0.45179158449172974 60.81943893432617 -7.049099445343018 0.2087
Pedestrian 1 1 1 1056.018310546875 166.43467712402344 1082.412353515625 231.53652954101562 0.4928710162639618 1.5716676712036133 0.4503196179866791 11.363658905029297 1.232436180114746 17.381099700927734 -4.337652683258057 0.1881
Pedestrian 1 1 1 786.7008056640625 162.74009704589844 808.2495727539062 197.34600830078125 0.9595091938972473 1.8304660320281982 0.6125155687332153 10.254085540771484 0.8912016749382019 37.740638732910156 -3.2170238494873047 0.1618
Car 1 1 1 555.2566528320312 164.8297119140625 580.5844116210938 190.24278259277344 4.182531356811523 1.632422924041748 1.6261179447174072 -2.4781694412231445 0.6258977651596069 47.541805267333984 -7.89678430557251 0.1424
Pedestrian 1 1 1 1017.0887451171875 141.29458618164062 1035.5123291015625 183.8843994140625 0.5173269510269165 1.9744586944580078 0.7277088761329651 19.756664276123047 0.15708237886428833 33.192447662353516 -7.286309719085693 0.1420
Pedestrian 1 1 1 591.2944946289062 170.1949005126953 597.600830078125 188.82545471191406 0.5614439845085144 1.762497901916504 0.7001410722732544 -0.9795176982879639 0.7874730825424194 67.25033569335938 -3.0991921424865723 0.1242
Pedestrian 1 1 1 776.1990966796875 163.51089477539062 792.3705444335938 196.01112365722656 0.829014003276825 1.800297498703003 0.43870383501052856 10.00834846496582 0.859335720539093 39.520416259765625 -5.91264533996582 0.1194
Cyclist 1 1 1 805.0026245117188 170.04452514648438 817.478271484375 201.8063507080078 1.5106257200241089 1.6083613634109497 0.3836001455783844 10.645198822021484 1.0790691375732422 36.57703399658203 -7.728954792022705 0.1138
Car 1 1 1 129.4326629638672 186.16859436035156 284.57867431640625 244.0969696044922 3.312941074371338 1.4379775524139404 1.5399330854415894 -10.511251449584961 1.5960642099380493 18.710599899291992 -3.017099380493164 0.1100
