Car 1 1 1 403.7690124511719 184.74017333984375 564.5321044921875 299.0782775878906 3.7720656394958496 1.4421348571777344 1.5640063285827637 -1.853632926940918 1.6628198623657227 11.46079158782959 -7.755341053009033 0.9632
Car 1 1 1 0.0 194.0063018798828 412.9570617675781 374.0 3.678053855895996 1.5320464372634888 1.5698198080062866 -2.6608452796936035 1.7182221412658691 4.479511260986328 -4.6543450355529785 0.9131
Car 1 1 1 744.6541137695312 181.72891235351562 819.4287719726562 246.01820373535156 3.2527689933776855 1.4619755744934082 1.5505256652832031 4.294341564178467 1.7114958763122559 18.5960636138916 -7.721555233001709 0.9052
Car 1 1 1 590.677734375 170.20242309570312 634.9614868164062 211.19436645507812 4.029467582702637 1.649388074874878 1.6613476276397705 0.1383371353149414 1.5423967838287354 31.098052978515625 -4.645672798156738 0.8261
Car 1 1 1 426.84326171875 173.38327026367188 543.6442260742188 216.06320190429688 3.7590513229370117 1.4344542026519775 1.495609164237976 -4.356461048126221 1.4533076286315918 25.192296981811523 -3.0486929416656494 0.8127
Car 1 1 1 613.8807373046875 173.98220825195312 656.2938842773438 203.49794006347656 4.053805828094482 1.5021867752075195 1.607037901878357 1.3722435235977173 1.5662885904312134 39.03715133666992 -7.642284870147705 0.8068
Car 1 1 1 734.2623901367188 183.00201416015625 796.96142578125 235.02557373046875 3.619488000869751 1.4867767095565796 1.6130212545394897 4.883185386657715 1.8399546146392822 23.2449893951416 -7.743297100067139 0.8065
Car 1 1 1 878.2359619140625 196.95016479492188 1241.0 374.0 3.7481024265289307 1.4805904626846313 1.6112865209579468 2.590747117996216 1.6601296663284302 3.4507877826690674 -7.771071910858154 0.7441
Cyclist 1 1 1 672.9544067382812 170.36676025390625 683.1942138671875 198.24928283691406 1.765224814414978 1.7723679542541504 0.6411367654800415 4.3855695724487305 1.6139652729034424 46.77650451660156 -4.606517791748047 0.7438
Pedestrian 1 1 1 578.0665893554688 169.343505859375 592.8163452148438 202.7252655029297 0.6737939715385437 1.7390564680099487 0.6840952038764954 -1.3280770778656006 1.5558741092681885 37.96284484863281 -7.740044116973877 0.3774
Car 1 1 1 709.745361328125 176.2122039794922 733.7255859375 197.09170532226562 3.8950581550598145 1.5165021419525146 1.6141079664230347 8.466931343078613 1.7819453477859497 55.07670593261719 -4.608673572540283 0.3298
Pedestrian 1 1 1 554.8670654296875 168.2926788330078 570.4801635742188 209.62368774414062 0.785484254360199 1.7578210830688477 0.6630855202674866 -2.082064628601074 1.5635267496109009 31.100051879882812 -4.775327682495117 0.2859
Pedestrian 1 1 1 568.9203491210938 166.06642150878906 582.9077758789062 203.45193481445312 0.7604628801345825 1.7652069330215454 0.5866385698318481 -1.6658575534820557 1.444422721862793 34.46675109863281 -7.789336681365967 0.2641
Pedestrian 1 1 1 782.3523559570312 166.24119567871094 801.0402221679688 204.0779571533203 0.6744418144226074 1.6968601942062378 0.6928696036338806 8.189411163330078 1.399996280670166 32.70657730102539 -7.8227620124816895 0.2612
Pedestrian 1 1 1 368.5769348144531 164.74038696289062 386.69952392578125 216.48231506347656 0.5355178117752075 1.725169062614441 0.513576328754425 -7.906436920166016 1.4543466567993164 24.399534225463867 -6.692697048187256 0.1959
Pedestrian 1 1 1 0.0 147.40232849121094 79.75092315673828 350.99639892578125 0.7817714214324951 1.8071181774139404 0.5949665307998657 -5.615066051483154 1.5809071063995361 6.7344279289245605 -6.197072505950928 0.1846
Pedestrian 1 1 1 1218.2122802734375 155.24867248535156 1241.0 252.64739990234375 0.5480547547340393 1.663173794746399 0.49770358204841614 11.025218963623047 1.3622463941574097 12.570009231567383 -3.1424355506896973 0.1721
Cyclist 1 1 1 536.505859375 167.89190673828125 557.361572265625 214.44801330566406 1.8154038190841675 1.7018250226974487 0.5751930475234985 -2.417966604232788 1.5201390981674194 27.29172706604004 -7.821991443634033 0.1519
Car 1 1 1 652.8003540039062 176.66177368164062 675.1521606445312 194.40296936035156 3.832711696624756 1.468491554260254 1.4383281469345093 4.686951160430908 1.8093136548995972 62.61613082885742 -4.50401496887207 0.1474
Car 1 1 1 536.73583984375 164.01580810546875 605.22509765625 193.2001495361328 3.7997190952301025 1.66680109500885 1.6652806997299194 -2.2881650924682617 1.1617263555526733 42.213226318359375 -3.0493249893188477 0.1373
Pedestrian 1 1 1 0.0 162.5923309326172 64.30864715576172 311.23345947265625 0.567052960395813 1.7194856405258179 0.6630239486694336 -7.154609203338623 1.600478172302246 8.679478645324707 -3.1458160877227783 0.1082
Cyclist 1 1 1 950.7069702148438 142.84625244140625 1020.8652954101562 263.2736511230469 1.7119693756103516 1.7957806587219238 0.3280559182167053 5.956523895263672 1.3480134010314941 11.623366355895996 -7.796511173248291 0.1033
