Car 1 1 1 419.1115417480469 183.41867065429688 522.298828125 243.9326171875 4.1313018798828125 1.4245902299880981 1.6307533979415894 -3.747727870941162 1.7467708587646484 19.879758834838867 -4.598753929138184 0.9530
Car 1 1 1 562.052978515625 180.06484985351562 606.1859130859375 209.8008575439453 3.7955803871154785 1.3699723482131958 1.5644605159759521 -1.284360408782959 1.7513021230697632 36.197044372558594 -4.569393157958984 0.8389
Cyclist 1 1 1 686.60009765625 169.8316192626953 706.4724731445312 230.6862030029297 1.8775484561920166 1.7430821657180786 0.5660340785980225 2.543318748474121 1.6562107801437378 21.632871627807617 -7.735880374908447 0.8152
Car 1 1 1 227.59786987304688 168.62205505371094 437.1575927734375 291.8050231933594 4.413622856140137 1.756203293800354 1.745519995689392 -4.565794467926025 1.6955689191818237 12.538311004638672 -4.657397747039795 0.6915
Car 1 1 1 649.5560913085938 174.68556213378906 680.6000366210938 194.9098663330078 3.4649550914764404 1.5949400663375854 1.5819244384765625 4.517411708831787 1.749611258506775 59.1488037109375 -4.334847450256348 0.3805
Car 1 1 1 487.384033203125 176.55604553222656 534.3775634765625 206.85888671875 3.462437868118286 1.399341106414795 1.574587345123291 -4.869879722595215 1.5906271934509277 35.54889678955078 -4.627749919891357 0.2784
Pedestrian 1 1 1 754.99853515625 167.9915771484375 769.5101318359375 192.54832458496094 1.0438898801803589 1.9058705568313599 0.459629088640213 11.838906288146973 1.5281935930252075 56.24862289428711 -3.1036205291748047 0.1499
Pedestrian 1 1 1 874.2346801757812 143.76902770996094 894.4303588867188 194.92910766601562 0.5692588686943054 1.9342999458312988 0.7155278325080872 10.469681739807129 0.8343326449394226 27.67032814025879 -7.50475549697876 0.1419
Pedestrian 1 1 1 852.9512939453125 120.32672882080078 909.6082153320312 283.71624755859375 0.7795059084892273 1.9314998388290405 0.5394744873046875 3.2967123985290527 1.3102517127990723 8.964670181274414 -4.5151472091674805 0.1352
Pedestrian 1 1 1 737.6890258789062 154.94927978515625 755.1495361328125 202.09962463378906 0.8853705525398254 1.9034358263015747 0.6411436796188354 5.563794136047363 1.1803314685821533 29.638574600219727 -7.592752933502197 0.1158
