Car 1 1 1 697.237060546875 181.42398071289062 825.7044067382812 270.6625671386719 3.905275583267212 1.4726756811141968 1.5949329137802124 2.7702722549438477 1.6653352975845337 14.266712188720703 -7.888858318328857 0.9816
Car 1 1 1 676.69775390625 178.74417114257812 763.1592407226562 244.3670196533203 3.8753106594085693 1.5463430881500244 1.6662253141403198 2.775056838989258 1.7195327281951904 19.302339553833008 -7.868961811065674 0.9504
Car 1 1 1 183.7197265625 190.5921173095703 288.56671142578125 225.40692138671875 4.157398700714111 1.5776969194412231 1.6046911478042603 -17.789220809936523 2.442685604095459 34.36954879760742 -6.295558929443359 0.8643
Car 1 1 1 0.0 203.629638671875 346.55853271484375 374.0 3.702249526977539 1.5143073797225952 1.5595424175262451 -2.866147041320801 1.7504392862319946 3.6897900104522705 -4.709486961364746 0.8417
Car 1 1 1 595.3703002929688 180.13693237304688 623.2686157226562 204.59010314941406 3.71601939201355 1.5555082559585571 1.6562376022338867 -0.11324641853570938 2.068469762802124 48.94239044189453 -7.918827533721924 0.8269
Car 1 1 1 656.5040893554688 179.84669494628906 700.7086181640625 218.68276977539062 3.974993944168091 1.4407718181610107 1.5898449420928955 2.700338125228882 1.746074914932251 29.514373779296875 -7.812033176422119 0.8113
Car 1 1 1 863.0504150390625 169.8267059326172 1241.0 374.0 2.8064589500427246 1.5582469701766968 1.4577107429504395 2.7205281257629395 1.5451984405517578 4.441994667053223 -7.854238033294678 0.7968
Car 1 1 1 308.2589416503906 191.1549072265625 401.8361511230469 224.99998474121094 3.9178543090820312 1.5200060606002808 1.5924479961395264 -12.115660667419434 2.414379358291626 34.342655181884766 -6.3530497550964355 0.7951
Pedestrian 1 1 1 970.7890014648438 142.33975219726562 1083.563720703125 334.85443115234375 0.6683623790740967 1.7826250791549683 0.7219932079315186 3.978841781616211 1.4997729063034058 7.028785228729248 -7.816211223602295 0.7813
Car 1 1 1 488.4223937988281 184.386962890625 521.2388916015625 208.13345336914062 3.7280495166778564 1.5038673877716064 1.560598373413086 -7.195384979248047 2.3239691257476807 49.4315299987793 -4.6699981689453125 0.4781
Car 1 1 1 638.6429443359375 177.07485961914062 668.37353515625 202.1799774169922 3.823498010635376 1.575857162475586 1.5763825178146362 2.816195249557495 1.867081880569458 47.890106201171875 -7.898478031158447 0.3863
Car 1 1 1 240.8574981689453 185.07449340820312 376.6772155761719 253.02432250976562 4.131796360015869 1.4452697038650513 1.6234947443008423 -7.448182106018066 1.7881622314453125 18.179737091064453 -7.831699848175049 0.3560
Car 1 1 1 59.46464538574219 199.5607147216797 167.53558349609375 233.31871032714844 3.952216625213623 1.4864038228988647 1.6061457395553589 -23.507232666015625 2.787027359008789 34.20446014404297 -6.354957103729248 0.2403
Car 1 1 1 634.1051635742188 179.27980041503906 658.8886108398438 200.5961151123047 3.8618738651275635 1.4876155853271484 1.602704405784607 2.7118663787841797 1.9823246002197266 53.574501037597656 -7.741134166717529 0.2113
Pedestrian 1 1 1 386.12347412109375 193.27037048339844 405.2053527832031 233.17677307128906 0.43115535378456116 1.1865489482879639 0.41088515520095825 -6.566568374633789 1.8142598867416382 21.949535369873047 -4.5552144050598145 0.1832
Pedestrian 1 1 1 696.15966796875 169.123291015625 706.7850952148438 196.927978515625 0.5711397528648376 1.707542061805725 0.6831836104393005 5.635560989379883 1.4781317710876465 44.71347427368164 -6.029307842254639 0.1766
Car 1 1 1 653.0219116210938 178.8540802001953 698.6928100585938 213.664794921875 3.565195322036743 1.547589659690857 1.592528223991394 3.0584497451782227 1.849923014640808 34.55257034301758 -7.93394136428833 0.1761
Car 1 1 1 535.9885864257812 179.10577392578125 566.675537109375 203.49659729003906 4.253604888916016 1.5574926137924194 1.7043641805648804 -3.996151924133301 2.002924919128418 49.30663299560547 -4.700355529785156 0.1486
Car 1 1 1 243.4792022705078 192.10821533203125 333.6763916015625 221.60690307617188 4.029668807983398 1.4810024499893188 1.7050468921661377 -17.041414260864258 2.52606201171875 38.28199768066406 -6.263458728790283 0.1476
Car 1 1 1 133.96954345703125 200.9010772705078 228.78298950195312 230.40611267089844 4.034758567810059 1.4586873054504395 1.6333916187286377 -22.595699310302734 2.9698898792266846 38.06124496459961 -6.279756546020508 0.1313
Pedestrian 1 1 1 493.82366943359375 159.29933166503906 505.3168640136719 191.57212829589844 0.7177538275718689 1.9564383029937744 0.6379485130310059 -6.784821510314941 1.1344279050827026 44.121036529541016 -7.9229960441589355 0.1223
Pedestrian 1 1 1 761.9395751953125 154.86070251464844 792.0147094726562 208.73397827148438 0.8266919255256653 1.88975191116333 0.6944459676742554 5.934156894683838 1.258288025856018 25.842510223388672 -3.8500328063964844 0.1208
Car 1 1 1 510.37188720703125 182.6896514892578 537.0608520507812 202.65077209472656 4.159934997558594 1.630455732345581 1.5831371545791626 -7.539159297943115 2.520139455795288 63.16099548339844 -4.646180152893066 0.1121
