Car 1 1 1 533.0618896484375 188.54176330566406 599.301025390625 233.07896423339844 4.003601551055908 1.5268616676330566 1.663839340209961 -1.6836720705032349 2.189177989959717 28.35381507873535 -4.523690700531006 0.9149
Car 1 1 1 18.323423385620117 164.9154815673828 419.9226379394531 374.0 4.197540760040283 1.7030466794967651 1.6752907037734985 -3.1436328887939453 1.651513695716858 6.793763160705566 -4.761214256286621 0.8826
Car 1 1 1 363.5230712890625 178.79432678222656 509.7654113769531 294.4695129394531 4.414492607116699 1.6747572422027588 1.7101939916610718 -2.9301865100860596 1.7991962432861328 12.913803100585938 -4.749558925628662 0.8773
Car 1 1 1 575.0254516601562 189.0137939453125 632.238037109375 225.05850219726562 3.689920663833618 1.5405025482177734 1.6518793106079102 -0.28760161995887756 2.3612945079803467 34.651187896728516 -4.3943023681640625 0.7779
Car 1 1 1 622.66845703125 187.3636932373047 670.2879028320312 217.69784545898438 3.5184197425842285 1.5218532085418701 1.626739501953125 2.028251886367798 2.3644721508026123 39.982948303222656 -4.346776485443115 0.7236
Car 1 1 1 791.9425048828125 176.7312469482422 841.816650390625 216.09213256835938 4.05163049697876 1.5876308679580688 1.593361258506775 8.956761360168457 1.7687772512435913 31.643918991088867 -4.561831474304199 0.4213
Pedestrian 1 1 1 728.1238403320312 160.26980590820312 756.1988525390625 221.82838439941406 0.9061927199363708 1.812299370765686 0.6820531487464905 3.9476351737976074 1.4415174722671509 21.786808013916016 -7.491592884063721 0.3726
Cyclist 1 1 1 437.29962158203125 144.1877899169922 481.050537109375 196.70123291015625 1.5586857795715332 1.7863513231277466 0.5314786434173584 -5.3277153968811035 0.8109121322631836 25.3339900970459 -4.095470428466797 0.3725
Car 1 1 1 1149.9625244140625 174.81643676757812 1241.0 374.0 3.8828015327453613 1.5292706489562988 1.5613192319869995 6.732255458831787 1.5511963367462158 6.1908650398254395 -4.658053398132324 0.3293
Pedestrian 1 1 1 852.1620483398438 127.67047119140625 921.506103515625 287.66845703125 0.7689425349235535 1.9022786617279053 0.6582298278808594 3.378838539123535 1.3647739887237549 9.008051872253418 -4.562119960784912 0.3068
Car 1 1 1 440.5480041503906 182.7421875 523.77294921875 252.0334014892578 3.809572219848633 1.584457516670227 1.642226219177246 -3.3025004863739014 1.8707928657531738 18.983192443847656 -4.747581481933594 0.1948
Car 1 1 1 0.0 0.0 1241.0 374.0 3.913655996322632 1.547678828239441 1.5850813388824463 -3.0716190338134766 1.8110133409500122 1.6695168018341064 -4.6599202156066895 0.1854
Cyclist 1 1 1 716.2977905273438 145.78378295898438 744.4486083984375 192.22286987304688 1.5483853816986084 1.7785097360610962 0.5657384991645813 4.6877593994140625 0.741483211517334 28.449382781982422 -4.922429084777832 0.1795
Car 1 1 1 780.3907470703125 189.14137268066406 840.8986206054688 210.31788635253906 4.161026954650879 1.482155203819275 1.696473479270935 15.059054374694824 2.7405903339385986 54.27542495727539 -6.619363784790039 0.1787
Cyclist 1 1 1 782.7012329101562 144.45797729492188 816.379150390625 189.6500244140625 1.5866363048553467 1.7420176267623901 0.5281677842140198 7.465336322784424 0.6471361517906189 28.649118423461914 -5.017604351043701 0.1525
Car 1 1 1 948.05078125 161.8975830078125 1154.0128173828125 241.1508026123047 3.569736957550049 1.6651159524917603 1.6490930318832397 9.675455093383789 1.4346208572387695 16.144916534423828 -6.1909966468811035 0.1263
Cyclist 1 1 1 766.8018798828125 136.5098876953125 805.1597900390625 190.6223602294922 1.639085054397583 1.801810622215271 0.5097531080245972 6.003328323364258 0.5913420915603638 24.883665084838867 -5.017021656036377 0.1146
