Car 1 1 1 756.5211181640625 189.3012237548828 1037.6234130859375 370.260986328125 3.7725400924682617 1.4254599809646606 1.592598557472229 2.7242722511291504 1.6486752033233643 7.916359901428223 -7.85024881362915 0.9775
Car 1 1 1 668.7233276367188 182.69894409179688 747.3431396484375 242.50364685058594 3.952791690826416 1.5090408325195312 1.6743507385253906 2.6765336990356445 1.8203779458999634 20.850643157958984 -4.728062629699707 0.8978
Car 1 1 1 503.69171142578125 180.66893005371094 569.6521606445312 228.77029418945312 4.369179725646973 1.4765230417251587 1.729918360710144 -2.4964897632598877 1.771730661392212 25.07489013671875 -4.683323383331299 0.8876
Car 1 1 1 552.8850708007812 181.45156860351562 584.3622436523438 211.06129455566406 3.2864363193511963 1.5425196886062622 1.5205718278884888 -2.30747127532959 2.0409796237945557 40.203407287597656 -4.697689056396484 0.6043
Cyclist 1 1 1 723.9411010742188 179.20721435546875 755.1537475585938 226.53846740722656 1.822553038597107 1.6888443231582642 0.5803623795509338 4.773533344268799 1.9341189861297607 26.944637298583984 -8.010622024536133 0.4575
Car 1 1 1 650.4656372070312 180.83126831054688 679.189453125 208.21568298339844 3.646007776260376 1.4304494857788086 1.5217612981796265 3.013237476348877 1.8999484777450562 40.6332893371582 -7.802651882171631 0.3576
Car 1 1 1 0.0 178.54470825195312 105.57177734375 374.0 4.013349533081055 1.6106559038162231 1.6386775970458984 -8.101441383361816 1.6907232999801636 8.095841407775879 -4.585714340209961 0.3204
Car 1 1 1 636.4352416992188 163.7991943359375 660.3395385742188 187.7469482421875 4.378648281097412 2.0847206115722656 1.7091550827026367 3.4023540019989014 1.296173095703125 65.04088592529297 -7.903547763824463 0.2875
Car 1 1 1 670.0433349609375 179.15721130371094 724.8596801757812 223.17689514160156 3.9925239086151123 1.4501957893371582 1.5624395608901978 3.0714738368988037 1.6976110935211182 26.350629806518555 -4.700098991394043 0.2760
Car 1 1 1 361.8236389160156 170.4225311279297 440.7706604003906 213.0188446044922 3.823489189147949 1.4874917268753052 1.5372288227081299 -7.806746959686279 1.4022833108901978 27.177080154418945 -4.609633445739746 0.1969
Pedestrian 1 1 1 1123.775146484375 85.16657257080078 1241.0 317.6050720214844 0.9768919944763184 1.9797911643981934 0.5930352807044983 5.241030216217041 1.2326149940490723 6.457642555236816 -3.1096689701080322 0.1655
Car 1 1 1 574.0479736328125 179.79910278320312 593.3895874023438 197.378173828125 3.992924213409424 1.4944459199905396 1.5983988046646118 -2.3601913452148438 2.138192892074585 64.9144058227539 -4.7127180099487305 0.1360
Car 1 1 1 451.6932373046875 155.5648193359375 495.5672607421875 196.74403381347656 4.424230575561523 2.1933887004852295 1.7076066732406616 -7.654040813446045 1.2721896171569824 40.65837478637695 -7.870665073394775 0.1200
