Car 1 1 1 691.3768310546875 179.64944458007812 832.3389892578125 273.9920654296875 4.145860195159912 1.4638592004776 1.6105011701583862 2.6113171577453613 1.6115633249282837 13.607169151306152 -7.900083065032959 0.9808
Car 1 1 1 0.0 195.88136291503906 260.6195983886719 337.9442138671875 4.160372257232666 1.4027951955795288 1.6022032499313354 -6.4971513748168945 1.6905112266540527 8.207239151000977 -3.133727550506592 0.9611
Car 1 1 1 661.0040283203125 175.88430786132812 709.5906982421875 214.81427001953125 3.571033239364624 1.4339650869369507 1.551927089691162 2.884152412414551 1.56145441532135 28.64146614074707 -7.854533672332764 0.9467
Car 1 1 1 23.021446228027344 192.37356567382812 362.4482116699219 299.8880615234375 4.248014450073242 1.4180679321289062 1.5640759468078613 -6.146215438842773 1.7348124980926514 10.787360191345215 -3.069918632507324 0.9414
Car 1 1 1 216.60235595703125 181.45484924316406 410.25396728515625 255.12747192382812 3.669851064682007 1.5184019804000854 1.5430657863616943 -6.542934417724609 1.7196402549743652 15.995595932006836 -6.205428600311279 0.9237
Car 1 1 1 409.381591796875 179.3048095703125 506.5673828125 213.77523803710938 4.008133888244629 1.4829400777816772 1.6075581312179565 -6.767484664916992 1.7778054475784302 32.18353271484375 -3.155388593673706 0.8491
Car 1 1 1 377.1495056152344 178.49310302734375 504.71954345703125 222.86996459960938 4.057271480560303 1.4820303916931152 1.640337586402893 -5.942839622497559 1.6882227659225464 25.390033721923828 -6.176691055297852 0.7632
Car 1 1 1 441.15277099609375 176.18019104003906 520.4192504882812 206.865234375 3.9662468433380127 1.5451490879058838 1.682177186012268 -6.7177581787109375 1.7231230735778809 37.61713409423828 -3.252417802810669 0.6552
Car 1 1 1 653.6669921875 172.6368408203125 695.5770874023438 209.42831420898438 3.5209298133850098 1.6300240755081177 1.6023863554000854 2.929133415222168 1.6201034784317017 33.73710632324219 -7.865786075592041 0.6126
Car 1 1 1 137.5732879638672 187.3256378173828 372.8539123535156 278.7515563964844 3.555474281311035 1.5223876237869263 1.5437067747116089 -6.409653186798096 1.8060221672058105 13.232041358947754 -6.37087869644165 0.6062
Pedestrian 1 1 1 960.51513671875 149.364013671875 1005.53662109375 237.2149658203125 0.7190036773681641 1.822333812713623 0.6819426417350769 7.9420366287231445 1.3347699642181396 15.462677955627441 -7.09083890914917 0.4471
Pedestrian 1 1 1 138.0343475341797 148.05874633789062 175.13999938964844 213.7578887939453 0.7849841713905334 1.9628387689590454 0.6883841753005981 -13.854562759399414 1.2217516899108887 21.98749542236328 -7.973433971405029 0.3741
Car 1 1 1 519.686279296875 175.68447875976562 553.680419921875 200.90553283691406 3.900149345397949 1.5212153196334839 1.574202299118042 -4.658844947814941 1.708994746208191 45.95559310913086 -4.65895414352417 0.3481
Car 1 1 1 459.05023193359375 178.78634643554688 535.6587524414062 206.5022735595703 4.008292198181152 1.4730702638626099 1.6199067831039429 -6.178378582000732 1.8061007261276245 39.63890075683594 -3.1886367797851562 0.2605
Car 1 1 1 477.284423828125 175.00369262695312 537.9639282226562 201.89625549316406 3.3511974811553955 1.5397453308105469 1.5848898887634277 -5.9987101554870605 1.6678200960159302 42.26603317260742 -3.1596362590789795 0.2511
Pedestrian 1 1 1 776.789794921875 152.50575256347656 804.9187622070312 200.81570434570312 0.9663508534431458 1.978874921798706 0.6285774111747742 7.454351425170898 1.1450685262680054 29.93402099609375 -3.280938148498535 0.2361
Cyclist 1 1 1 54.89154052734375 183.2109375 91.13643646240234 224.75392150878906 1.502310037612915 1.5797533988952637 0.5311419367790222 -21.3206844329834 2.0014586448669434 28.614639282226562 -4.882229328155518 0.2170
Car 1 1 1 634.4944458007812 167.11802673339844 666.5574951171875 194.8231964111328 4.097694396972656 1.736640453338623 1.7253354787826538 2.6702308654785156 1.3767926692962646 47.383216857910156 -4.561710357666016 0.2136
Car 1 1 1 531.4868774414062 171.730712890625 555.6940307617188 194.3359375 4.27883243560791 1.6008325815200806 1.647193193435669 -4.971157550811768 1.5209842920303345 53.32121658325195 -7.976733684539795 0.1919
Car 1 1 1 909.4779052734375 169.23878479003906 944.8043823242188 193.9189910888672 3.7113025188446045 1.6318060159683228 1.6085846424102783 21.764484405517578 1.3924751281738281 49.700477600097656 -4.471861362457275 0.1767
Cyclist 1 1 1 322.6521301269531 143.86483764648438 362.6173400878906 194.74876403808594 1.4563387632369995 1.8075929880142212 0.5469847917556763 -9.815987586975098 0.7774861454963684 26.409616470336914 -4.346142768859863 0.1749
Pedestrian 1 1 1 707.2715454101562 173.58509826660156 719.906982421875 201.6017608642578 0.7639936208724976 1.7114590406417847 0.6952717304229736 6.349216938018799 1.7566412687301636 44.49250411987305 -6.1503753662109375 0.1685
Pedestrian 1 1 1 927.3846435546875 164.08299255371094 944.5164794921875 190.17965698242188 1.0389846563339233 1.885595679283142 0.458871454000473 23.638181686401367 1.2515519857406616 52.40022277832031 -3.0700016021728516 0.1650
Pedestrian 1 1 1 836.153076171875 156.80633544921875 877.6780395507812 223.96543884277344 1.0135313272476196 1.8399674892425537 0.6174799203872681 6.891841411590576 1.4000074863433838 20.2825927734375 -2.639481782913208 0.1586
Pedestrian 1 1 1 735.4644165039062 168.95913696289062 750.6220092773438 207.54736328125 0.690712034702301 1.7230970859527588 0.6191850304603577 5.963776111602783 1.5488784313201904 32.594112396240234 -7.752443790435791 0.1551
Car 1 1 1 202.94384765625 179.98057556152344 308.3688049316406 229.5569610595703 3.4500837326049805 1.4418184757232666 1.4372227191925049 -11.366268157958984 1.689256191253662 23.290935516357422 -4.6060709953308105 0.1418
Pedestrian 1 1 1 866.8441162109375 159.34097290039062 880.9724731445312 194.47308349609375 0.6685314178466797 1.93942129611969 0.7183466553688049 14.684112548828125 1.1931523084640503 40.26129150390625 -7.536144733428955 0.1315
Car 1 1 1 164.83067321777344 173.74436950683594 252.6427001953125 215.91415405273438 3.6124656200408936 1.4660091400146484 1.5932228565216064 -14.970805168151855 1.5014010667800903 27.04364013671875 -4.818380832672119 0.1305
Car 1 1 1 687.9169921875 173.3699493408203 713.9765625 194.78524780273438 3.4768505096435547 1.582748532295227 1.614936113357544 6.893174648284912 1.623148798942566 55.16500473022461 -7.834865093231201 0.1230
Car 1 1 1 711.1271362304688 178.86769104003906 751.9003295898438 207.0601806640625 3.8132383823394775 1.4496773481369019 1.5856740474700928 6.615904331207275 1.7972582578659058 39.82847213745117 -7.859765529632568 0.1209
Car 1 1 1 203.08123779296875 158.70578002929688 296.0001525878906 189.39309692382812 4.081040859222412 1.5481799840927124 1.6119660139083862 -18.689672470092773 0.8341002464294434 37.40953826904297 -3.0404767990112305 0.1177
Pedestrian 1 1 1 745.6930541992188 174.06959533691406 761.3631591796875 207.5708770751953 0.6859373450279236 1.6826434135437012 0.6438233256340027 7.240417003631592 1.7446247339248657 36.617034912109375 -7.880578517913818 0.1003
