Car 1 1 1 550.89306640625 168.63931274414062 590.609619140625 197.4366912841797 3.7902846336364746 1.4852083921432495 1.6250187158584595 -1.6219614744186401 0.822124719619751 39.016788482666016 -7.750284671783447 0.9364
Car 1 1 1 295.68670654296875 179.13536071777344 432.62432861328125 228.2024688720703 3.837116003036499 1.4400265216827393 1.589046835899353 -7.530082702636719 1.3710988759994507 22.8463191986084 -6.90606164932251 0.9162
Car 1 1 1 0.0 189.77813720703125 119.46678924560547 256.30035400390625 4.447290420532227 1.5353672504425049 1.7192789316177368 -15.279275894165039 1.766025424003601 18.463754653930664 -6.599751949310303 0.5502
Pedestrian 1 1 1 903.6895751953125 141.3513946533203 1046.777099609375 343.8942565917969 1.0703496932983398 1.82008957862854 0.5298153162002563 3.434570074081421 1.4600251913070679 6.7460527420043945 -3.190884828567505 0.2835
Car 1 1 1 581.1643676757812 169.38265991210938 603.8897094726562 186.90866088867188 3.7207984924316406 1.546077847480774 1.5755494832992554 -0.7491551041603088 0.4768827259540558 65.31310272216797 -7.7287373542785645 0.2677
Car 1 1 1 46.9427490234375 188.52288818359375 131.92462158203125 217.57696533203125 3.8038370609283447 1.5582871437072754 1.6337480545043945 -29.1087646484375 1.9750993251800537 40.97312927246094 -6.799834251403809 0.2655
Car 1 1 1 289.59576416015625 182.79635620117188 372.5665588378906 209.85943603515625 4.264275550842285 1.507706642150879 1.6403414011001587 -15.831609725952148 1.587420105934143 42.16624450683594 -3.8066110610961914 0.2428
Car 1 1 1 15.984624862670898 176.8565216064453 140.72560119628906 216.71823120117188 3.89217472076416 1.5606275796890259 1.7192440032958984 -21.923322677612305 1.3791812658309937 30.216726303100586 -7.258116722106934 0.2311
Car 1 1 1 147.9331817626953 186.32875061035156 217.8687286376953 212.55239868164062 3.4873974323272705 1.513417363166809 1.545362114906311 -25.48215103149414 1.819192886352539 43.78018569946289 -6.965664386749268 0.2094
Car 1 1 1 605.1461181640625 168.50924682617188 634.5857543945312 188.60983276367188 4.351046562194824 1.6769990921020508 1.6863077878952026 1.6650149822235107 0.5929846167564392 62.243194580078125 -4.476893424987793 0.1884
Pedestrian 1 1 1 1148.88916015625 97.71390533447266 1237.0 284.3585205078125 0.9513174891471863 1.9166773557662964 0.6269217729568481 6.558999061584473 1.0569703578948975 7.752421855926514 -3.279204845428467 0.1714
Pedestrian 1 1 1 856.041259765625 151.03146362304688 899.9063720703125 225.26190185546875 0.9427470564842224 1.8419854640960693 0.7324452996253967 6.989810943603516 1.0864520072937012 18.28492546081543 -2.922661542892456 0.1691
Pedestrian 1 1 1 696.28515625 156.20166015625 722.3909912109375 196.4662628173828 1.2070519924163818 1.9781217575073242 0.5360612273216248 5.37064790725708 0.7354922890663147 35.81280517578125 -3.636195182800293 0.1667
Pedestrian 1 1 1 0.0 204.4940643310547 37.50901794433594 279.8710632324219 0.3876820504665375 1.249285340309143 0.4313269853591919 -10.063131332397461 1.6517505645751953 12.305413246154785 -4.41593074798584 0.1651
Car 1 1 1 0.0 163.93421936035156 118.48461151123047 201.0389404296875 4.084455966949463 1.547932505607605 1.671838402748108 -24.086301803588867 0.8154438138008118 31.962474822998047 -7.02388858795166 0.1583
Pedestrian 1 1 1 765.8715209960938 165.92930603027344 777.265625 191.7002410888672 0.6239863038063049 1.8869307041168213 0.5299727916717529 12.55832576751709 0.7467890977859497 52.96350860595703 -3.5521090030670166 0.1568
Pedestrian 1 1 1 154.5448760986328 197.10610961914062 188.66131591796875 259.0329895019531 0.4563382565975189 1.364177942276001 0.48078781366348267 -9.755971908569336 1.7237926721572876 16.24656105041504 -4.46002721786499 0.1474
Pedestrian 1 1 1 915.1054077148438 149.46249389648438 967.2894287109375 242.81344604492188 0.7701265215873718 1.8080297708511353 0.5839048027992249 6.675918102264404 1.1881165504455566 14.225630760192871 -3.0861284732818604 0.1348
Pedestrian 1 1 1 377.03533935546875 171.9805450439453 397.67230224609375 216.2211456298828 0.42604953050613403 1.7736048698425293 0.7331764101982117 -8.672659873962402 1.3923096656799316 29.04652976989746 -7.953758716583252 0.1323
Car 1 1 1 608.2327880859375 170.6982879638672 632.2216186523438 191.76719665527344 4.023736476898193 1.5618125200271606 1.5579489469528198 1.4321173429489136 0.7610181570053101 55.29420852661133 -4.7574143409729 0.1288
Pedestrian 1 1 1 131.22914123535156 160.9615936279297 152.27621459960938 200.9623565673828 0.6512109637260437 1.8508802652359009 0.6851935386657715 -21.54150390625 0.9008086919784546 33.651634216308594 -8.15896987915039 0.1277
Car 1 1 1 538.354736328125 172.8332977294922 562.7017211914062 194.06039428710938 4.019003868103027 1.5228157043457031 1.6016225814819336 -3.745047092437744 0.9010257720947266 53.55536651611328 -4.729058742523193 0.1275
Pedestrian 1 1 1 1017.1097412109375 132.35414123535156 1100.1497802734375 261.744873046875 0.8785273432731628 1.8614673614501953 0.5548037886619568 6.70987606048584 1.1550880670547485 10.6381196975708 -6.34465217590332 0.1159
Car 1 1 1 0.0 176.82720947265625 81.60003662109375 212.7367401123047 4.247715473175049 1.5537972450256348 1.6706854104995728 -26.581268310546875 1.351906657218933 33.04464340209961 -6.94349479675293 0.1144
Car 1 1 1 727.9838256835938 168.9750213623047 755.1959228515625 190.2366180419922 3.569199323654175 1.6673671007156372 1.6174297332763672 11.333099365234375 0.685008704662323 58.14502716064453 -4.677040100097656 0.1049
Pedestrian 1 1 1 227.71139526367188 152.91696166992188 243.47047424316406 195.5308380126953 0.4528253972530365 1.931219220161438 0.6338731646537781 -16.763896942138672 0.6361395120620728 32.89567565917969 -5.160799980163574 0.1014
