Car 1 1 1 372.97760009765625 179.9010467529297 488.5096740722656 263.7441711425781 3.304971218109131 1.5847221612930298 1.5993674993515015 -3.6746394634246826 1.4844269752502441 15.250612258911133 -7.840019702911377 0.9734
Car 1 1 1 695.7918090820312 189.32411193847656 801.1119384765625 259.5971374511719 3.3970463275909424 1.360704779624939 1.553491473197937 2.9277827739715576 1.4612606763839722 15.843867301940918 -7.886805057525635 0.9728
Car 1 1 1 151.6382293701172 187.7685089111328 315.570068359375 263.23333740234375 3.6291496753692627 1.4220762252807617 1.580858826637268 -7.915939807891846 1.4838032722473145 15.50399398803711 -7.829131603240967 0.9662
Car 1 1 1 644.4444580078125 181.9193878173828 687.9022216796875 213.79518127441406 3.724102735519409 1.4690215587615967 1.6527090072631836 2.7555959224700928 1.3172662258148193 35.02634811401367 -7.8989176750183105 0.9515
Car 1 1 1 450.3670654296875 180.61436462402344 521.4497680664062 233.92503356933594 4.074029922485352 1.5816962718963623 1.6660999059677124 -3.9056200981140137 1.4453346729278564 23.3741455078125 -7.865058422088623 0.9408
Car 1 1 1 489.9980773925781 182.4841766357422 534.5919189453125 215.36822509765625 3.405022621154785 1.4849509000778198 1.5759360790252686 -4.524183750152588 1.3617606163024902 34.186973571777344 -7.82387113571167 0.8956
Car 1 1 1 0.0 198.72756958007812 303.79364013671875 375.0 3.939014434814453 1.5308399200439453 1.6250075101852417 -3.634582281112671 1.6551896333694458 4.625763416290283 -7.869017124176025 0.8883
Car 1 1 1 336.3381652832031 183.54852294921875 407.145751953125 225.4318084716797 3.718109130859375 1.3856450319290161 1.5690635442733765 -8.385330200195312 1.3306468725204468 25.69635772705078 -7.931286334991455 0.7350
Car 1 1 1 586.6234741210938 178.322265625 611.5769653320312 201.49319458007812 3.5843660831451416 1.5869145393371582 1.6396814584732056 -0.6070545315742493 1.1149598360061646 51.045372009277344 -7.828050136566162 0.6792
Car 1 1 1 401.3539123535156 181.9728546142578 450.743896484375 214.5747528076172 3.5324463844299316 1.491735577583313 1.648712396621704 -8.744250297546387 1.3435133695602417 34.69635009765625 -7.902757167816162 0.5644
Car 1 1 1 440.33819580078125 171.91354370117188 480.00140380859375 199.3159637451172 3.797901153564453 1.5804704427719116 1.5821325778961182 -8.880654335021973 0.8134087324142456 43.36758041381836 -7.84418249130249 0.5396
Car 1 1 1 577.1882934570312 181.9795379638672 602.5528564453125 202.3333282470703 3.878443717956543 1.5898618698120117 1.6213884353637695 -1.4316926002502441 1.3372387886047363 58.15489959716797 -7.764257907867432 0.4333
Car 1 1 1 538.5873413085938 177.98167419433594 560.3150024414062 198.26553344726562 3.5124917030334473 1.523515224456787 1.5067721605300903 -4.572673797607422 0.9803271293640137 55.83250427246094 -7.984628200531006 0.2964
Car 1 1 1 480.2223205566406 180.14891052246094 547.5867919921875 203.91748046875 4.064846038818359 1.4751683473587036 1.645769476890564 -5.9237470626831055 1.160861849784851 45.46867370605469 -3.1568186283111572 0.2313
Cyclist 1 1 1 682.19921875 177.0340576171875 690.77734375 203.91110229492188 1.603458046913147 1.6680947542190552 0.35185694694519043 4.942078113555908 1.1604677438735962 45.418209075927734 -7.862460613250732 0.2299
Pedestrian 1 1 1 959.22900390625 153.30433654785156 993.6326293945312 222.18101501464844 0.9554793238639832 1.7999358177185059 0.722951352596283 9.867685317993164 0.9661622047424316 19.360734939575195 -4.348735332489014 0.2173
Car 1 1 1 73.8297119140625 160.45135498046875 143.96759033203125 194.17311096191406 4.24874210357666 2.4146480560302734 1.7945642471313477 -37.217533111572266 0.6415539979934692 53.734153747558594 -7.653685092926025 0.1619
Pedestrian 1 1 1 261.70068359375 171.8065185546875 284.19061279296875 222.2543182373047 0.610126793384552 1.780556321144104 0.6284400820732117 -12.028068542480469 1.307436466217041 25.745210647583008 -4.9617600440979 0.1601
Car 1 1 1 760.4127807617188 172.89495849609375 792.0545654296875 201.61172485351562 3.685771942138672 1.479909062385559 1.55913507938385 9.149117469787598 0.8451215624809265 39.02790451049805 -4.4505295753479 0.1412
Car 1 1 1 595.345458984375 177.27264404296875 637.6796875 193.87672424316406 3.9057962894439697 1.5544910430908203 1.6119483709335327 0.8014068007469177 0.8110118508338928 68.2286148071289 -3.2052440643310547 0.1266
Car 1 1 1 563.95068359375 178.5587921142578 595.7052001953125 203.3723602294922 4.1352314949035645 1.509006381034851 1.6529054641723633 -1.762929916381836 1.1043319702148438 45.8249397277832 -4.659200668334961 0.1146
Cyclist 1 1 1 746.2809448242188 176.7246856689453 765.0458984375 205.9549102783203 1.5153369903564453 1.6130646467208862 0.5191484093666077 8.284266471862793 1.1446468830108643 40.460391998291016 -4.880644798278809 0.1110
Pedestrian 1 1 1 862.907958984375 147.6385040283203 889.4515991210938 200.009521484375 0.8607645034790039 1.9668272733688354 0.6952024102210999 10.192845344543457 0.5557491779327393 27.430017471313477 -4.705039978027344 0.1004
