Car 1 1 1 658.0276489257812 173.58778381347656 737.4605102539062 234.91432189941406 4.45228910446167 1.7432336807250977 1.7498451471328735 2.608644485473633 1.7684621810913086 22.83339500427246 -7.906589031219482 0.9606
Car 1 1 1 240.22630310058594 184.92532348632812 430.067626953125 249.0892333984375 3.984930992126465 1.450289249420166 1.5993674993515015 -6.6023759841918945 1.7561019659042358 17.46045684814453 -3.1229047775268555 0.9491
Car 1 1 1 879.3513793945312 201.04176330566406 1241.0 374.0 3.9842782020568848 1.4355124235153198 1.6042741537094116 2.9094021320343018 1.651262879371643 3.4839673042297363 -7.928600788116455 0.8953
Car 1 1 1 385.9078063964844 171.6585235595703 499.31500244140625 217.87400817871094 4.274345397949219 1.8205755949020386 1.6971561908721924 -6.786666393280029 1.7731822729110718 29.391572952270508 -6.339677333831787 0.8430
Car 1 1 1 334.2762451171875 186.50640869140625 474.953125 234.13816833496094 3.8947744369506836 1.375649094581604 1.4956104755401611 -6.321621894836426 1.8130993843078613 22.242841720581055 -3.066110134124756 0.6947
Car 1 1 1 387.3556823730469 183.8968963623047 490.952880859375 226.54579162597656 3.4955711364746094 1.5244015455245972 1.5916101932525635 -6.39120626449585 1.95037841796875 27.033464431762695 -3.1281352043151855 0.6061
Car 1 1 1 441.4491882324219 179.99844360351562 519.0665893554688 212.205322265625 3.647322416305542 1.557271122932434 1.604803442955017 -6.4947052001953125 1.9237370491027832 36.159751892089844 -3.1851253509521484 0.5780
Car 1 1 1 645.8788452148438 181.49722290039062 688.3638305664062 216.0784912109375 3.666337490081787 1.4773472547531128 1.5950061082839966 2.565347671508789 1.9017914533615112 33.60446548461914 -7.8799262046813965 0.5691
Pedestrian 1 1 1 100.84735870361328 159.96060180664062 135.08001708984375 233.03599548339844 0.5154954791069031 1.736868143081665 0.47957873344421387 -11.919639587402344 1.430115818977356 17.412927627563477 -4.735845565795898 0.5328
Car 1 1 1 0.0 184.65374755859375 162.02053833007812 374.0 3.9150476455688477 1.4923521280288696 1.5812206268310547 -6.2128520011901855 1.607204794883728 6.058253765106201 -3.0410194396972656 0.4923
Car 1 1 1 294.7640380859375 184.62403869628906 464.8776550292969 242.01974487304688 4.165550708770752 1.4498499631881714 1.580187439918518 -6.19095516204834 1.7855122089385986 19.612539291381836 -6.377600193023682 0.4690
Car 1 1 1 638.734375 178.7230682373047 664.8727416992188 204.119873046875 3.9667654037475586 1.511794090270996 1.58838951587677 2.5932233333587646 1.9012266397476196 45.89798355102539 -7.811207294464111 0.4348
Car 1 1 1 514.338134765625 176.6383056640625 543.111328125 200.0797882080078 3.9929232597351074 1.546167254447937 1.6466457843780518 -5.652385234832764 1.8200255632400513 50.25748062133789 -7.877419948577881 0.3777
Car 1 1 1 345.32232666015625 181.9654998779297 465.6558532714844 229.61427307128906 3.685445547103882 1.567125678062439 1.6202013492584229 -7.0276689529418945 1.8911601305007935 24.864110946655273 -3.136303424835205 0.3739
Car 1 1 1 466.3813781738281 181.7858428955078 533.9037475585938 208.53189086914062 3.878225564956665 1.539397954940796 1.6911394596099854 -6.709263324737549 2.0969398021698 43.73893356323242 -3.4072649478912354 0.3169
Pedestrian 1 1 1 141.176513671875 190.782470703125 166.93218994140625 228.0141143798828 0.7448200583457947 1.8009508848190308 0.8287959098815918 -22.611703872680664 2.6989686489105225 35.7308349609375 -6.261760711669922 0.2972
Car 1 1 1 630.0005493164062 178.8828582763672 651.2413330078125 199.87110900878906 3.5456109046936035 1.5582423210144043 1.5948240756988525 2.392535924911499 2.044661521911621 56.432586669921875 -7.79257345199585 0.2916
Car 1 1 1 408.4809875488281 174.19308471679688 501.1540832519531 211.03347778320312 3.681333303451538 1.5641653537750244 1.5857577323913574 -6.791021823883057 1.6241254806518555 31.584733963012695 -3.090743064880371 0.2736
Car 1 1 1 0.0 195.4364013671875 184.7095184326172 336.8548889160156 3.795523166656494 1.4662823677062988 1.6106842756271362 -7.438188076019287 1.8492988348007202 10.192479133605957 -5.033810615539551 0.2711
Pedestrian 1 1 1 373.6769104003906 190.3882293701172 407.94647216796875 272.28240966796875 0.5002723336219788 1.556317687034607 0.5108495354652405 -4.323668003082275 1.9042632579803467 14.075763702392578 -4.694673538208008 0.2084
Car 1 1 1 227.66481018066406 186.725830078125 307.35748291015625 214.70028686523438 3.7839553356170654 1.4753445386886597 1.6110912561416626 -19.181249618530273 2.2764947414398193 40.472476959228516 -6.512577056884766 0.1955
Car 1 1 1 930.685546875 160.113037109375 1145.6820068359375 248.72471618652344 3.330350637435913 1.6558729410171509 1.600935935974121 8.366239547729492 1.4174846410751343 14.424195289611816 -6.1969380378723145 0.1715
Cyclist 1 1 1 237.64361572265625 180.71786499023438 386.60260009765625 308.2012939453125 2.0470218658447266 1.8935688734054565 0.5917360186576843 -4.623085021972656 2.019268274307251 11.163607597351074 -6.383893013000488 0.1694
Car 1 1 1 823.48095703125 171.2564239501953 855.3703002929688 191.76181030273438 3.710437774658203 1.5740715265274048 1.6045236587524414 18.149927139282227 1.451134204864502 57.29935073852539 -7.777037143707275 0.1688
Cyclist 1 1 1 919.1569213867188 178.84776306152344 945.1624755859375 223.43209838867188 1.6645710468292236 1.612102746963501 0.5430892705917358 12.08023738861084 1.844918131828308 27.193126678466797 -4.512928009033203 0.1675
Pedestrian 1 1 1 439.42095947265625 158.5400390625 451.33038330078125 190.95977783203125 0.6923994421958923 1.911219596862793 0.6489607095718384 -9.82753849029541 1.0670781135559082 42.930137634277344 -8.015238761901855 0.1438
Pedestrian 1 1 1 275.7545471191406 184.85690307617188 314.66876220703125 263.71807861328125 0.4219956398010254 1.5916253328323364 0.6051684617996216 -6.543048858642578 1.8430941104888916 14.886415481567383 -4.582892894744873 0.1357
Car 1 1 1 790.26904296875 189.72996520996094 1129.778564453125 339.2822570800781 4.000301361083984 1.3916990756988525 1.5640963315963745 4.197848796844482 1.6316310167312622 8.6731595993042 -6.749659061431885 0.1318
Car 1 1 1 956.459228515625 163.01466369628906 1070.916015625 217.8490447998047 3.4175710678100586 1.4924829006195068 1.4799853563308716 11.759964942932129 1.22437584400177 21.349727630615234 -4.709514141082764 0.1316
Car 1 1 1 498.7273864746094 179.88555908203125 549.7067260742188 200.31640625 3.6353890895843506 1.4899241924285889 1.6341828107833862 -6.422881603240967 2.0242555141448975 54.02662658691406 -3.1509976387023926 0.1269
Pedestrian 1 1 1 120.77163696289062 199.48471069335938 171.90830993652344 317.38983154296875 0.48560866713523865 1.4180512428283691 0.39024895429611206 -5.880700588226318 1.7630069255828857 9.078516960144043 -4.906678676605225 0.1230
Pedestrian 1 1 1 913.191162109375 154.7737579345703 929.7979125976562 195.6809539794922 0.5917804837226868 1.8604116439819336 0.6716603636741638 14.290242195129395 1.0378433465957642 33.20907974243164 -7.498039722442627 0.1175
Car 1 1 1 502.6460876464844 177.84310913085938 553.2667846679688 199.02102661132812 3.870373487472534 1.60985267162323 1.7012470960617065 -6.411026954650879 2.0062882900238037 56.353675842285156 -3.2328028678894043 0.1149
Pedestrian 1 1 1 762.3194580078125 174.0901641845703 775.5863037109375 202.10595703125 0.6983188390731812 1.7698222398757935 0.7119004130363464 10.09084415435791 1.8489099740982056 45.97540283203125 -6.2650837898254395 0.1135
Pedestrian 1 1 1 122.3285903930664 160.3394012451172 161.26327514648438 227.95909118652344 0.6817988157272339 1.829109787940979 0.5934545993804932 -12.963764190673828 1.4902904033660889 19.912391662597656 -4.504359722137451 0.1099
Pedestrian 1 1 1 1139.318603515625 169.72828674316406 1178.81494140625 242.42776489257812 0.7733237147331238 1.7658864259719849 0.66616290807724 13.65180492401123 1.6896624565124512 18.023902893066406 -5.64749813079834 0.1078
Car 1 1 1 200.39170837402344 195.647216796875 286.5633544921875 232.40011596679688 3.227879285812378 1.3930606842041016 1.7066534757614136 -15.838945388793945 2.435540199279785 31.262910842895508 -4.520369052886963 0.1021
