Car 1 1 1 234.58631896972656 189.51878356933594 348.63250732421875 249.94361877441406 3.4406991004943848 1.4215213060379028 1.5579781532287598 -8.589451789855957 1.9151982069015503 19.658166885375977 -4.700315952301025 0.9484
Car 1 1 1 446.0072937011719 182.21798706054688 486.445556640625 207.34408569335938 3.8285322189331055 1.4161052703857422 1.6222797632217407 -8.757741928100586 2.0124499797821045 44.0406494140625 -4.68781852722168 0.7905
Car 1 1 1 596.7662353515625 175.77993774414062 624.1304321289062 201.4840087890625 3.6619691848754883 1.5332566499710083 1.6422576904296875 -0.040753815323114395 1.7241709232330322 45.30714797973633 -7.8736042976379395 0.7830
Car 1 1 1 175.60025024414062 191.46646118164062 290.85723876953125 245.31874084472656 4.272157669067383 1.452929973602295 1.6615551710128784 -11.962983131408691 2.106010913848877 23.15096092224121 -4.7669997215271 0.7112
Car 1 1 1 466.5060119628906 173.05145263671875 508.2272033691406 204.3331756591797 4.129653453826904 1.6062437295913696 1.6710928678512573 -6.634024143218994 1.617232084274292 39.16251754760742 -4.739711284637451 0.3540
Pedestrian 1 1 1 1024.8892822265625 147.62222290039062 1066.509521484375 237.25474548339844 0.3913241922855377 1.7229669094085693 0.5932440161705017 8.459993362426758 1.2376474142074585 14.110299110412598 -7.693685054779053 0.3268
Car 1 1 1 786.5298461914062 169.91580200195312 848.2593994140625 204.65060424804688 4.08515739440918 1.5145283937454224 1.6134260892868042 9.506624221801758 1.3861150741577148 33.520469665527344 -4.734013557434082 0.3249
Pedestrian 1 1 1 1112.36474609375 164.0299835205078 1124.102294921875 200.15541076660156 0.2197195291519165 1.7607735395431519 0.42093485593795776 24.895397186279297 1.3303861618041992 35.40334701538086 -3.485426425933838 0.2707
Pedestrian 1 1 1 1037.650634765625 153.55926513671875 1090.931640625 228.9161376953125 1.0008021593093872 1.7962943315505981 0.5669158697128296 11.108854293823242 1.3360627889633179 17.750316619873047 -8.078192710876465 0.2310
Pedestrian 1 1 1 13.639470100402832 193.073974609375 32.500709533691406 230.9674835205078 0.6936373710632324 1.8380051851272583 0.7465213537216187 -29.3531494140625 2.861957311630249 36.04383087158203 -6.914215564727783 0.2247
Car 1 1 1 0.0 194.14373779296875 80.49333953857422 266.5547790527344 4.169670581817627 1.4846082925796509 1.5408824682235718 -15.622775077819824 2.081144094467163 18.127803802490234 -4.732295513153076 0.1881
Car 1 1 1 931.0862426757812 150.81149291992188 988.6348266601562 182.7672119140625 4.759685516357422 2.499279737472534 1.784449577331543 28.46010398864746 0.775019109249115 58.92922592163086 -8.02563762664795 0.1782
Pedestrian 1 1 1 816.6871948242188 152.13255310058594 828.8864135742188 187.2247314453125 0.6282075047492981 1.87748384475708 0.6040359735488892 11.454120635986328 0.7685555815696716 38.98061752319336 -7.612226963043213 0.1764
Car 1 1 1 442.5328369140625 174.27992248535156 492.75286865234375 209.98777770996094 4.244208812713623 1.5641871690750122 1.6567432880401611 -6.660341262817383 1.6351792812347412 33.926795959472656 -4.745271682739258 0.1736
Cyclist 1 1 1 898.8215942382812 175.35073852539062 931.364990234375 218.49314880371094 1.5223838090896606 1.5770370960235596 0.5288270711898804 11.454185485839844 1.673654556274414 27.23649024963379 -4.755576133728027 0.1599
Cyclist 1 1 1 900.95458984375 153.2656707763672 933.6193237304688 211.37327575683594 1.7197281122207642 1.689785122871399 0.4717085659503937 9.243551254272461 1.1198512315750122 21.866291046142578 -7.7190423011779785 0.1588
Car 1 1 1 722.8936767578125 173.38446044921875 759.8505249023438 196.97088623046875 4.14481258392334 1.6339010000228882 1.7114814519882202 9.42100715637207 1.6735278367996216 52.19407653808594 -4.766781806945801 0.1487
Cyclist 1 1 1 970.746826171875 161.9586944580078 1011.2137451171875 231.9601287841797 1.7480636835098267 1.661698341369629 0.4625532925128937 9.444390296936035 1.402765154838562 18.031587600708008 -7.6262078285217285 0.1482
Car 1 1 1 289.2902526855469 177.30831909179688 356.0916442871094 207.56105041503906 4.363454818725586 1.5526008605957031 1.7268749475479126 -15.836040496826172 1.812542200088501 39.92164993286133 -4.646572113037109 0.1375
Car 1 1 1 680.6090087890625 172.21112060546875 728.2467651367188 200.787353515625 3.897034168243408 1.5292911529541016 1.6302627325057983 5.225080966949463 1.4945863485336304 40.66482162475586 -4.867178440093994 0.1347
Car 1 1 1 887.0296020507812 173.73789978027344 912.8209228515625 192.20314025878906 3.837981700897217 1.5369871854782104 1.627245545387268 24.980653762817383 1.6155611276626587 62.32126235961914 -4.447473526000977 0.1250
Pedestrian 1 1 1 877.9087524414062 157.1014404296875 888.3867797851562 183.71224975585938 0.5265284776687622 1.8163378238677979 0.5933496952056885 18.729185104370117 0.7408363223075867 49.56467819213867 -7.659496784210205 0.1142
Car 1 1 1 142.31326293945312 190.22422790527344 342.84576416015625 286.938232421875 4.185157775878906 1.436336874961853 1.6368408203125 -6.668866157531738 1.8129068613052368 13.561261177062988 -4.711328983306885 0.1127
Car 1 1 1 646.336669921875 176.6526336669922 671.31494140625 198.43316650390625 3.9431540966033936 1.6191644668579102 1.6317840814590454 3.7488722801208496 1.9257605075836182 56.312129974365234 -4.725059509277344 0.1125
