Pedestrian 1 1 1 535.4520263671875 167.962646484375 592.7804565429688 261.40704345703125 0.8832127451896667 1.7029433250427246 0.6669760942459106 -0.7537131309509277 1.4568428993225098 13.639084815979004 -2.3565359115600586 0.9000
Pedestrian 1 1 1 200.75509643554688 154.5443572998047 290.19000244140625 335.0957946777344 0.9222003817558289 1.7350091934204102 0.6250333786010742 -3.7552294731140137 1.4766900539398193 7.456423282623291 -5.419318675994873 0.8767
Pedestrian 1 1 1 867.5814819335938 148.1560821533203 971.0946655273438 348.2102355957031 0.8778449892997742 1.6791232824325562 0.6103748679161072 2.7886667251586914 1.3999823331832886 6.495875358581543 -4.614519119262695 0.8731
Pedestrian 1 1 1 753.57568359375 160.4229736328125 856.3139038085938 351.260498046875 0.7198618054389954 1.6246616840362549 0.5561856627464294 1.7951127290725708 1.4459506273269653 6.565659999847412 -8.369366645812988 0.8329
Pedestrian 1 1 1 1117.998046875 151.68357849121094 1205.2591552734375 276.01324462890625 0.7655460238456726 1.7690620422363281 0.6605620384216309 8.164751052856445 1.345465064048767 10.554828643798828 -3.1507813930511475 0.7082
Cyclist 1 1 1 505.50225830078125 170.2413330078125 536.2578125 231.3741455078125 1.8120206594467163 1.8151130676269531 0.5427834391593933 -2.5073626041412354 1.4812945127487183 22.260805130004883 -4.589134216308594 0.6687
Pedestrian 1 1 1 708.8177490234375 162.480224609375 755.521728515625 244.16604614257812 0.9428343772888184 1.814456582069397 0.5884878635406494 2.9584436416625977 1.392534852027893 16.51127815246582 -8.367908477783203 0.6521
Pedestrian 1 1 1 988.0830078125 151.27169799804688 1056.2491455078125 269.4574890136719 0.7380246520042419 1.6835325956344604 0.4892941415309906 6.198459625244141 1.2535912990570068 10.675032615661621 -8.472785949707031 0.6246
Pedestrian 1 1 1 483.8656005859375 169.08676147460938 514.92626953125 225.6422119140625 0.7153661847114563 1.7654476165771484 0.6869378089904785 -3.279099941253662 1.3784005641937256 22.904361724853516 -4.19581413269043 0.6208
Pedestrian 1 1 1 1010.673828125 175.12667846679688 1184.376708984375 373.0 0.7427138686180115 1.6328893899917603 0.7842643857002258 3.4895753860473633 1.5911920070648193 5.2054057121276855 -7.716808795928955 0.5400
Car 1 1 1 497.934326171875 164.46212768554688 544.1473999023438 199.4075469970703 4.4558281898498535 1.6021728515625 1.714495301246643 -3.8759331703186035 0.821291446685791 35.17316436767578 -4.699188709259033 0.5394
Pedestrian 1 1 1 430.25360107421875 171.3791961669922 452.64996337890625 224.4373016357422 0.7641040682792664 1.8794654607772827 0.6681128144264221 -5.773825168609619 1.5213545560836792 25.843486785888672 -4.761745929718018 0.3897
Pedestrian 1 1 1 946.1754150390625 152.62477111816406 998.8716430664062 253.43492126464844 0.6098328232765198 1.7904975414276123 0.6033005118370056 6.725276470184326 1.2782537937164307 13.117768287658691 -3.354893445968628 0.3767
Car 1 1 1 556.2704467773438 170.86041259765625 583.2974243164062 192.31967163085938 4.074893951416016 1.5968087911605835 1.6516571044921875 -2.46598744392395 0.805024266242981 55.59153747558594 -8.006741523742676 0.3517
Pedestrian 1 1 1 612.4624633789062 170.5684356689453 629.4640502929688 201.84278869628906 0.9055654406547546 1.7618767023086548 0.5839614272117615 1.1035335063934326 1.146175742149353 40.79694747924805 -6.366617679595947 0.3435
Pedestrian 1 1 1 308.71942138671875 185.7341766357422 338.0204162597656 236.77584838867188 0.8290683627128601 1.7260470390319824 0.721814751625061 -9.667474746704102 1.8763281106948853 24.90323829650879 -3.694795608520508 0.3312
Cyclist 1 1 1 147.17393493652344 171.54290771484375 220.9103240966797 332.26214599609375 1.9385253190994263 1.6698969602584839 0.6109788417816162 -4.984229564666748 1.5671429634094238 8.436800003051758 -5.309897422790527 0.3303
Pedestrian 1 1 1 257.7568359375 173.86268615722656 268.8185119628906 196.83114624023438 0.603273868560791 1.7735047340393066 0.678748369216919 -26.265193939208984 1.1836766004562378 55.84310531616211 -6.418636798858643 0.3119
Pedestrian 1 1 1 334.8773193359375 157.9037322998047 353.683837890625 195.79869079589844 0.8996548652648926 1.9090983867645264 0.6956730484962463 -13.128079414367676 0.7205626964569092 36.66546630859375 -7.935587406158447 0.3061
Pedestrian 1 1 1 1089.7130126953125 165.92845153808594 1154.570068359375 266.0394592285156 0.5732046365737915 1.6049412488937378 0.6702353358268738 8.541495323181152 1.355936884880066 11.864927291870117 -3.1909737586975098 0.3058
Pedestrian 1 1 1 645.6644897460938 170.0427703857422 667.2208862304688 223.11285400390625 0.5077236890792847 1.7336946725845337 0.6448631286621094 1.7870982885360718 1.359839677810669 23.740623474121094 -4.776618003845215 0.2955
Pedestrian 1 1 1 417.35906982421875 170.75047302246094 444.2416076660156 217.71539306640625 0.716576874256134 1.7121514081954956 0.6558237075805664 -6.356112957000732 1.320650339126587 26.668949127197266 -4.105025291442871 0.2702
Pedestrian 1 1 1 976.7581787109375 157.31222534179688 1018.3916625976562 241.6197509765625 0.6696151494979858 1.7076154947280884 0.4956612288951874 8.159318923950195 1.21828293800354 14.886327743530273 -7.8461527824401855 0.2314
Pedestrian 1 1 1 224.48085021972656 171.41091918945312 236.26145935058594 201.04930114746094 0.6125452518463135 1.7780193090438843 0.7112040519714355 -22.49759292602539 1.172866940498352 43.552894592285156 -6.790828227996826 0.2169
Car 1 1 1 170.4051513671875 173.79901123046875 273.1600036621094 218.2485809326172 3.690112829208374 1.4422850608825684 1.5046229362487793 -13.210833549499512 1.192838430404663 25.191925048828125 -4.657381534576416 0.2139
Pedestrian 1 1 1 863.7166748046875 153.19911193847656 890.4554443359375 207.40713500976562 0.6376616954803467 1.8454382419586182 0.6193898916244507 9.52567195892334 0.8823862671852112 24.89336585998535 -3.7790427207946777 0.2113
Pedestrian 1 1 1 1024.8687744140625 152.3153533935547 1059.404541015625 216.89749145507812 0.7337673902511597 1.8879144191741943 0.5956722497940063 13.119576454162598 1.035238265991211 21.437929153442383 -6.792983531951904 0.2073
Pedestrian 1 1 1 592.1094360351562 168.95840454101562 605.6162109375 192.62937927246094 1.0252426862716675 1.8669158220291138 0.46728387475013733 -0.1812812089920044 0.8776330351829529 56.94263458251953 -6.174339771270752 0.2037
Pedestrian 1 1 1 854.9691162109375 162.19760131835938 882.7432861328125 229.68357849121094 0.5895399451255798 1.758808970451355 0.539574384689331 7.044689655303955 1.256263256072998 19.03122901916504 -2.9944281578063965 0.1949
Pedestrian 1 1 1 909.002685546875 164.33473205566406 952.8057250976562 245.63815307617188 0.7278173565864563 1.6973927021026611 0.6403062343597412 7.004959583282471 1.3396025896072388 15.38479995727539 -4.633755207061768 0.1942
Cyclist 1 1 1 687.74072265625 147.68621826171875 720.4103393554688 190.73582458496094 1.642000675201416 1.8066962957382202 0.5458080172538757 4.399177551269531 0.38792338967323303 31.001991271972656 -5.18630838394165 0.1933
Pedestrian 1 1 1 306.62054443359375 154.80027770996094 324.28302001953125 204.09347534179688 0.43561115860939026 1.9143019914627075 0.5352618098258972 -11.24207592010498 0.8777726888656616 28.192646026611328 -6.1393256187438965 0.1684
Car 1 1 1 455.6302490234375 163.3746337890625 518.6773071289062 213.25213623046875 4.156199932098389 1.7157602310180664 1.7241665124893188 -4.194267272949219 1.0926657915115356 26.794511795043945 -4.719485282897949 0.1597
Pedestrian 1 1 1 38.073177337646484 172.90399169921875 57.35670471191406 226.7208251953125 0.24919643998146057 1.8473206758499146 0.4687086045742035 -19.233755111694336 1.5526630878448486 24.92143440246582 -5.904468059539795 0.1570
Pedestrian 1 1 1 703.5426635742188 186.17684936523438 724.9000244140625 234.79910278320312 0.4718387722969055 1.3756879568099976 0.5240386128425598 3.2017693519592285 1.5119905471801758 20.616830825805664 -4.749909400939941 0.1535
Pedestrian 1 1 1 683.6244506835938 175.41957092285156 703.3909301757812 218.5871124267578 0.6023181676864624 1.6009223461151123 0.6163595914840698 3.4305124282836914 1.375798225402832 26.97018814086914 -7.9517998695373535 0.1439
Pedestrian 1 1 1 1025.7119140625 154.9588165283203 1069.8248291015625 241.9938507080078 0.6212900876998901 1.7181071043014526 0.51781165599823 8.96005916595459 1.1947609186172485 14.502074241638184 -7.809510707855225 0.1435
Pedestrian 1 1 1 545.0877075195312 171.86692810058594 555.2243041992188 191.82264709472656 0.872161328792572 1.814833641052246 0.5918983221054077 -4.649720668792725 0.9384903907775879 65.6340103149414 -3.1172852516174316 0.1396
Pedestrian 1 1 1 146.8697509765625 174.9934844970703 182.17567443847656 238.41737365722656 0.7988112568855286 1.7827948331832886 0.5995164513587952 -12.606762886047363 1.6003873348236084 20.67522621154785 -3.8148865699768066 0.1393
Car 1 1 1 0.0 203.58499145507812 46.71312713623047 354.8504943847656 3.888091564178467 1.4424360990524292 1.558307409286499 -9.099032402038574 1.801179051399231 9.554409980773926 -5.065348148345947 0.1269
Pedestrian 1 1 1 613.3714599609375 164.20606994628906 622.106201171875 194.73243713378906 0.8446699380874634 1.8858411312103271 0.4998132586479187 1.0229501724243164 0.8175401091575623 44.8175048828125 -7.775664806365967 0.1259
Car 1 1 1 880.0271606445312 162.5906982421875 962.9346923828125 221.15057373046875 3.8228752613067627 1.5730186700820923 1.5554783344268799 9.356743812561035 1.0655832290649414 21.334369659423828 -4.481605052947998 0.1252
Car 1 1 1 0.0 188.96881103515625 122.35416412353516 373.0 3.9212751388549805 1.498952031135559 1.589835524559021 -6.211820125579834 1.5803043842315674 5.66353178024292 -7.612721920013428 0.1191
Pedestrian 1 1 1 1181.9461669921875 144.2373504638672 1233.462158203125 243.3802032470703 0.3877294361591339 1.79886794090271 0.6150855422019958 11.132951736450195 1.1233738660812378 13.250589370727539 -4.635303974151611 0.1121
Car 1 1 1 276.1231384277344 176.19461059570312 356.6653137207031 211.21310424804688 3.534991979598999 1.4520432949066162 1.544283390045166 -12.503181457519531 1.2323778867721558 31.686189651489258 -4.472350120544434 0.1082
Pedestrian 1 1 1 457.3595886230469 156.767822265625 471.44091796875 195.9789581298828 0.7131044268608093 1.971238374710083 0.6524457335472107 -6.968670845031738 0.7281067967414856 36.503662109375 -7.967525005340576 0.1073
Pedestrian 1 1 1 301.718994140625 162.93104553222656 326.36895751953125 218.0843963623047 0.5495925545692444 1.7586078643798828 0.5787947773933411 -9.297934532165527 1.1669615507125854 23.18161392211914 -4.719808101654053 0.1060
Cyclist 1 1 1 336.1065673828125 151.80625915527344 389.98065185546875 208.75144958496094 1.6331907510757446 1.7988227605819702 0.5502753853797913 -7.704404354095459 0.8612802624702454 23.185474395751953 -3.4274349212646484 0.1043
