Car 1 1 1 307.29522705078125 189.47874450683594 510.37164306640625 323.14556884765625 3.9039905071258545 1.5226577520370483 1.6563297510147095 -2.784605026245117 1.8161170482635498 10.735016822814941 -4.628465175628662 0.9659
Car 1 1 1 725.4431762695312 179.82183837890625 861.59033203125 296.02203369140625 3.2336699962615967 1.5262540578842163 1.539190649986267 2.6734368801116943 1.6516741514205933 11.348081588745117 -7.778048038482666 0.9501
Pedestrian 1 1 1 859.9012451171875 154.69247436523438 908.7477416992188 250.59361267089844 0.6379612684249878 1.7856072187423706 0.6065472364425659 5.1910200119018555 1.4471533298492432 13.813175201416016 -3.417435646057129 0.5360
Car 1 1 1 636.8013305664062 176.56085205078125 663.6363525390625 198.2375946044922 3.5389585494995117 1.5675153732299805 1.580571174621582 3.050257444381714 1.8579598665237427 54.70769119262695 -4.524451732635498 0.5124
Pedestrian 1 1 1 831.216552734375 146.2450714111328 857.041015625 202.15457153320312 0.7495876550674438 1.9172581434249878 0.675460159778595 8.100533485412598 1.004480242729187 25.12983512878418 -4.676284313201904 0.4015
Pedestrian 1 1 1 846.3502807617188 154.18283081054688 861.9603881835938 187.9417266845703 0.7851118445396423 1.8462542295455933 0.6080048680305481 13.445453643798828 0.8248389363288879 39.85906982421875 -7.833868503570557 0.3705
Pedestrian 1 1 1 803.0068969726562 162.568359375 836.0640869140625 230.38998413085938 0.7097665667533875 1.7417290210723877 0.6116171479225159 5.434360504150391 1.4772831201553345 18.913068771362305 -7.952490329742432 0.3013
Pedestrian 1 1 1 1058.096923828125 145.94520568847656 1186.737548828125 327.30548095703125 1.0939668416976929 1.8590919971466064 0.688484251499176 5.627129554748535 1.58295476436615 8.017976760864258 -2.409710645675659 0.2962
Cyclist 1 1 1 731.782958984375 171.50157165527344 742.0459594726562 195.57644653320312 1.611196756362915 1.611757516860962 0.3680362403392792 8.601383209228516 1.520914912223816 49.11605453491211 -7.884052753448486 0.2427
Pedestrian 1 1 1 808.6791381835938 160.5579071044922 821.2700805664062 190.3331756591797 0.6818673014640808 1.7904633283615112 0.6708993911743164 12.39902114868164 1.0507675409317017 43.78303146362305 -7.675326824188232 0.1911
Pedestrian 1 1 1 958.0064086914062 145.3850555419922 1067.7869873046875 319.4134826660156 0.9971373677253723 1.8469197750091553 0.5609973073005676 4.4548258781433105 1.5550987720489502 8.092926979064941 -3.49422550201416 0.1662
Car 1 1 1 736.9895629882812 160.57427978515625 785.4630126953125 199.29949951171875 4.413891315460205 1.539078950881958 1.6790542602539062 6.370818614959717 1.0507389307022095 30.970829010009766 -4.587488174438477 0.1580
Pedestrian 1 1 1 924.3057250976562 159.3755645751953 972.0576782226562 256.80621337890625 0.49046358466148376 1.6917588710784912 0.6333309412002563 5.977777481079102 1.4574230909347534 12.888306617736816 -6.486883640289307 0.1402
Car 1 1 1 501.60467529296875 159.4947509765625 537.9299926757812 187.51612854003906 3.6961746215820312 1.6562994718551636 1.6700506210327148 -5.557032585144043 0.8663555383682251 44.52302551269531 -7.821706295013428 0.1363
Cyclist 1 1 1 455.2503356933594 144.81190490722656 489.7120056152344 190.15951538085938 1.467434048652649 1.7837133407592773 0.5430015325546265 -5.588628768920898 0.6803990006446838 29.152551651000977 -4.190677165985107 0.1238
Cyclist 1 1 1 626.942626953125 179.0461883544922 632.29736328125 196.15074157714844 1.4794909954071045 1.5879844427108765 0.3995106518268585 1.839160442352295 2.1802403926849365 68.29098510742188 -7.7530083656311035 0.1176
Pedestrian 1 1 1 846.3504028320312 163.5535430908203 868.1697998046875 207.2337646484375 0.5835813879966736 1.7122033834457397 0.6878413558006287 9.749968528747559 1.3473381996154785 28.5959529876709 -7.791479587554932 0.1056
