Car 1 1 1 806.417236328125 188.25575256347656 1241.0 374.0 3.8424501419067383 1.4606578350067139 1.6219921112060547 2.9618847370147705 1.6292351484298706 5.961414337158203 -7.891259670257568 0.9765
Car 1 1 1 720.7171020507812 176.29685974121094 914.5323486328125 314.0272521972656 3.782992124557495 1.5895709991455078 1.6371862888336182 2.662721872329712 1.6476162672042847 10.32512092590332 -7.8677754402160645 0.9685
Car 1 1 1 466.251708984375 182.59646606445312 537.9148559570312 238.76744079589844 3.7490944862365723 1.4540326595306396 1.652621865272522 -3.130753517150879 1.7660582065582275 21.233518600463867 -4.741291522979736 0.9559
Car 1 1 1 655.2445068359375 177.66018676757812 723.9962158203125 226.72943115234375 4.067157745361328 1.4672893285751343 1.5643858909606934 2.5146098136901855 1.6412041187286377 24.069246292114258 -7.926755428314209 0.9426
Car 1 1 1 367.6260070800781 185.69749450683594 437.5367431640625 211.56541442871094 3.855710506439209 1.5048717260360718 1.4770526885986328 -12.566322326660156 2.298901081085205 43.73973083496094 -6.360462665557861 0.9095
Car 1 1 1 694.6223754882812 170.64987182617188 803.6326904296875 260.27093505859375 2.6283886432647705 1.6085799932479858 1.4302376508712769 2.616358757019043 1.5687191486358643 14.330009460449219 -7.954558849334717 0.7838
Car 1 1 1 269.197998046875 184.4150848388672 346.8699035644531 210.5104522705078 4.089767932891846 1.5275932550430298 1.4671610593795776 -18.29601287841797 2.2407710552215576 43.73506546020508 -6.312774181365967 0.7645
Pedestrian 1 1 1 782.0617065429688 156.63510131835938 828.9390258789062 246.30758666992188 0.8091026544570923 1.8676867485046387 0.738905131816864 4.124310493469238 1.5295816659927368 15.461064338684082 -7.934549808502197 0.7613
Car 1 1 1 633.7691650390625 178.58792114257812 670.640625 207.95870971679688 3.81593918800354 1.4814320802688599 1.5841282606124878 2.20110821723938 1.8073136806488037 39.099517822265625 -7.905248165130615 0.6949
Car 1 1 1 647.573974609375 175.51025390625 698.7478637695312 218.36505126953125 3.9774672985076904 1.5923694372177124 1.6288679838180542 2.4299309253692627 1.7064522504806519 29.064836502075195 -7.8754658699035645 0.6189
Car 1 1 1 586.350830078125 174.8258056640625 611.9306030273438 197.61773681640625 3.86588716506958 1.5249956846237183 1.6558284759521484 -0.8261594772338867 1.6683382987976074 50.5910530090332 -7.904277324676514 0.5637
Pedestrian 1 1 1 310.4604797363281 202.05050659179688 334.0279846191406 251.5439453125 0.3520723283290863 1.1343185901641846 0.3837791383266449 -6.831376075744629 1.8307995796203613 17.004844665527344 -4.484719753265381 0.3045
Car 1 1 1 487.0154724121094 179.04750061035156 529.2846069335938 202.19033813476562 4.0670084953308105 1.533235788345337 1.5725198984146118 -7.194718360900879 1.9903090000152588 51.1216926574707 -4.473027229309082 0.2973
Car 1 1 1 631.1096801757812 175.70413208007812 655.3593139648438 196.24009704589844 3.918545722961426 1.5587331056594849 1.6244926452636719 2.646780252456665 1.7931643724441528 57.379520416259766 -7.728962421417236 0.2729
Car 1 1 1 363.9879455566406 179.23416137695312 440.6572570800781 221.9917449951172 4.026249885559082 1.466172695159912 1.5844509601593018 -7.827884674072266 1.7263017892837524 27.40275001525879 -4.6635966300964355 0.2638
Pedestrian 1 1 1 709.4393310546875 158.4849853515625 730.1486206054688 197.12353515625 0.9889180064201355 1.8761823177337646 0.5920280814170837 5.38053035736084 1.1781619787216187 35.606441497802734 -4.031679153442383 0.2566
Pedestrian 1 1 1 256.0348815917969 207.5470733642578 284.97540283203125 266.6994323730469 0.35941556096076965 1.151107668876648 0.38703519105911255 -6.8840837478637695 1.8597699403762817 14.523050308227539 -4.464036464691162 0.2438
Pedestrian 1 1 1 189.07366943359375 210.46389770507812 224.67672729492188 282.9438781738281 0.35951533913612366 1.1865413188934326 0.3875555396080017 -6.889593124389648 1.8351868391036987 12.239900588989258 -4.542214870452881 0.2066
Pedestrian 1 1 1 344.45843505859375 199.2777557373047 365.79254150390625 240.8197479248047 0.40692955255508423 1.0832303762435913 0.38248348236083984 -6.886692047119141 1.8007113933563232 19.359954833984375 -4.49399471282959 0.2048
Pedestrian 1 1 1 375.30810546875 196.49880981445312 392.89093017578125 233.24468994140625 0.3655548691749573 1.0889683961868286 0.37709808349609375 -6.898694038391113 1.8130007982254028 21.88425636291504 -4.4942755699157715 0.1831
Car 1 1 1 190.8364715576172 185.14498901367188 258.16107177734375 210.84466552734375 3.569495439529419 1.4680182933807373 1.560282588005066 -23.397932052612305 2.2348856925964355 43.74402618408203 -5.96986722946167 0.1784
Pedestrian 1 1 1 156.2869873046875 153.401123046875 177.80665588378906 203.1262969970703 0.5233765244483948 1.898145318031311 0.6586936116218567 -17.180267333984375 1.155275821685791 27.921066284179688 -5.157625198364258 0.1700
