Car 1 1 1 775.9974975585938 186.04522705078125 929.5708618164062 250.6894989013672 3.571382761001587 1.4075863361358643 1.5641270875930786 6.030848026275635 1.779775619506836 18.43794059753418 -8.381705284118652 0.9769
Car 1 1 1 339.51239013671875 181.9569549560547 391.98193359375 209.79408264160156 4.617265701293945 1.7714279890060425 1.8906850814819336 -16.807039260864258 2.4290056228637695 49.79850387573242 -4.668713569641113 0.8484
Car 1 1 1 262.24224853515625 187.9619140625 323.2958984375 217.37867736816406 3.4530184268951416 1.461083173751831 1.5714744329452515 -17.324195861816406 2.3249056339263916 39.47514724731445 -4.615540504455566 0.6783
Pedestrian 1 1 1 119.47876739501953 194.63958740234375 139.7407684326172 228.70091247558594 0.7475680112838745 1.8624030351638794 0.7142620086669922 -27.080137252807617 3.1040122509002686 40.61973571777344 -7.226433277130127 0.2365
Pedestrian 1 1 1 735.758056640625 157.0425262451172 746.7365112304688 186.26771545410156 0.7282330393791199 1.9143407344818115 0.6427176594734192 8.631729125976562 0.8783396482467651 47.65131378173828 -7.7750372886657715 0.1993
Pedestrian 1 1 1 911.2201538085938 152.2411346435547 947.51708984375 215.80072021484375 0.9913803935050964 1.8467211723327637 0.6977192759513855 9.447797775268555 1.2475154399871826 21.485490798950195 -4.634783744812012 0.1525
Car 1 1 1 82.26251983642578 202.14703369140625 148.4996337890625 229.68087768554688 3.590468168258667 1.5196791887283325 1.6454765796661377 -30.409284591674805 3.376779317855835 44.31509017944336 -2.7572102546691895 0.1259
Cyclist 1 1 1 786.4589233398438 177.1737060546875 807.2230834960938 209.72390747070312 1.4906632900238037 1.5662767887115479 0.5183181166648865 9.190910339355469 1.7842267751693726 35.68902587890625 -4.80521821975708 0.1203
Cyclist 1 1 1 796.63818359375 146.7169952392578 835.0230712890625 191.8622589111328 1.4943890571594238 1.7540489435195923 0.5509633421897888 8.162322998046875 0.7382362484931946 28.815155029296875 -5.262773036956787 0.1089
Pedestrian 1 1 1 796.9873657226562 152.0809326171875 814.5482177734375 192.91798400878906 0.700721025466919 1.9141489267349243 0.6907135248184204 9.233282089233398 0.9401564598083496 34.200111389160156 -7.765282154083252 0.1078
Cyclist 1 1 1 781.7347412109375 167.65684509277344 800.2075805664062 200.03736877441406 1.702164888381958 1.734104871749878 0.4804956912994385 9.86000919342041 1.4554771184921265 39.50636291503906 -7.920421123504639 0.1019
Car 1 1 1 686.8536376953125 172.10325622558594 713.7485961914062 188.1083526611328 4.322932243347168 1.426163673400879 1.6679538488388062 8.262550354003906 1.3589661121368408 66.50582122802734 -7.9202094078063965 0.1008
Pedestrian 1 1 1 190.8674774169922 161.30296325683594 207.3458709716797 195.2012939453125 0.6449899077415466 1.8744608163833618 0.639352023601532 -22.973297119140625 1.2354285717010498 40.283363342285156 -8.07526969909668 0.1008
