Car 1 1 1 780.5458984375 173.9383087158203 1150.500732421875 374.0 4.360208034515381 1.5555835962295532 1.6743535995483398 2.7914254665374756 1.5690793991088867 6.945490837097168 -7.781955242156982 0.9721
Car 1 1 1 186.64833068847656 171.39125061035156 426.98516845703125 267.4703369140625 4.024375915527344 1.7768522500991821 1.685956358909607 -5.8849616050720215 1.7495008707046509 14.205035209655762 -3.1325316429138184 0.9341
Car 1 1 1 665.4435424804688 167.16651916503906 717.7833251953125 208.18133544921875 4.1076860427856445 1.585897445678711 1.6798464059829712 3.2704861164093018 1.3656827211380005 29.958728790283203 -4.719091892242432 0.7766
Car 1 1 1 548.911376953125 172.44815063476562 577.9644165039062 197.75880432128906 3.953451633453369 1.7344794273376465 1.6518758535385132 -3.3122870922088623 1.7063671350479126 51.45640182495117 -4.668409824371338 0.7008
Pedestrian 1 1 1 1044.8758544921875 148.19078063964844 1094.0849609375 230.55795288085938 0.6821512579917908 1.6952953338623047 0.543874204158783 9.576757431030273 1.1873728036880493 15.135666847229004 -3.1800594329833984 0.4195
Car 1 1 1 585.7576293945312 169.2864227294922 614.7535400390625 187.4168701171875 3.769130229949951 1.5030688047409058 1.6649655103683472 -0.8261812925338745 1.207005262374878 61.837860107421875 -7.6355299949646 0.3867
Pedestrian 1 1 1 1007.7774047851562 172.6497802734375 1033.98388671875 223.98155212402344 0.8002428412437439 1.6782636642456055 0.5962135791778564 13.67035961151123 1.6712870597839355 24.086578369140625 -7.1104207038879395 0.3804
Car 1 1 1 656.0365600585938 169.80325317382812 683.1876220703125 196.14649963378906 4.1394147872924805 1.5821775197982788 1.6265639066696167 3.681006908416748 1.3986490964889526 45.45319366455078 -7.789839267730713 0.3214
Car 1 1 1 675.824951171875 163.26673889160156 751.559814453125 224.16184997558594 4.318920135498047 1.702276587486267 1.691627860069275 3.0483157634735107 1.4339722394943237 22.3355712890625 -7.861229419708252 0.2183
Pedestrian 1 1 1 746.0506591796875 158.9005126953125 801.7449340820312 276.61138916015625 0.7841328978538513 1.7675307989120483 0.6657577157020569 2.4829578399658203 1.5577070713043213 11.238800048828125 -7.8915324211120605 0.1627
Car 1 1 1 368.5197448730469 153.7864227294922 425.5073547363281 190.06576538085938 3.4781930446624756 1.4628567695617676 1.5636143684387207 -9.08525276184082 0.6937134265899658 30.86899757385254 -4.761144161224365 0.1557
Pedestrian 1 1 1 1023.7847900390625 167.6422882080078 1065.8260498046875 238.18511962890625 0.6609720587730408 1.57133150100708 0.5629426836967468 9.825345993041992 1.4549415111541748 16.407413482666016 -2.964592933654785 0.1401
Pedestrian 1 1 1 447.55230712890625 158.15957641601562 459.72998046875 194.25416564941406 0.48235151171684265 1.864269733428955 0.601833164691925 -8.18014144897461 1.1050091981887817 37.5786018371582 -3.0964670181274414 0.1329
Pedestrian 1 1 1 827.7269897460938 153.24752807617188 884.2874755859375 273.44287109375 0.656491756439209 1.778820276260376 0.6458975076675415 3.6858832836151123 1.488356113433838 11.011600494384766 -7.8383002281188965 0.1106
Cyclist 1 1 1 898.795166015625 146.59378051757812 954.6961059570312 205.49667358398438 1.4790189266204834 1.7189455032348633 0.551741361618042 9.513265609741211 0.9523016214370728 21.822240829467773 -5.313928127288818 0.1058
Car 1 1 1 0.0 0.0 1241.0 374.0 3.644059658050537 1.5166583061218262 1.6477950811386108 3.764904260635376 1.5928516387939453 1.2916743755340576 -7.896653652191162 0.1031
