Car 1 1 1 596.3363647460938 172.04302978515625 662.02880859375 234.80152893066406 3.38582706451416 1.5884029865264893 1.6629434823989868 0.4473418891429901 1.5675777196884155 19.961183547973633 -7.8463215827941895 0.9591
Car 1 1 1 432.7408447265625 179.71034240722656 482.8543395996094 204.67430114746094 4.320833683013916 1.539979100227356 1.7146672010421753 -10.100817680358887 2.0179882049560547 48.05061340332031 -4.518516540527344 0.3069
Pedestrian 1 1 1 707.2832641601562 158.86415100097656 730.602294921875 196.5880584716797 1.0453732013702393 1.8684698343276978 0.48904213309288025 5.411788463592529 1.175250768661499 36.11800765991211 -3.423203945159912 0.2342
Pedestrian 1 1 1 1010.4078979492188 138.80343627929688 1127.549072265625 310.6449279785156 1.0168161392211914 1.8775862455368042 0.6076256036758423 5.202946186065674 1.505240797996521 8.32540225982666 -2.8385584354400635 0.1912
Car 1 1 1 0.0 159.334716796875 78.9529800415039 200.57386779785156 4.036334037780762 1.5299876928329468 1.6195156574249268 -23.195817947387695 1.028117060661316 27.81865692138672 -3.2635936737060547 0.1646
Car 1 1 1 949.02392578125 172.63853454589844 1020.8982543945312 202.2255096435547 3.9504895210266113 1.4858970642089844 1.4991073608398438 19.753379821777344 1.4747763872146606 38.268577575683594 -4.797819137573242 0.1471
Car 1 1 1 757.7277221679688 167.85305786132812 787.3351440429688 185.5807342529297 4.098849773406982 1.4528582096099854 1.6239324808120728 13.716653823852539 1.0427086353302002 61.19084167480469 -7.843612194061279 0.1443
Pedestrian 1 1 1 169.40447998046875 154.13638305664062 203.70689392089844 217.9342041015625 0.692568302154541 1.8780579566955566 0.6161333918571472 -12.711644172668457 1.3267552852630615 21.590694427490234 -7.840784549713135 0.1371
Car 1 1 1 275.0897521972656 157.37628173828125 362.28753662109375 185.02899169921875 4.50757360458374 1.5406855344772339 1.6065832376480103 -16.747573852539062 0.6780359745025635 41.440185546875 -2.939492702484131 0.1218
Pedestrian 1 1 1 969.9852294921875 147.3338165283203 997.5467529296875 200.77830505371094 0.7950134873390198 1.928975224494934 0.6488802433013916 13.65759563446045 1.0075737237930298 26.469913482666016 -4.614152908325195 0.1155
Pedestrian 1 1 1 1222.143798828125 131.671875 1241.0 192.0438690185547 0.5776564478874207 1.9353495836257935 0.6681888699531555 20.407133102416992 0.6148714423179626 23.560075759887695 -7.229172229766846 0.1141
Pedestrian 1 1 1 127.20121002197266 179.88502502441406 157.02455139160156 235.97622680664062 0.6783921122550964 1.8584718704223633 0.6226665377616882 -15.852219581604004 2.0995230674743652 24.38530158996582 -6.521618366241455 0.1084
Cyclist 1 1 1 1083.7183837890625 150.65924072265625 1120.953857421875 194.98365783691406 1.720690131187439 1.8207415342330933 0.4971037209033966 20.75507926940918 0.9087340831756592 30.514266967773438 -7.786095142364502 0.1038
