Car 1 1 1 500.175537109375 182.82806396484375 565.0459594726562 232.36228942871094 4.039939880371094 1.4082543849945068 1.6019095182418823 -2.4638984203338623 1.759065866470337 23.3660945892334 -7.836324214935303 0.9588
Car 1 1 1 414.4892272949219 189.27467346191406 537.3258056640625 281.87896728515625 4.481812953948975 1.4763803482055664 1.6875545978546143 -2.5658555030822754 1.8583904504776 14.550004005432129 -7.863714694976807 0.9534
Car 1 1 1 668.851806640625 174.64743041992188 723.38623046875 216.8663330078125 4.270389556884766 1.5140211582183838 1.633626937866211 3.2394633293151855 1.5891164541244507 28.195037841796875 -7.850322246551514 0.9108
Car 1 1 1 705.985595703125 176.21627807617188 812.669677734375 253.91058349609375 3.872159481048584 1.4700984954833984 1.6021966934204102 3.067650556564331 1.5523996353149414 15.773818969726562 -7.833311557769775 0.7174
Car 1 1 1 642.7413330078125 173.40887451171875 679.8359985351562 198.81202697753906 3.975466251373291 1.5221235752105713 1.6327999830245972 3.1435117721557617 1.5583165884017944 45.38976287841797 -4.8234171867370605 0.6395
Pedestrian 1 1 1 963.4571533203125 112.99077606201172 1085.0379638671875 335.6727294921875 0.8126303553581238 1.8799395561218262 0.6321433186531067 3.6393351554870605 1.3742585182189941 6.500394821166992 -4.703901290893555 0.5084
Pedestrian 1 1 1 1066.7904052734375 145.62750244140625 1163.9681396484375 295.03076171875 0.8113991022109985 1.8061538934707642 0.632171630859375 6.293499946594238 1.4767096042633057 9.102676391601562 -2.972299337387085 0.3910
Pedestrian 1 1 1 1188.4825439453125 139.4934844970703 1241.0 296.72418212890625 0.44847437739372253 1.7077594995498657 0.4937097728252411 6.854423522949219 1.3451147079467773 8.170431137084961 -7.005591869354248 0.3645
Pedestrian 1 1 1 1139.6490478515625 143.09376525878906 1199.960693359375 249.8390350341797 0.6055243611335754 1.725606918334961 0.505569577217102 9.198250770568848 1.2442132234573364 11.938804626464844 -3.2163031101226807 0.3103
Cyclist 1 1 1 83.22982025146484 186.67721557617188 256.0628662109375 324.9611511230469 1.8502479791641235 1.7247980833053589 0.6631717085838318 -5.755807876586914 1.9110759496688843 9.40286922454834 -6.278367042541504 0.2945
Pedestrian 1 1 1 906.8494873046875 137.89524841308594 1007.1693115234375 309.00390625 0.8833320736885071 1.8499541282653809 0.4981297254562378 3.819875478744507 1.471695065498352 8.091364860534668 -3.237959861755371 0.1826
Pedestrian 1 1 1 819.9500732421875 138.63690185546875 905.4901733398438 332.6733093261719 0.8355702757835388 1.8064888715744019 0.560448169708252 2.417513370513916 1.487626075744629 7.138500690460205 -4.7010016441345215 0.1693
Pedestrian 1 1 1 725.4219360351562 150.13145446777344 741.4645385742188 189.6904754638672 0.49649524688720703 1.9785997867584229 0.7139384150505066 6.197140693664551 0.8417996764183044 36.44953918457031 -7.482829570770264 0.1579
Pedestrian 1 1 1 560.434326171875 173.4156951904297 576.2513427734375 200.7862091064453 0.8631255030632019 1.7845362424850464 0.6165813207626343 -2.778386116027832 1.8216094970703125 47.53608703613281 -3.622615337371826 0.1401
Pedestrian 1 1 1 1150.9464111328125 159.054443359375 1213.0147705078125 263.11505126953125 0.5837767720222473 1.5912450551986694 0.4895152151584625 8.890246391296387 1.3799289464950562 11.296737670898438 -3.2070558071136475 0.1392
Pedestrian 1 1 1 1009.3394165039062 152.07369995117188 1050.8271484375 226.62350463867188 0.6918386816978455 1.7534523010253906 0.5435296297073364 10.041625022888184 1.2643882036209106 17.34305763244629 -6.625439643859863 0.1365
Pedestrian 1 1 1 484.5050354003906 151.385986328125 506.4958190917969 200.78317260742188 0.8782843947410583 1.9153465032577515 0.688094437122345 -4.550536155700684 1.082636833190918 28.43396759033203 -4.659299373626709 0.1190
Pedestrian 1 1 1 710.8772583007812 156.09579467773438 724.7196655273438 190.36953735351562 0.6227200627326965 1.9883127212524414 0.7234224081039429 6.279082775115967 1.0158236026763916 42.259124755859375 -7.567952632904053 0.1187
Pedestrian 1 1 1 714.1383056640625 162.13038635253906 751.5421142578125 266.0487976074219 0.6880300045013428 1.7564595937728882 0.6017323136329651 2.0758543014526367 1.5749059915542603 12.570237159729004 -4.603801727294922 0.1178
Pedestrian 1 1 1 1004.5042114257812 152.27743530273438 1071.63134765625 287.6557312011719 0.5646371841430664 1.7454272508621216 0.6788681149482727 5.670586109161377 1.4798343181610107 9.682783126831055 -6.123411655426025 0.1143
Pedestrian 1 1 1 1118.9609375 154.10545349121094 1171.766845703125 245.4377899169922 0.5831344723701477 1.5856778621673584 0.4835728406906128 9.49157428741455 1.2598726749420166 12.875823974609375 -5.003917694091797 0.1111
Car 1 1 1 796.1906127929688 172.35057067871094 934.2308349609375 226.17860412597656 3.7874369621276855 1.5025029182434082 1.597356915473938 7.585256099700928 1.488150954246521 21.591590881347656 -6.668099403381348 0.1076
