Car 1 1 1 835.326904296875 180.5408477783203 1123.0186767578125 374.0 3.376012086868286 1.5192924737930298 1.5470219850540161 3.1431825160980225 1.6122534275054932 6.956774711608887 -7.678100109100342 0.9591
Car 1 1 1 565.836669921875 182.12460327148438 625.2474365234375 228.17791748046875 4.136023044586182 1.5183955430984497 1.679942011833191 -0.5021246671676636 1.8900837898254395 26.80327606201172 -4.600627422332764 0.9140
Car 1 1 1 731.2645874023438 180.1800079345703 768.3717041015625 215.1542205810547 3.711047887802124 1.624261736869812 1.65509831905365 6.940658092498779 2.012209415435791 36.28346633911133 -4.568515777587891 0.8531
Car 1 1 1 804.9893798828125 186.04722595214844 915.3518676757812 287.3505859375 3.5211217403411865 1.4256742000579834 1.5422617197036743 4.150710582733154 1.68951416015625 12.54736042022705 -7.597980976104736 0.8229
Car 1 1 1 622.0833129882812 181.4722137451172 657.80126953125 208.7084503173828 4.0401530265808105 1.5115488767623901 1.7159614562988281 1.8164563179016113 2.056434392929077 43.51710891723633 -4.55947208404541 0.8006
Cyclist 1 1 1 806.9081420898438 178.6375732421875 824.3455810546875 212.51629638671875 1.4094057083129883 1.5783518552780151 0.5476927161216736 9.807573318481445 1.8611267805099487 34.589256286621094 -4.624017238616943 0.5863
Car 1 1 1 1001.1494750976562 187.00254821777344 1241.0 374.0 3.8308537006378174 1.5183261632919312 1.6186670064926147 3.0735480785369873 1.6013740301132202 2.3200483322143555 -7.872989177703857 0.3559
Cyclist 1 1 1 605.1929321289062 173.26205444335938 612.354736328125 195.05943298339844 1.6009752750396729 1.6804099082946777 0.3562864065170288 -0.11981677263975143 1.7125087976455688 56.47235870361328 -7.72526216506958 0.3437
Car 1 1 1 723.7518310546875 179.4897003173828 757.290283203125 206.35009765625 3.72822904586792 1.5087928771972656 1.6006344556808472 7.769765853881836 1.9252285957336426 43.39589309692383 -7.78003454208374 0.3398
Cyclist 1 1 1 271.5083312988281 166.00149536132812 312.8543395996094 230.6087188720703 1.7134368419647217 1.6462887525558472 0.43753957748413086 -8.506255149841309 1.471376657485962 19.25358772277832 -7.910573482513428 0.3206
Cyclist 1 1 1 817.3699951171875 171.7603302001953 841.826904296875 211.9258575439453 1.7179243564605713 1.6540848016738892 0.5011959671974182 9.2473783493042 1.6087452173233032 30.574886322021484 -4.719602108001709 0.2413
Car 1 1 1 642.7905883789062 180.2862548828125 666.9423217773438 201.22052001953125 3.636619806289673 1.6101502180099487 1.5303401947021484 3.6572113037109375 2.2353248596191406 58.794166564941406 -4.526922225952148 0.1968
Cyclist 1 1 1 288.6617736816406 166.0135498046875 347.1669006347656 231.59153747558594 1.7647385597229004 1.6794288158416748 0.4675518274307251 -7.868227481842041 1.5039476156234741 19.390901565551758 -7.572336673736572 0.1918
Pedestrian 1 1 1 1146.718505859375 129.17137145996094 1241.0 321.2565612792969 1.0458096265792847 1.9181556701660156 0.5411825180053711 6.253398895263672 1.481642723083496 7.503283977508545 -6.229944705963135 0.1708
Cyclist 1 1 1 796.9492797851562 160.7262725830078 820.5758666992188 199.16807556152344 1.6611871719360352 1.7359436750411987 0.6052281260490417 9.150876998901367 1.187983512878418 33.41962432861328 -4.732932090759277 0.1557
Cyclist 1 1 1 493.1840515136719 183.63873291015625 529.7537841796875 220.29380798339844 1.7524499893188477 1.8602689504623413 0.7136317491531372 -5.132962703704834 2.4250357151031494 37.34661102294922 -3.0225296020507812 0.1327
Pedestrian 1 1 1 487.43817138671875 157.5485382080078 510.8106994628906 206.6087646484375 0.9779066443443298 1.8921759128570557 0.7051777243614197 -4.392701148986816 1.301568627357483 28.342758178710938 -4.636813640594482 0.1223
Pedestrian 1 1 1 872.694580078125 177.7394256591797 890.6825561523438 221.99917602539062 0.5364987254142761 1.5294084548950195 0.562788724899292 9.508331298828125 1.7033262252807617 25.371381759643555 -4.295957088470459 0.1126
Pedestrian 1 1 1 1084.64697265625 136.3464813232422 1194.884521484375 295.012939453125 0.9767493605613708 1.857262134552002 0.4672859013080597 6.310577392578125 1.4296252727508545 8.698707580566406 -3.1020145416259766 0.1081
Pedestrian 1 1 1 827.332763671875 164.5913848876953 852.2013549804688 211.81149291992188 0.5966257452964783 1.7983554601669312 0.747393012046814 8.842594146728516 1.4833778142929077 27.924623489379883 -3.4417765140533447 0.1030
