Cyclist 1 1 1 272.63348388671875 188.53067016601562 307.7561340332031 237.1360626220703 1.8840030431747437 1.780977725982666 0.5173583626747131 -12.428473472595215 2.4093315601348877 27.990793228149414 -4.705557823181152 0.7120
Car 1 1 1 435.1271057128906 187.3671875 500.5537414550781 214.78933715820312 3.5287654399871826 1.506493330001831 1.6266376972198486 -8.185235023498535 2.3613343238830566 41.574195861816406 -3.2146859169006348 0.5399
Pedestrian 1 1 1 776.6192016601562 168.37013244628906 795.7088623046875 200.22312927246094 0.9483340382575989 1.8044019937515259 0.5287731885910034 10.008208274841309 1.5501004457473755 41.15686798095703 -3.182093620300293 0.4983
Car 1 1 1 0.0 210.74737548828125 59.19751739501953 374.0 4.219131946563721 1.5291380882263184 1.6361219882965088 -7.859401702880859 1.942800760269165 6.491766929626465 -6.575125694274902 0.4341
Pedestrian 1 1 1 489.4000549316406 157.13284301757812 504.78692626953125 192.7204132080078 0.8041278123855591 1.8648896217346191 0.7026042342185974 -6.015008449554443 1.0407562255859375 38.219085693359375 -7.872378826141357 0.3774
Pedestrian 1 1 1 0.0 148.5384063720703 20.0804443359375 208.0384063720703 0.47450166940689087 1.9664283990859985 0.622428297996521 -20.2930850982666 1.1625171899795532 24.171836853027344 -8.185279846191406 0.3414
Pedestrian 1 1 1 840.6143188476562 172.6728515625 854.5133056640625 210.27462768554688 0.3896500766277313 1.7796598672866821 0.5981334447860718 11.28514575958252 1.7707858085632324 34.408226013183594 -4.479931831359863 0.3014
Car 1 1 1 454.8160400390625 184.47378540039062 512.7093505859375 208.5551300048828 3.4452459812164307 1.515014886856079 1.6238739490509033 -8.265031814575195 2.289872407913208 47.2097282409668 -3.0753421783447266 0.3006
Pedestrian 1 1 1 319.647705078125 168.80426025390625 337.3457946777344 198.7386474609375 0.9859186410903931 1.7548171281814575 0.6949840784072876 -16.72967529296875 1.5171127319335938 42.80439758300781 -7.893518924713135 0.2676
Car 1 1 1 482.7047424316406 180.12893676757812 533.07080078125 200.8151092529297 3.6390397548675537 1.5549662113189697 1.6615772247314453 -7.881529331207275 2.1247925758361816 55.69205856323242 -3.1288321018218994 0.1941
Car 1 1 1 754.0810546875 172.38864135742188 790.2745361328125 193.46177673339844 3.8286478519439697 1.5162502527236938 1.532577395439148 12.037872314453125 1.4824658632278442 53.892208099365234 -4.803764820098877 0.1525
Car 1 1 1 217.60975646972656 179.33905029296875 303.7868347167969 218.69381713867188 4.254645347595215 1.5132075548171997 1.669356346130371 -14.726359367370605 1.8071552515029907 30.59429359436035 -4.733164310455322 0.1458
Car 1 1 1 870.9835205078125 157.94786071777344 940.8930053710938 180.03375244140625 4.244126796722412 1.5176924467086792 1.669414758682251 20.693395614624023 0.49307557940483093 50.60512161254883 -6.373484134674072 0.1424
Car 1 1 1 385.41650390625 181.3419647216797 424.59295654296875 205.0132293701172 3.8896517753601074 1.581161618232727 1.6224596500396729 -14.628626823425293 2.210545539855957 51.56562805175781 -4.690435886383057 0.1305
Car 1 1 1 833.9989013671875 165.21243286132812 913.8663330078125 193.8879852294922 4.020240783691406 1.6185249090194702 1.7336028814315796 15.177329063415527 1.1869146823883057 41.746421813964844 -3.0635342597961426 0.1294
Car 1 1 1 349.4013671875 181.24111938476562 395.3846435546875 209.7529754638672 3.6224029064178467 1.6397603750228882 1.521912932395935 -14.605396270751953 2.1771488189697266 44.417877197265625 -4.673893928527832 0.1250
Car 1 1 1 472.0709228515625 181.01251220703125 523.204833984375 203.84231567382812 3.363239288330078 1.5382882356643677 1.6156190633773804 -7.809144020080566 2.115091323852539 50.14711380004883 -3.192247152328491 0.1189
Car 1 1 1 940.3445434570312 152.1997833251953 989.090087890625 180.30760192871094 4.624059200286865 2.493414878845215 1.8695955276489258 32.546207427978516 0.6608995795249939 66.39874267578125 -7.951248645782471 0.1068
