Pedestrian 1 1 1 652.233154296875 165.70574951171875 674.3985595703125 233.5095672607422 0.7507627606391907 1.7587337493896484 0.5735800266265869 1.6072829961776733 1.3495655059814453 19.033113479614258 -7.760409832000732 0.7651
Pedestrian 1 1 1 462.9787292480469 164.05653381347656 494.7025146484375 235.1090087890625 0.7554771304130554 1.7771081924438477 0.6384907364845276 -3.161871910095215 1.3413496017456055 18.366249084472656 -4.640059947967529 0.7298
Cyclist 1 1 1 622.0347900390625 164.91500854492188 642.3353881835938 203.78366088867188 1.7024909257888794 1.8861544132232666 0.6216466426849365 1.5313242673873901 1.0815811157226562 35.762481689453125 -4.4273810386657715 0.6041
Pedestrian 1 1 1 292.94256591796875 165.6604461669922 312.9981689453125 198.07681274414062 1.0830639600753784 1.7254908084869385 0.6864569783210754 -16.117998123168945 0.8825460076332092 38.79800033569336 -7.915963649749756 0.5448
Pedestrian 1 1 1 546.6182861328125 166.8733367919922 560.6107177734375 205.21546936035156 0.9177581667900085 1.838200330734253 0.6486927270889282 -2.3303983211517334 1.1372114419937134 34.90752410888672 -7.886108875274658 0.5280
Pedestrian 1 1 1 275.96038818359375 172.43154907226562 298.2464599609375 217.37234497070312 0.629771888256073 1.7397189140319824 0.6283900141716003 -12.331829071044922 1.3890230655670166 28.145709991455078 -7.930517673492432 0.5050
Pedestrian 1 1 1 693.5310668945312 171.8374481201172 710.1961669921875 204.79568481445312 0.8294162750244141 1.6801623106002808 0.646219789981842 5.17128849029541 1.1877859830856323 37.075927734375 -7.99595308303833 0.4346
Pedestrian 1 1 1 711.7667236328125 163.6464080810547 730.46923828125 204.51898193359375 0.7025565505027771 1.771218180656433 0.7209124565124512 5.226076602935791 0.9978301525115967 31.491802215576172 -7.821919918060303 0.4110
Car 1 1 1 649.75146484375 173.7930908203125 723.3235473632812 212.55740356445312 3.7718496322631836 1.3896162509918213 1.5255013704299927 3.1853973865509033 1.1137315034866333 27.770238876342773 -4.975849151611328 0.4104
Car 1 1 1 292.0177001953125 159.1029815673828 340.0871276855469 186.21226501464844 4.645074844360352 2.403223991394043 1.8470162153244019 -26.174413681030273 0.4174860417842865 66.14482879638672 -7.642126560211182 0.4045
Car 1 1 1 504.0742492675781 157.1555633544922 528.3348999023438 179.2639923095703 3.775862216949463 1.668039083480835 1.6577236652374268 -6.652983665466309 -0.18209809064865112 56.51830291748047 -7.906636714935303 0.3770
Pedestrian 1 1 1 811.6793212890625 166.74851989746094 854.370361328125 255.248291015625 0.7914126515388489 1.658761739730835 0.5779217481613159 4.416168212890625 1.3828728199005127 13.864340782165527 -4.695605278015137 0.3566
Pedestrian 1 1 1 295.5852355957031 179.71929931640625 330.72760009765625 246.16831970214844 0.7111655473709106 1.5728219747543335 0.5449395775794983 -7.0386762619018555 1.5312131643295288 17.445087432861328 -2.382734537124634 0.3561
Pedestrian 1 1 1 702.1929321289062 161.6479949951172 722.2396850585938 198.2898712158203 0.8126482963562012 1.8151458501815796 0.575495719909668 5.541330814361572 0.8319516777992249 36.00362014770508 -3.525926351547241 0.3554
Pedestrian 1 1 1 418.3698425292969 167.07899475097656 437.1138916015625 212.6814727783203 0.6938373446464539 1.746902346611023 0.6225612163543701 -6.761422634124756 1.1948354244232178 27.89504623413086 -7.959061145782471 0.3510
Pedestrian 1 1 1 322.90093994140625 163.29364013671875 378.79522705078125 263.7352600097656 0.7883085012435913 1.7767010927200317 0.6091161966323853 -4.576642036437988 1.4552632570266724 13.028221130371094 -6.239014148712158 0.3324
Pedestrian 1 1 1 763.849365234375 163.7211151123047 838.8097534179688 324.1627197265625 0.7144301533699036 1.702025294303894 0.7426115274429321 2.1645705699920654 1.514119029045105 8.037291526794434 -7.677279949188232 0.2988
Pedestrian 1 1 1 542.8649291992188 168.98219299316406 556.1702880859375 198.17556762695312 0.8005714416503906 1.765264630317688 0.6882880926132202 -3.165181875228882 1.0084284543991089 43.867244720458984 -7.759582042694092 0.2758
Pedestrian 1 1 1 659.1484985351562 168.50852966308594 670.442626953125 192.1621551513672 0.8081084489822388 1.821840763092041 0.5509924292564392 4.9321088790893555 0.8211042284965515 55.68362808227539 -6.065390586853027 0.2587
Car 1 1 1 583.36181640625 170.56654357910156 604.9837646484375 189.72694396972656 3.4097695350646973 1.5249221324920654 1.4812875986099243 -0.547203779220581 0.6546148061752319 58.92822265625 -7.775108814239502 0.2541
Cyclist 1 1 1 567.6595458984375 168.86595153808594 582.7072143554688 199.4812774658203 1.7243014574050903 1.682861328125 0.6588463187217712 -1.487505555152893 0.9885512590408325 40.38628387451172 -4.858278274536133 0.2484
Pedestrian 1 1 1 760.2047119140625 155.8607635498047 802.261474609375 252.53489685058594 0.8524660468101501 1.8141074180603027 0.6769363880157471 3.433736801147461 1.3335822820663452 13.93869686126709 -4.608583927154541 0.2471
Pedestrian 1 1 1 479.5518493652344 158.24642944335938 493.7273864746094 194.65040588378906 0.894895076751709 1.8686246871948242 0.6624478101730347 -5.970973491668701 0.6752153038978577 37.34530258178711 -7.935722827911377 0.2423
Pedestrian 1 1 1 438.32421875 180.23976135253906 461.7943420410156 235.76168823242188 0.7841677069664001 1.5878791809082031 0.529749870300293 -4.437628746032715 1.5523171424865723 20.939594268798828 -7.868278980255127 0.2338
Pedestrian 1 1 1 515.4314575195312 177.94386291503906 532.4589233398438 214.40487670898438 0.7524120211601257 1.65790593624115 0.6177398562431335 -3.5780885219573975 1.4964796304702759 33.07761001586914 -4.577062129974365 0.2303
Pedestrian 1 1 1 722.9222412109375 161.81915283203125 735.9811401367188 200.11578369140625 0.45386144518852234 1.8077025413513184 0.5030813813209534 6.081214427947998 0.8789666891098022 34.20155715942383 -6.4985504150390625 0.2249
Car 1 1 1 340.89801025390625 174.4802703857422 440.3052062988281 238.01036071777344 3.7142181396484375 1.4079608917236328 1.6151491403579712 -5.136693000793457 1.2529470920562744 17.828716278076172 -7.923758029937744 0.2109
Pedestrian 1 1 1 2.5283501148223877 155.09507751464844 58.386634826660156 267.37982177734375 0.7011057734489441 1.6965779066085815 0.5299602746963501 -9.009136199951172 1.298254132270813 11.276862144470215 -2.4915106296539307 0.2066
Pedestrian 1 1 1 806.5352172851562 183.5841827392578 899.9617919921875 373.0 0.698301374912262 1.5418747663497925 0.6241727471351624 2.099968671798706 1.5617281198501587 6.21250057220459 -7.736690044403076 0.1977
Cyclist 1 1 1 721.9713745117188 151.74142456054688 756.3713989257812 272.93695068359375 1.7538058757781982 1.8039265871047974 0.44006040692329407 2.155747175216675 1.3616338968276978 11.590091705322266 -7.723434925079346 0.1939
Cyclist 1 1 1 731.9137573242188 182.8202667236328 784.4059448242188 319.9522399902344 1.627732276916504 1.7121832370758057 0.6172451376914978 2.1275572776794434 1.7325299978256226 9.852084159851074 -7.584422588348389 0.1776
Pedestrian 1 1 1 335.3525390625 158.7474822998047 351.4531555175781 192.85089111328125 0.5563334822654724 1.880159854888916 0.7128731608390808 -14.332829475402832 0.6259436011314392 39.89965057373047 -7.908013820648193 0.1689
Pedestrian 1 1 1 861.8037719726562 156.5437774658203 992.1685180664062 373.0 0.5040557384490967 1.675296425819397 0.6534883379936218 2.1241393089294434 1.516047477722168 4.858785629272461 -4.708174705505371 0.1688
Pedestrian 1 1 1 733.8983154296875 150.32354736328125 751.3496704101562 194.66192626953125 0.6764609813690186 1.8849271535873413 0.7192087769508362 6.057967185974121 0.5598533153533936 30.931859970092773 -7.685418605804443 0.1687
Pedestrian 1 1 1 302.3475646972656 159.46359252929688 321.4681396484375 197.5334930419922 0.6637176275253296 1.8965648412704468 0.7142568230628967 -14.5687894821167 0.798976480960846 36.1344108581543 -7.901435375213623 0.1662
Pedestrian 1 1 1 43.19222640991211 149.43272399902344 174.45236206054688 342.4970397949219 0.8654894232749939 1.822754979133606 0.6339574456214905 -4.902812480926514 1.5207152366638184 7.114248275756836 -6.247259140014648 0.1613
Pedestrian 1 1 1 791.9041748046875 146.1970672607422 820.1858520507812 206.6709747314453 0.8810102343559265 1.9345420598983765 0.6911664605140686 6.637074947357178 0.805649995803833 23.430007934570312 -7.823960781097412 0.1605
Pedestrian 1 1 1 741.6956176757812 151.7522735595703 759.0366821289062 194.0840301513672 0.5579563975334167 1.9242132902145386 0.5645145773887634 6.838058948516846 0.5722876787185669 33.04913330078125 -7.0479817390441895 0.1549
Pedestrian 1 1 1 324.5455627441406 176.19090270996094 371.65478515625 273.4266052246094 0.7270607948303223 1.580364465713501 0.4660166800022125 -4.312078475952148 1.4947062730789185 12.093847274780273 -2.386741876602173 0.1532
Pedestrian 1 1 1 313.7099304199219 155.60325622558594 336.4164733886719 199.3872528076172 0.730897843837738 1.9675651788711548 0.7591343522071838 -12.57104778289795 0.8040972948074341 32.6519889831543 -4.728333473205566 0.1498
Car 1 1 1 504.5307312011719 176.11309814453125 539.9664306640625 202.94113159179688 3.948110580444336 1.446341633796692 1.6080477237701416 -4.441205024719238 1.1560957431793213 40.706844329833984 -7.8617682456970215 0.1443
Car 1 1 1 0.0 186.30726623535156 22.911846160888672 312.0716857910156 3.8349459171295166 1.5499223470687866 1.589855432510376 -11.620400428771973 1.6383482217788696 11.066168785095215 -7.325064182281494 0.1289
Pedestrian 1 1 1 0.0 181.48878479003906 26.701114654541016 242.07688903808594 0.6846413612365723 1.7693877220153809 0.6351736783981323 -17.654834747314453 1.7695324420928955 21.44354820251465 -2.3945844173431396 0.1287
Pedestrian 1 1 1 111.55868530273438 162.76612854003906 140.86306762695312 222.3883819580078 0.554776668548584 1.7416701316833496 0.5039425492286682 -14.092870712280273 1.1948930025100708 21.264171600341797 -7.865804195404053 0.1116
Pedestrian 1 1 1 454.333984375 155.69915771484375 470.3826904296875 194.9806365966797 0.5897356271743774 1.880947470664978 0.6935758590698242 -6.747958660125732 0.6457487344741821 34.78510284423828 -5.030246257781982 0.1109
Pedestrian 1 1 1 832.394775390625 143.44508361816406 858.9732055664062 213.96351623535156 0.8469014167785645 1.869864583015442 0.6479556560516357 6.602964401245117 0.861306369304657 19.54486846923828 -4.427059650421143 0.1098
Pedestrian 1 1 1 341.8270568847656 149.7200164794922 364.9561767578125 204.01467895507812 0.6954144835472107 1.924736499786377 0.7087205648422241 -8.953584671020508 0.7985372543334961 25.878625869750977 -4.921764850616455 0.1073
Car 1 1 1 527.2249145507812 157.86610412597656 552.0474853515625 180.51683044433594 3.7700698375701904 1.7393736839294434 1.6439485549926758 -4.940763473510742 -0.08139172196388245 57.33622741699219 -8.027828216552734 0.1039
Pedestrian 1 1 1 445.4504699707031 153.42288208007812 464.11328125 198.8250732421875 0.8239291310310364 1.9487371444702148 0.6854652166366577 -6.393373966217041 0.7439249753952026 31.26287841796875 -4.769170761108398 0.1016
Pedestrian 1 1 1 840.9613037109375 150.7278289794922 904.1538696289062 284.5560302734375 0.896418035030365 1.7798840999603271 0.5582374334335327 3.7102203369140625 1.37128746509552 10.008737564086914 -4.6873884201049805 0.1004
