Car 1 1 1 522.6863403320312 167.29441833496094 740.3902587890625 374.0 3.309328317642212 1.5550116300582886 1.6175216436386108 0.13060837984085083 1.513507604598999 7.017470836639404 -7.834791660308838 0.9511
Car 1 1 1 393.7877197265625 181.0152587890625 502.5654296875 215.72552490234375 4.449592113494873 1.4802145957946777 1.709944725036621 -7.258425712585449 1.858518123626709 32.37835693359375 -3.0316033363342285 0.9280
Car 1 1 1 216.16758728027344 189.2670440673828 300.5945129394531 222.621826171875 3.3945505619049072 1.512199878692627 1.5898996591567993 -17.01773452758789 2.330618381500244 34.892852783203125 -2.9530186653137207 0.8639
Car 1 1 1 334.9226989746094 188.25181579589844 374.32177734375 208.83877563476562 3.0243051052093506 1.3847547769546509 1.827618956565857 -18.51459503173828 2.5340452194213867 52.343082427978516 -4.728222846984863 0.8600
Car 1 1 1 455.8430480957031 177.54978942871094 533.9942626953125 210.6407012939453 3.668297052383423 1.6465762853622437 1.660448431968689 -5.948105812072754 1.8955250978469849 37.24970626831055 -3.018641948699951 0.7940
Car 1 1 1 377.1419677734375 184.46652221679688 415.8247375488281 205.95791625976562 3.8757212162017822 1.4506175518035889 1.8200569152832031 -15.60318374633789 2.3319149017333984 52.805450439453125 -4.751734733581543 0.7218
Car 1 1 1 419.5235290527344 182.1007537841797 463.982666015625 202.98472595214844 4.361455917358398 1.4134349822998047 1.7613470554351807 -12.355281829833984 2.123196601867676 53.129188537597656 -4.579822540283203 0.3158
Car 1 1 1 793.904541015625 176.40011596679688 839.9633178710938 216.64572143554688 3.2808008193969727 1.3703389167785645 1.4573578834533691 7.538135528564453 1.5096243619918823 26.640085220336914 -4.487174034118652 0.1885
Car 1 1 1 790.07763671875 169.81088256835938 817.7114868164062 185.51930236816406 3.989901304244995 1.3545153141021729 1.5563092231750488 17.20278549194336 1.0918104648590088 64.2464599609375 -4.665464878082275 0.1476
Car 1 1 1 990.4122924804688 172.00332641601562 1047.36572265625 200.49241638183594 3.913367748260498 1.4834563732147217 1.6061378717422485 22.349807739257812 1.4388610124588013 39.65093994140625 -7.647596836090088 0.1238
Car 1 1 1 361.98974609375 184.79074096679688 392.101318359375 205.9691925048828 3.831857204437256 1.6078909635543823 1.592093586921692 -19.036800384521484 2.6167404651641846 59.01093673706055 -4.817616939544678 0.1150
Car 1 1 1 378.7396545410156 165.80181884765625 419.2085266113281 191.11184692382812 4.5558366775512695 2.2503607273101807 1.797646164894104 -19.42491340637207 1.6230378150939941 66.54566955566406 -7.6931891441345215 0.1031
