Car 1 1 1 409.4450988769531 181.29188537597656 485.1296081542969 217.24853515625 4.497650623321533 1.448742389678955 1.6817429065704346 -7.2745795249938965 1.8567450046539307 32.5484504699707 -4.524834632873535 0.9727
Car 1 1 1 613.8038940429688 174.6800079345703 684.492919921875 241.07192993164062 3.586986541748047 1.6013553142547607 1.7171367406845093 1.0008903741836548 1.6546649932861328 19.344043731689453 -7.7968878746032715 0.9628
Car 1 1 1 28.845685958862305 188.45907592773438 333.3001708984375 321.049560546875 4.610045433044434 1.5080257654190063 1.728672981262207 -6.191153049468994 1.7991441488265991 11.117793083190918 -4.646934509277344 0.9536
Car 1 1 1 671.3785400390625 172.5681915283203 720.54443359375 196.14186096191406 3.7810378074645996 1.4165762662887573 1.5621464252471924 5.4102020263671875 1.3991016149520874 45.36924362182617 -7.278061389923096 0.9319
Car 1 1 1 520.55322265625 172.47653198242188 571.483642578125 207.8236083984375 3.8612585067749023 1.6640106439590454 1.580835223197937 -3.1707873344421387 1.6459406614303589 36.00636291503906 -4.5367960929870605 0.8589
Car 1 1 1 185.87498474121094 183.84974670410156 335.8251953125 247.50946044921875 4.250339508056641 1.4959405660629272 1.6075356006622314 -9.495884895324707 1.8334624767303467 19.945453643798828 -4.560497283935547 0.8300
Car 1 1 1 830.89990234375 175.8352508544922 1057.661376953125 309.0069274902344 3.6510283946990967 1.4440281391143799 1.6079260110855103 4.578029632568359 1.4917256832122803 9.761781692504883 -7.06243371963501 0.7886
Car 1 1 1 0.0 190.7915496826172 161.83096313476562 253.94825744628906 3.768251895904541 1.3562736511230469 1.521069884300232 -13.654558181762695 1.8660895824432373 18.562816619873047 -4.6017537117004395 0.6932
Pedestrian 1 1 1 937.1673583984375 162.70260620117188 960.8928833007812 200.91539001464844 0.7769374251365662 1.7818900346755981 0.7562347650527954 15.945021629333496 1.3082232475280762 34.03658676147461 -7.847901821136475 0.5931
Pedestrian 1 1 1 258.0907287597656 183.8016815185547 339.97296142578125 339.91717529296875 0.6068871021270752 1.5777218341827393 0.6489164233207703 -3.346062660217285 1.6989599466323853 7.674666404724121 -7.958528995513916 0.4777
Car 1 1 1 309.5226745605469 178.65853881835938 355.0957946777344 214.40609741210938 4.10302209854126 1.4793319702148438 1.6351889371871948 -12.58607006072998 1.7603894472122192 32.77403259277344 -5.005685806274414 0.3481
Car 1 1 1 709.1592407226562 167.1980438232422 730.6047973632812 187.180908203125 4.262974262237549 1.7647457122802734 1.7338823080062866 10.054996490478516 1.2649509906768799 65.98247528076172 -4.512143611907959 0.2999
Car 1 1 1 0.0 186.89639282226562 36.48774719238281 331.6465759277344 3.637091636657715 1.4893444776535034 1.5008525848388672 -9.843335151672363 1.7128448486328125 9.641918182373047 -4.768174648284912 0.2583
Pedestrian 1 1 1 1027.8038330078125 175.4825897216797 1039.9952392578125 214.4764404296875 0.224204421043396 1.7456159591674805 0.42143914103507996 19.091917037963867 1.8648422956466675 32.57119369506836 -3.5799646377563477 0.2270
Car 1 1 1 907.9608764648438 169.16297912597656 939.51220703125 186.14736938476562 4.133039474487305 1.513031005859375 1.6008243560791016 28.817398071289062 1.18392014503479 66.43289947509766 -4.576846599578857 0.1696
Pedestrian 1 1 1 939.8912353515625 173.3400421142578 958.732421875 210.36154174804688 0.5396952033042908 1.6126134395599365 0.570620059967041 14.925276756286621 1.6340186595916748 31.830669403076172 -6.94917106628418 0.1641
Pedestrian 1 1 1 380.1129455566406 159.56153869628906 396.0040283203125 201.39569091796875 0.7740723490715027 1.853387475013733 0.6442136168479919 -10.009767532348633 1.2641888856887817 32.4205322265625 -4.95957612991333 0.1445
Pedestrian 1 1 1 855.0957641601562 146.8868865966797 872.9155883789062 192.16986083984375 0.5064384341239929 1.9762520790100098 0.6998983025550842 11.175971984863281 0.8426883220672607 31.865203857421875 -7.425870418548584 0.1388
Car 1 1 1 963.9376831054688 179.98397827148438 1061.978271484375 211.13502502441406 4.176916122436523 1.5017952919006348 1.684682846069336 20.517244338989258 1.8820173740386963 36.99334716796875 -2.787285804748535 0.1187
Pedestrian 1 1 1 96.73751068115234 141.8292236328125 124.62728881835938 199.17190551757812 0.5485488176345825 2.0174050331115723 0.7127029895782471 -17.872529983520508 0.9256049394607544 25.77033042907715 -8.227988243103027 0.1186
