Car 1 1 1 58.04011917114258 183.78701782226562 297.2124938964844 278.3218078613281 3.8655574321746826 1.6037442684173584 1.6503063440322876 -8.447793006896973 1.845603585243225 14.304990768432617 -3.661714553833008 0.9198
Car 1 1 1 306.51470947265625 183.09201049804688 428.6305236816406 232.00877380371094 3.900376319885254 1.5575987100601196 1.7418631315231323 -8.457633018493652 1.9348526000976562 25.106264114379883 -3.501737117767334 0.8760
Car 1 1 1 0.0 187.8704071044922 179.7268524169922 320.8636474609375 3.9596920013427734 1.620552897453308 1.6611076593399048 -8.390619277954102 1.8425263166427612 9.831944465637207 -3.132620334625244 0.8364
Car 1 1 1 444.2052917480469 180.00331115722656 486.1851806640625 209.91799926757812 3.2701640129089355 1.4335120916366577 1.503671407699585 -7.416420936584473 1.8159881830215454 36.99479293823242 -4.714260578155518 0.7793
Car 1 1 1 252.10911560058594 184.4821319580078 369.517822265625 236.99961853027344 3.1635327339172363 1.4625675678253174 1.588348388671875 -9.255927085876465 1.8442248106002808 22.22443389892578 -3.662896156311035 0.7493
Car 1 1 1 134.7937469482422 181.5113067626953 329.8091735839844 257.5914306640625 3.919536828994751 1.5764961242675781 1.7017688751220703 -8.905001640319824 1.8018206357955933 17.074771881103516 -3.6754674911499023 0.6259
Car 1 1 1 463.606689453125 180.361328125 507.27276611328125 208.33181762695312 3.915440797805786 1.5120799541473389 1.5473947525024414 -7.249465465545654 1.9709641933441162 42.111846923828125 -4.619884014129639 0.3127
Car 1 1 1 654.1415405273438 175.79393005371094 674.4122314453125 194.17840576171875 3.455913543701172 1.435133457183838 1.5494760274887085 4.412254810333252 1.6813325881958008 58.69877243041992 -7.750665187835693 0.2758
Pedestrian 1 1 1 252.5048065185547 151.60076904296875 287.1561279296875 211.92767333984375 0.967413067817688 1.9564733505249023 0.7682858109474182 -11.3138427734375 1.2669060230255127 23.9237117767334 -4.823713302612305 0.2716
Car 1 1 1 413.04742431640625 180.54849243164062 457.9825439453125 207.121337890625 3.9409360885620117 1.4895155429840088 1.6020727157592773 -10.521947860717773 1.975689172744751 43.612491607666016 -4.665625095367432 0.2707
Pedestrian 1 1 1 1088.71630859375 145.44874572753906 1160.2838134765625 276.35205078125 0.5991944074630737 1.7465243339538574 0.532210111618042 6.9939703941345215 1.3805807828903198 9.904741287231445 -6.323340892791748 0.2586
Car 1 1 1 477.34033203125 175.37783813476562 512.9428100585938 203.2371368408203 4.152422904968262 1.7400627136230469 1.6338452100753784 -7.548584461212158 1.9133222103118896 47.531856536865234 -4.698714256286621 0.2578
Car 1 1 1 140.11997985839844 162.57296752929688 218.9252471923828 196.4069366455078 3.46349835395813 1.4467401504516602 1.558832049369812 -19.39799690246582 1.0068235397338867 32.602996826171875 -4.736527442932129 0.2184
Car 1 1 1 1131.010986328125 156.04998779296875 1241.0 232.17889404296875 3.294163703918457 1.5012342929840088 1.4910200834274292 13.045393943786621 1.1695653200149536 15.373302459716797 -3.402277946472168 0.2164
Pedestrian 1 1 1 371.09307861328125 181.39451599121094 400.3581237792969 239.77557373046875 0.5403372645378113 1.667650818824768 0.6615273356437683 -6.568683624267578 1.9192750453948975 20.990074157714844 -4.6395368576049805 0.1918
Car 1 1 1 821.5841674804688 162.39552307128906 901.4060668945312 189.84347534179688 3.934835433959961 1.5121657848358154 1.6506445407867432 14.1496000289917 0.9356862306594849 40.79631805419922 -6.3979973793029785 0.1902
Car 1 1 1 223.123046875 158.10757446289062 271.486572265625 186.12924194335938 3.6149446964263916 1.604712963104248 1.5965489149093628 -21.704513549804688 0.7599314451217651 43.234989166259766 -8.020496368408203 0.1788
Pedestrian 1 1 1 417.5184631347656 179.7838592529297 439.59893798828125 225.6370086669922 0.5715711712837219 1.6401853561401367 0.612985372543335 -6.649552822113037 1.8956644535064697 26.274694442749023 -2.9419751167297363 0.1571
Pedestrian 1 1 1 711.8384399414062 157.6307830810547 733.0226440429688 199.29713439941406 0.7995607256889343 1.957932710647583 0.6869365572929382 5.316089153289795 1.2422821521759033 34.403892517089844 -8.231912612915039 0.1498
Pedestrian 1 1 1 1146.831787109375 140.55609130859375 1220.89404296875 289.1939697265625 0.503243625164032 1.8094162940979004 0.5559797286987305 7.1993536949157715 1.4159436225891113 9.133956909179688 -6.655293941497803 0.1404
Car 1 1 1 1035.273681640625 152.59030151367188 1175.1170654296875 211.62716674804688 3.232419729232788 1.5910494327545166 1.5482319593429565 14.053711891174316 1.0446408987045288 20.598487854003906 -3.393819808959961 0.1260
Car 1 1 1 4.512533187866211 186.5690460205078 141.04429626464844 230.04391479492188 4.2400407791137695 1.336755633354187 1.5394127368927002 -18.992958068847656 1.8662326335906982 25.710155487060547 -7.796085834503174 0.1257
Car 1 1 1 984.0243530273438 154.27748107910156 1119.5772705078125 205.0485076904297 3.6722283363342285 1.5700042247772217 1.606431007385254 14.297151565551758 0.9952585697174072 23.48822593688965 -3.35628080368042 0.1230
Pedestrian 1 1 1 692.4043579101562 161.9744873046875 709.4116821289062 192.0365753173828 1.0009583234786987 1.938602089881897 0.4563141167163849 5.887001991271973 1.2367185354232788 46.999446868896484 -5.686598300933838 0.1209
Cyclist 1 1 1 276.4229431152344 178.24539184570312 298.24462890625 209.09922790527344 1.5734972953796387 1.5984379053115845 0.5572914481163025 -17.228282928466797 1.8915715217590332 38.466148376464844 -4.783034324645996 0.1171
Pedestrian 1 1 1 0.0 168.35125732421875 16.019912719726562 228.9544677734375 0.2874995470046997 1.7820311784744263 0.5208130478858948 -18.136865615844727 1.649328589439392 21.50664710998535 -2.862968683242798 0.1163
Pedestrian 1 1 1 292.68109130859375 171.7588348388672 305.4580078125 192.7187957763672 0.9607391357421875 1.8559668064117432 0.5853612422943115 -27.722917556762695 1.7586908340454102 64.28814697265625 -3.3784875869750977 0.1089
Car 1 1 1 510.22900390625 177.5901336669922 537.0109252929688 198.37310791015625 3.9713897705078125 1.577008843421936 1.467139482498169 -6.897809982299805 1.9686825275421143 57.69412612915039 -4.658595561981201 0.1067
Car 1 1 1 767.9293212890625 157.9075927734375 842.335693359375 185.20993041992188 4.122288227081299 1.6456561088562012 1.611770510673523 11.947739601135254 0.7444571852684021 44.435028076171875 -6.35122013092041 0.1042
