Car 1 1 1 193.21441650390625 194.2931365966797 295.8685607910156 249.52450561523438 3.6208605766296387 1.480224370956421 1.4994889497756958 -11.366214752197266 2.2061731815338135 22.60345458984375 -4.751818656921387 0.9475
Car 1 1 1 315.00506591796875 186.9017333984375 386.57232666015625 223.9462432861328 4.095126628875732 1.4434256553649902 1.621045470237732 -11.343846321105957 2.101165533065796 31.738258361816406 -4.695669174194336 0.9016
Cyclist 1 1 1 304.62158203125 177.92938232421875 344.31524658203125 239.77633666992188 1.9089150428771973 1.7906163930892944 0.5703080296516418 -8.736185073852539 1.9520435333251953 22.02070426940918 -4.777944087982178 0.8958
Car 1 1 1 389.9771423339844 181.8700714111328 451.40570068359375 220.857666015625 4.119045257568359 1.5044916868209839 1.7348555326461792 -8.064653396606445 1.9167065620422363 30.913509368896484 -4.760946273803711 0.8907
Car 1 1 1 508.09234619140625 171.81605529785156 546.293212890625 201.2180938720703 4.156641960144043 1.7092382907867432 1.6977264881134033 -5.037376880645752 1.6485989093780518 44.05671691894531 -4.671468734741211 0.7135
Pedestrian 1 1 1 1072.6768798828125 161.0059814453125 1164.9345703125 330.2303466796875 0.46516847610473633 1.7617628574371338 0.6627596616744995 5.392507076263428 1.6381152868270874 7.750179290771484 -4.694766044616699 0.6083
Cyclist 1 1 1 550.300537109375 176.00599670410156 557.0401000976562 197.7561492919922 1.6071017980575562 1.6477148532867432 0.3430289030075073 -4.3732099533081055 1.894289255142212 55.70444107055664 -7.820404529571533 0.5020
Pedestrian 1 1 1 1022.7815551757812 144.7343292236328 1106.8087158203125 282.1097412109375 0.851159393787384 1.7963533401489258 0.44730472564697266 6.033516883850098 1.4283539056777954 9.680119514465332 -3.192750930786133 0.4464
Car 1 1 1 287.7668762207031 180.39578247070312 352.09716796875 200.15074157714844 4.438104152679443 1.4762976169586182 1.5829277038574219 -22.528196334838867 2.0753958225250244 56.106407165527344 -6.4944891929626465 0.3389
Pedestrian 1 1 1 691.7593383789062 164.0991668701172 710.283203125 197.55181884765625 0.8689370155334473 1.836388349533081 0.5384905934333801 5.008218288421631 1.355491042137146 40.01054000854492 -6.6322760581970215 0.3261
Pedestrian 1 1 1 969.9441528320312 157.3148651123047 1000.5836181640625 218.942626953125 0.6434828042984009 1.8049814701080322 0.5337786674499512 11.08336353302002 1.3495644330978394 21.41648292541504 -3.087916374206543 0.2869
Car 1 1 1 1024.038818359375 146.7316436767578 1241.0 253.9049835205078 4.067612171173096 1.5898419618606567 1.6774853467941284 9.813384056091309 1.202034831047058 12.784014701843262 -5.43459939956665 0.2810
Pedestrian 1 1 1 911.6137084960938 179.88514709472656 937.1339111328125 245.082763671875 0.5191464424133301 1.4776573181152344 0.5064107179641724 7.24149227142334 1.6438136100769043 16.7529239654541 -4.374327182769775 0.2803
Car 1 1 1 989.2687377929688 167.8661651611328 1210.1461181640625 238.2482452392578 4.138014793395996 1.4864356517791748 1.6031125783920288 11.2835054397583 1.3807950019836426 17.008243560791016 -5.729512691497803 0.2689
Car 1 1 1 373.47882080078125 181.6124725341797 405.9670715332031 201.8317108154297 4.115232467651367 1.4980459213256836 1.5796035528182983 -17.499908447265625 2.2199301719665527 57.38902282714844 -4.779324054718018 0.1902
Pedestrian 1 1 1 681.0112915039062 163.105224609375 699.1921997070312 199.0417938232422 0.9013094902038574 1.8300487995147705 0.5500913262367249 4.080376625061035 1.3332982063293457 37.08855438232422 -6.119851589202881 0.1838
Pedestrian 1 1 1 736.0992431640625 158.08261108398438 755.2448120117188 194.0165252685547 0.9550563097000122 1.8889541625976562 0.5142602324485779 7.165960788726807 1.1121594905853271 38.30843734741211 -6.003294467926025 0.1509
Pedestrian 1 1 1 349.5015869140625 159.17523193359375 362.3941955566406 190.62155151367188 0.7125553488731384 1.9157413244247437 0.6500738859176636 -15.65333080291748 1.0821164846420288 44.36812210083008 -8.044174194335938 0.1412
Pedestrian 1 1 1 467.2460632324219 174.8216094970703 481.93560791015625 198.56146240234375 1.0254168510437012 1.8298592567443848 0.4943976104259491 -10.52640438079834 1.9829277992248535 55.95259475708008 -6.20026159286499 0.1359
Car 1 1 1 366.2176818847656 187.18896484375 413.9734802246094 213.36399841308594 4.183093547821045 1.5069119930267334 1.6587799787521362 -13.977084159851074 2.46201229095459 45.973175048828125 -4.681650161743164 0.1348
Car 1 1 1 424.0613098144531 168.85621643066406 444.8673400878906 185.14218139648438 4.067066192626953 1.4808274507522583 1.6153554916381836 -16.53705406188965 1.1170217990875244 67.78978729248047 -8.163004875183105 0.1320
Car 1 1 1 440.2839050292969 172.16302490234375 473.36083984375 196.15830993652344 4.208652019500732 1.8852616548538208 1.7258459329605103 -12.4637451171875 1.8306727409362793 58.81158447265625 -4.691603660583496 0.1280
Car 1 1 1 983.2240600585938 162.5017852783203 1005.8715209960938 181.1732635498047 4.051990985870361 1.5573817491531372 1.6775964498519897 33.21266555786133 0.6936058402061462 62.36506652832031 -4.220012664794922 0.1182
Pedestrian 1 1 1 781.4327392578125 165.77178955078125 795.9447631835938 196.38917541503906 0.4349922835826874 1.7853591442108154 0.7475225329399109 10.474119186401367 1.3720816373825073 42.439571380615234 -7.374995708465576 0.1132
Car 1 1 1 146.68301391601562 193.31529235839844 247.85096740722656 233.39724731445312 3.742507219314575 1.402166485786438 1.694643259048462 -16.608291625976562 2.2843995094299316 29.174837112426758 -4.612514019012451 0.1117
Pedestrian 1 1 1 557.833251953125 164.75625610351562 575.8336791992188 195.5618133544922 0.987520158290863 1.8632793426513672 0.48564013838768005 -2.6736042499542236 1.3731857538223267 44.11445236206055 -3.7159223556518555 0.1002
