Car 1 1 1 49.40964126586914 187.85018920898438 211.22837829589844 258.58306884765625 3.6530585289001465 1.419395923614502 1.4970080852508545 -11.220712661743164 1.8131855726242065 17.11234474182129 -4.7438483238220215 0.9576
Car 1 1 1 358.8608093261719 178.25741577148438 417.8824157714844 211.83912658691406 4.145158290863037 1.5985115766525269 1.6765806674957275 -11.354864120483398 1.891802191734314 37.11165237426758 -4.687783718109131 0.9297
Car 1 1 1 539.842529296875 177.11473083496094 717.1928100585938 342.8297424316406 4.5158491134643555 1.5934147834777832 1.7342942953109741 0.12875430285930634 1.6614623069763184 9.314230918884277 -7.851416110992432 0.8368
Car 1 1 1 427.5975036621094 178.67945861816406 462.6142578125 200.0213165283203 3.8350119590759277 1.4329913854599 1.5382790565490723 -11.740294456481934 1.8636260032653809 51.43974304199219 -4.6880598068237305 0.5150
Car 1 1 1 585.2667236328125 171.85911560058594 636.669189453125 221.41383361816406 3.3051929473876953 1.4354462623596191 1.489962100982666 -0.04545361176133156 1.406327724456787 22.564167022705078 -4.7272162437438965 0.5000
Pedestrian 1 1 1 539.0933227539062 175.11376953125 553.9651489257812 212.54916381835938 0.7103974223136902 1.6340386867523193 0.5576084852218628 -2.846247673034668 1.734840989112854 31.910659790039062 -7.794790744781494 0.3220
Cyclist 1 1 1 0.0 177.89425659179688 36.595298767089844 234.5474853515625 1.6219017505645752 1.6512930393218994 0.5742119550704956 -18.43775749206543 1.8104112148284912 21.999340057373047 -4.753719806671143 0.2825
Pedestrian 1 1 1 652.1005859375 166.87709045410156 665.1890258789062 196.22874450683594 0.6657779216766357 1.7221739292144775 0.7485343813896179 2.838170051574707 1.3711857795715332 42.679813385009766 -7.822681903839111 0.1838
Car 1 1 1 536.9064331054688 186.79925537109375 631.3283081054688 277.0120544433594 3.962858200073242 1.4910293817520142 1.6424325704574585 -0.4888511300086975 1.8099421262741089 14.528215408325195 -4.704229354858398 0.1493
Car 1 1 1 331.40789794921875 185.62123107910156 388.2168884277344 212.6821746826172 4.0414252281188965 1.4627569913864136 1.626611590385437 -14.898120880126953 2.261868953704834 43.08035659790039 -4.601489543914795 0.1488
Car 1 1 1 336.5630798339844 180.21920776367188 371.7464904785156 200.15496826171875 4.1190314292907715 1.6409823894500732 1.4449715614318848 -22.323755264282227 2.305424213409424 63.030006408691406 -4.664186954498291 0.1278
Car 1 1 1 0.0 179.61634826660156 97.72503662109375 228.63568115234375 4.390537261962891 1.6462469100952148 1.7013248205184937 -21.614824295043945 1.9204814434051514 27.06902313232422 -4.747342109680176 0.1109
Pedestrian 1 1 1 841.8291625976562 148.14453125 859.6280517578125 189.23291015625 0.5077471733093262 1.8911893367767334 0.6953704953193665 11.132600784301758 0.7535775899887085 33.5036735534668 -7.7354912757873535 0.1003
