Cyclist 1 1 1 366.68072509765625 161.06036376953125 426.4351806640625 283.84991455078125 1.7397392988204956 1.7861663103103638 0.676907479763031 -3.2469730377197266 1.4894907474517822 11.357687950134277 -4.851423263549805 0.9398
Car 1 1 1 138.96987915039062 184.8365936279297 354.9877014160156 318.92242431640625 4.335885524749756 1.4932507276535034 1.6499874591827393 -4.83119535446167 1.5527005195617676 10.389802932739258 -4.88433313369751 0.9297
Pedestrian 1 1 1 82.20824432373047 169.9370880126953 200.738525390625 368.3366394042969 0.82191401720047 1.5737993717193604 0.5660616755485535 -3.951113700866699 1.4828084707260132 6.145410060882568 -7.997604846954346 0.7613
Pedestrian 1 1 1 630.9743041992188 155.02320861816406 668.9072265625 234.5780487060547 0.9546791911125183 1.8776240348815918 0.6469162702560425 1.1351635456085205 1.253269076347351 17.498676300048828 -4.974222183227539 0.7322
Pedestrian 1 1 1 72.08854675292969 162.41256713867188 177.5228729248047 325.0731201171875 0.7839992642402649 1.7048062086105347 0.5805083513259888 -5.270061492919922 1.5054559707641602 7.889594554901123 -6.087614059448242 0.7109
Pedestrian 1 1 1 352.6273193359375 164.9887237548828 372.655029296875 221.46475219726562 1.0183038711547852 1.8389908075332642 0.6216580271720886 -7.988004207611084 1.301776647567749 23.97013282775879 -8.162325859069824 0.6411
Pedestrian 1 1 1 437.3714294433594 169.1313018798828 455.1843566894531 199.92831420898438 0.9747169613838196 1.809683084487915 0.5193097591400146 -9.178831100463867 1.0829890966415405 42.51255416870117 -3.2307252883911133 0.6025
Pedestrian 1 1 1 562.2554931640625 156.8914031982422 614.9508056640625 252.7102508544922 0.8054623007774353 1.85414719581604 0.7117998600006104 -0.29510799050331116 1.378549575805664 14.4364595413208 -7.1962409019470215 0.5391
Pedestrian 1 1 1 0.0 163.52052307128906 76.55001831054688 345.8017272949219 0.6510317325592041 1.6700403690338135 0.5282101035118103 -5.617475986480713 1.5060309171676636 6.925719738006592 -6.0005292892456055 0.5247
Pedestrian 1 1 1 511.9597473144531 161.78201293945312 549.590576171875 227.20306396484375 1.031610131263733 1.8575828075408936 0.572752833366394 -2.098133087158203 1.2981871366500854 20.965526580810547 -8.62868595123291 0.3788
Pedestrian 1 1 1 485.6187744140625 162.90562438964844 505.280029296875 213.2484893798828 0.9003098607063293 1.8379766941070557 0.7117022275924683 -3.9665796756744385 1.1594942808151245 26.723548889160156 -4.860462665557861 0.3386
Pedestrian 1 1 1 533.1768798828125 179.0447540283203 560.0816650390625 238.73011779785156 0.5805487036705017 1.622734546661377 0.599540650844574 -1.5456104278564453 1.5564779043197632 19.87899398803711 -7.6335530281066895 0.3284
Pedestrian 1 1 1 1008.3514404296875 149.7975311279297 1048.3060302734375 245.40841674804688 0.6539933085441589 1.7871370315551758 0.6095204949378967 8.17977523803711 1.1951621770858765 13.854436874389648 -4.258748531341553 0.3260
Pedestrian 1 1 1 713.0555419921875 172.08074951171875 756.0382080078125 252.9319305419922 0.5730693936347961 1.6172900199890137 0.6720798015594482 2.6879053115844727 1.4294583797454834 14.749659538269043 -5.045186996459961 0.3003
Pedestrian 1 1 1 0.8973567485809326 161.74537658691406 72.0163803100586 301.3528747558594 0.6414634585380554 1.7122386693954468 0.4532584249973297 -7.235500335693359 1.470633625984192 9.15968132019043 -7.995813846588135 0.2642
Pedestrian 1 1 1 648.9232788085938 154.645751953125 673.2723999023438 229.33956909179688 0.9176077246665955 1.8888238668441772 0.5655406713485718 1.5044726133346558 1.2102653980255127 18.62748146057129 -4.6990251541137695 0.2515
Pedestrian 1 1 1 10.941180229187012 171.11834716796875 134.26071166992188 367.7911071777344 0.7729066014289856 1.571018934249878 0.5449211001396179 -4.5490217208862305 1.4888213872909546 6.155838966369629 -7.980706691741943 0.2483
Pedestrian 1 1 1 572.8621215820312 161.7403564453125 602.14599609375 228.90133666992188 0.8779060244560242 1.860756754875183 0.6178410649299622 -0.43484142422676086 1.3137879371643066 20.411331176757812 -8.145358085632324 0.2460
Pedestrian 1 1 1 585.029052734375 181.6514892578125 635.8438720703125 291.2082214355469 0.6423555612564087 1.661625862121582 0.7144262194633484 0.1049395427107811 1.664711356163025 11.267928123474121 -4.558514595031738 0.2408
Cyclist 1 1 1 0.0 165.60183715820312 28.37744140625 211.96160888671875 1.7094273567199707 1.7396810054779053 0.6724883913993835 -23.135814666748047 1.1434625387191772 27.502723693847656 -3.404372215270996 0.2318
Pedestrian 1 1 1 0.0 153.5698699951172 27.911287307739258 219.7720184326172 0.60433429479599 1.8545093536376953 0.573326051235199 -16.868568420410156 1.072594165802002 20.427799224853516 -7.8646416664123535 0.2192
Cyclist 1 1 1 282.09295654296875 139.4544677734375 332.0675048828125 197.10044860839844 1.5632075071334839 1.7753735780715942 0.5182385444641113 -9.408808708190918 0.48091331124305725 22.943599700927734 -4.3065409660339355 0.1777
Pedestrian 1 1 1 426.2991638183594 171.47975158691406 436.511962890625 192.30990600585938 0.7736586928367615 1.8416458368301392 0.6173672676086426 -15.074862480163574 0.9554795026779175 63.8282585144043 -6.308740615844727 0.1765
Pedestrian 1 1 1 948.9521484375 139.28726196289062 1029.0252685546875 287.5234680175781 0.7918974757194519 1.8569709062576294 0.5202705264091492 5.002291679382324 1.3288429975509644 9.373445510864258 -3.4729080200195312 0.1739
Cyclist 1 1 1 309.3432312011719 169.98609924316406 361.8076171875 215.6541748046875 1.7485077381134033 1.6746913194656372 0.6948686242103577 -9.940093994140625 1.2528468370437622 26.84535789489746 -3.327866554260254 0.1738
Car 1 1 1 411.8498229980469 171.33648681640625 441.01251220703125 191.58251953125 3.7546682357788086 1.5377700328826904 1.4642385244369507 -13.695050239562988 0.7657097578048706 56.454742431640625 -4.736185073852539 0.1715
Car 1 1 1 317.1727600097656 169.68287658691406 396.17608642578125 201.03065490722656 3.789778232574463 1.5901916027069092 1.6623992919921875 -12.95240306854248 0.9909491539001465 38.00421905517578 -3.585862636566162 0.1580
Pedestrian 1 1 1 540.251220703125 158.4553985595703 552.2843627929688 189.11695861816406 0.7261054515838623 1.8666712045669556 0.6635644435882568 -3.3820102214813232 0.46380487084388733 44.10526657104492 -7.823060512542725 0.1485
Pedestrian 1 1 1 675.6673583984375 167.2036895751953 704.1691284179688 239.3792266845703 0.7278231978416443 1.7729839086532593 0.6364176273345947 2.176074743270874 1.4223252534866333 18.01564598083496 -4.693599700927734 0.1462
Cyclist 1 1 1 718.1279296875 168.0691680908203 747.4630126953125 238.6020965576172 1.5937072038650513 1.5947116613388062 0.5329387187957764 3.100548028945923 1.2916001081466675 17.080631256103516 -4.432332992553711 0.1368
Car 1 1 1 382.0693054199219 179.50294494628906 417.0079040527344 205.0970458984375 3.5918970108032227 1.4770848751068115 1.5571268796920776 -12.134688377380371 1.3619548082351685 43.341697692871094 -7.990487575531006 0.1353
Cyclist 1 1 1 616.6954956054688 146.1741180419922 640.4302368164062 195.73890686035156 1.648613452911377 1.7725751399993896 0.4858214557170868 0.9667367935180664 0.5096153020858765 26.54646110534668 -8.063334465026855 0.1160
Pedestrian 1 1 1 586.2855834960938 151.23338317871094 603.400634765625 191.74891662597656 0.5229877829551697 1.8879475593566895 0.6891191601753235 -0.32112541794776917 0.47783955931663513 33.8166618347168 -7.585275173187256 0.1060
Cyclist 1 1 1 317.5055236816406 165.5443115234375 336.7135314941406 204.02725219726562 1.6438556909561157 1.7137367725372314 0.4668424725532532 -12.542413711547852 1.0034769773483276 32.835533142089844 -7.993309497833252 0.1037
Pedestrian 1 1 1 1013.321044921875 153.73817443847656 1049.5335693359375 242.0878143310547 0.6170413494110107 1.7226594686508179 0.5597104430198669 8.57100772857666 1.1819443702697754 14.403726577758789 -7.420921802520752 0.1013
