Car 1 1 1 639.71337890625 179.9957733154297 666.3932495117188 198.42823791503906 3.9268438816070557 1.5232735872268677 1.693129539489746 3.7166154384613037 2.1693336963653564 63.2575798034668 -7.964256763458252 0.4066
Pedestrian 1 1 1 311.5515441894531 178.02969360351562 324.93121337890625 210.07017517089844 0.6450550556182861 1.6812770366668701 0.5774543285369873 -15.560038566589355 1.9591188430786133 38.3820686340332 -3.55153751373291 0.2754
Car 1 1 1 408.2010498046875 178.26715087890625 445.7825927734375 203.52684020996094 4.297944068908691 1.6434623003005981 1.7928375005722046 -12.680282592773438 2.035539150238037 50.09592056274414 -4.781181335449219 0.2457
Car 1 1 1 188.01083374023438 172.42349243164062 237.39703369140625 193.6766357421875 3.971646547317505 1.786625623703003 1.5659431219100952 -34.51838684082031 1.7501349449157715 62.75750732421875 -7.653151988983154 0.2397
Pedestrian 1 1 1 1021.2073974609375 168.5106964111328 1036.7620849609375 213.8058319091797 0.27177515625953674 1.8847439289093018 0.49531885981559753 17.552648544311523 1.7037180662155151 30.305301666259766 -3.7081055641174316 0.1948
Pedestrian 1 1 1 973.1242065429688 180.15367126464844 988.33447265625 220.52992248535156 0.3242914378643036 1.7598050832748413 0.5042036771774292 16.321632385253906 2.084757089614868 31.85265350341797 -3.5763750076293945 0.1714
Pedestrian 1 1 1 204.95384216308594 173.75865173339844 231.1884307861328 219.86822509765625 0.7445006370544434 1.7142888307571411 0.5677871704101562 -14.86014175415039 1.7487289905548096 27.27553939819336 -5.7550530433654785 0.1435
Cyclist 1 1 1 564.7591552734375 139.36300659179688 590.7601928710938 193.2107391357422 1.5075384378433228 1.818678617477417 0.5268292427062988 -1.1589558124542236 0.6872380971908569 25.16291618347168 -4.489453315734863 0.1425
Pedestrian 1 1 1 564.9248657226562 167.87701416015625 579.4771118164062 194.01756286621094 1.0426419973373413 1.892001748085022 0.4251403510570526 -2.781085729598999 1.531476616859436 52.48063659667969 -6.370311260223389 0.1301
Car 1 1 1 626.0962524414062 181.3927764892578 647.73291015625 202.0858917236328 3.9363584518432617 1.523481845855713 1.6423587799072266 2.0988588333129883 2.2187416553497314 56.774452209472656 -4.669878959655762 0.1131
