Car 1 1 1 685.039794921875 178.4219512939453 763.1644897460938 233.12759399414062 3.9076995849609375 1.4296973943710327 1.590492606163025 3.203514814376831 1.6084541082382202 21.231016159057617 -7.8782267570495605 0.9626
Car 1 1 1 642.9195556640625 178.2002410888672 682.3792114257812 208.5958709716797 3.4563589096069336 1.3731703758239746 1.6346310377120972 2.4615657329559326 1.6446017026901245 34.93989181518555 -7.860545635223389 0.9480
Car 1 1 1 927.2608032226562 177.8135528564453 1017.8613891601562 209.98715209960938 3.611819267272949 1.4396759271621704 1.4479128122329712 17.334487915039062 1.6904432773590088 34.68970489501953 -8.571404457092285 0.9154
Car 1 1 1 887.755126953125 157.283203125 1241.0 374.0 3.9972219467163086 1.6624451875686646 1.6213041543960571 3.656984329223633 1.5882704257965088 5.440853118896484 -7.878065586090088 0.8798
Pedestrian 1 1 1 364.0534973144531 147.73431396484375 426.5142822265625 305.7474670410156 0.8835210800170898 1.863604187965393 0.6116929054260254 -2.7103376388549805 1.5670431852340698 8.986799240112305 -4.839614391326904 0.4024
Car 1 1 1 667.2880859375 174.14932250976562 687.2378540039062 191.1363525390625 4.078798294067383 1.4618481397628784 1.5590351819992065 5.959334373474121 1.5810147523880005 64.47772979736328 -4.672338485717773 0.2777
Car 1 1 1 818.397705078125 185.54335021972656 959.5001220703125 237.81838989257812 3.505352735519409 1.410510540008545 1.6041765213012695 7.934855937957764 1.7945704460144043 20.895179748535156 -3.049325466156006 0.2080
Pedestrian 1 1 1 196.59207153320312 152.1431884765625 214.13275146484375 197.85414123535156 0.512433648109436 1.949026346206665 0.6546241044998169 -17.512937545776367 1.0656572580337524 31.15034294128418 -8.376500129699707 0.1814
Car 1 1 1 683.9081420898438 180.20248413085938 711.0176391601562 204.46580505371094 3.917879819869995 1.4757897853851318 1.6365578174591064 5.642488956451416 1.9761807918548584 47.13764953613281 -4.622375965118408 0.1203
Car 1 1 1 54.092105865478516 182.63543701171875 198.701904296875 229.48800659179688 3.7153677940368652 1.4081817865371704 1.6378268003463745 -15.540779113769531 1.7368285655975342 23.19835090637207 -3.0035743713378906 0.1092
Cyclist 1 1 1 680.6878662109375 186.20907592773438 724.8153076171875 230.07736206054688 1.6984771490097046 1.764394998550415 0.6555481553077698 3.8032894134521484 2.328855037689209 29.940542221069336 -6.594127178192139 0.1089
