Car 1 1 1 856.0862426757812 162.77391052246094 1168.215087890625 278.3529052734375 3.667140245437622 1.5691179037094116 1.6077207326889038 5.76723575592041 1.3288646936416626 10.41811466217041 -6.27485466003418 0.9675
Cyclist 1 1 1 658.0367431640625 159.43653869628906 702.2244262695312 253.58238220214844 1.7134647369384766 1.8244932889938354 0.5933238863945007 1.477627158164978 1.4166557788848877 14.580523490905762 -7.936673641204834 0.8419
Pedestrian 1 1 1 698.0656127929688 161.34576416015625 720.56201171875 218.58836364746094 0.806627094745636 1.7874559164047241 0.5542545914649963 3.2774739265441895 1.1896284818649292 22.497251510620117 -7.912936687469482 0.8398
Pedestrian 1 1 1 282.2054443359375 169.70399475097656 341.4377136230469 268.39422607421875 0.7831865549087524 1.706154465675354 0.6611701250076294 -5.318605422973633 1.5198875665664673 12.716167449951172 -2.5505242347717285 0.8273
Car 1 1 1 708.861572265625 166.7086944580078 825.5935668945312 206.50096130371094 4.3771843910217285 1.5823414325714111 1.7179263830184937 6.577091693878174 1.034155011177063 29.06064224243164 -6.322722434997559 0.7941
Cyclist 1 1 1 559.0310668945312 164.70668029785156 574.3873901367188 198.14903259277344 1.7228081226348877 1.7488764524459839 0.6619848012924194 -2.056122064590454 0.9231032133102417 37.84966278076172 -4.671111106872559 0.7678
Pedestrian 1 1 1 1035.43359375 143.75804138183594 1062.4537353515625 184.52603149414062 0.8719186186790466 1.8109803199768066 0.6861500144004822 19.970401763916016 0.17903712391853333 31.856775283813477 -7.816583156585693 0.3462
Pedestrian 1 1 1 181.28842163085938 184.7204132080078 197.60409545898438 217.7405242919922 0.6133840084075928 1.7781840562820435 0.709380567073822 -22.70224952697754 2.011320114135742 38.61063766479492 -6.565917015075684 0.3421
Pedestrian 1 1 1 475.6933898925781 162.6873321533203 490.8035888671875 198.42872619628906 0.7392678260803223 1.8657702207565308 0.5069981217384338 -6.432404518127441 0.9360576868057251 37.251068115234375 -3.4074220657348633 0.2899
Pedestrian 1 1 1 844.0437622070312 167.22067260742188 866.59716796875 212.9776153564453 0.7278700470924377 1.6463114023208618 0.57186359167099 9.099574089050293 1.168778896331787 25.807109832763672 -7.840209484100342 0.2783
Pedestrian 1 1 1 1161.779296875 162.64932250976562 1212.6278076171875 243.04400634765625 0.637973964214325 1.6296697854995728 0.5587083697319031 12.048927307128906 1.268175721168518 14.695465087890625 -6.591431140899658 0.2757
Car 1 1 1 1006.5257568359375 157.4713134765625 1082.94580078125 180.3138885498047 3.8814377784729004 1.4232598543167114 1.5621732473373413 27.85346221923828 -0.011955808848142624 44.86248779296875 -3.1486334800720215 0.2560
Cyclist 1 1 1 1165.781982421875 149.94224548339844 1223.0 212.0462188720703 1.6864333152770996 1.7884620428085327 0.6366347670555115 17.65447998046875 0.9087620377540588 20.86053466796875 -6.057379245758057 0.2267
Pedestrian 1 1 1 860.2861328125 162.1421356201172 879.54150390625 210.47518920898438 0.6377553939819336 1.640519142150879 0.5679232478141785 9.11472225189209 1.0176812410354614 24.40911865234375 -7.405593395233154 0.2165
Cyclist 1 1 1 1023.1524658203125 142.07664489746094 1101.696044921875 229.95977783203125 1.6806529760360718 1.62372624874115 0.4433487057685852 8.902995109558105 0.9141839742660522 13.905618667602539 -7.8625617027282715 0.2042
Pedestrian 1 1 1 1144.88330078125 162.0191650390625 1212.686279296875 265.7113037109375 0.6293236613273621 1.5880718231201172 0.5885230898857117 9.004344940185547 1.3054203987121582 11.178155899047852 -6.0887532234191895 0.1988
Pedestrian 1 1 1 284.905029296875 171.32701110839844 306.1248474121094 213.84608459472656 0.5653139352798462 1.8917961120605469 0.7221893668174744 -13.921256065368652 1.4838578701019287 31.761281967163086 -4.7689433097839355 0.1787
Pedestrian 1 1 1 264.6077880859375 152.2858123779297 288.3501281738281 201.8994598388672 0.8499869704246521 1.8843828439712524 0.6577232480049133 -12.723215103149414 0.8130133152008057 27.3377628326416 -4.918132781982422 0.1770
Pedestrian 1 1 1 149.26565551757812 188.38584899902344 162.1201171875 218.2367401123047 0.6109618544578552 1.7325669527053833 0.7337758541107178 -26.55149269104004 2.203770160675049 41.764312744140625 -6.890341281890869 0.1747
Car 1 1 1 100.19306182861328 183.9125213623047 160.898681640625 210.72824096679688 3.7255308628082275 1.6932066679000854 1.6385401487350464 -31.25614356994629 1.925418496131897 46.56943893432617 -5.843061923980713 0.1656
Pedestrian 1 1 1 535.1705932617188 166.3863983154297 552.6947631835938 198.61795043945312 0.8545277714729309 1.7971149682998657 0.5507147312164307 -3.45526385307312 1.0103119611740112 39.843441009521484 -3.544806480407715 0.1646
Cyclist 1 1 1 314.2683410644531 147.20457458496094 372.547119140625 208.67666625976562 1.5112744569778442 1.7459561824798584 0.5490819215774536 -7.7164201736450195 0.8005860447883606 20.78717613220215 -3.8631510734558105 0.1409
Pedestrian 1 1 1 863.4786987304688 141.6987762451172 901.0530395507812 233.5335693359375 0.8430566787719727 1.9106858968734741 0.7340320348739624 5.923468112945557 1.1037509441375732 15.236088752746582 -4.343842506408691 0.1228
Pedestrian 1 1 1 1085.286865234375 175.88497924804688 1114.455810546875 237.2247314453125 0.4594370424747467 1.3120826482772827 0.3971059024333954 10.729351997375488 1.2137125730514526 15.401657104492188 -4.4168877601623535 0.1222
Pedestrian 1 1 1 159.6507110595703 175.01724243164062 179.07455444335938 210.98199462890625 0.671052098274231 1.795473575592041 0.6394520998001099 -22.00166893005371 1.5219155550003052 35.688114166259766 -6.521844387054443 0.1210
Pedestrian 1 1 1 633.1631469726562 167.90896606445312 643.6381225585938 188.5990447998047 0.8657965064048767 1.845406413078308 0.4762648940086365 3.013366222381592 0.7222768664360046 63.39490509033203 -6.05142068862915 0.1196
Car 1 1 1 486.4413146972656 165.65354919433594 518.4168090820312 195.3345947265625 4.307491302490234 1.7920013666152954 1.6694811582565308 -6.468759536743164 0.8957325220108032 44.88999938964844 -7.916517734527588 0.1193
Cyclist 1 1 1 866.6456909179688 173.53005981445312 909.5103149414062 211.860107421875 1.7943729162216187 1.8315705060958862 0.6991971135139465 13.65561580657959 1.4986906051635742 34.18912887573242 -6.222529411315918 0.1173
Pedestrian 1 1 1 500.5972595214844 187.5736846923828 524.6143798828125 230.6920928955078 0.8154298067092896 1.6696816682815552 0.6414057016372681 -3.6859614849090576 1.954175353050232 27.969623565673828 -6.646520137786865 0.1130
Pedestrian 1 1 1 794.9505004882812 150.92169189453125 810.5620727539062 190.7109375 0.9053093194961548 1.941236972808838 0.6043924689292908 9.758684158325195 0.49833691120147705 34.978763580322266 -7.743349552154541 0.1099
Cyclist 1 1 1 506.24517822265625 186.3223876953125 546.9000244140625 227.5916290283203 1.7171881198883057 1.7789943218231201 0.6785920858383179 -3.44614839553833 2.0369434356689453 30.94047737121582 -3.1660349369049072 0.1086
Car 1 1 1 184.13623046875 175.763427734375 225.03614807128906 193.0687255859375 4.134915351867676 1.4777624607086182 1.5916081666946411 -35.32178497314453 1.073214054107666 62.50906753540039 -7.945461750030518 0.1077
Pedestrian 1 1 1 524.1740112304688 179.66192626953125 539.8980712890625 212.76979064941406 0.7660530209541321 1.5728307962417603 0.5961237549781799 -3.5370287895202637 1.5331916809082031 34.048004150390625 -8.182623863220215 0.1057
Car 1 1 1 798.41455078125 146.8095245361328 846.39990234375 178.4165802001953 4.588814735412598 2.2863311767578125 1.775681734085083 16.488052368164062 -0.16572345793247223 53.8448486328125 -7.974233150482178 0.1024
Car 1 1 1 1131.5750732421875 162.5637664794922 1198.609619140625 185.75930786132812 3.878749370574951 1.443655252456665 1.569923758506775 36.349708557128906 0.32740798592567444 46.01353073120117 -4.612728118896484 0.1006
