Car 1 1 1 125.27664947509766 192.92811584472656 376.2060852050781 333.4508361816406 3.8609073162078857 1.4717142581939697 1.5853654146194458 -4.720248699188232 1.8046209812164307 10.042956352233887 -4.716525077819824 0.9810
Car 1 1 1 779.2288208007812 179.47425842285156 983.2994384765625 304.7906799316406 3.653541326522827 1.519057035446167 1.6233543157577515 3.7410409450531006 1.6345537900924683 10.78066635131836 -7.8705267906188965 0.9729
Car 1 1 1 722.8408813476562 179.5221710205078 847.8765869140625 258.1519470214844 4.177972316741943 1.467942476272583 1.6223948001861572 3.643789291381836 1.6345269680023193 15.943489074707031 -7.886751651763916 0.9628
Car 1 1 1 918.8441772460938 190.71224975585938 1241.0 374.0 3.8230724334716797 1.4421900510787964 1.6016374826431274 3.761245012283325 1.6198405027389526 5.254528045654297 -7.82314920425415 0.9485
Car 1 1 1 323.7720642089844 187.2489471435547 456.599365234375 270.4369201660156 4.039173603057861 1.5064539909362793 1.6853736639022827 -4.675994873046875 1.8614399433135986 15.787181854248047 -4.714422702789307 0.9319
Car 1 1 1 408.4501647949219 184.57496643066406 496.22076416015625 240.17645263671875 4.223544120788574 1.40309739112854 1.612900733947754 -4.559141159057617 1.7820398807525635 21.224241256713867 -4.699790000915527 0.9151
Car 1 1 1 704.9290771484375 180.374755859375 781.4042358398438 235.43643188476562 3.761300563812256 1.4270340204238892 1.5842218399047852 3.746026039123535 1.6664410829544067 21.106937408447266 -7.841461658477783 0.8874
Car 1 1 1 511.0651550292969 177.70013427734375 551.8058471679688 208.19862365722656 3.5416367053985596 1.4668595790863037 1.5990206003189087 -4.0267157554626465 1.7276043891906738 37.070411682128906 -4.67921257019043 0.7686
Car 1 1 1 527.5557861328125 174.11814880371094 564.9853515625 205.82081604003906 4.055840969085693 1.7375198602676392 1.622230887413025 -3.6749043464660645 1.8140288591384888 41.77500915527344 -4.663449764251709 0.7293
Car 1 1 1 697.9930419921875 177.24917602539062 753.9210815429688 222.7677459716797 3.7962288856506348 1.529675841331482 1.6040534973144531 4.14636754989624 1.7028837203979492 26.552366256713867 -7.8098225593566895 0.7102
Car 1 1 1 1061.049560546875 172.84857177734375 1173.7091064453125 215.94163513183594 3.529820442199707 1.4522148370742798 1.3609771728515625 18.202789306640625 1.4517320394515991 26.139150619506836 -4.811694145202637 0.6766
Car 1 1 1 1018.0277099609375 168.60025024414062 1192.090576171875 234.81793212890625 3.9145822525024414 1.4741750955581665 1.5462112426757812 12.10315227508545 1.3791760206222534 18.052448272705078 -4.756053924560547 0.4292
Car 1 1 1 1092.0535888671875 156.71142578125 1241.0 220.04071044921875 3.391901969909668 1.594103217124939 1.580590009689331 15.315526008605957 1.1874680519104004 19.937580108642578 -7.968709468841553 0.3774
Car 1 1 1 685.819580078125 177.35858154296875 733.2943115234375 213.41363525390625 3.713669776916504 1.4878305196762085 1.6150070428848267 4.325404644012451 1.6995527744293213 32.10048294067383 -7.848951816558838 0.3068
Cyclist 1 1 1 1018.4321899414062 176.1896209716797 1070.984130859375 221.6505889892578 1.7535990476608276 1.878494381904602 0.7222836017608643 18.192087173461914 2.020167589187622 30.293317794799805 -6.218116283416748 0.2814
Car 1 1 1 997.0843505859375 160.1167449951172 1134.1292724609375 210.89573669433594 4.010573387145996 1.5167819261550903 1.6193031072616577 14.701393127441406 1.136016845703125 23.642261505126953 -4.83587646484375 0.1826
Car 1 1 1 915.832275390625 176.7651824951172 984.8038330078125 206.56483459472656 3.680488109588623 1.4471758604049683 1.5306004285812378 17.5445556640625 1.6602977514266968 37.45760726928711 -7.966643810272217 0.1781
Car 1 1 1 853.5899047851562 152.43817138671875 952.971923828125 183.6144256591797 4.369528293609619 1.5288431644439697 1.6150054931640625 14.691380500793457 0.5273774862289429 36.4176139831543 -6.177088737487793 0.1507
Pedestrian 1 1 1 248.01361083984375 166.36941528320312 272.6601867675781 215.31600952148438 0.5871911644935608 1.7450026273727417 0.7091220021247864 -12.688794136047363 1.5135197639465332 26.101539611816406 -8.125322341918945 0.1402
Cyclist 1 1 1 362.3073425292969 141.36378479003906 407.01214599609375 194.96334838867188 1.5051095485687256 1.8036092519760132 0.5360246896743774 -7.858255386352539 0.7436730861663818 25.062110900878906 -4.168045997619629 0.1358
Car 1 1 1 465.3394470214844 168.72744750976562 509.05096435546875 200.54795837402344 4.643901824951172 1.9306471347808838 1.7575139999389648 -7.819570541381836 1.6799768209457397 46.14744567871094 -7.7952752113342285 0.1304
Car 1 1 1 744.0435180664062 166.1393280029297 794.7993774414062 184.37184143066406 4.061082363128662 1.5364584922790527 1.6561720371246338 13.595502853393555 0.9703108072280884 61.80234909057617 -6.197845935821533 0.1249
Car 1 1 1 723.6508178710938 161.21978759765625 749.1489868164062 183.96954345703125 4.131196975708008 1.7763630151748657 1.7218393087387085 10.180132865905762 0.8676307201385498 58.47874450683594 -4.61558198928833 0.1217
Pedestrian 1 1 1 798.3799438476562 157.0629119873047 811.292724609375 189.23635864257812 0.6770462989807129 1.8791266679763794 0.6279469132423401 11.4390230178833 0.9565303325653076 42.50836181640625 -7.761250972747803 0.1156
Car 1 1 1 936.4810180664062 170.0325164794922 1035.4974365234375 216.51675415039062 3.3955931663513184 1.4464256763458252 1.4868745803833008 12.429902076721191 1.3583314418792725 24.165748596191406 -7.8763909339904785 0.1133
Car 1 1 1 624.7321166992188 177.14805603027344 644.925537109375 195.80430603027344 3.824249744415283 1.5516871213912964 1.4143227338790894 2.113084316253662 1.9370701313018799 62.858272552490234 -4.768956661224365 0.1031
Pedestrian 1 1 1 656.1361083984375 170.74496459960938 665.8090209960938 190.48602294921875 0.8900720477104187 1.8273335695266724 0.5512521266937256 4.720737934112549 1.6318105459213257 67.10138702392578 -3.0572311878204346 0.1024
Pedestrian 1 1 1 14.501559257507324 160.83926391601562 61.96253967285156 245.26773071289062 0.56597501039505 1.7329938411712646 0.5428127646446228 -12.007821083068848 1.4860773086547852 15.097906112670898 -4.69564962387085 0.1024
