Car 1 1 1 511.6316223144531 177.8336944580078 553.7354736328125 214.14053344726562 4.056395053863525 1.5055451393127441 1.5716060400009155 -3.468369483947754 1.7438952922821045 32.530799865722656 -7.880932331085205 0.9441
Car 1 1 1 386.7353820800781 183.46763610839844 438.25115966796875 213.90798950195312 4.422553062438965 1.5061613321304321 1.7131003141403198 -10.767990112304688 2.1195874214172363 39.490081787109375 -4.737820148468018 0.8797
Car 1 1 1 579.778076171875 177.4091339111328 608.6624145507812 202.41241455078125 3.731793165206909 1.5345103740692139 1.6208540201187134 -1.0222340822219849 1.842172622680664 46.87864685058594 -7.805705547332764 0.5692
Pedestrian 1 1 1 798.3809204101562 152.9399871826172 813.9241943359375 187.23080444335938 0.7688210606575012 1.924906611442566 0.6941051483154297 11.077491760253906 0.8067384958267212 40.90055465698242 -7.816257953643799 0.4478
Pedestrian 1 1 1 787.19873046875 152.4676055908203 803.8441162109375 194.0076446533203 0.7471901774406433 1.990471363067627 0.685234785079956 8.94955825805664 1.0133178234100342 34.98408889770508 -7.7397637367248535 0.3509
Car 1 1 1 209.25143432617188 192.4226837158203 262.52606201171875 217.86944580078125 4.122500419616699 1.5442990064620972 1.7149895429611206 -25.438764572143555 2.9343366622924805 49.15147399902344 -4.778149604797363 0.3314
Car 1 1 1 118.31647491455078 168.23529052734375 181.4850616455078 197.92709350585938 4.184782981872559 2.111664056777954 1.9256609678268433 -34.01326370239258 1.7828831672668457 53.43562316894531 -4.682430267333984 0.3128
Pedestrian 1 1 1 300.354736328125 178.9166717529297 320.3880920410156 211.396240234375 0.8117465376853943 1.7877187728881836 0.7197403311729431 -16.83795738220215 2.131930351257324 40.45915603637695 -7.1055684089660645 0.2946
Car 1 1 1 0.0 171.80239868164062 198.82958984375 289.38946533203125 4.144015312194824 1.8770157098770142 1.7215124368667603 -9.775825500488281 1.8599293231964111 13.632474899291992 -4.76543664932251 0.2918
Car 1 1 1 426.6965637207031 182.77003479003906 448.1444091796875 202.4243621826172 3.79982328414917 1.5150346755981445 1.6337188482284546 -14.27337646484375 2.3629813194274902 59.69410705566406 -4.9221720695495605 0.2895
Pedestrian 1 1 1 635.6123657226562 171.12615966796875 654.7813720703125 203.08790588378906 1.152730941772461 1.69234299659729 0.711274266242981 1.850693702697754 1.6005558967590332 38.85369873046875 -4.975249290466309 0.2494
Car 1 1 1 37.93436813354492 160.6103973388672 121.57118225097656 185.00338745117188 4.232301712036133 1.571566104888916 1.6315754652023315 -34.81544876098633 0.7824481129646301 47.40240478515625 -3.1893744468688965 0.2318
Car 1 1 1 617.4676513671875 174.8391876220703 689.0382690429688 201.9507293701172 3.806274652481079 1.4971884489059448 1.6586201190948486 2.454573154449463 1.616579532623291 41.799110412597656 -5.7313714027404785 0.2214
Pedestrian 1 1 1 628.8778076171875 169.33932495117188 644.7603149414062 201.52162170410156 0.8663632273674011 1.780578851699829 0.6681820154190063 1.4631037712097168 1.5858186483383179 40.283878326416016 -6.215291976928711 0.2023
Pedestrian 1 1 1 483.9491271972656 174.46365356445312 497.3492126464844 206.37123107910156 0.6888082027435303 1.7324615716934204 0.6871504783630371 -6.583755016326904 1.8213356733322144 39.59382247924805 -6.3915324211120605 0.1861
Pedestrian 1 1 1 497.0574645996094 184.53665161132812 510.77801513671875 213.5064239501953 0.7742809057235718 1.6737334728240967 0.4557369649410248 -6.245711326599121 2.3619136810302734 42.22418975830078 -3.33305025100708 0.1758
Car 1 1 1 189.67039489746094 187.98330688476562 354.7562255859375 267.1624450683594 4.341400623321533 1.421647071838379 1.612949013710022 -7.274993419647217 1.8015104532241821 15.957929611206055 -4.710041046142578 0.1595
Cyclist 1 1 1 677.3384399414062 147.10984802246094 709.2697143554688 191.50059509277344 1.4753930568695068 1.722024917602539 0.5383768677711487 3.265122652053833 0.7230464220046997 28.769756317138672 -5.18306303024292 0.1453
Car 1 1 1 379.79132080078125 175.97634887695312 448.5491943359375 218.52069091796875 4.106900215148926 1.5369665622711182 1.6272556781768799 -7.6624250411987305 1.6686028242111206 28.42889404296875 -4.720627307891846 0.1391
Pedestrian 1 1 1 248.52467346191406 174.00408935546875 255.18487548828125 197.60739135742188 0.4400033950805664 1.7966392040252686 0.7491283416748047 -27.523237228393555 1.8853262662887573 55.39665603637695 -6.719050884246826 0.1359
Car 1 1 1 398.8671569824219 178.34616088867188 445.7408752441406 201.88653564453125 4.308753490447998 1.6075685024261475 1.539610505104065 -13.649770736694336 2.024904489517212 52.59965515136719 -4.501557350158691 0.1262
Car 1 1 1 311.23724365234375 186.74462890625 372.335693359375 210.4442901611328 3.53829288482666 1.5446938276290894 1.649178385734558 -18.281902313232422 2.5099539756774902 49.169559478759766 -3.048336982727051 0.1232
Pedestrian 1 1 1 910.4699096679688 154.07765197753906 946.682861328125 220.8475341796875 0.8174662590026855 1.7703593969345093 0.6459192037582397 8.572922706604004 1.2722172737121582 19.554471969604492 -4.665665149688721 0.1186
Car 1 1 1 471.5893859863281 181.9050750732422 505.3807067871094 205.8189697265625 3.5248007774353027 1.504714846611023 1.5644984245300293 -8.167510032653809 2.135824680328369 48.54528045654297 -7.817508220672607 0.1156
Car 1 1 1 223.44891357421875 164.79000854492188 268.4114074707031 186.91604614257812 4.385127544403076 1.9132356643676758 1.8181465864181519 -32.542232513427734 1.2156422138214111 64.58476257324219 -7.854990482330322 0.1044
