Car 1 1 1 440.1983642578125 185.16384887695312 504.0489807128906 242.742919921875 4.5733842849731445 1.3834880590438843 1.5940029621124268 -3.905517816543579 1.7773946523666382 20.72966766357422 -4.854743480682373 0.9331
Pedestrian 1 1 1 685.9210205078125 163.83755493164062 728.7633056640625 235.94410705566406 0.9037081599235535 1.7967579364776611 0.6030723452568054 2.4324586391448975 1.571785569190979 18.43092918395996 -6.676157474517822 0.2659
Pedestrian 1 1 1 458.4733581542969 156.51437377929688 474.2494201660156 192.717529296875 0.7552171349525452 1.9631690979003906 0.7230347394943237 -7.899086952209473 1.0768290758132935 39.509307861328125 -7.868649005889893 0.2488
Pedestrian 1 1 1 598.1602172851562 163.8903350830078 611.344482421875 193.3748016357422 0.7903534770011902 1.8577489852905273 0.5618851184844971 -0.3693739175796509 1.2926684617996216 45.779335021972656 -6.37744665145874 0.2027
Pedestrian 1 1 1 440.53753662109375 155.37152099609375 465.8210754394531 206.5219268798828 0.6875054836273193 1.8640382289886475 0.6055039167404175 -5.854409694671631 1.2266366481781006 26.731863021850586 -5.736273765563965 0.1905
Pedestrian 1 1 1 934.8544921875 140.32289123535156 1046.0291748046875 310.41009521484375 1.0268594026565552 1.910948634147644 0.5334632396697998 4.364903926849365 1.5451580286026 8.434426307678223 -3.018253803253174 0.1779
Pedestrian 1 1 1 849.3535766601562 145.39793395996094 925.634033203125 277.5204162597656 0.9368066191673279 1.9028592109680176 0.48025932908058167 4.031871795654297 1.5071303844451904 10.65772533416748 -3.1975932121276855 0.1665
Pedestrian 1 1 1 433.4064025878906 157.49734497070312 459.7909851074219 210.58822631835938 0.7143052816390991 1.8433959484100342 0.5636432766914368 -5.806789398193359 1.3098894357681274 25.44597816467285 -5.9080281257629395 0.1509
Car 1 1 1 474.3040466308594 171.65335083007812 507.83837890625 196.0699005126953 3.363889694213867 1.5402307510375977 1.5567221641540527 -7.777647495269775 1.4641921520233154 47.21855545043945 -7.826237201690674 0.1150
Car 1 1 1 552.865966796875 176.96115112304688 581.84130859375 194.3544921875 3.7099575996398926 1.518074631690979 1.6883958578109741 -3.9501826763153076 1.9048080444335938 65.963623046875 -8.19128704071045 0.1072
Pedestrian 1 1 1 427.93267822265625 153.84019470214844 455.7861633300781 211.73764038085938 0.7580335736274719 1.8720524311065674 0.6551425457000732 -5.577427387237549 1.2569609880447388 23.756439208984375 -4.552704334259033 0.1011
