Car 1 1 1 170.5542449951172 189.0225372314453 393.9251708984375 310.1400451660156 3.6876745223999023 1.4057819843292236 1.5484293699264526 -4.435268878936768 1.4703028202056885 10.306822776794434 -7.858243465423584 0.9845
Car 1 1 1 346.0497741699219 182.332275390625 453.5474853515625 244.76710510253906 3.920011520385742 1.4220079183578491 1.606554627418518 -5.2059831619262695 1.356492519378662 18.333528518676758 -7.8527960777282715 0.9617
Car 1 1 1 573.9951782226562 175.2016143798828 612.653564453125 209.59408569335938 3.685945510864258 1.4974478483200073 1.683258295059204 -0.6749869585037231 1.0615922212600708 33.14562225341797 -7.8583502769470215 0.9178
Car 1 1 1 181.54379272460938 185.5034942626953 317.718994140625 246.76742553710938 3.666356325149536 1.3933830261230469 1.597497820854187 -8.946889877319336 1.4015668630599976 18.20783805847168 -7.8441691398620605 0.7349
Car 1 1 1 0.0 201.4740753173828 110.1133804321289 356.188720703125 4.013357639312744 1.3987951278686523 1.5903782844543457 -8.37867259979248 1.6479824781417847 8.969508171081543 -7.9001336097717285 0.7310
Car 1 1 1 347.4076843261719 173.3560791015625 421.42669677734375 215.0035400390625 3.5521914958953857 1.4978594779968262 1.5636262893676758 -8.550926208496094 1.0714836120605469 27.67499351501465 -7.791904926300049 0.6619
Car 1 1 1 250.1949005126953 179.3956756591797 340.9482116699219 217.88172912597656 4.2388763427734375 1.3748729228973389 1.6908180713653564 -11.982057571411133 1.167116403579712 27.80414390563965 -7.859150409698486 0.5537
Car 1 1 1 507.9708557128906 175.1989288330078 541.3221435546875 201.9231719970703 4.008756637573242 1.6241368055343628 1.6320775747299194 -5.264275074005127 1.0155361890792847 45.69794845581055 -7.846704959869385 0.4337
Car 1 1 1 534.365234375 178.93942260742188 557.355224609375 197.98365783691406 4.083774089813232 1.4682694673538208 1.5338739156723022 -4.933887004852295 0.9845398664474487 57.472572326660156 -4.72355318069458 0.4031
Car 1 1 1 186.2335968017578 172.94752502441406 233.3329620361328 193.8828887939453 3.4079153537750244 1.560276985168457 1.7677549123764038 -30.572973251342773 0.646108865737915 55.28945541381836 -4.724302291870117 0.3745
Car 1 1 1 380.17132568359375 177.49627685546875 461.2494201660156 205.49127197265625 4.231898784637451 1.4476370811462402 1.6640905141830444 -10.168024063110352 1.0486187934875488 38.8973274230957 -2.655026435852051 0.3654
Car 1 1 1 717.0062866210938 171.26087951660156 763.050048828125 205.12002563476562 4.0369038581848145 1.5049645900726318 1.6371498107910156 6.295969486236572 0.8848612308502197 34.12407684326172 -7.540555477142334 0.2360
Car 1 1 1 486.966064453125 179.56004333496094 520.1278686523438 197.47483825683594 3.8239119052886963 1.4088022708892822 1.5896037817001343 -8.46395206451416 0.964205265045166 58.54643249511719 -4.547852039337158 0.2350
Car 1 1 1 233.86691284179688 180.8960418701172 305.5433654785156 212.20082092285156 4.083024024963379 1.4998376369476318 1.6496387720108032 -17.098453521728516 1.293036937713623 36.500389099121094 -4.690087795257568 0.2215
Car 1 1 1 454.7489929199219 166.72796630859375 517.4025268554688 221.5400390625 4.183758735656738 1.8462275266647339 1.6876620054244995 -4.406540393829346 1.2236651182174683 26.325424194335938 -7.8789544105529785 0.1930
Car 1 1 1 317.5145263671875 172.01292419433594 361.2153015136719 195.7196807861328 3.2892041206359863 1.4634246826171875 1.5703610181808472 -17.1591854095459 0.6485713720321655 46.02031707763672 -4.7117109298706055 0.1902
Pedestrian 1 1 1 734.8529052734375 174.60470581054688 752.5942993164062 215.50010681152344 0.7138980031013489 1.5834439992904663 0.5569774508476257 5.308718204498291 1.1727508306503296 28.268905639648438 -7.470147609710693 0.1638
Pedestrian 1 1 1 1089.9398193359375 160.2845001220703 1198.354248046875 322.8546142578125 0.9036588072776794 1.7075871229171753 0.6788104772567749 5.988325119018555 1.445874571800232 8.108287811279297 -5.519351005554199 0.1619
Cyclist 1 1 1 127.79090118408203 162.76063537597656 184.50979614257812 211.9536590576172 1.6484532356262207 1.7896027565002441 0.6743037700653076 -16.759885787963867 0.972862958908081 26.641530990600586 -3.3361334800720215 0.1138
Car 1 1 1 341.8124084472656 178.3589324951172 436.61236572265625 210.2442626953125 4.047608852386475 1.490864634513855 1.6222423315048218 -10.447789192199707 1.1704200506210327 34.422882080078125 -3.1415159702301025 0.1068
Car 1 1 1 478.2200622558594 162.47142028808594 529.8753051757812 207.1711883544922 4.60004997253418 1.7616806030273438 1.7906922101974487 -4.38059663772583 0.8654541373252869 30.677541732788086 -4.768252372741699 0.1036
