Car 1 1 1 234.0333709716797 187.2703857421875 314.67584228515625 241.35842895507812 4.258617401123047 1.7263765335083008 1.786886215209961 -12.250625610351562 2.3010690212249756 26.508970260620117 -4.923625946044922 0.9173
Car 1 1 1 752.4810791015625 179.16375732421875 797.0922241210938 206.8878631591797 4.210458755493164 1.4662930965423584 1.6847078800201416 9.479646682739258 1.8483375310897827 41.457149505615234 -4.284393310546875 0.8455
Car 1 1 1 320.2205810546875 194.80453491210938 361.4541015625 223.4283447265625 3.744615077972412 1.4834352731704712 1.639797568321228 -15.808585166931152 2.8345227241516113 42.432830810546875 -4.892228603363037 0.3909
Pedestrian 1 1 1 1068.031005859375 168.52354431152344 1080.511962890625 206.40896606445312 0.23126743733882904 1.823799967765808 0.45505622029304504 22.472036361694336 1.6150329113006592 34.989925384521484 -3.5906200408935547 0.3884
Cyclist 1 1 1 519.0245361328125 176.23158264160156 562.6038208007812 220.9989013671875 1.7904956340789795 1.7772706747055054 0.6591302752494812 -2.8862905502319336 1.919053554534912 29.5587215423584 -2.5115199089050293 0.3018
Pedestrian 1 1 1 973.6420288085938 161.96173095703125 995.0535278320312 194.8863067626953 0.9906021952629089 1.8490934371948242 0.46956750750541687 21.15851402282715 1.2370671033859253 40.86351013183594 -6.0546956062316895 0.3005
Pedestrian 1 1 1 519.4993896484375 186.8158721923828 550.9050903320312 236.324951171875 0.9152669906616211 1.7744137048721313 0.7602459788322449 -2.8053691387176514 2.299947500228882 26.66191864013672 -5.937466144561768 0.2869
Pedestrian 1 1 1 647.7717895507812 181.6129150390625 667.795654296875 218.83433532714844 0.7911977767944336 1.6690175533294678 0.585995078086853 2.1325161457061768 2.0722429752349854 32.882205963134766 -3.3219799995422363 0.2296
Pedestrian 1 1 1 1159.5888671875 186.10076904296875 1241.0 330.4858703613281 0.5443032383918762 1.6138091087341309 0.6089115142822266 6.877871990203857 1.7752491235733032 8.468567848205566 -4.4525346755981445 0.2064
Car 1 1 1 351.22918701171875 182.65611267089844 389.5740661621094 210.9695587158203 3.6761090755462646 1.516950011253357 1.5905057191848755 -13.915938377380371 2.113029956817627 41.95283889770508 -4.884128570556641 0.1934
Car 1 1 1 933.3135986328125 169.72901916503906 973.6519775390625 186.56898498535156 4.241265773773193 1.4289230108261108 1.6306486129760742 30.08323097229004 1.1634571552276611 63.36962890625 -7.822872638702393 0.1703
Pedestrian 1 1 1 1041.860107421875 199.47703552246094 1126.7015380859375 331.1941833496094 0.7213051319122314 1.2276955842971802 0.35815760493278503 4.681349754333496 1.5081439018249512 7.241322040557861 -4.752352237701416 0.1645
Car 1 1 1 13.148475646972656 207.3294219970703 109.65459442138672 239.19833374023438 3.932340145111084 1.5304299592971802 1.6384690999984741 -29.976947784423828 3.4914605617523193 39.5119743347168 -6.694365978240967 0.1608
Car 1 1 1 1107.3900146484375 162.7621612548828 1241.0 218.89511108398438 3.6689462661743164 1.52181875705719 1.6137144565582275 16.93036460876465 1.2479192018508911 21.323673248291016 -5.623260021209717 0.1579
Car 1 1 1 223.0608367919922 160.07223510742188 266.93011474609375 183.86000061035156 3.9257633686065674 1.9143813848495483 1.7235599756240845 -30.340768814086914 0.8854354619979858 60.04584503173828 -7.872216701507568 0.1529
Cyclist 1 1 1 347.7067565917969 186.54058837890625 386.84429931640625 231.82760620117188 1.7495005130767822 1.9179106950759888 0.6836091876029968 -10.810202598571777 2.5436363220214844 32.064022064208984 -7.479240894317627 0.1232
Car 1 1 1 281.35894775390625 195.53172302246094 350.8334655761719 231.9655303955078 4.079154968261719 1.4608242511749268 1.717982292175293 -13.62198543548584 2.581258535385132 33.584957122802734 -4.753921031951904 0.1205
Pedestrian 1 1 1 1105.658447265625 164.22103881835938 1139.73681640625 217.78237915039062 0.7148523330688477 1.7844266891479492 0.6126374006271362 17.283424377441406 1.4965147972106934 24.398242950439453 -6.444679260253906 0.1201
Pedestrian 1 1 1 618.2191162109375 155.7213592529297 632.749267578125 189.94427490234375 0.6213709712028503 1.8897764682769775 0.6532057523727417 0.8237143754959106 0.9434186220169067 40.23275375366211 -8.137796401977539 0.1123
Pedestrian 1 1 1 897.5724487304688 170.62515258789062 904.8240356445312 189.9925079345703 0.5621504783630371 1.8026691675186157 0.7010495662689209 27.248615264892578 1.5949113368988037 67.5741958618164 -2.8579721450805664 0.1078
