Car 1 1 1 754.9207763671875 193.0399932861328 991.693359375 351.8556213378906 3.484361171722412 1.4211828708648682 1.560023546218872 2.811279773712158 1.7114301919937134 8.6426362991333 -7.8548054695129395 0.9815
Car 1 1 1 831.8441162109375 176.1739501953125 1078.251953125 259.5205993652344 3.9315185546875 1.4826273918151855 1.6351327896118164 6.400686740875244 1.550148367881775 13.823966026306152 -6.232661724090576 0.9495
Car 1 1 1 0.0 175.0771484375 287.9716796875 318.7386169433594 3.7582523822784424 1.5444892644882202 1.5528091192245483 -6.158097267150879 1.5738879442214966 8.712372779846191 -6.201842784881592 0.9310
Car 1 1 1 112.01819610595703 181.6649169921875 363.73541259765625 264.1863708496094 3.9441137313842773 1.4385818243026733 1.502739429473877 -6.908413887023926 1.6138778924942017 13.566000938415527 -3.1734399795532227 0.9220
Car 1 1 1 39.629234313964844 178.46102905273438 380.7214660644531 289.63616943359375 4.35959005355835 1.562461256980896 1.6863349676132202 -6.047031879425049 1.6558328866958618 11.143223762512207 -6.251955032348633 0.9148
Car 1 1 1 0.0 178.8773956298828 245.80224609375 374.0 4.2540178298950195 1.59747314453125 1.6125868558883667 -5.7656121253967285 1.6566177606582642 6.293331146240234 -6.273205757141113 0.9091
Car 1 1 1 332.2566833496094 179.373779296875 465.14453125 231.39059448242188 3.8271307945251465 1.565150499343872 1.6528065204620361 -6.685012340545654 1.7817238569259644 22.9834041595459 -3.2440028190612793 0.8701
Car 1 1 1 706.6414184570312 181.88882446289062 819.893310546875 222.44287109375 3.848592758178711 1.434171438217163 1.5493428707122803 5.652044296264648 1.7849900722503662 27.008821487426758 -6.421256065368652 0.8605
Car 1 1 1 633.0574340820312 179.57049560546875 672.19775390625 207.77976989746094 3.914710521697998 1.5444344282150269 1.7523586750030518 2.4233715534210205 1.95853853225708 42.49321746826172 -7.93973970413208 0.8467
Car 1 1 1 456.4385986328125 176.800048828125 529.45068359375 207.3866729736328 3.5467844009399414 1.5133588314056396 1.5909444093704224 -5.971114635467529 1.7195484638214111 36.84593963623047 -6.349255084991455 0.8372
Car 1 1 1 201.7362823486328 184.18655395507812 419.7781677246094 253.24053955078125 4.169175624847412 1.4195950031280518 1.5781506299972534 -6.545341968536377 1.6834746599197388 15.966741561889648 -3.172652244567871 0.8329
Car 1 1 1 268.2682189941406 180.62754821777344 442.3905334472656 243.74745178222656 3.9023213386535645 1.5191636085510254 1.5951693058013916 -6.507027626037598 1.728356122970581 18.51944351196289 -3.0750441551208496 0.8246
Car 1 1 1 458.96630859375 181.6203155517578 537.0726928710938 209.12442016601562 3.962794065475464 1.443687081336975 1.555098295211792 -6.120177745819092 1.9334816932678223 39.40397644042969 -3.0609090328216553 0.6557
Car 1 1 1 724.2294311523438 176.01834106445312 867.8649291992188 225.1859588623047 4.369039058685303 1.5804014205932617 1.6925677061080933 6.110754013061523 1.690094232559204 24.193681716918945 -3.1603095531463623 0.5920
Car 1 1 1 771.3787231445312 179.17047119140625 931.39990234375 238.36166381835938 3.6936559677124023 1.4813724756240845 1.569654941558838 6.239711284637451 1.6550143957138062 19.051074981689453 -6.301505088806152 0.5913
Car 1 1 1 802.6268920898438 178.06982421875 1000.82080078125 246.53079223632812 3.8500514030456543 1.4535523653030396 1.5848740339279175 6.457528591156006 1.5777487754821777 16.338315963745117 -6.331264019012451 0.5821
Car 1 1 1 710.97998046875 176.25106811523438 815.0889282226562 217.82093811035156 3.893040180206299 1.6279633045196533 1.6476017236709595 6.100653648376465 1.7695541381835938 29.26833724975586 -6.259676456451416 0.5190
Car 1 1 1 364.94049072265625 168.16773986816406 486.96478271484375 222.28221130371094 3.868624210357666 1.8489593267440796 1.6766248941421509 -6.541704177856445 1.688541054725647 25.677383422851562 -6.18482780456543 0.4835
Pedestrian 1 1 1 0.0 145.6416015625 32.511558532714844 208.9139404296875 0.568222165107727 1.9509457349777222 0.670600414276123 -18.683555603027344 1.111575961112976 22.627626419067383 -8.193936347961426 0.4722
Pedestrian 1 1 1 925.0488891601562 157.9248809814453 942.8275146484375 197.1019744873047 0.5189104080200195 1.8291594982147217 0.6801994442939758 15.228011131286621 1.1318258047103882 34.02007293701172 -4.476192951202393 0.4098
Pedestrian 1 1 1 1102.48876953125 140.90577697753906 1175.530029296875 283.0513000488281 0.6620404124259949 1.797165870666504 0.6894817352294922 6.981174468994141 1.3929400444030762 9.599469184875488 -5.454471111297607 0.3774
Car 1 1 1 765.6929931640625 179.0842742919922 900.2787475585938 229.55499267578125 3.5420565605163574 1.4424325227737427 1.5719443559646606 6.574209690093994 1.6362792253494263 21.655195236206055 -6.307739734649658 0.3621
Pedestrian 1 1 1 266.2603454589844 156.25326538085938 286.2281188964844 196.56500244140625 0.6308064460754395 1.8541251420974731 0.6729114055633545 -15.548415184020996 1.0902796983718872 33.53396224975586 -7.952859401702881 0.3621
Car 1 1 1 621.3422241210938 175.5877685546875 644.4443969726562 195.35154724121094 4.010110378265381 1.5047560930252075 1.5129410028457642 1.7672358751296997 1.7302014827728271 57.54138946533203 -4.76337194442749 0.3595
Pedestrian 1 1 1 550.5640258789062 175.0695037841797 563.2926635742188 206.6519012451172 0.8918986320495605 1.6928526163101196 0.5717698931694031 -2.9180715084075928 1.8143539428710938 39.20417022705078 -4.646281719207764 0.3428
Car 1 1 1 680.8330688476562 169.50904846191406 727.5040893554688 186.16793823242188 4.102640151977539 1.4715075492858887 1.6612663269042969 8.402771949768066 1.1757417917251587 64.77500915527344 -3.036931037902832 0.3243
Pedestrian 1 1 1 1017.3583984375 163.04942321777344 1029.822509765625 203.96507263183594 0.22644154727458954 1.812841534614563 0.44050484895706177 18.421743392944336 1.3781319856643677 32.214698791503906 -3.4903006553649902 0.2292
Car 1 1 1 444.3099060058594 167.3216094970703 501.550048828125 190.09432983398438 3.892324447631836 1.5667850971221924 1.6283029317855835 -9.625650405883789 1.1858503818511963 50.733055114746094 -3.2886714935302734 0.1987
Pedestrian 1 1 1 949.9666748046875 154.97242736816406 973.880126953125 199.401611328125 0.7109858393669128 1.8632830381393433 0.7015639543533325 14.895914077758789 1.113060712814331 30.642728805541992 -4.631475448608398 0.1727
Car 1 1 1 518.7034301757812 176.98538208007812 550.275390625 201.07472229003906 3.6348230838775635 1.628692626953125 1.6212214231491089 -5.360767841339111 1.9328200817108154 51.29657745361328 -7.781679630279541 0.1581
Pedestrian 1 1 1 1161.2254638671875 138.89833068847656 1241.0 295.4187927246094 0.7993413209915161 1.80141019821167 0.6217669248580933 7.228602886199951 1.4103108644485474 8.807815551757812 -8.61994743347168 0.1462
Cyclist 1 1 1 307.8927307128906 148.03770446777344 350.9837341308594 197.15652465820312 1.5643635988235474 1.754016399383545 0.5354225635528564 -10.366899490356445 0.867534875869751 26.59000015258789 -4.303366661071777 0.1346
Pedestrian 1 1 1 239.2274932861328 162.3629150390625 260.5958251953125 201.7869110107422 0.5540584921836853 1.7946789264678955 0.7246715426445007 -16.582048416137695 1.316798210144043 33.15184020996094 -7.935580730438232 0.1155
Car 1 1 1 312.82666015625 155.9135284423828 347.66583251953125 190.55845642089844 4.600788593292236 2.243551254272461 1.8504307270050049 -19.04607391357422 1.1462128162384033 49.194278717041016 -8.142657279968262 0.1152
Pedestrian 1 1 1 1169.481689453125 137.67071533203125 1235.3319091796875 259.5719299316406 0.5573692917823792 1.7387149333953857 0.493047833442688 8.59722900390625 1.2365847826004028 10.551986694335938 -3.192824125289917 0.1151
Pedestrian 1 1 1 274.6171875 159.48220825195312 289.18206787109375 199.30470275878906 0.5444267988204956 1.9714033603668213 0.6574854850769043 -16.45919418334961 1.3091362714767456 36.10541915893555 -8.291557312011719 0.1122
Pedestrian 1 1 1 900.4361572265625 170.0055389404297 917.1670532226562 201.0288543701172 0.5694934725761414 1.7429488897323608 0.7513527870178223 16.88263702392578 1.582616925239563 40.866790771484375 -7.728796482086182 0.1036
Car 1 1 1 172.2191619873047 186.95135498046875 235.4338836669922 221.88743591308594 3.818490505218506 1.4392848014831543 1.5912917852401733 -18.765186309814453 2.131883144378662 33.419898986816406 -8.096238136291504 0.1028
