Car 1 1 1 24.2303409576416 185.45924377441406 255.4532012939453 291.5914306640625 4.256023406982422 1.6261863708496094 1.7120879888534546 -8.647241592407227 1.9030895233154297 13.716913223266602 -4.7395710945129395 0.9220
Car 1 1 1 589.0427856445312 175.07009887695312 614.6048583984375 199.33546447753906 3.8259551525115967 1.5585862398147583 1.6544245481491089 -0.5567554831504822 1.7134697437286377 48.61050033569336 -7.850794315338135 0.7514
Car 1 1 1 443.60528564453125 171.62855529785156 488.7193908691406 198.40280151367188 4.373415946960449 1.651349425315857 1.7594114542007446 -9.286802291870117 1.5754679441452026 46.74867630004883 -4.637318134307861 0.5738
Car 1 1 1 211.4904022216797 172.57057189941406 316.0257263183594 233.90151977539062 4.4614949226379395 1.9532833099365234 1.6944360733032227 -11.997960090637207 1.9439568519592285 25.247629165649414 -4.759154796600342 0.3466
Car 1 1 1 344.4665832519531 182.6280517578125 431.5522766113281 229.01483154296875 4.1970744132995605 1.3107097148895264 1.6655540466308594 -7.1219000816345215 1.656321406364441 23.409780502319336 -4.746877193450928 0.2708
Car 1 1 1 391.37921142578125 180.3502960205078 460.4722900390625 218.5893096923828 4.095455646514893 1.3565515279769897 1.623765230178833 -7.209366321563721 1.6734001636505127 28.465641021728516 -4.696066856384277 0.2632
Pedestrian 1 1 1 1032.6707763671875 148.6790008544922 1091.3514404296875 244.61474609375 0.6786455512046814 1.7591447830200195 0.6474975347518921 8.460609436035156 1.3155550956726074 13.60837173461914 -6.457718372344971 0.2031
Pedestrian 1 1 1 180.71189880371094 170.20306396484375 198.41448974609375 197.11949157714844 1.0279854536056519 1.9608389139175415 0.4562540352344513 -30.792524337768555 1.7674204111099243 52.798561096191406 -3.1552815437316895 0.1513
Pedestrian 1 1 1 908.5044555664062 153.08200073242188 956.594482421875 245.09410095214844 0.6235477328300476 1.8441206216812134 0.6754301190376282 6.609781742095947 1.4475473165512085 14.913439750671387 -3.707949638366699 0.1371
Car 1 1 1 266.60052490234375 181.65945434570312 395.78643798828125 246.6886444091797 4.216750621795654 1.4383751153945923 1.6568228006362915 -7.071788311004639 1.6916279792785645 18.65538787841797 -4.696484565734863 0.1357
Cyclist 1 1 1 1006.2182006835938 167.45895385742188 1150.0162353515625 279.3558349609375 1.816287636756897 1.661641001701355 0.7535776495933533 7.187689781188965 1.581225872039795 11.203783988952637 -3.26900577545166 0.1226
Pedestrian 1 1 1 1084.3475341796875 138.56056213378906 1116.6474609375 196.5160675048828 0.6898831725120544 1.8844853639602661 0.649856686592102 16.207597732543945 0.769097626209259 23.91545295715332 -6.806857585906982 0.1223
Pedestrian 1 1 1 758.882080078125 156.9134063720703 771.51513671875 190.01991271972656 0.4069119393825531 1.8340158462524414 0.5644018054008484 8.63386344909668 0.9506477117538452 40.319183349609375 -6.888403415679932 0.1200
Pedestrian 1 1 1 1019.0337524414062 151.44027709960938 1043.81298828125 205.6484832763672 0.6523884534835815 1.8559927940368652 0.6675320863723755 14.626118659973145 1.1225249767303467 25.134849548339844 -7.4525885581970215 0.1062
Car 1 1 1 638.1202392578125 175.32498168945312 658.1823120117188 195.53147888183594 4.007349491119385 1.5780513286590576 1.5800765752792358 3.114347219467163 1.786497950553894 58.90314865112305 -4.64561128616333 0.1004
