Car 1 1 1 0.0 196.0560760498047 257.32318115234375 290.25494384765625 3.613816022872925 1.4827464818954468 1.564350962638855 -8.381171226501465 1.9119961261749268 12.55548095703125 -3.152951240539551 0.9801
Car 1 1 1 453.4708251953125 181.47586059570312 518.3433227539062 206.97984313964844 3.8594954013824463 1.550243854522705 1.6345199346542358 -7.800986289978027 2.1034088134765625 45.39878463745117 -6.336605548858643 0.9219
Car 1 1 1 102.1290512084961 194.5289306640625 329.8721923828125 273.7120056152344 3.884718894958496 1.5029315948486328 1.5981477499008179 -8.177263259887695 1.9859776496887207 15.149971008300781 -3.2154109477996826 0.9117
Car 1 1 1 331.2513732910156 177.0906982421875 456.8106384277344 227.28558349609375 4.130178928375244 1.788559079170227 1.741144061088562 -7.981906890869141 1.9506523609161377 26.759090423583984 -3.1285014152526855 0.8751
Cyclist 1 1 1 798.8847045898438 169.4513702392578 819.8031616210938 208.97235107421875 1.7460474967956543 1.6580567359924316 0.43223699927330017 8.549074172973633 1.5150039196014404 31.14596939086914 -7.8461737632751465 0.8709
Cyclist 1 1 1 826.8709106445312 165.8282470703125 853.7362060546875 211.48304748535156 1.735180139541626 1.642876148223877 0.4412139654159546 8.50253963470459 1.3897563219070435 26.832347869873047 -7.855828762054443 0.6547
Cyclist 1 1 1 779.7922973632812 176.74176025390625 795.3414306640625 209.27767944335938 1.6050219535827637 1.5968493223190308 0.33100396394729614 8.912848472595215 1.7971094846725464 36.4141845703125 -7.892253398895264 0.6042
Pedestrian 1 1 1 161.71072387695312 155.22630310058594 194.46621704101562 212.52606201171875 0.8146130442619324 1.865376353263855 0.6265913248062134 -14.353177070617676 1.2912120819091797 23.914627075195312 -7.913366794586182 0.3441
Pedestrian 1 1 1 436.3502502441406 157.8072052001953 451.208251953125 194.2094268798828 0.7076114416122437 1.9429055452346802 0.6842214465141296 -8.9937105178833 1.1395087242126465 38.890464782714844 -7.932797908782959 0.3242
Pedestrian 1 1 1 1105.62939453125 139.21127319335938 1156.8238525390625 222.37057495117188 0.7787229418754578 1.843483567237854 0.6866881847381592 11.812080383300781 1.097388505935669 16.445837020874023 -4.508875370025635 0.3219
Car 1 1 1 174.27044677734375 186.31512451171875 327.67266845703125 244.36866760253906 3.4725701808929443 1.4417880773544312 1.5636051893234253 -9.690077781677246 1.8292442560195923 19.62163734436035 -3.3753318786621094 0.2194
Car 1 1 1 306.6477966308594 178.58712768554688 365.761962890625 208.4765167236328 4.070301532745361 1.5129382610321045 1.5212149620056152 -14.901654243469238 1.8420265913009644 39.385704040527344 -4.664560794830322 0.1706
Car 1 1 1 468.6316833496094 179.62249755859375 528.4105224609375 202.76602172851562 3.8797483444213867 1.5582470893859863 1.635985016822815 -7.899230003356934 2.0496766567230225 50.934593200683594 -2.7576777935028076 0.1554
Car 1 1 1 610.1356201171875 178.43931579589844 628.5470581054688 195.62835693359375 3.8411011695861816 1.545188069343567 1.6873167753219604 0.8640428185462952 2.086629867553711 68.05158233642578 -7.8384528160095215 0.1532
Car 1 1 1 785.37744140625 174.0084991455078 823.6729125976562 204.8545379638672 3.776745557785034 1.5204108953475952 1.635695457458496 10.077147483825684 1.5836764574050903 37.72101974487305 -7.670196056365967 0.1475
Cyclist 1 1 1 444.6911315917969 177.2857208251953 453.8367919921875 197.3915252685547 1.4776779413223267 1.5757092237472534 0.3468872010707855 -12.858534812927246 1.9338970184326172 57.62116241455078 -7.8141770362854 0.1450
Car 1 1 1 45.278987884521484 151.73675537109375 151.70018005371094 199.84291076660156 3.2992360591888428 1.6540956497192383 1.5833090543746948 -18.685527801513672 0.9276942014694214 26.465179443359375 -7.861629962921143 0.1417
Car 1 1 1 450.7261657714844 176.85958862304688 474.0574951171875 195.70570373535156 3.914534330368042 1.5483646392822266 1.4812617301940918 -12.703890800476074 1.904164433479309 62.139286041259766 -4.785609722137451 0.1369
Car 1 1 1 263.11651611328125 160.76734924316406 323.2349853515625 193.71710205078125 4.058503150939941 1.8695381879806519 1.8013908863067627 -18.81883430480957 1.18345308303833 42.9688720703125 -4.712640762329102 0.1312
Car 1 1 1 901.68359375 155.81947326660156 940.897216796875 183.92276000976562 4.645540237426758 2.392011880874634 1.8016992807388306 27.438739776611328 0.9418175220489502 63.804405212402344 -7.769200801849365 0.1208
Car 1 1 1 532.0048217773438 180.1067657470703 570.3024291992188 206.42584228515625 4.351235389709473 1.5303045511245728 1.6997015476226807 -3.684004783630371 2.009188413619995 45.430049896240234 -4.625129699707031 0.1081
Cyclist 1 1 1 815.7828979492188 165.7415771484375 845.0753784179688 217.24012756347656 1.9055567979812622 1.783452033996582 0.4968022108078003 7.860164642333984 1.5368411540985107 25.94411277770996 -7.83873987197876 0.1059
Car 1 1 1 207.1137237548828 183.88575744628906 286.2270812988281 215.80593872070312 3.934929609298706 1.4417630434036255 1.5735936164855957 -18.102460861206055 2.0244104862213135 36.07025909423828 -4.572990894317627 0.1044
Cyclist 1 1 1 301.53717041015625 145.49925231933594 353.9056396484375 202.1009521484375 1.5447988510131836 1.8130539655685425 0.5565592050552368 -9.378127098083496 0.9365326166152954 23.89004135131836 -4.041105270385742 0.1020
