Car 1 1 1 0.0 186.82412719726562 86.38887023925781 230.2979736328125 3.8681588172912598 1.4991084337234497 1.4829095602035522 -22.516447067260742 2.081381320953369 28.118247985839844 -4.765681266784668 0.9583
Car 1 1 1 205.03404235839844 181.1300811767578 257.89385986328125 207.9302978515625 3.277024507522583 1.5431920289993286 1.5194135904312134 -23.16265106201172 2.068647623062134 44.19827651977539 -4.711846828460693 0.8935
Car 1 1 1 77.32658386230469 184.5292205810547 160.87564086914062 220.82435607910156 3.6023671627044678 1.5256571769714355 1.5567104816436768 -22.62791633605957 2.0948479175567627 33.354373931884766 -4.766396522521973 0.8759
Car 1 1 1 140.34312438964844 185.74476623535156 217.46250915527344 215.22071838378906 4.1103715896606445 1.4137582778930664 1.6191610097885132 -22.91960334777832 2.1378173828125 38.479248046875 -4.699472427368164 0.8211
Car 1 1 1 244.38900756835938 181.6074676513672 289.7086181640625 203.76779174804688 3.4593253135681152 1.4135725498199463 1.4681073427200317 -23.330965042114258 2.0304012298583984 49.13323974609375 -4.721101760864258 0.6776
Pedestrian 1 1 1 827.9302368164062 159.66909790039062 854.3203735351562 222.4929656982422 1.0097273588180542 1.9322328567504883 0.7237557172775269 7.259689807891846 1.5264133214950562 22.79521369934082 -7.472131252288818 0.5563
Car 1 1 1 313.941650390625 178.3982696533203 351.1291809082031 196.90599060058594 4.119037628173828 1.5079082250595093 1.5900746583938599 -23.848100662231445 2.0005862712860107 62.09074020385742 -4.704208850860596 0.2806
Pedestrian 1 1 1 729.6867065429688 173.30633544921875 741.0885620117188 200.541015625 0.6807143092155457 1.7833044528961182 0.5611093044281006 8.228632926940918 1.8130041360855103 47.55555725097656 -3.0833282470703125 0.2723
Pedestrian 1 1 1 1016.520263671875 146.43228149414062 1065.345947265625 251.7397918701172 0.45211195945739746 1.8044227361679077 0.6113158464431763 7.483598709106445 1.3513920307159424 12.636914253234863 -7.6877570152282715 0.2249
Car 1 1 1 602.4273071289062 157.7477569580078 638.7674560546875 194.4351348876953 3.9641385078430176 1.710203766822815 1.6941851377487183 0.4477570354938507 1.0057175159454346 35.61896896362305 -7.856353282928467 0.1730
Pedestrian 1 1 1 660.171142578125 168.10951232910156 672.6145629882812 192.72781372070312 0.9434022903442383 1.8967304229736328 0.4955960810184479 4.3353962898254395 1.530887246131897 55.85919952392578 -3.098395586013794 0.1654
Car 1 1 1 285.8341064453125 181.1727752685547 326.08599853515625 202.45204162597656 3.7892932891845703 1.5140762329101562 1.4367955923080444 -23.035499572753906 2.1666009426116943 54.723968505859375 -4.705572605133057 0.1606
Cyclist 1 1 1 947.60546875 163.1851043701172 995.6383666992188 205.9814910888672 1.7234028577804565 1.8017178773880005 0.6486786007881165 15.403772354125977 1.394359827041626 30.852954864501953 -6.099366664886475 0.1406
Car 1 1 1 458.0078125 175.97181701660156 487.8460998535156 205.4647674560547 3.6915323734283447 1.510093092918396 1.5246243476867676 -7.542430400848389 1.6881896257400513 39.32215881347656 -4.919421672821045 0.1400
Car 1 1 1 711.6680908203125 160.85516357421875 743.473388671875 185.27662658691406 3.8640553951263428 1.6326619386672974 1.6452360153198242 8.204316139221191 0.8301964998245239 50.32787322998047 -4.404416561126709 0.1327
Car 1 1 1 199.3514404296875 170.90093994140625 253.05226135253906 194.3838653564453 3.7113568782806396 1.755335807800293 1.6434471607208252 -29.716567993164062 1.6090439558029175 55.927772521972656 -4.484804630279541 0.1303
Pedestrian 1 1 1 813.4462280273438 164.80897521972656 840.77490234375 225.44503784179688 0.8113941550254822 1.7937124967575073 0.6772279739379883 6.531886577606201 1.5554276704788208 21.856231689453125 -4.267120361328125 0.1277
Car 1 1 1 338.4234619140625 175.7919921875 357.5235595703125 193.44058227539062 4.126333713531494 1.5563609600067139 1.608563780784607 -24.17268943786621 1.8361735343933105 66.57951354980469 -5.049412727355957 0.1076
Car 1 1 1 677.5189819335938 175.7277374267578 708.3137817382812 199.92909240722656 3.6853091716766357 1.4881490468978882 1.5558665990829468 5.287935256958008 1.6809942722320557 46.65040588378906 -4.7150702476501465 0.1031
Car 1 1 1 793.121826171875 189.74130249023438 852.0582275390625 213.54820251464844 4.159493446350098 1.5831341743469238 1.5861589908599854 15.314720153808594 2.8401787281036377 52.04296875 -6.773630619049072 0.1009
