Car 1 1 1 629.1241455078125 179.88726806640625 683.8662719726562 220.16970825195312 4.196602821350098 1.4135596752166748 1.5897067785263062 1.6960771083831787 1.7092570066452026 28.21795082092285 -7.923080921173096 0.9681
Car 1 1 1 793.7184448242188 189.23329162597656 1065.1024169921875 278.32708740234375 4.034780979156494 1.3949661254882812 1.5559744834899902 5.35755729675293 1.6987504959106445 12.509305000305176 -6.337399959564209 0.9510
Cyclist 1 1 1 464.87384033203125 173.14688110351562 498.8303527832031 246.44891357421875 1.730284571647644 1.8144522905349731 0.5309890508651733 -3.358732223510742 1.822112798690796 18.739376068115234 -4.6848978996276855 0.9143
Car 1 1 1 781.221435546875 174.97357177734375 994.4388427734375 256.0889587402344 3.8051726818084717 1.5811445713043213 1.6116259098052979 5.609829425811768 1.627450704574585 14.987932205200195 -6.321165084838867 0.9051
Car 1 1 1 0.0 178.531982421875 237.59988403320312 334.3609313964844 4.101955413818359 1.6069672107696533 1.6552351713180542 -6.93333101272583 1.6813627481460571 8.502461433410645 -3.221947431564331 0.8956
Car 1 1 1 303.0021057128906 182.03839111328125 455.2026062011719 231.42979431152344 4.193592071533203 1.4411859512329102 1.6325336694717407 -7.084751129150391 1.7359275817871094 22.28287124633789 -3.17991042137146 0.8688
Car 1 1 1 1024.8756103515625 188.7340087890625 1241.0 359.569091796875 3.806147813796997 1.4640495777130127 1.587705135345459 6.400638580322266 1.6381269693374634 7.1273274421691895 -6.2821478843688965 0.8510
Car 1 1 1 864.3995361328125 185.4360809326172 1241.0 311.2744445800781 4.155841827392578 1.4945549964904785 1.6275866031646729 5.703435897827148 1.6773834228515625 9.623472213745117 -3.1728293895721436 0.8355
Car 1 1 1 348.58160400390625 183.47044372558594 469.863525390625 229.42330932617188 3.7761735916137695 1.4874547719955444 1.5980103015899658 -6.853527069091797 1.865307331085205 24.748254776000977 -3.224468469619751 0.7481
Car 1 1 1 1160.488525390625 187.12887573242188 1241.0 374.0 4.205611228942871 1.544070839881897 1.6545284986495972 6.205427169799805 1.654441237449646 4.535290241241455 -6.170411109924316 0.4640
Pedestrian 1 1 1 1207.6776123046875 124.30399322509766 1241.0 209.86453247070312 0.7246785759925842 1.9088335037231445 0.6625407934188843 14.22940731048584 0.8253954648971558 16.49691390991211 -7.7332587242126465 0.4621
Car 1 1 1 0.0 157.5846710205078 319.4236755371094 282.2413330078125 4.028334140777588 1.7672885656356812 1.6892505884170532 -6.883292198181152 1.5505114793777466 11.109169006347656 -6.265682220458984 0.4111
Car 1 1 1 358.31817626953125 179.21762084960938 457.2415466308594 219.52597045898438 3.6411051750183105 1.6117867231369019 1.6276978254318237 -8.395468711853027 1.8835570812225342 29.986297607421875 -3.1148133277893066 0.3926
Car 1 1 1 619.2536010742188 175.6561737060547 646.886474609375 203.37301635742188 3.842658042907715 1.5770270824432373 1.5883210897445679 1.3845329284667969 1.7529139518737793 43.408363342285156 -7.804224491119385 0.3348
Car 1 1 1 645.8380737304688 168.43673706054688 671.7299194335938 189.053955078125 3.946658134460449 1.6127530336380005 1.6320663690567017 3.8910939693450928 1.2669191360473633 58.45427703857422 -7.905846118927002 0.3099
Car 1 1 1 419.77142333984375 166.19508361816406 503.40667724609375 197.5380859375 3.779686689376831 1.5127447843551636 1.5787137746810913 -7.3452348709106445 1.191057562828064 35.70941162109375 -3.0904321670532227 0.2810
Car 1 1 1 614.8084106445312 172.41502380371094 640.0132446289062 196.86585998535156 3.840193271636963 1.5821807384490967 1.5934765338897705 1.1070319414138794 1.5534749031066895 48.61188507080078 -7.856517314910889 0.2744
Car 1 1 1 436.9683532714844 179.5023651123047 511.90185546875 207.76019287109375 3.705271005630493 1.481228232383728 1.605169653892517 -7.387391090393066 1.8520351648330688 39.28247833251953 -3.036045789718628 0.2561
Car 1 1 1 451.5765686035156 179.12332153320312 515.64453125 202.8878173828125 3.763960838317871 1.47232985496521 1.6022394895553589 -8.201811790466309 1.8890197277069092 46.69046401977539 -2.85459566116333 0.2262
Pedestrian 1 1 1 713.189208984375 183.99925231933594 731.3845825195312 216.461669921875 0.8453937768936157 1.630515694618225 0.4876967966556549 5.662012577056885 2.2002787590026855 36.65829086303711 -3.149662971496582 0.2247
Car 1 1 1 318.8395690917969 181.069580078125 427.202392578125 222.557373046875 3.598949432373047 1.5131295919418335 1.5880305767059326 -8.993670463562012 1.8341838121414185 27.427040100097656 -3.142730236053467 0.2147
Pedestrian 1 1 1 718.0864868164062 161.422607421875 740.201904296875 202.1241455078125 0.8460542559623718 1.9457577466964722 0.6370207071304321 5.740444183349609 1.3989744186401367 35.018280029296875 -8.633298873901367 0.2140
Pedestrian 1 1 1 1124.8515625 139.50816345214844 1159.688720703125 209.59329223632812 0.9577546119689941 1.8826024532318115 0.6755046844482422 14.664238929748535 0.9865783452987671 19.96548080444336 -4.185214519500732 0.1664
Pedestrian 1 1 1 405.239990234375 158.06838989257812 417.48980712890625 191.96604919433594 0.6601166129112244 1.8767414093017578 0.6149885058403015 -11.13737678527832 1.0578372478485107 40.33176803588867 -8.051051139831543 0.1427
Pedestrian 1 1 1 988.298095703125 145.3306121826172 1006.4190673828125 189.76177978515625 0.484356164932251 1.8782209157943726 0.6722296476364136 16.534013748168945 0.7144358158111572 30.877742767333984 -7.338078022003174 0.1365
Pedestrian 1 1 1 299.6160583496094 159.35403442382812 315.8993225097656 197.72726440429688 0.44312784075737 1.8800963163375854 0.5981066226959229 -15.001214027404785 1.2183654308319092 35.720062255859375 -5.789474964141846 0.1129
Car 1 1 1 473.8474426269531 176.6784210205078 528.1135864257812 196.86300659179688 3.8261849880218506 1.4676086902618408 1.6434221267700195 -8.10682487487793 1.756508708000183 53.67962646484375 -3.1736397743225098 0.1107
Pedestrian 1 1 1 968.2792358398438 151.10560607910156 987.8390502929688 195.359130859375 0.47757968306541443 1.8455904722213745 0.6998977661132812 15.503941535949707 0.9382750988006592 30.478559494018555 -7.301808834075928 0.1022
