Car 1 1 1 49.840641021728516 191.56143188476562 233.07058715820312 275.3613586425781 3.433608055114746 1.4053523540496826 1.5100293159484863 -9.313014030456543 1.8282661437988281 14.597118377685547 -4.724809169769287 0.9560
Car 1 1 1 500.5914001464844 183.84902954101562 565.8501586914062 232.65481567382812 3.964630365371704 1.3982881307601929 1.6260703802108765 -2.4675066471099854 1.787698745727539 23.57390022277832 -7.831005573272705 0.9478
Car 1 1 1 578.813720703125 181.62469482421875 638.6268920898438 228.98187255859375 3.3680930137634277 1.3332279920578003 1.693215012550354 -0.020785342901945114 1.6296414136886597 22.681486129760742 -7.798793315887451 0.9432
Car 1 1 1 675.9847412109375 179.0032501220703 764.2698974609375 243.48208618164062 4.075169086456299 1.4984642267227173 1.674041986465454 2.7572760581970215 1.6793217658996582 19.207815170288086 -7.867574214935303 0.9083
Car 1 1 1 240.79193115234375 182.8389892578125 424.9195251464844 267.6165466308594 3.7552506923675537 1.4945722818374634 1.6173733472824097 -5.785126209259033 1.7226989269256592 14.812908172607422 -2.5718984603881836 0.9065
Car 1 1 1 632.386962890625 176.3662567138672 661.0361328125 201.62655639648438 3.5462050437927246 1.5999250411987305 1.653566598892212 2.3738553524017334 1.8419239521026611 47.98738098144531 -7.874086856842041 0.8369
Car 1 1 1 314.61700439453125 184.90609741210938 465.4019775390625 251.9005584716797 3.889829397201538 1.4387859106063843 1.6245813369750977 -5.58737850189209 1.7692108154296875 17.97600746154785 -2.491394281387329 0.7789
Car 1 1 1 44.53386688232422 185.98162841796875 166.5702362060547 238.0902862548828 3.1830737590789795 1.368915319442749 1.419704794883728 -14.849047660827637 1.7864171266555786 21.362749099731445 -4.725917339324951 0.7576
Car 1 1 1 665.4520874023438 180.51251220703125 727.7794799804688 230.0924835205078 3.9487178325653076 1.4618226289749146 1.6392526626586914 2.7324600219726562 1.73599374294281 23.873191833496094 -7.839779376983643 0.6667
Car 1 1 1 453.93572998046875 177.64466857910156 521.8797607421875 207.34915161132812 3.551884412765503 1.3707466125488281 1.4516035318374634 -6.097148418426514 1.6184161901474 35.603118896484375 -5.529818058013916 0.6618
Car 1 1 1 590.4259033203125 178.6460723876953 628.8629150390625 214.75050354003906 3.5535290241241455 1.5323407649993896 1.6633745431900024 -0.09668091684579849 1.8112986087799072 32.99363327026367 -7.87575101852417 0.6489
Car 1 1 1 389.0517578125 179.90823364257812 482.2104187011719 225.6951904296875 3.4188876152038574 1.491391658782959 1.534138798713684 -6.299270153045654 1.7592666149139404 25.72835350036621 -5.565884590148926 0.6209
Car 1 1 1 657.221435546875 175.8038330078125 705.4232788085938 214.18736267089844 3.3802340030670166 1.484354019165039 1.513513445854187 2.855532646179199 1.6133018732070923 29.89116668701172 -7.900171756744385 0.5428
Car 1 1 1 562.240478515625 176.4341278076172 583.366455078125 196.65423583984375 3.775386333465576 1.5137810707092285 1.6006557941436768 -2.94425892829895 1.8039956092834473 56.625064849853516 -7.903892993927002 0.3246
Pedestrian 1 1 1 704.585205078125 160.57012939453125 737.5375366210938 238.39483642578125 0.6384018659591675 1.7711108922958374 0.6119988560676575 2.523089647293091 1.4912583827972412 16.77132797241211 -7.963723659515381 0.3168
Car 1 1 1 522.0394897460938 179.14373779296875 567.3221435546875 218.88270568847656 3.826918363571167 1.4541544914245605 1.5969098806381226 -2.6049413681030273 1.7231680154800415 28.955774307250977 -7.887304782867432 0.2927
Pedestrian 1 1 1 713.1615600585938 156.65936279296875 726.946044921875 192.55662536621094 0.6592392921447754 1.963037133216858 0.7126993536949158 6.0435028076171875 1.0771352052688599 39.85517501831055 -4.497691631317139 0.1951
Pedestrian 1 1 1 940.4158325195312 159.15350341796875 977.2906494140625 237.8821258544922 0.5193538665771484 1.703777551651001 0.5690853595733643 7.6816325187683105 1.4069831371307373 15.999448776245117 -6.963703632354736 0.1784
Pedestrian 1 1 1 1144.79052734375 119.72235870361328 1241.0 318.4567565917969 1.1133474111557007 1.9561924934387207 0.5932562351226807 6.221170425415039 1.432904601097107 7.4185004234313965 -6.24763822555542 0.1557
Car 1 1 1 534.1285400390625 173.9118194580078 561.3945922851562 189.98097229003906 3.6121816635131836 1.4598660469055176 1.5309908390045166 -5.833383560180664 1.5617001056671143 67.73517608642578 -4.4910712242126465 0.1508
Cyclist 1 1 1 804.2071533203125 173.8000030517578 957.636474609375 320.51092529296875 1.725271224975586 1.8141711950302124 0.6592257618904114 3.3892805576324463 1.8264906406402588 9.275918006896973 -3.1188364028930664 0.1466
Car 1 1 1 186.1885223388672 165.84620666503906 287.81573486328125 233.68162536621094 3.9490110874176025 1.578244686126709 1.6682535409927368 -9.680191993713379 1.414902925491333 18.91801643371582 -5.003631591796875 0.1132
Pedestrian 1 1 1 0.0 174.10614013671875 26.435853958129883 238.42169189453125 0.7934689521789551 1.7894877195358276 0.5365062952041626 -17.21310806274414 1.8256793022155762 20.56102752685547 -3.895221710205078 0.1124
Pedestrian 1 1 1 240.68951416015625 173.6702423095703 304.4519348144531 306.83349609375 0.499531090259552 1.7486400604248047 0.6615228652954102 -4.6115946769714355 1.759718656539917 9.768355369567871 -4.840213298797607 0.1108
Car 1 1 1 531.9609985351562 178.5549774169922 571.6062622070312 210.9183349609375 3.0533077716827393 1.4380556344985962 1.492781162261963 -2.7575550079345703 1.7200912237167358 34.172367095947266 -7.80542516708374 0.1018
