Car 1 1 1 29.836029052734375 195.21359252929688 145.3877410888672 243.2147216796875 3.4987993240356445 1.3847711086273193 1.5643829107284546 -17.499252319335938 2.1936323642730713 24.304908752441406 -4.792664051055908 0.8649
Car 1 1 1 193.31192016601562 189.35922241210938 251.2736358642578 213.97467041015625 4.30829381942749 1.553074598312378 1.6850382089614868 -27.137802124023438 2.7600438594818115 50.60601043701172 -4.692225456237793 0.5995
Car 1 1 1 538.0064697265625 175.3907470703125 559.8517456054688 193.44155883789062 3.8108177185058594 1.486188292503357 1.6561180353164673 -5.23240327835083 1.710206151008606 61.876319885253906 -7.881820201873779 0.3717
Car 1 1 1 955.4404907226562 189.21224975585938 1035.135498046875 221.4840850830078 4.407309055328369 1.4359475374221802 1.8594168424606323 19.394880294799805 2.3169760704040527 36.62805938720703 -4.664037227630615 0.3168
Pedestrian 1 1 1 957.8804931640625 157.5464324951172 986.0896606445312 222.29844665527344 0.8830090761184692 1.7390437126159668 0.6577640175819397 9.930941581726074 1.3276286125183105 19.9157657623291 -4.29069185256958 0.2507
Car 1 1 1 857.622802734375 186.34474182128906 913.5906982421875 214.0694122314453 4.254039764404297 1.5448741912841797 1.796279788017273 16.847187042236328 2.414841890335083 44.41305160522461 -4.7183518409729 0.1985
Cyclist 1 1 1 1028.6593017578125 170.35755920410156 1071.9742431640625 208.86880493164062 1.6716580390930176 1.7864032983779907 0.6569055318832397 20.619840621948242 1.670302152633667 33.86977005004883 -6.370547294616699 0.1787
Pedestrian 1 1 1 831.6865234375 153.62887573242188 858.3964233398438 201.47695922851562 0.9231173396110535 1.9673380851745605 0.6506167650222778 9.795594215393066 1.176571249961853 30.204105377197266 -3.7847843170166016 0.1714
Pedestrian 1 1 1 769.6326904296875 157.56475830078125 785.398193359375 192.0842742919922 0.8431269526481628 1.9629043340682983 0.763664722442627 9.588143348693848 1.093203067779541 41.47873306274414 -7.777529239654541 0.1535
Pedestrian 1 1 1 946.9658203125 179.65318298339844 971.3011474609375 225.05470275878906 0.7839598059654236 1.739629864692688 0.6790997385978699 13.646690368652344 2.0106279850006104 28.293148040771484 -5.713499546051025 0.1378
