Cyclist 1 1 1 843.2546997070312 179.05892944335938 869.3180541992188 231.12062072753906 1.4484467506408691 1.5277601480484009 0.5223764777183533 7.50966739654541 1.7241969108581543 22.116296768188477 -4.215881824493408 0.8347
Pedestrian 1 1 1 726.6424560546875 161.9105987548828 763.4094848632812 237.13226318359375 0.9252930879592896 1.8989447355270386 0.6184447407722473 3.445683002471924 1.6223825216293335 18.735580444335938 -4.940611839294434 0.8271
Pedestrian 1 1 1 441.8752746582031 171.98667907714844 484.93914794921875 279.82342529296875 0.8316516280174255 1.6206691265106201 0.6232576966285706 -2.3655619621276855 1.6073341369628906 11.323477745056152 -8.101744651794434 0.7667
Pedestrian 1 1 1 691.166748046875 164.23287963867188 727.9737548828125 238.5800323486328 0.9946802258491516 1.8918464183807373 0.6302617192268372 2.5498273372650146 1.6721724271774292 18.91921615600586 -4.957149982452393 0.7218
Pedestrian 1 1 1 379.82855224609375 167.11465454101562 425.5472106933594 246.32904052734375 0.8605548143386841 1.8007712364196777 0.6598193049430847 -4.852925777435303 1.669999599456787 16.744564056396484 -3.1133391857147217 0.4594
Pedestrian 1 1 1 464.8983154296875 152.1217803955078 483.64739990234375 196.3696746826172 0.5486452579498291 1.9832868576049805 0.7629730105400085 -6.1997857093811035 1.053723931312561 32.72510528564453 -5.0463361740112305 0.3956
Cyclist 1 1 1 795.52783203125 179.25489807128906 808.8072509765625 210.66119384765625 1.5461950302124023 1.6196266412734985 0.3298080563545227 10.155498504638672 1.9660193920135498 38.30362319946289 -7.828362941741943 0.2463
Pedestrian 1 1 1 780.89208984375 165.58218383789062 798.1017456054688 200.51058959960938 0.7834958434104919 1.760454773902893 0.6458908319473267 9.104933738708496 1.393641710281372 36.77724838256836 -4.772558689117432 0.2403
Pedestrian 1 1 1 811.6796264648438 174.9630126953125 834.180908203125 218.672607421875 0.7593480348587036 1.6496340036392212 0.6326479315757751 8.135661125183105 1.7316296100616455 27.714462280273438 -5.87719202041626 0.2369
Cyclist 1 1 1 755.052978515625 181.4391632080078 769.5038452148438 221.32933044433594 1.6322720050811768 1.667747139930725 0.5572651624679565 6.590200901031494 2.0512287616729736 31.395559310913086 -4.468116283416748 0.2071
Pedestrian 1 1 1 666.0669555664062 171.62876892089844 683.8400268554688 206.70872497558594 0.9376398921012878 1.822241187095642 0.7290650606155396 3.3767032623291016 1.758296251296997 37.99891662597656 -4.863536834716797 0.2023
Pedestrian 1 1 1 679.1464233398438 167.77565002441406 694.3914794921875 196.31878662109375 0.9418706297874451 1.8238170146942139 0.4943757951259613 4.8967719078063965 1.4990262985229492 46.36827087402344 -6.246557712554932 0.1974
Cyclist 1 1 1 770.006591796875 175.95460510253906 784.163330078125 204.412841796875 1.629204511642456 1.6447631120681763 0.34656697511672974 9.845601081848145 1.8315298557281494 42.70682144165039 -7.928364276885986 0.1884
Pedestrian 1 1 1 489.53485107421875 168.61172485351562 510.8935852050781 210.1459197998047 0.6659054756164551 1.679733157157898 0.6070702075958252 -4.5533952713012695 1.507866621017456 29.630874633789062 -5.419334888458252 0.1812
Car 1 1 1 832.5631713867188 177.44985961914062 871.8245239257812 210.10299682617188 3.94425630569458 1.4241018295288086 1.5461877584457397 11.370369911193848 1.654855489730835 34.16810989379883 -4.443398952484131 0.1716
Cyclist 1 1 1 0.0 181.4978790283203 30.666378021240234 233.24551391601562 1.708204746246338 1.5855159759521484 0.45021116733551025 -19.360382080078125 1.874642014503479 23.280345916748047 -8.208138465881348 0.1705
Cyclist 1 1 1 1062.5421142578125 136.43453979492188 1156.1275634765625 256.72802734375 1.6848702430725098 1.632580280303955 0.4341058135032654 7.26370096206665 1.13800847530365 10.657526016235352 -7.7077202796936035 0.1689
Pedestrian 1 1 1 801.0228271484375 160.78695678710938 819.5709228515625 196.9299774169922 0.7615348100662231 1.8192015886306763 0.7253524661064148 10.143857955932617 1.2115262746810913 36.7022819519043 -7.86527681350708 0.1595
Pedestrian 1 1 1 1066.640869140625 162.4540557861328 1140.496826171875 290.9801025390625 0.5656284689903259 1.6730024814605713 0.5978295207023621 6.589417934417725 1.5373280048370361 9.733681678771973 -6.449217796325684 0.1575
Pedestrian 1 1 1 720.2434692382812 153.7198486328125 735.7388305664062 195.90113830566406 0.40336543321609497 1.8751593828201294 0.6015653610229492 5.253927230834961 1.0242550373077393 32.384117126464844 -7.425987720489502 0.1503
Car 1 1 1 746.33349609375 172.39285278320312 916.0755004882812 236.32093811035156 3.6898484230041504 1.4917576313018799 1.5368491411209106 5.263550758361816 1.4806969165802002 17.647571563720703 -6.260246276855469 0.1455
Pedestrian 1 1 1 944.014404296875 153.2926025390625 986.8035278320312 237.1295623779297 0.6063302755355835 1.689737319946289 0.5276963114738464 7.241944789886475 1.2951768636703491 14.824865341186523 -3.2039966583251953 0.1425
Pedestrian 1 1 1 404.64849853515625 154.20216369628906 448.380126953125 231.96385192871094 1.0055756568908691 1.8693052530288696 0.8431909680366516 -4.632623672485352 1.4206355810165405 17.986555099487305 -5.199061393737793 0.1218
Pedestrian 1 1 1 455.9923400878906 173.26947021484375 478.5455627441406 231.24072265625 0.4712602198123932 1.7141350507736206 0.5532031059265137 -4.317965030670166 1.726420283317566 21.59734344482422 -4.6256914138793945 0.1130
Pedestrian 1 1 1 673.0781860351562 167.58990478515625 688.0912475585938 196.5747528076172 0.7635034322738647 1.7662700414657593 0.5113820433616638 4.304929733276367 1.4451878070831299 44.37045669555664 -6.756467342376709 0.1125
Car 1 1 1 0.0 177.0872039794922 22.899423599243164 227.4221649169922 3.716968297958374 1.4714678525924683 1.5945185422897339 -20.60106658935547 1.6205593347549438 23.447683334350586 -5.199054718017578 0.1123
Car 1 1 1 0.0 190.4312286376953 204.188720703125 374.0 4.0040364265441895 1.558876633644104 1.5934674739837646 -5.52525520324707 1.763903260231018 6.4004693031311035 -4.746598720550537 0.1096
Car 1 1 1 489.0914001464844 161.75894165039062 515.3515014648438 184.93304443359375 4.459099769592285 2.0980000495910645 1.7407257556915283 -10.072673797607422 1.09324049949646 67.56310272216797 -7.840869426727295 0.1019
Pedestrian 1 1 1 906.4656372070312 151.52272033691406 937.833740234375 233.4402618408203 0.8423120379447937 1.8551993370056152 0.637270987033844 7.225910663604736 1.3718067407608032 16.84819221496582 -4.34559440612793 0.1010
Car 1 1 1 0.0 180.08016967773438 42.74842071533203 260.3094482421875 4.223918437957764 1.5653191804885864 1.5875965356826782 -15.561820983886719 1.7523516416549683 16.582612991333008 -4.698693752288818 0.1006
