Car 1 1 1 700.7752075195312 190.06622314453125 817.5258178710938 273.2856750488281 3.4995346069335938 1.450520396232605 1.602637529373169 2.9271140098571777 1.8525866270065308 15.08951473236084 -7.89028787612915 0.9691
Car 1 1 1 0.0 183.59536743164062 308.0587463378906 306.3951110839844 3.915658473968506 1.5374704599380493 1.597915530204773 -6.538449287414551 1.6986795663833618 10.014479637145996 -3.159919500350952 0.9307
Car 1 1 1 0.0 187.3119659423828 270.9574890136719 355.6939392089844 4.335306644439697 1.4623414278030396 1.6022123098373413 -6.135200023651123 1.633609414100647 7.505058765411377 -6.404331207275391 0.9203
Car 1 1 1 696.2821655273438 177.60191345214844 799.9609985351562 212.84487915039062 4.334151268005371 1.5402445793151855 1.7216589450836182 6.188485622406006 1.7625092267990112 32.81432342529297 -3.2108540534973145 0.9104
Car 1 1 1 284.3372802734375 181.30638122558594 444.4156799316406 241.79881286621094 3.892145872116089 1.5373620986938477 1.6329048871994019 -6.6369709968566895 1.7802120447158813 19.695158004760742 -3.2713074684143066 0.9052
Car 1 1 1 215.47683715820312 175.31686401367188 426.1478576660156 259.6556701660156 3.691960573196411 1.6264725923538208 1.5859729051589966 -5.887643814086914 1.6796936988830566 14.82242488861084 -6.247964382171631 0.8467
Car 1 1 1 440.1576843261719 178.02003479003906 524.2391967773438 212.91152954101562 4.191995143890381 1.8064919710159302 1.7992486953735352 -6.814795970916748 2.08894944190979 38.562625885009766 -3.1561031341552734 0.8324
Car 1 1 1 82.8581314086914 181.18772888183594 387.48529052734375 279.66961669921875 4.429185390472412 1.5555065870285034 1.6428478956222534 -6.364078521728516 1.7093579769134521 12.447595596313477 -6.247969627380371 0.7567
Car 1 1 1 467.0182800292969 175.26783752441406 540.526611328125 205.3482666015625 4.303576946258545 1.7542575597763062 1.8013700246810913 -6.45971155166626 1.9039204120635986 43.55498504638672 -3.3217220306396484 0.7505
Car 1 1 1 778.2258911132812 185.5757598876953 909.7442016601562 232.39280700683594 3.5695016384124756 1.3734326362609863 1.567941427230835 7.1380109786987305 1.7815989255905151 22.38067626953125 -6.2844557762146 0.7213
Car 1 1 1 739.7117919921875 179.89761352539062 856.3851928710938 224.5054168701172 3.6743826866149902 1.4783262014389038 1.555853247642517 6.410616397857666 1.7309038639068604 25.04412269592285 -6.237903594970703 0.5989
Car 1 1 1 381.59210205078125 167.4860382080078 490.6468505859375 209.62818908691406 4.000382423400879 1.640426516532898 1.620828628540039 -6.954351425170898 1.4311730861663818 28.9412899017334 -6.305421352386475 0.4750
Pedestrian 1 1 1 81.53670501708984 146.40611267089844 123.38969421386719 215.27635192871094 0.8450383543968201 1.9819011688232422 0.6670280694961548 -14.955297470092773 1.2205021381378174 21.20954704284668 -7.926671504974365 0.4168
Car 1 1 1 0.0 196.5542449951172 61.739288330078125 374.0 4.126142978668213 1.499216079711914 1.6285313367843628 -6.763847351074219 1.7053663730621338 5.1917853355407715 -6.4228034019470215 0.3857
Car 1 1 1 403.191650390625 181.599609375 492.3217468261719 218.3188934326172 3.6236767768859863 1.513322353363037 1.5777336359024048 -7.000371932983398 1.9035265445709229 31.215932846069336 -3.2625913619995117 0.3635
Pedestrian 1 1 1 968.2272338867188 153.60426330566406 1035.4195556640625 274.854248046875 0.6517453193664551 1.7497245073318481 0.6268826723098755 5.759500503540039 1.4716368913650513 10.734556198120117 -3.16898512840271 0.2870
Car 1 1 1 0.0 0.0 1241.0 374.0 3.8268942832946777 1.553015112876892 1.578383445739746 3.357758045196533 1.6898564100265503 1.6202857494354248 -4.714233875274658 0.2854
Car 1 1 1 530.5480346679688 176.93202209472656 559.3683471679688 195.6396026611328 3.6999223232269287 1.5442966222763062 1.525781512260437 -5.613502025604248 1.9076192378997803 62.37700653076172 -4.523997783660889 0.2482
Pedestrian 1 1 1 1014.3280029296875 157.919189453125 1089.9642333984375 288.835693359375 0.578596293926239 1.7448809146881104 0.7634524703025818 6.051476001739502 1.5455268621444702 9.999454498291016 -3.1448190212249756 0.2180
Pedestrian 1 1 1 198.71408081054688 148.6968536376953 223.4436492919922 200.55137634277344 0.6569223999977112 1.95963716506958 0.6773998737335205 -15.333671569824219 1.0464133024215698 27.66478157043457 -8.084297180175781 0.2031
Pedestrian 1 1 1 1123.96142578125 165.2826690673828 1156.9625244140625 229.04026794433594 0.5222037434577942 1.9411048889160156 0.6569121479988098 16.324745178222656 1.7102952003479004 22.28083038330078 -4.540060520172119 0.2024
Pedestrian 1 1 1 1175.49169921875 150.85569763183594 1237.0880126953125 241.32179260253906 0.690437912940979 1.6569310426712036 0.5678988099098206 11.116395950317383 1.2537213563919067 13.529550552368164 -3.2328603267669678 0.2010
Car 1 1 1 357.3398742675781 163.19876098632812 391.7138366699219 185.14466857910156 3.959561347961426 1.655698537826538 1.6732648611068726 -18.4095401763916 0.9269628524780273 56.47456359863281 -4.78971004486084 0.1861
Pedestrian 1 1 1 1006.4699096679688 141.5110321044922 1053.4696044921875 224.63572692871094 0.8496252298355103 1.9136364459991455 0.6705244779586792 9.867741584777832 1.1917814016342163 17.067964553833008 -4.608649730682373 0.1790
Car 1 1 1 0.0 0.0 1092.0511474609375 374.0 3.9505321979522705 1.5175846815109253 1.6078814268112183 1.5234235525131226 1.6792700290679932 1.7439424991607666 -4.673732757568359 0.1639
Pedestrian 1 1 1 434.7553405761719 193.70370483398438 454.7489013671875 241.79954528808594 0.5069954991340637 1.4024667739868164 0.4664081335067749 -4.9762187004089355 2.0318384170532227 21.528905868530273 -4.675569534301758 0.1398
Pedestrian 1 1 1 986.050537109375 142.10777282714844 1011.1896362304688 195.45980834960938 0.712172269821167 1.9262114763259888 0.6596477627754211 14.207117080688477 0.8158557415008545 26.477079391479492 -7.603104114532471 0.1366
Pedestrian 1 1 1 1165.17822265625 202.9005889892578 1241.0 334.3045654296875 0.5037944316864014 1.272063136100769 0.39102301001548767 6.022425174713135 1.5906285047531128 7.383615493774414 -4.833104610443115 0.1335
Car 1 1 1 443.09063720703125 157.13345336914062 480.2171630859375 183.33322143554688 3.8427345752716064 1.7636464834213257 1.6365880966186523 -10.372077941894531 0.705112099647522 50.531166076660156 -7.802943706512451 0.1334
Pedestrian 1 1 1 332.91241455078125 158.2573699951172 345.92852783203125 194.92247009277344 0.547451913356781 1.9605662822723389 0.6047053337097168 -14.650301933288574 1.1797512769699097 38.96207809448242 -5.174548625946045 0.1291
Pedestrian 1 1 1 1178.1915283203125 169.5807342529297 1206.339111328125 227.40106201171875 0.4268907606601715 1.8701846599578857 0.5883684158325195 19.068384170532227 1.7640119791030884 23.692928314208984 -3.5525026321411133 0.1030
Pedestrian 1 1 1 1172.8697509765625 125.05933380126953 1241.0 286.2080383300781 0.6107980012893677 1.8547685146331787 0.6051073670387268 7.228236675262451 1.3043675422668457 8.639803886413574 -7.9579243659973145 0.1028
Car 1 1 1 681.5680541992188 176.51039123535156 711.4475708007812 200.49984741210938 3.890889883041382 1.5850987434387207 1.620497703552246 5.948851585388184 1.849141001701355 50.21676254272461 -4.709725379943848 0.1024
Pedestrian 1 1 1 105.41875457763672 156.16787719726562 132.6131591796875 208.88668823242188 0.5659415125846863 1.8563776016235352 0.6112338304519653 -17.5462646484375 1.26851224899292 25.72610092163086 -7.978499889373779 0.1017
