Car 1 1 1 742.1385498046875 175.41607666015625 976.2230834960938 329.04132080078125 4.04891300201416 1.530718445777893 1.6153106689453125 2.820605993270874 1.5705713033676147 9.282464981079102 -7.852663516998291 0.9743
Car 1 1 1 347.2930908203125 188.24159240722656 463.7039489746094 268.9979553222656 4.038851737976074 1.486165165901184 1.6483877897262573 -4.455806255340576 1.87362539768219 16.122892379760742 -4.764373302459717 0.9351
Car 1 1 1 700.5028076171875 174.522216796875 806.83251953125 254.97776794433594 3.4048449993133545 1.5308630466461182 1.555928111076355 2.912081241607666 1.5703997611999512 15.515083312988281 -7.870378017425537 0.9125
Car 1 1 1 422.5169677734375 175.90252685546875 499.8181457519531 242.841552734375 3.738118886947632 1.8105835914611816 1.5595155954360962 -4.395905017852783 1.9092907905578613 21.56019401550293 -4.7177839279174805 0.8523
Car 1 1 1 464.3943786621094 178.73721313476562 528.918212890625 229.9720458984375 4.262918949127197 1.737166166305542 1.6911319494247437 -4.208323955535889 1.9753401279449463 27.102148056030273 -4.695939540863037 0.8381
Car 1 1 1 0.0 199.32437133789062 184.14163208007812 301.9316711425781 4.199007987976074 1.4438115358352661 1.6268548965454102 -9.401473045349121 1.8975425958633423 11.492483139038086 -6.249517440795898 0.8364
Car 1 1 1 670.8353881835938 174.18307495117188 735.4913330078125 224.35797119140625 4.1671929359436035 1.5356444120407104 1.6278337240219116 2.9941959381103516 1.5839072465896606 24.278799057006836 -7.855790615081787 0.7787
Pedestrian 1 1 1 1138.4761962890625 115.76715850830078 1241.0 333.162353515625 1.0769634246826172 1.9624031782150269 0.5922213196754456 5.73475456237793 1.4467865228652954 6.8687357902526855 -6.169084548950195 0.4466
Car 1 1 1 668.122314453125 173.21502685546875 714.2735595703125 212.00599670410156 3.8309249877929688 1.5097801685333252 1.5986037254333496 3.276690721511841 1.5254892110824585 30.057376861572266 -7.824220180511475 0.3213
Pedestrian 1 1 1 423.5404968261719 176.47076416015625 444.433837890625 223.1675567626953 0.5512708425521851 1.5998426675796509 0.5592845678329468 -6.157444953918457 1.7266737222671509 25.064313888549805 -4.6284894943237305 0.2800
Car 1 1 1 531.570068359375 177.8708038330078 552.6668701171875 195.29345703125 3.681230068206787 1.4248764514923096 1.5272895097732544 -5.888571262359619 1.8696718215942383 62.07221221923828 -8.024487495422363 0.2666
Pedestrian 1 1 1 712.5952758789062 137.58172607421875 739.6055908203125 208.53504943847656 0.7373266220092773 1.8958007097244263 0.6183350086212158 3.1044673919677734 0.9530616998672485 19.64833641052246 -4.709408760070801 0.2333
Car 1 1 1 0.0 0.0 1241.0 374.0 3.680938959121704 1.4962588548660278 1.534502387046814 3.0819427967071533 1.609737753868103 1.7643356323242188 -7.855062007904053 0.1792
Pedestrian 1 1 1 960.8037109375 100.67048645019531 1089.3125 358.0608825683594 0.7095286250114441 1.8526934385299683 0.5426613092422485 3.122697591781616 1.3328173160552979 5.579826831817627 -4.839086055755615 0.1508
Pedestrian 1 1 1 824.4744262695312 139.14295959472656 859.1930541992188 222.38833618164062 1.0485118627548218 1.9320526123046875 0.7728840708732605 5.535703182220459 1.1493489742279053 17.36739158630371 -4.382710933685303 0.1409
Pedestrian 1 1 1 1000.6058349609375 147.11141967773438 1066.90478515625 273.1872253417969 0.6528510451316833 1.7720730304718018 0.5317102074623108 6.0522074699401855 1.4099452495574951 10.422194480895996 -3.095733880996704 0.1369
Car 1 1 1 612.4799194335938 173.3191375732422 633.456787109375 190.7575225830078 3.9968361854553223 1.556979775428772 1.6335865259170532 1.1467266082763672 1.6009124517440796 66.57366943359375 -7.9121222496032715 0.1334
Pedestrian 1 1 1 694.2823486328125 160.32940673828125 703.1394653320312 188.46218872070312 0.7032129168510437 1.903206467628479 0.5946492552757263 6.018747806549072 1.0556068420410156 49.19974899291992 -7.7242913246154785 0.1295
Car 1 1 1 629.1583251953125 173.39752197265625 654.87451171875 193.26358032226562 3.7444591522216797 1.5851134061813354 1.6356958150863647 2.587592840194702 1.631178855895996 59.61532211303711 -7.9434027671813965 0.1261
Pedestrian 1 1 1 747.904296875 154.0094451904297 773.947509765625 201.79946899414062 0.7855901122093201 1.8679845333099365 0.6389843225479126 5.949238300323486 1.1311010122299194 28.66472625732422 -3.606764316558838 0.1083
Car 1 1 1 632.900634765625 172.47052001953125 657.467041015625 197.2523193359375 4.236358642578125 1.7140592336654663 1.6984033584594727 2.497573137283325 1.6872349977493286 52.05989074707031 -7.8093485832214355 0.1014
Car 1 1 1 471.00970458984375 160.91659545898438 512.9901733398438 186.12303161621094 3.674806594848633 1.9525426626205444 1.742713212966919 -9.457173347473145 1.0275459289550781 57.917205810546875 -7.500817775726318 0.1009
