Car 1 1 1 803.879150390625 168.62303161621094 1119.4334716796875 355.6827392578125 3.6686387062072754 1.5523139238357544 1.631151795387268 3.424410104751587 1.4541866779327393 7.713983535766602 -7.8387370109558105 0.9563
Car 1 1 1 130.4105224609375 183.7457275390625 277.71710205078125 244.6702117919922 3.8015661239624023 1.4993704557418823 1.6095985174179077 -10.964823722839355 1.5987215042114258 19.59590721130371 -4.59105920791626 0.9523
Car 1 1 1 695.9121704101562 174.1055908203125 774.14404296875 236.80499267578125 3.6071155071258545 1.49986732006073 1.560780644416809 3.306365728378296 1.347233533859253 18.751083374023438 -7.808226108551025 0.9408
Car 1 1 1 730.1998901367188 177.3391876220703 855.7996826171875 267.162841796875 3.7499470710754395 1.4926313161849976 1.5828473567962646 3.4152841567993164 1.4404855966567993 13.659212112426758 -7.807206630706787 0.9323
Car 1 1 1 662.5776977539062 175.133544921875 707.23681640625 211.78794860839844 3.960897207260132 1.4802826642990112 1.602381944656372 3.365354299545288 1.2637803554534912 30.55971908569336 -7.821197032928467 0.8010
Car 1 1 1 682.266357421875 172.76441955566406 740.67822265625 219.56866455078125 3.8378939628601074 1.546696424484253 1.6348819732666016 3.699354410171509 1.291336178779602 25.311532974243164 -7.819047451019287 0.7058
Car 1 1 1 558.8651123046875 174.66317749023438 580.0238647460938 192.2770233154297 3.9630231857299805 1.4790421724319458 1.5535712242126465 -3.0417423248291016 0.9888559579849243 61.3701057434082 -4.689417362213135 0.6762
Cyclist 1 1 1 1009.6588134765625 144.98219299316406 1081.8790283203125 240.31532287597656 1.7009568214416504 1.6528664827346802 0.4481344223022461 8.092394828796387 1.0374400615692139 13.128982543945312 -7.741105556488037 0.6574
Car 1 1 1 1041.1796875 198.2864532470703 1223.0 369.0 3.6984000205993652 1.4849079847335815 1.5873403549194336 3.3191978931427 1.595816731452942 2.4933323860168457 -7.787648677825928 0.6092
Pedestrian 1 1 1 805.1597290039062 155.84378051757812 830.2594604492188 218.4668731689453 0.8830974698066711 1.8671152591705322 0.7018852829933167 6.470642566680908 1.132278561592102 21.612369537353516 -4.381545066833496 0.5588
Car 1 1 1 658.15087890625 169.3388671875 696.0645141601562 201.55589294433594 3.843456745147705 1.5484613180160522 1.6329472064971924 3.593822479248047 1.012189507484436 35.92700958251953 -7.826050281524658 0.4911
Pedestrian 1 1 1 987.183837890625 143.68638610839844 1012.9518432617188 197.49266052246094 0.6227473616600037 1.793150782585144 0.5629353523254395 13.316795349121094 0.5665667057037354 23.90431785583496 -7.74087381362915 0.4707
Pedestrian 1 1 1 846.1520385742188 162.6916961669922 882.6781005859375 220.8783721923828 0.7827905416488647 1.6574212312698364 0.6178551912307739 7.502328872680664 1.150460124015808 20.56275749206543 -3.4853720664978027 0.3131
Pedestrian 1 1 1 819.3739013671875 168.66001892089844 842.0239868164062 218.58644104003906 0.6928185224533081 1.6379865407943726 0.5533818602561951 7.478872776031494 1.2498120069503784 23.553926467895508 -4.673004627227783 0.2689
Cyclist 1 1 1 767.5062255859375 166.2238311767578 793.7749633789062 206.9381866455078 1.7123010158538818 1.6948299407958984 0.4890877902507782 7.489992141723633 1.1007643938064575 30.314197540283203 -7.99167013168335 0.1980
Car 1 1 1 219.36224365234375 188.0666961669922 293.9229431152344 223.02638244628906 3.7551932334899902 1.4268227815628052 1.6111217737197876 -15.488113403320312 1.7855204343795776 31.591964721679688 -4.753564357757568 0.1907
Pedestrian 1 1 1 793.6744384765625 145.07977294921875 820.4085693359375 194.70321655273438 0.7496839761734009 1.9103114604949951 0.6779899597167969 7.873427867889404 0.5470032691955566 27.66641616821289 -3.4948060512542725 0.1841
Pedestrian 1 1 1 783.0206298828125 158.5937957763672 805.6500854492188 216.81272888183594 0.7164961695671082 1.7206072807312012 0.6483785510063171 5.670068264007568 1.0734825134277344 21.325132369995117 -7.596776485443115 0.1517
Pedestrian 1 1 1 249.53067016601562 154.44076538085938 266.906982421875 189.39837646484375 0.7302171587944031 1.8259731531143188 0.597253143787384 -18.315214157104492 0.46494060754776 37.3193473815918 -7.932488918304443 0.1514
Pedestrian 1 1 1 860.033447265625 169.6261444091797 872.3789672851562 204.17967224121094 0.32333099842071533 1.6967873573303223 0.5028791427612305 12.913895606994629 1.1629791259765625 35.012428283691406 -3.4978511333465576 0.1455
Pedestrian 1 1 1 997.7332153320312 144.6638946533203 1009.0602416992188 185.01107788085938 0.39310863614082336 1.8786673545837402 0.5661706328392029 18.715496063232422 0.21022778749465942 33.258026123046875 -5.900516986846924 0.1419
Pedestrian 1 1 1 1153.3223876953125 139.7899627685547 1213.6473388671875 257.2997131347656 0.5155396461486816 1.7527798414230347 0.5265349745750427 8.838838577270508 1.145937442779541 10.873522758483887 -5.0303120613098145 0.1333
Car 1 1 1 655.052734375 173.68145751953125 687.8855590820312 199.97265625 3.753180742263794 1.510440707206726 1.5571321249008179 3.9435224533081055 1.1188205480575562 42.509456634521484 -7.870462894439697 0.1201
Cyclist 1 1 1 916.5357055664062 148.99813842773438 973.2893676757812 222.0720977783203 1.6501929759979248 1.5504053831100464 0.4129401445388794 7.53568172454834 0.8823808431625366 15.834795951843262 -7.897953510284424 0.1100
Car 1 1 1 933.9739990234375 150.1400909423828 1014.1998291015625 176.25230407714844 4.492607593536377 1.713259220123291 1.7083580493927002 24.78889274597168 -0.29131758213043213 47.59134292602539 -6.260142803192139 0.1048
