Car 1 1 1 546.9437255859375 173.37025451660156 722.2625732421875 341.57275390625 4.670187950134277 1.662454605102539 1.7447617053985596 0.12334130704402924 1.6706430912017822 9.504859924316406 -7.88241720199585 0.9463
Car 1 1 1 0.0 189.97850036621094 141.15472412109375 278.3546142578125 3.690626621246338 1.4176703691482544 1.5151547193527222 -11.162440299987793 1.7983379364013672 14.176599502563477 -4.754237651824951 0.9211
Car 1 1 1 337.57293701171875 178.79603576660156 402.774658203125 215.58462524414062 3.993699312210083 1.6078155040740967 1.6510041952133179 -11.323749542236328 1.9059239625930786 34.211761474609375 -4.678351402282715 0.9095
Car 1 1 1 416.94769287109375 179.6156005859375 453.4110107421875 203.01934814453125 3.8109443187713623 1.4810702800750732 1.636969804763794 -11.783904075622559 1.9552342891693115 48.70294189453125 -7.882022380828857 0.5631
Car 1 1 1 582.1343383789062 170.80960083007812 634.1784057617188 220.317138671875 3.3525025844573975 1.434112310409546 1.5077393054962158 -0.09857392311096191 1.3745914697647095 22.579368591308594 -4.709818363189697 0.4519
Pedestrian 1 1 1 972.3121948242188 155.97349548339844 1005.8104858398438 216.03826904296875 0.8844438791275024 1.7387735843658447 0.614409327507019 11.165249824523926 1.2498116493225098 21.36760902404785 -4.57424783706665 0.2692
Cyclist 1 1 1 542.55419921875 173.03915405273438 553.9800415039062 213.2550506591797 1.7532849311828613 1.7151787281036377 0.47875717282295227 -2.7456204891204834 1.7232346534729004 31.672971725463867 -7.926729679107666 0.1931
Pedestrian 1 1 1 656.314208984375 161.50997924804688 668.0440063476562 192.65931701660156 0.6940805315971375 1.829704761505127 0.661596417427063 3.0517542362213135 1.1630593538284302 42.738651275634766 -7.827381610870361 0.1462
Car 1 1 1 153.45004272460938 196.5171661376953 204.38687133789062 221.70542907714844 3.61567759513855 1.5966194868087769 1.7782690525054932 -30.417369842529297 3.3218157291412354 50.84086227416992 -2.522651195526123 0.1454
Car 1 1 1 701.0374145507812 182.90768432617188 765.6390380859375 213.1218719482422 4.23115348815918 1.56773042678833 1.7014740705490112 6.937414646148682 2.173771381378174 41.236083984375 -5.083980083465576 0.1375
Pedestrian 1 1 1 0.0 180.98114013671875 12.132905960083008 238.62322998046875 0.6856815218925476 1.67646062374115 0.6254009008407593 -18.409099578857422 1.9243310689926147 21.573745727539062 -5.597688674926758 0.1195
