Car 1 1 1 669.2303466796875 175.89833068847656 737.7472534179688 230.04782104492188 4.017985820770264 1.4752391576766968 1.6402111053466797 2.6940553188323975 1.5759375095367432 21.91149139404297 -7.8324103355407715 0.9742
Car 1 1 1 106.59967041015625 180.10360717773438 431.6804504394531 374.0 4.186281204223633 1.569891095161438 1.6598867177963257 -3.2584729194641113 1.6691598892211914 7.7879133224487305 -7.890367031097412 0.9650
Car 1 1 1 754.7147216796875 173.27708435058594 1019.5018920898438 337.92431640625 3.6756863594055176 1.545286774635315 1.610138177871704 2.9392573833465576 1.5511642694473267 8.658464431762695 -7.90551233291626 0.9640
Car 1 1 1 938.4336547851562 159.5056610107422 1241.0 374.0 3.5676109790802 1.6253551244735718 1.588688850402832 3.2794909477233887 1.5878866910934448 3.795360565185547 -7.8570475578308105 0.8145
Car 1 1 1 625.3301391601562 171.2705535888672 657.3219604492188 197.95834350585938 3.9824957847595215 1.6630618572235107 1.6793625354766846 1.9641413688659668 1.5640885829925537 47.0006217956543 -7.913506984710693 0.5600
Pedestrian 1 1 1 1203.1591796875 130.54867553710938 1236.082763671875 192.42601013183594 0.509396493434906 1.846103310585022 0.6710236072540283 18.45362091064453 0.5836287140846252 21.909486770629883 -7.3647685050964355 0.3228
Pedestrian 1 1 1 313.3351135253906 156.4104766845703 347.44976806640625 216.6792449951172 1.0499825477600098 1.9183348417282104 0.7855799794197083 -9.151820182800293 1.3946430683135986 23.527498245239258 -4.811224460601807 0.1498
Pedestrian 1 1 1 490.7797546386719 160.23147583007812 521.5225219726562 239.2226104736328 0.7660883665084839 1.783247709274292 0.5264236330986023 -2.467240333557129 1.4979907274246216 16.744531631469727 -5.115641117095947 0.1484
Car 1 1 1 618.1036376953125 173.98513793945312 642.099853515625 197.22715759277344 3.954113483428955 1.62980318069458 1.6176677942276 1.4074651002883911 1.7153383493423462 52.77156066894531 -7.860332012176514 0.1385
Pedestrian 1 1 1 368.3891906738281 164.02236938476562 390.88751220703125 209.57789611816406 0.8908171057701111 1.8213783502578735 0.6104167699813843 -9.392578125 1.4679762125015259 29.302038192749023 -4.684021949768066 0.1243
Pedestrian 1 1 1 815.9085083007812 150.766845703125 866.8236694335938 229.13900756835938 1.003341555595398 1.8653841018676758 0.7058428525924683 5.633996963500977 1.339374303817749 17.73502540588379 -3.684140682220459 0.1207
Pedestrian 1 1 1 1219.278076171875 135.423828125 1241.0 225.1865997314453 0.6073607802391052 1.8443208932876587 0.5972483158111572 13.29570198059082 1.0749576091766357 15.215269088745117 -4.348282814025879 0.1181
Car 1 1 1 0.0 197.35899353027344 75.75053405761719 270.3810729980469 3.9793426990509033 1.4936108589172363 1.6786164045333862 -15.830986022949219 2.177521228790283 18.12924575805664 -4.6784515380859375 0.1151
Cyclist 1 1 1 923.5565185546875 151.29971313476562 984.0575561523438 240.3667755126953 1.552613615989685 1.5431817770004272 0.4204773008823395 6.2430739402771 1.1694307327270508 13.284503936767578 -7.819481372833252 0.1011
