Car 1 1 1 177.67562866210938 186.046875 259.26904296875 224.5913848876953 3.312615394592285 1.4291263818740845 1.4602774381637573 -16.006183624267578 2.0005381107330322 29.585865020751953 -4.675872802734375 0.9403
Cyclist 1 1 1 58.50066375732422 175.52940368652344 108.85419464111328 223.73471069335938 2.0082178115844727 1.8023173809051514 0.5302043557167053 -20.506027221679688 1.9099459648132324 28.098369598388672 -4.732478141784668 0.6120
Car 1 1 1 0.0 185.09881591796875 81.0213851928711 224.4710693359375 3.8775320053100586 1.5238423347473145 1.5159871578216553 -24.823583602905273 2.088604211807251 31.24843978881836 -4.905913829803467 0.5970
Car 1 1 1 120.9859390258789 183.07318115234375 208.86553955078125 215.72628784179688 4.104537010192871 1.465538501739502 1.6246731281280518 -22.00516700744629 2.002148151397705 35.80512237548828 -4.642396450042725 0.3298
Cyclist 1 1 1 858.8887939453125 146.43569946289062 908.9696655273438 201.59521484375 1.492883563041687 1.7483348846435547 0.5714147686958313 8.915830612182617 0.9106812477111816 23.65431022644043 -5.27056360244751 0.3225
Car 1 1 1 288.7007141113281 175.76190185546875 342.02728271484375 205.65908813476562 4.361950397491455 1.9101974964141846 1.7379060983657837 -19.851055145263672 2.1151533126831055 48.729591369628906 -4.688846588134766 0.2702
Pedestrian 1 1 1 226.7332763671875 172.35293579101562 247.22445678710938 205.7802276611328 0.6089243292808533 1.7489973306655884 0.7499604225158691 -19.729568481445312 1.7224798202514648 38.095035552978516 -7.74793004989624 0.2657
Car 1 1 1 381.16021728515625 177.41815185546875 409.07904052734375 195.1817626953125 4.043034076690674 1.6047875881195068 1.6743137836456299 -20.32659912109375 2.0497498512268066 68.31971740722656 -4.776315212249756 0.2354
Car 1 1 1 225.68434143066406 179.75279235839844 284.6714172363281 206.20516967773438 4.069056987762451 1.5265741348266602 1.69939386844635 -21.958080291748047 1.973700761795044 44.75130081176758 -4.724486351013184 0.1910
Cyclist 1 1 1 869.7758178710938 146.4861297607422 923.8687133789062 204.11489868164062 1.4959723949432373 1.7278990745544434 0.5759633779525757 8.844599723815918 0.9370039701461792 22.41482162475586 -5.307960510253906 0.1302
Car 1 1 1 149.45916748046875 166.97723388671875 200.02059936523438 192.20513916015625 4.119547367095947 2.208745241165161 1.7193034887313843 -39.36345672607422 1.6939237117767334 65.328369140625 -7.719293117523193 0.1197
Pedestrian 1 1 1 1157.234619140625 159.09207153320312 1213.00830078125 252.78305053710938 0.6310546398162842 1.6673681735992432 0.5712639093399048 10.485304832458496 1.4221545457839966 13.229090690612793 -3.5546698570251465 0.1013
Pedestrian 1 1 1 1201.32421875 161.4398193359375 1241.0 242.4169158935547 0.8368601202964783 1.7129384279251099 0.6226097345352173 13.419473648071289 1.471190094947815 15.76546859741211 -2.4813215732574463 0.1004
