Pedestrian 1 1 1 808.7477416992188 166.00758361816406 831.6820678710938 217.09835815429688 0.8788766264915466 1.8148382902145386 0.6350199580192566 7.5490264892578125 1.5713411569595337 26.095182418823242 -7.768886089324951 0.8205
Car 1 1 1 596.8298950195312 178.19747924804688 624.6372680664062 204.60595703125 3.9655561447143555 1.5689330101013184 1.663711428642273 -0.025662066414952278 1.9217300415039062 45.67787170410156 -7.876859188079834 0.7857
Car 1 1 1 394.8876647949219 182.58712768554688 441.16656494140625 207.67092895507812 4.163839340209961 1.411329984664917 1.631353735923767 -11.764922142028809 2.0374739170074463 44.335025787353516 -4.683404922485352 0.7225
Car 1 1 1 453.5123291015625 181.97300720214844 489.7797546386719 209.0570526123047 3.923586130142212 1.536887526512146 1.64519464969635 -8.476815223693848 2.1215407848358154 44.286598205566406 -4.758555889129639 0.6409
Pedestrian 1 1 1 1034.7080078125 161.0945587158203 1081.6700439453125 239.26348876953125 0.6799281239509583 1.6438027620315552 0.5322577357292175 9.536612510681152 1.3962154388427734 15.452485084533691 -3.102001428604126 0.5115
Pedestrian 1 1 1 796.0656127929688 180.06468200683594 816.4307250976562 216.42913818359375 0.7603369355201721 1.7664932012557983 0.7658385038375854 9.642882347106934 2.1262476444244385 35.62064743041992 -3.210737705230713 0.4156
Car 1 1 1 502.3379821777344 178.76219177246094 524.7505493164062 195.79550170898438 4.130140781402588 1.522254467010498 1.6048015356063843 -9.07811450958252 2.095702648162842 67.99541473388672 -4.723161697387695 0.3290
Car 1 1 1 321.7705383300781 180.5944061279297 379.0744323730469 207.38946533203125 4.2198920249938965 1.5081583261489868 1.6531606912612915 -15.80199146270752 2.003776788711548 44.049354553222656 -4.6173996925354 0.3149
Cyclist 1 1 1 768.7827758789062 177.92092895507812 787.91650390625 208.671630859375 1.555171251296997 1.6330736875534058 0.4491032660007477 9.142226219177246 1.9150192737579346 39.38787841796875 -4.8808135986328125 0.2653
Car 1 1 1 181.0047607421875 180.61517333984375 276.66925048828125 220.85498046875 4.147185802459717 1.5115833282470703 1.6430866718292236 -15.771759986877441 1.8569716215133667 30.02789878845215 -4.665396213531494 0.2285
Car 1 1 1 481.22601318359375 180.672607421875 515.6265258789062 208.39511108398438 3.403846263885498 1.486790657043457 1.5105068683624268 -6.394901275634766 1.9534969329833984 41.38125228881836 -4.73177433013916 0.1940
Car 1 1 1 272.2510681152344 181.96847534179688 339.93408203125 213.6503143310547 4.245622158050537 1.5010768175125122 1.6689211130142212 -15.758577346801758 2.002192974090576 37.55543518066406 -4.692933082580566 0.1860
Pedestrian 1 1 1 933.5779418945312 143.80990600585938 969.087646484375 207.67779541015625 0.8739333152770996 1.9202977418899536 0.7003018856048584 10.41664981842041 1.0467373132705688 22.145904541015625 -7.810919284820557 0.1748
Car 1 1 1 451.5968322753906 176.3846435546875 498.2109375 210.09164428710938 3.959221124649048 1.5507875680923462 1.6704654693603516 -6.6448516845703125 1.7345833778381348 35.619384765625 -4.741772174835205 0.1632
Cyclist 1 1 1 819.995361328125 174.64039611816406 843.40673828125 215.39703369140625 1.715319275856018 1.648861050605774 0.49660199880599976 9.200371742248535 1.7253010272979736 30.13119125366211 -4.682561874389648 0.1513
Pedestrian 1 1 1 34.71989059448242 187.3929443359375 51.4593620300293 219.1836700439453 0.5724753737449646 1.830776333808899 0.680527925491333 -33.31783676147461 2.692535400390625 42.360198974609375 -7.302995204925537 0.1505
Car 1 1 1 238.91915893554688 183.50613403320312 383.0171813964844 260.1683044433594 4.4394426345825195 1.4573230743408203 1.6968320608139038 -6.709540367126465 1.735656976699829 16.609525680541992 -7.910539150238037 0.1428
Car 1 1 1 502.18048095703125 176.83126831054688 533.4849853515625 199.1162872314453 3.59472918510437 1.5736984014511108 1.6176871061325073 -6.821548938751221 1.878324270248413 53.46615219116211 -4.63835334777832 0.1292
Pedestrian 1 1 1 1179.83056640625 140.29054260253906 1241.0 266.8586730957031 0.8001416325569153 1.7640503644943237 0.6016179323196411 8.788512229919434 1.309895396232605 10.397958755493164 -6.389293670654297 0.1263
Pedestrian 1 1 1 966.4525146484375 146.18994140625 1000.9541625976562 209.4644317626953 0.7839114665985107 1.84800124168396 0.6593341827392578 11.07126235961914 1.0689481496810913 21.490068435668945 -7.774930477142334 0.1251
Pedestrian 1 1 1 693.68115234375 161.7086944580078 706.0032958984375 200.1866455078125 0.38706597685813904 1.836015224456787 0.49545350670814514 4.282738208770752 1.3039052486419678 34.73432540893555 -3.5654706954956055 0.1199
Car 1 1 1 715.2852172851562 176.06646728515625 746.5238647460938 197.54806518554688 3.620302438735962 1.5703965425491333 1.5492490530014038 9.177133560180664 1.8239792585372925 55.16375732421875 -4.7825398445129395 0.1195
Pedestrian 1 1 1 394.40618896484375 165.5369873046875 408.019775390625 191.3297882080078 0.8764616847038269 1.995423436164856 0.5450368523597717 -16.3275089263916 1.4290521144866943 56.33652877807617 -7.266125202178955 0.1176
Car 1 1 1 355.9704284667969 183.3133544921875 398.22650146484375 207.20651245117188 3.635023593902588 1.4843493700027466 1.5544124841690063 -15.564351081848145 2.2106189727783203 48.28015899658203 -4.679380893707275 0.1152
Car 1 1 1 499.5038146972656 178.6238555908203 546.2203369140625 198.2840576171875 3.470522880554199 1.5195777416229248 1.6046818494796753 -7.065213680267334 1.9974391460418701 58.23910140991211 -2.6234912872314453 0.1142
Car 1 1 1 264.32916259765625 185.3922119140625 317.5198059082031 208.1431427001953 4.391900062561035 1.6204665899276733 1.7644970417022705 -24.632587432861328 2.620898723602295 55.59177017211914 -2.5187880992889404 0.1083
Pedestrian 1 1 1 860.2737426757812 169.1630859375 889.7408447265625 218.10928344726562 0.7750751972198486 1.6713560819625854 0.585420548915863 9.15828800201416 1.5450234413146973 25.06844711303711 -6.7247209548950195 0.1082
Pedestrian 1 1 1 791.6838989257812 154.69432067871094 806.4444580078125 189.499267578125 0.6357499957084656 1.926714301109314 0.6817183494567871 10.512916564941406 0.9211400747299194 40.27757263183594 -7.8022942543029785 0.1010
