Car 1 1 1 569.7820434570312 177.0059051513672 617.2969360351562 218.94906616210938 3.423337936401367 1.5337786674499512 1.7302902936935425 -0.5391010642051697 1.233720302581787 28.013002395629883 -7.837305545806885 0.9533
Car 1 1 1 391.4668273925781 167.62448120117188 490.2763977050781 239.1658477783203 4.630238056182861 1.8409181833267212 1.7339149713516235 -4.722979545593262 1.3884142637252808 20.824438095092773 -7.840396404266357 0.9363
Car 1 1 1 472.1084899902344 181.00796508789062 520.6849975585938 214.53453063964844 3.6505279541015625 1.458793044090271 1.5823965072631836 -5.10772180557251 1.2758655548095703 33.12499237060547 -7.826329708099365 0.8250
Car 1 1 1 235.1555633544922 185.2707977294922 358.44403076171875 241.98858642578125 3.9664013385772705 1.4360636472702026 1.6459197998046875 -8.62409782409668 1.4379246234893799 20.214906692504883 -7.820079326629639 0.7253
Car 1 1 1 372.26611328125 177.7015380859375 428.9976501464844 213.23696899414062 3.6530802249908447 1.4366129636764526 1.5456198453903198 -8.875245094299316 1.1329911947250366 30.922754287719727 -7.901369571685791 0.4735
Car 1 1 1 296.9739074707031 179.21116638183594 360.9921569824219 213.43106079101562 3.745952844619751 1.5247077941894531 1.571453332901001 -13.100740432739258 1.2573262453079224 33.902950286865234 -7.854602336883545 0.3871
Car 1 1 1 629.0238647460938 178.31105041503906 653.6777954101562 201.78273010253906 3.6071889400482178 1.4813340902328491 1.5420682430267334 2.148012638092041 1.0457282066345215 47.191646575927734 -7.827272891998291 0.3147
Cyclist 1 1 1 343.6011657714844 168.83567810058594 374.85321044921875 197.26605224609375 1.762534499168396 1.7809929847717285 0.6040431261062622 -15.694442749023438 0.7550404071807861 45.33446502685547 -6.283646106719971 0.2288
Car 1 1 1 254.8697509765625 153.22654724121094 316.0024108886719 187.1763458251953 3.7945194244384766 1.7843631505966187 1.6716787815093994 -17.743425369262695 0.10320672392845154 39.680728912353516 -7.852528095245361 0.2182
Cyclist 1 1 1 187.67681884765625 132.91641235351562 341.8285217285156 357.86285400390625 1.7800954580307007 1.9897078275680542 0.5827053785324097 -3.4345359802246094 1.5272648334503174 7.270979881286621 -4.622935771942139 0.2046
Car 1 1 1 536.3649291992188 175.12937927246094 559.8197021484375 195.24867248535156 3.9917407035827637 1.5215915441513062 1.5813626050949097 -4.665263652801514 0.7589367628097534 56.3758430480957 -7.872058391571045 0.2007
Car 1 1 1 565.5115966796875 172.32958984375 594.4172973632812 194.55445861816406 4.006541728973389 1.5790120363235474 1.5945701599121094 -2.0377299785614014 0.6636496782302856 53.14634323120117 -7.752517223358154 0.1025
Pedestrian 1 1 1 798.6389770507812 154.57066345214844 830.4577026367188 222.29397583007812 0.8969961404800415 1.8350183963775635 0.7627303600311279 5.69094705581665 1.0048235654830933 19.9871883392334 -4.533481121063232 0.1008
