Car 1 1 1 535.0618286132812 180.9661102294922 580.7601318359375 216.05645751953125 3.9507229328155518 1.5338404178619385 1.6693871021270752 -2.4707465171813965 1.9441373348236084 34.49775695800781 -4.650636196136475 0.8885
Car 1 1 1 571.7670288085938 174.76895141601562 589.9407348632812 191.6952667236328 3.5665433406829834 1.4762715101242065 1.5052835941314697 -2.630377769470215 1.6535333395004272 65.11931610107422 -7.855970859527588 0.4479
Pedestrian 1 1 1 528.5391235351562 171.7124786376953 539.98974609375 199.2975311279297 0.5130888223648071 1.7590937614440918 0.6176843047142029 -4.901390075683594 1.6859993934631348 46.363792419433594 -8.226871490478516 0.2115
Car 1 1 1 893.2415161132812 140.41078186035156 1241.0 282.6260986328125 3.7868247032165527 1.7519199848175049 1.6544033288955688 5.995241641998291 1.351958990097046 9.760403633117676 -6.3069376945495605 0.1982
Pedestrian 1 1 1 951.4891967773438 155.02883911132812 995.0606689453125 248.55880737304688 0.897786557674408 1.872458577156067 0.7430758476257324 7.483154773712158 1.51530122756958 15.001726150512695 -7.462889194488525 0.1788
Cyclist 1 1 1 504.4559631347656 178.7067413330078 517.7042846679688 212.52044677734375 1.705661654472351 1.6487051248550415 0.48259618878364563 -5.013898849487305 1.950134038925171 36.338157653808594 -4.7415900230407715 0.1762
Pedestrian 1 1 1 981.2676391601562 183.5340576171875 1079.8985595703125 349.5897216796875 0.6324190497398376 1.4257123470306396 0.44101664423942566 3.6938791275024414 1.5246485471725464 6.465031147003174 -3.080817699432373 0.1557
Car 1 1 1 522.2442016601562 173.43954467773438 546.1222534179688 192.95706176757812 3.64618182182312 1.5698086023330688 1.5810192823410034 -6.297087669372559 1.6196593046188354 59.97169494628906 -7.847436428070068 0.1488
Cyclist 1 1 1 692.1209716796875 172.7490234375 706.4793701171875 204.41513061523438 1.583436369895935 1.6607385873794556 0.4956476390361786 4.736483573913574 1.6549330949783325 38.644554138183594 -4.7632222175598145 0.1341
Pedestrian 1 1 1 729.6317138671875 163.4656524658203 755.059326171875 225.31460571289062 0.6674691438674927 1.7364206314086914 0.5144325494766235 3.7134366035461426 1.4725412130355835 20.54339599609375 -6.19342041015625 0.1192
