Car 1 1 1 401.26055908203125 180.43946838378906 460.99365234375 216.82643127441406 4.035121440887451 1.450621485710144 1.657967448234558 -7.801637649536133 1.8042019605636597 31.63567543029785 -4.722515106201172 0.9685
Car 1 1 1 793.498779296875 157.1895751953125 816.4227294921875 179.87039184570312 3.713571071624756 1.7524497509002686 1.7167456150054932 15.591999053955078 0.5418263673782349 57.769012451171875 -7.582624912261963 0.6181
Car 1 1 1 515.63330078125 177.07305908203125 539.2017211914062 193.66058349609375 4.010239124298096 1.4470232725143433 1.5565145015716553 -7.544795989990234 1.8445972204208374 66.01102447509766 -4.674661159515381 0.3255
Cyclist 1 1 1 1000.2880249023438 220.2722930908203 1165.4779052734375 369.508544921875 1.9521088600158691 1.8978655338287354 0.6756236553192139 6.448432922363281 2.5834121704101562 9.95797061920166 -3.2897276878356934 0.2014
Car 1 1 1 0.0 207.9415740966797 60.11627960205078 253.8191680908203 3.3362927436828613 1.4630372524261475 1.7145389318466187 -23.194658279418945 2.8829503059387207 27.44990348815918 -4.597795009613037 0.1945
Pedestrian 1 1 1 40.88642501831055 178.17373657226562 91.4875259399414 271.9784240722656 0.46916690468788147 1.6365753412246704 0.5604298710823059 -9.784884452819824 1.7337653636932373 12.922687530517578 -3.051257371902466 0.1893
Car 1 1 1 625.3173217773438 176.78536987304688 655.9710693359375 202.86306762695312 4.192772388458252 1.546610713005066 1.627069115638733 1.8563446998596191 1.8060640096664429 45.55292892456055 -4.743549823760986 0.1877
Car 1 1 1 0.0 187.4525909423828 69.59522247314453 220.87466430664062 3.4748454093933105 1.5703022480010986 1.5906987190246582 -29.32435417175293 2.332955837249756 36.3837890625 -5.946046352386475 0.1863
Car 1 1 1 220.3220977783203 181.02957153320312 275.1276550292969 206.38546752929688 3.5253589153289795 1.6035606861114502 1.622204065322876 -24.266965866088867 2.168046712875366 48.252235412597656 -2.609494686126709 0.1747
Car 1 1 1 663.490478515625 181.32290649414062 683.6179809570312 198.3023223876953 4.144410610198975 1.4982123374938965 1.6379016637802124 5.926385402679443 2.3188672065734863 67.8498306274414 -4.6843791007995605 0.1683
Pedestrian 1 1 1 526.5335083007812 151.81871032714844 614.535888671875 321.8487243652344 0.8799065947532654 1.8110566139221191 0.5780830979347229 -0.48343101143836975 1.586701512336731 8.036931037902832 -6.13316535949707 0.1488
Pedestrian 1 1 1 122.08289337158203 182.8557586669922 151.3107452392578 233.37820434570312 0.7911366820335388 1.7513775825500488 0.6686052083969116 -16.92189598083496 2.1147778034210205 25.726293563842773 -3.852579116821289 0.1218
