Car 1 1 1 156.41075134277344 185.13217163085938 329.8851013183594 256.3115234375 3.9827752113342285 1.4250634908676147 1.590126872062683 -8.62039566040039 1.7546541690826416 17.279447555541992 -4.519486904144287 0.9475
Car 1 1 1 798.7650146484375 168.75421142578125 899.6846923828125 198.892822265625 4.557569980621338 1.488939881324768 1.666974663734436 12.006953239440918 1.2860978841781616 36.519126892089844 -3.124220371246338 0.9298
Cyclist 1 1 1 977.4945678710938 169.0288543701172 1110.533447265625 262.96929931640625 1.9524714946746826 1.6142884492874146 0.8971559405326843 7.795038223266602 1.5482563972473145 13.166706085205078 -2.7763469219207764 0.9053
Car 1 1 1 243.086669921875 179.2259521484375 339.8783874511719 212.71148681640625 3.7412257194519043 1.467370867729187 1.5487421751022339 -14.502821922302246 1.7651469707489014 32.8564338684082 -6.216856479644775 0.8918
Car 1 1 1 564.8141479492188 173.3166046142578 660.5260009765625 209.6453399658203 4.0480637550354 1.5297573804855347 1.7229880094528198 0.10939367860555649 1.5513827800750732 32.31423568725586 -3.766876697540283 0.8461
Car 1 1 1 969.8790283203125 191.69894409179688 1241.0 374.0 4.001638412475586 1.4837851524353027 1.646714210510254 3.5565435886383057 1.6334521770477295 3.712984323501587 -7.818227291107178 0.7613
Pedestrian 1 1 1 398.9396057128906 169.48255920410156 428.11260986328125 236.04066467285156 0.5396928787231445 1.6981046199798584 0.7478792071342468 -5.159829139709473 1.6117886304855347 18.79015350341797 -6.254678249359131 0.5917
Car 1 1 1 527.1945190429688 176.31884765625 556.0835571289062 193.72618103027344 4.242112159729004 1.4513728618621826 1.574913501739502 -5.976334571838379 1.7654223442077637 63.25090026855469 -4.570729732513428 0.4546
Car 1 1 1 794.4821166992188 175.09043884277344 853.29638671875 213.92556762695312 3.6096317768096924 1.4653252363204956 1.6090272665023804 8.568090438842773 1.5616687536239624 29.310155868530273 -7.764044284820557 0.3116
Pedestrian 1 1 1 889.647705078125 162.09303283691406 910.6818237304688 194.67852783203125 1.0654115676879883 1.8875198364257812 0.4680110216140747 16.911184310913086 1.263888955116272 42.146514892578125 -3.376004219055176 0.2895
Pedestrian 1 1 1 423.9313049316406 178.482666015625 455.79150390625 234.61495971679688 0.645842969417572 1.6129728555679321 0.6813794374465942 -5.05535364151001 1.7818019390106201 21.250225067138672 -5.935258388519287 0.2775
Car 1 1 1 1068.1905517578125 159.21022033691406 1185.8656005859375 193.78648376464844 4.2509331703186035 1.5920642614364624 1.7001656293869019 24.483840942382812 0.9635357856750488 34.3546142578125 -3.00508975982666 0.2036
Cyclist 1 1 1 839.285888671875 156.0968017578125 861.7222900390625 193.70899963378906 1.6118184328079224 1.7441718578338623 0.5843372344970703 11.371103286743164 0.9667985439300537 34.27632141113281 -4.672938823699951 0.1624
Car 1 1 1 207.4803924560547 182.15821838378906 267.5054626464844 202.99366760253906 4.602358341217041 1.521207571029663 1.6106653213500977 -28.871370315551758 2.262730121612549 55.852256774902344 -5.862016201019287 0.1453
Car 1 1 1 84.08096313476562 184.60540771484375 152.111328125 213.72390747070312 4.36590051651001 1.6437023878097534 1.705301284790039 -30.073999404907227 2.3904242515563965 44.037166595458984 -5.759426593780518 0.1330
Pedestrian 1 1 1 1006.6574096679688 177.4969024658203 1036.8646240234375 230.32089233398438 0.7939660549163818 1.7226430177688599 0.676913321018219 13.72329044342041 1.880893349647522 24.129716873168945 -5.630388259887695 0.1228
Car 1 1 1 542.790771484375 177.41661071777344 574.923828125 195.13446044921875 3.9911344051361084 1.4577219486236572 1.5448601245880127 -4.421965599060059 1.8666622638702393 62.589149475097656 -4.444672107696533 0.1012
Car 1 1 1 560.510986328125 175.63638305664062 619.1846923828125 204.2822265625 3.719223976135254 1.4738291501998901 1.5490986108779907 -1.0904736518859863 1.633631706237793 39.515380859375 -4.211622714996338 0.1002
