Car 1 1 1 480.8587951660156 184.66244506835938 546.8729248046875 234.73097229003906 3.841724395751953 1.5475044250488281 1.7111475467681885 -3.311453342437744 1.9906365871429443 25.15564727783203 -4.689862251281738 0.9583
Car 1 1 1 0.0 207.27835083007812 240.695556640625 374.0 3.8490521907806396 1.5751018524169922 1.6016765832901 -3.3226583003997803 1.8105465173721313 2.9904000759124756 -4.7466535568237305 0.7774
Pedestrian 1 1 1 423.6542663574219 164.85302734375 447.0748291015625 210.07334899902344 1.4446704387664795 1.8881659507751465 0.7599173188209534 -7.540333271026611 1.553787112236023 30.94049835205078 -8.247721672058105 0.5438
Car 1 1 1 676.7816772460938 159.3187255859375 791.0498657226562 200.64378356933594 4.298353672027588 1.6285723447799683 1.7160053253173828 4.995510578155518 1.094862699508667 29.593463897705078 -6.427671432495117 0.4188
Car 1 1 1 443.75592041015625 174.55715942382812 486.76568603515625 208.40359497070312 4.330758571624756 1.7226946353912354 1.7141367197036743 -7.9712677001953125 1.8206183910369873 39.285430908203125 -5.048435211181641 0.2870
Car 1 1 1 651.4213256835938 174.6090850830078 683.3062133789062 199.98593139648438 3.587489604949951 1.4778131246566772 1.5200518369674683 3.4314396381378174 1.589203953742981 44.09427261352539 -7.895142078399658 0.2518
Car 1 1 1 788.4058227539062 183.4332733154297 838.1260986328125 220.74374389648438 3.4329259395599365 1.4251264333724976 1.5198255777359009 8.592121124267578 1.8995672464370728 30.501676559448242 -4.285017013549805 0.2423
Car 1 1 1 932.1806640625 174.1054229736328 1021.010498046875 203.33322143554688 3.6634535789489746 1.4224990606307983 1.491074562072754 18.211368560791016 1.4861280918121338 36.024139404296875 -3.0918049812316895 0.1995
Pedestrian 1 1 1 232.54251098632812 156.16073608398438 264.3475646972656 216.767822265625 0.82406085729599 1.8156490325927734 0.6142919659614563 -11.090690612792969 1.3152574300765991 22.055307388305664 -4.808848857879639 0.1858
Car 1 1 1 650.4287109375 171.41104125976562 675.9801025390625 193.15179443359375 3.8411009311676025 1.634800672531128 1.6242380142211914 4.0820631980896 1.5259963274002075 56.19385528564453 -4.7340521812438965 0.1849
Car 1 1 1 621.6883544921875 176.3470001220703 651.89892578125 204.11512756347656 4.0180559158325195 1.8604998588562012 1.600807547569275 1.8205254077911377 2.116885185241699 50.944732666015625 -4.810853481292725 0.1721
Pedestrian 1 1 1 984.6728515625 148.87086486816406 1019.47119140625 229.1600341796875 0.7809850573539734 1.767850637435913 0.6305702924728394 8.832225799560547 1.2394770383834839 16.371623992919922 -7.439367771148682 0.1571
Pedestrian 1 1 1 735.2601928710938 161.40660095214844 748.805908203125 198.98316955566406 0.8264967799186707 1.8702479600906372 0.615054726600647 6.608780860900879 1.3001923561096191 36.3570671081543 -4.600771427154541 0.1516
Pedestrian 1 1 1 802.5878295898438 170.7511444091797 810.5548095703125 190.66326904296875 0.5104867815971375 1.791390299797058 0.7408731579780579 17.76202964782715 1.6019070148468018 65.28684997558594 -6.296748161315918 0.1486
Cyclist 1 1 1 1017.5479125976562 151.0512237548828 1144.951904296875 249.58998107910156 1.8253854513168335 1.6755657196044922 0.679188072681427 8.340771675109863 1.3045284748077393 12.945145606994629 -2.7304930686950684 0.1465
Pedestrian 1 1 1 1172.478515625 152.1990203857422 1229.912841796875 239.31137084960938 0.688038170337677 1.6697262525558472 0.5291652679443359 11.488299369812012 1.273521900177002 14.099604606628418 -3.1271259784698486 0.1407
Pedestrian 1 1 1 214.6072540283203 169.5811004638672 233.63809204101562 209.2086639404297 0.5212368369102478 1.7620408535003662 0.6436130404472351 -17.371885299682617 1.6162114143371582 32.41191864013672 -8.09031867980957 0.1385
Car 1 1 1 490.1456604003906 172.71865844726562 519.544921875 192.55404663085938 3.5406241416931152 1.6476550102233887 1.6733797788619995 -8.994402885437012 1.6361109018325806 61.783058166503906 -7.750106334686279 0.1380
Pedestrian 1 1 1 343.1010437011719 170.8755645751953 367.30548095703125 222.97096252441406 0.6277258992195129 1.8067675828933716 0.6731648445129395 -8.999844551086426 1.737851858139038 25.37016487121582 -4.812272548675537 0.1343
Pedestrian 1 1 1 450.5837707519531 167.08786010742188 465.9571533203125 193.4072265625 1.032923936843872 1.954676866531372 0.45716407895088196 -11.395210266113281 1.5261386632919312 54.05440139770508 -3.7000656127929688 0.1301
Car 1 1 1 405.70880126953125 184.77035522460938 449.49346923828125 214.9033660888672 3.809312582015991 1.5310462713241577 1.542672872543335 -10.116250038146973 2.2247061729431152 40.0994873046875 -4.7326979637146 0.1248
Car 1 1 1 759.6536865234375 172.73895263671875 791.389404296875 201.02894592285156 3.619602918624878 1.4413909912109375 1.583144187927246 8.815230369567871 1.435228943824768 38.69981384277344 -7.638833522796631 0.1244
Car 1 1 1 89.76335906982422 198.44601440429688 169.9268341064453 229.89349365234375 3.7317914962768555 1.5368891954421997 1.7242510318756104 -26.828411102294922 3.039116859436035 40.4050407409668 -4.590231895446777 0.1205
Pedestrian 1 1 1 830.6968994140625 166.29441833496094 848.64404296875 204.01637268066406 0.5928974747657776 1.80049467086792 0.6492147445678711 11.019767761230469 1.487101435661316 34.7591667175293 -4.7865376472473145 0.1188
Pedestrian 1 1 1 251.22442626953125 159.33839416503906 278.3781433105469 215.30535888671875 0.7447446584701538 1.8587687015533447 0.7010605931282043 -11.718318939208984 1.4095901250839233 24.412620544433594 -8.109952926635742 0.1174
Pedestrian 1 1 1 190.5726318359375 169.51406860351562 232.9298553466797 236.18356323242188 0.8379824757575989 1.7454051971435547 0.5883852243423462 -10.72727108001709 1.6576659679412842 19.362573623657227 -4.494194984436035 0.1148
Cyclist 1 1 1 35.971534729003906 179.2342987060547 73.67144775390625 212.12977600097656 1.8020988702774048 1.7436537742614746 0.6966328024864197 -30.409515380859375 2.100675344467163 39.5030403137207 -4.726534843444824 0.1142
Car 1 1 1 170.0010986328125 194.35504150390625 233.7452392578125 227.89971923828125 3.381383180618286 1.4293125867843628 1.6339060068130493 -19.679824829101562 2.521596670150757 34.861080169677734 -4.881626129150391 0.1136
Car 1 1 1 0.0 194.01824951171875 59.82778549194336 254.17724609375 3.8527448177337646 1.5363824367523193 1.6746746301651 -19.376535415649414 2.238860845565796 21.913101196289062 -7.216150760650635 0.1132
Pedestrian 1 1 1 283.2198486328125 169.5674591064453 313.5838928222656 227.15310668945312 0.8298225402832031 1.7671223878860474 0.5860645771026611 -9.782061576843262 1.6659687757492065 22.55940055847168 -4.7029008865356445 0.1070
Pedestrian 1 1 1 1089.60595703125 148.4829559326172 1135.8095703125 226.00904846191406 0.673246443271637 1.698108196258545 0.5138862729072571 11.15414810180664 1.1639924049377441 16.094837188720703 -3.2455625534057617 0.1050
Car 1 1 1 408.1979064941406 180.11337280273438 460.5359802246094 204.88812255859375 4.0275959968566895 1.5364631414413452 1.6322704553604126 -11.696374893188477 2.0425515174865723 48.17267990112305 -4.438780784606934 0.1019
Pedestrian 1 1 1 283.7368469238281 178.4430694580078 308.1980895996094 229.83547973632812 0.6971730589866638 1.7363333702087402 0.5952144861221313 -10.851933479309082 1.9313976764678955 24.840805053710938 -4.8270697593688965 0.1015
