Car 1 1 1 571.1571655273438 179.7796630859375 594.5242309570312 200.34034729003906 4.169050216674805 1.5883570909500122 1.684673547744751 -2.22294545173645 2.1769864559173584 59.256065368652344 -4.6928300857543945 0.6652
Car 1 1 1 455.955078125 177.80270385742188 498.26361083984375 214.86175537109375 4.327233791351318 1.566720724105835 1.6986503601074219 -6.252964019775391 1.8114252090454102 33.4206428527832 -4.947399139404297 0.3248
Pedestrian 1 1 1 463.5934753417969 171.08547973632812 481.0860900878906 202.68873596191406 0.9494511485099792 1.8455322980880737 0.493356853723526 -8.150531768798828 1.7419565916061401 42.52604293823242 -3.4804229736328125 0.2295
Pedestrian 1 1 1 474.474853515625 166.17794799804688 492.4159851074219 196.96873474121094 1.0072494745254517 1.8901008367538452 0.43723538517951965 -7.885189056396484 1.4799901247024536 44.76673889160156 -3.777268886566162 0.2285
Pedestrian 1 1 1 423.4249572753906 164.04122924804688 440.2225646972656 198.07107543945312 0.7661938071250916 1.9043971300125122 0.5335468053817749 -10.11921501159668 1.4109117984771729 40.82969665527344 -3.839684009552002 0.1956
Cyclist 1 1 1 659.1868286132812 181.34799194335938 670.48779296875 219.742431640625 1.6341910362243652 1.645171046257019 0.37170374393463135 2.39042592048645 2.0323448181152344 32.09690856933594 -7.857602596282959 0.1945
Pedestrian 1 1 1 263.4058532714844 158.6280059814453 281.6034851074219 208.09994506835938 0.4706438183784485 1.7677693367004395 0.5047209858894348 -12.235113143920898 1.259135127067566 26.06645965576172 -4.928348064422607 0.1788
Cyclist 1 1 1 366.3000793457031 183.47314453125 390.3083801269531 223.18502807617188 1.702593207359314 1.66417396068573 0.5348565578460693 -10.160239219665527 2.1408324241638184 31.551389694213867 -4.73230504989624 0.1778
Pedestrian 1 1 1 849.0343627929688 148.62118530273438 887.588134765625 226.19456481933594 1.0103821754455566 1.9040366411209106 0.8099567294120789 6.523043632507324 1.3089427947998047 18.342809677124023 -4.250827312469482 0.1644
Pedestrian 1 1 1 991.12548828125 158.461181640625 1041.9222412109375 245.11041259765625 0.8238747715950012 1.7656259536743164 0.6576168537139893 8.465880393981934 1.4720479249954224 15.14780044555664 -4.603473663330078 0.1355
Pedestrian 1 1 1 1009.905029296875 158.760498046875 1027.429931640625 188.13827514648438 0.7794201970100403 1.8776198625564575 0.6137968301773071 26.255535125732422 0.9765627384185791 46.422691345214844 -6.283669948577881 0.1324
Pedestrian 1 1 1 896.497314453125 162.14395141601562 926.2373657226562 231.0709991455078 0.889284610748291 1.759494662284851 0.65379798412323 7.85073709487915 1.4858005046844482 18.94338035583496 -4.3932881355285645 0.1258
Pedestrian 1 1 1 757.5847778320312 154.8715362548828 778.6165161132812 198.13156127929688 0.7037798762321472 1.979188323020935 0.6612582206726074 7.284337043762207 1.1561729907989502 33.446685791015625 -3.5122170448303223 0.1227
Pedestrian 1 1 1 710.0336303710938 169.6167449951172 727.3798217773438 212.87399291992188 0.615903913974762 1.7438822984695435 0.6446524858474731 4.383389949798584 1.6130750179290771 29.414020538330078 -7.797050952911377 0.1198
Pedestrian 1 1 1 0.0 157.8323211669922 36.536285400390625 251.8562469482422 0.6672604084014893 1.761533260345459 0.5991089344024658 -11.60931396484375 1.479803204536438 13.820700645446777 -6.292740821838379 0.1142
Car 1 1 1 385.4196472167969 185.58485412597656 445.7583312988281 221.25436401367188 3.982697010040283 1.4540168046951294 1.561333179473877 -8.815827369689941 2.0692083835601807 32.86770248413086 -4.679261207580566 0.1113
Pedestrian 1 1 1 902.008056640625 153.27142333984375 916.6726684570312 200.07208251953125 0.3759017288684845 1.8826289176940918 0.4853847622871399 12.099664688110352 1.0945897102355957 29.277772903442383 -6.33904504776001 0.1097
Car 1 1 1 829.7560424804688 173.54983520507812 904.78857421875 226.9259033203125 3.7032032012939453 1.4303900003433228 1.5435153245925903 7.461745262145996 1.452574610710144 21.351146697998047 -4.522650718688965 0.1023
Pedestrian 1 1 1 954.9614868164062 157.7406005859375 987.8157348632812 223.03587341308594 0.799873948097229 1.7320955991744995 0.6436857581138611 9.759943008422852 1.3308807611465454 19.607879638671875 -4.460354328155518 0.1007
