Pedestrian 1 1 1 891.1656494140625 152.70481872558594 949.5463256835938 259.8368835449219 0.7744354605674744 1.7826030254364014 0.6485694050788879 5.422064304351807 1.3040964603424072 12.346484184265137 -4.733224391937256 0.8228
Pedestrian 1 1 1 866.8091430664062 152.16757202148438 943.0999755859375 360.9717712402344 0.9279274940490723 1.702771544456482 0.5833750367164612 2.62831711769104 1.4642982482910156 6.395913124084473 -4.342984676361084 0.7479
Pedestrian 1 1 1 157.16732788085938 173.8851776123047 259.5896911621094 370.00616455078125 0.6247280240058899 1.5868903398513794 0.5457153916358948 -3.386512041091919 1.526005506515503 6.1340789794921875 -7.889106273651123 0.7358
Car 1 1 1 677.6671142578125 162.22103881835938 747.0225219726562 218.494140625 3.9587743282318115 1.7613017559051514 1.6729487180709839 3.6584818363189697 1.1583327054977417 24.479022979736328 -7.873985767364502 0.6224
Pedestrian 1 1 1 0.0 128.1438751220703 111.24085998535156 353.0533752441406 0.8192724585533142 1.859869360923767 0.6568930149078369 -4.966179847717285 1.4193731546401978 6.272846698760986 -6.293461322784424 0.6041
Pedestrian 1 1 1 484.37103271484375 171.01412963867188 503.4090576171875 217.6332550048828 0.9000419974327087 1.7564966678619385 0.5904947519302368 -4.135652542114258 1.3617832660675049 27.517107009887695 -4.705782413482666 0.5334
Pedestrian 1 1 1 93.30972290039062 153.9521942138672 208.87789916992188 334.6845397949219 1.0743428468704224 1.8451414108276367 0.6355804204940796 -4.9852399826049805 1.5646027326583862 7.8732991218566895 -2.631422758102417 0.5281
Car 1 1 1 562.7932739257812 174.54727172851562 597.4662475585938 198.4525604248047 3.8688738346099854 1.626399278640747 1.6881294250488281 -1.4560258388519287 1.1533668041229248 50.927146911621094 -7.672278881072998 0.4691
Pedestrian 1 1 1 474.6666564941406 168.64291381835938 499.2871398925781 216.26551818847656 0.7855798602104187 1.855622410774231 0.5983994007110596 -4.5395188331604 1.3549968004226685 28.380550384521484 -6.0219035148620605 0.4405
Pedestrian 1 1 1 291.63800048828125 205.3297119140625 370.52618408203125 355.2431945800781 0.5675069093704224 1.3377299308776855 0.5897577404975891 -2.605560064315796 1.5756762027740479 6.831535816192627 -4.843720436096191 0.3797
Car 1 1 1 421.8028259277344 182.98736572265625 481.8148193359375 225.96241760253906 3.802727222442627 1.4597350358963013 1.5498907566070557 -5.454385280609131 1.5188602209091187 26.459901809692383 -4.748124599456787 0.3728
Pedestrian 1 1 1 469.02496337890625 161.52037048339844 498.4554748535156 206.49063110351562 1.0410733222961426 1.8422094583511353 0.6202737092971802 -4.920074462890625 1.0240713357925415 29.92506980895996 -2.712953805923462 0.3553
Pedestrian 1 1 1 841.094482421875 152.7454071044922 875.5125122070312 212.37144470214844 0.859301745891571 1.8470420837402344 0.6041538119316101 8.031432151794434 0.9567583799362183 22.56112289428711 -3.1582131385803223 0.3515
Car 1 1 1 829.1027221679688 156.4959259033203 954.7862548828125 203.5164794921875 3.7449758052825928 1.5865494012832642 1.6357510089874268 10.0995512008667 0.7432882785797119 25.183767318725586 -6.3527140617370605 0.2716
Pedestrian 1 1 1 565.0275268554688 168.9697723388672 583.7863159179688 201.77536010742188 0.9421044588088989 1.8805432319641113 0.5828139781951904 -1.5649949312210083 1.1623904705047607 41.60175323486328 -2.8238887786865234 0.2490
Car 1 1 1 654.188232421875 174.31600952148438 695.5266723632812 204.5763702392578 3.2734644412994385 1.4668937921524048 1.5351628065109253 3.677765369415283 1.1188814640045166 36.511165618896484 -7.928486347198486 0.2008
Pedestrian 1 1 1 530.4886474609375 177.92355346679688 554.8145141601562 221.3273162841797 0.7126885652542114 1.628074049949646 0.6651744246482849 -2.268253803253174 1.4942923784255981 27.4251651763916 -5.29363489151001 0.1648
Pedestrian 1 1 1 701.4600830078125 156.48626708984375 730.40625 228.09771728515625 0.6496132612228394 1.8349729776382446 0.6586649417877197 2.94513201713562 1.194536566734314 18.736286163330078 -3.1405868530273438 0.1608
Pedestrian 1 1 1 648.9342041015625 170.93260192871094 661.9282836914062 200.35073852539062 0.6600666046142578 1.728487491607666 0.6772200465202332 3.1976478099823 1.107702612876892 42.575836181640625 -6.381737232208252 0.1423
Car 1 1 1 874.915771484375 171.30984497070312 1082.85888671875 245.69622802734375 4.1832170486450195 1.59914231300354 1.629024863243103 8.739981651306152 1.3806430101394653 17.046688079833984 -5.858436107635498 0.1422
Pedestrian 1 1 1 790.3244018554688 158.33920288085938 800.228271484375 184.9502410888672 0.5639038681983948 1.8445087671279907 0.6251556873321533 13.548077583312988 0.2391313910484314 50.16116714477539 -4.368955612182617 0.1348
Car 1 1 1 497.6799621582031 177.10572814941406 560.5693359375 208.89578247070312 3.9807305335998535 1.4981510639190674 1.6345685720443726 -3.562494993209839 1.2913178205490112 36.000099182128906 -7.52587366104126 0.1267
Pedestrian 1 1 1 621.1202392578125 168.1114501953125 635.349365234375 191.92454528808594 1.0174822807312012 1.812299370765686 0.4317547380924225 2.0712602138519287 0.7932606339454651 55.01166534423828 -2.874126434326172 0.1182
Pedestrian 1 1 1 642.23876953125 168.7218017578125 656.1627807617188 194.09689331054688 0.7313300967216492 1.779341220855713 0.6593207716941833 3.3940348625183105 0.8832851052284241 50.86146545410156 -2.386023759841919 0.1150
Car 1 1 1 777.739990234375 180.75616455078125 903.2389526367188 289.0319519042969 3.7842020988464355 1.4607094526290894 1.6450752019882202 3.7619175910949707 1.4513384103775024 11.737278938293457 -7.57112455368042 0.1029
Pedestrian 1 1 1 542.5101318359375 171.49960327148438 559.6102294921875 211.75100708007812 0.5318303108215332 1.6926031112670898 0.6207174062728882 -2.1619327068328857 1.2723939418792725 30.55197525024414 -8.152463912963867 0.1020
