Car 1 1 1 568.6234130859375 172.5634002685547 614.6527099609375 216.5811309814453 4.473008155822754 1.5733072757720947 1.6113113164901733 -0.687620222568512 1.5626206398010254 28.037946701049805 -7.838998317718506 0.9780
Car 1 1 1 0.0 177.97650146484375 79.82933807373047 223.71002197265625 3.503803253173828 1.4878805875778198 1.7711795568466187 -21.083023071289062 1.682195782661438 25.64188575744629 -4.690474510192871 0.7945
Car 1 1 1 301.75048828125 172.13807678222656 341.4249572753906 192.74655151367188 3.726783037185669 1.5827616453170776 1.6808559894561768 -22.87314224243164 1.5274765491485596 57.2835693359375 -7.860000133514404 0.7598
Car 1 1 1 227.4570770263672 159.53622436523438 276.71710205078125 191.7575225830078 4.663344860076904 2.5114147663116455 1.7769243717193604 -29.00918960571289 1.473090648651123 58.58995056152344 -7.876780986785889 0.5230
Car 1 1 1 446.5248718261719 176.79238891601562 471.2508239746094 194.03692626953125 3.9711759090423584 1.4598784446716309 1.441135287284851 -13.391830444335938 1.8198137283325195 63.99739074707031 -4.73331880569458 0.1774
Car 1 1 1 293.29754638671875 179.652587890625 329.4046325683594 203.4441375732422 3.641495704650879 1.4586377143859863 1.58908212184906 -19.648256301879883 1.9227296113967896 47.32257843017578 -5.276205062866211 0.1669
Car 1 1 1 680.4122314453125 172.59637451171875 759.5436401367188 233.54498291015625 4.018884181976318 1.5282195806503296 1.6009873151779175 3.1284828186035156 1.5214598178863525 20.248842239379883 -7.5490288734436035 0.1449
Car 1 1 1 161.29173278808594 174.2775421142578 207.03189086914062 193.29075622558594 3.426875352859497 1.4759877920150757 1.529380202293396 -34.219940185546875 1.5936247110366821 58.026493072509766 -4.659433841705322 0.1181
Car 1 1 1 696.4514770507812 172.67686462402344 718.5203247070312 189.98971557617188 3.9662575721740723 1.533867597579956 1.5922856330871582 8.855440139770508 1.5178734064102173 65.93232727050781 -4.682246685028076 0.1138
Pedestrian 1 1 1 1046.270751953125 156.89346313476562 1078.688232421875 216.0863494873047 0.7434864044189453 1.7621852159500122 0.5767712593078613 13.667610168457031 1.2867366075515747 21.88718605041504 -7.7203688621521 0.1090
Pedestrian 1 1 1 889.534423828125 170.22637939453125 910.347900390625 210.94911193847656 0.6128600239753723 1.681099534034729 0.5967219471931458 12.096566200256348 1.5723272562026978 30.21266746520996 -3.863656520843506 0.1064
