Car 1 1 1 459.90478515625 176.8117218017578 549.4686279296875 239.3989715576172 4.060463905334473 1.4520821571350098 1.582098126411438 -2.4347293376922607 1.3438550233840942 18.737550735473633 -7.797703266143799 0.9734
Car 1 1 1 522.042236328125 174.30926513671875 567.5791015625 211.5311737060547 3.4911060333251953 1.4274940490722656 1.4826604127883911 -2.2756779193878174 1.1520830392837524 29.316884994506836 -7.822413921356201 0.9332
Car 1 1 1 603.3978271484375 172.0074920654297 640.2635498046875 206.47157287597656 4.085329055786133 1.4816938638687134 1.5855425596237183 0.9251308441162109 1.0738919973373413 32.94987487792969 -7.822080135345459 0.9244
Car 1 1 1 566.3866577148438 168.072021484375 596.5173950195312 195.52134704589844 3.8872053623199463 1.584248661994934 1.6789512634277344 -1.165798544883728 0.8093714118003845 43.411128997802734 -7.843687534332275 0.6651
Pedestrian 1 1 1 1066.7376708984375 143.35015869140625 1090.01708984375 189.5674285888672 0.5990024209022522 2.00362491607666 0.7541497945785522 20.934627532958984 0.3500410318374634 31.564592361450195 -7.452198028564453 0.3101
Car 1 1 1 576.3142700195312 178.81239318847656 602.5228881835938 201.31588745117188 3.6244945526123047 1.4667303562164307 1.5962624549865723 -0.8374398946762085 1.2915899753570557 48.68006896972656 -4.77779483795166 0.2388
Cyclist 1 1 1 159.85874938964844 175.08164978027344 195.7357177734375 209.30520629882812 1.7141664028167725 1.8390309810638428 0.6714755892753601 -23.08643341064453 1.494308352470398 39.14230728149414 -2.885378837585449 0.2355
Pedestrian 1 1 1 899.3350219726562 158.3131561279297 930.5363159179688 223.68833923339844 0.7162421345710754 1.8295793533325195 0.6736913919448853 8.913501739501953 1.1811631917953491 20.517967224121094 -7.6660027503967285 0.2042
Pedestrian 1 1 1 1007.0731811523438 162.1656951904297 1043.750732421875 220.32579040527344 0.7966751456260681 1.6848174333572388 0.5678434371948242 12.494123458862305 1.12520432472229 21.236848831176758 -7.966378688812256 0.1985
Car 1 1 1 592.6717529296875 169.91937255859375 612.4935913085938 187.8046875 3.9268414974212646 1.5589673519134521 1.585600733757019 0.1088164895772934 0.5493097305297852 64.61238861083984 -7.901717662811279 0.1763
Car 1 1 1 373.8167724609375 177.08880615234375 398.0371398925781 196.62557983398438 3.564701557159424 1.538771390914917 1.4263402223587036 -17.480857849121094 1.1911998987197876 58.449832916259766 -4.868934154510498 0.1755
Pedestrian 1 1 1 1204.8026123046875 133.4551239013672 1231.675537109375 185.93751525878906 0.49155494570732117 1.9432004690170288 0.6753779053688049 23.131269454956055 0.16467906534671783 26.973482131958008 -7.3596110343933105 0.1680
Car 1 1 1 346.5697326660156 177.58152770996094 441.1816101074219 210.91552734375 3.875887155532837 1.4832513332366943 1.6534909009933472 -9.57142448425293 1.3091777563095093 33.17159652709961 -2.934185743331909 0.1641
Pedestrian 1 1 1 1098.9931640625 144.5104217529297 1118.55322265625 185.50747680664062 0.509390652179718 1.8587207794189453 0.563869297504425 23.192901611328125 0.18196576833724976 32.864280700683594 -7.693543910980225 0.1515
Pedestrian 1 1 1 1158.279296875 144.9058380126953 1231.1104736328125 253.4452667236328 0.725350558757782 1.7146016359329224 0.5601722002029419 9.56867790222168 1.137157917022705 11.655832290649414 -3.221862316131592 0.1216
Pedestrian 1 1 1 973.8118896484375 146.8610076904297 1004.1155395507812 220.26173400878906 0.6717647910118103 1.7738988399505615 0.6452814340591431 9.575983047485352 0.9373008608818054 17.811962127685547 -4.192989826202393 0.1207
Pedestrian 1 1 1 876.4971923828125 170.92294311523438 895.3275756835938 219.57052612304688 0.6747941374778748 1.5773471593856812 0.5477657318115234 9.365391731262207 1.2348297834396362 23.711400985717773 -4.2889862060546875 0.1162
Pedestrian 1 1 1 1079.0574951171875 140.0028076171875 1119.013916015625 208.37017822265625 0.7257949113845825 1.8859081268310547 0.6638845205307007 13.961146354675293 0.7417033314704895 20.217363357543945 -4.584941387176514 0.1115
Car 1 1 1 913.1195678710938 150.14100646972656 1013.3812255859375 181.84083557128906 4.713651657104492 1.7164283990859985 1.7196846008300781 20.144344329833984 0.01862252876162529 40.17851638793945 -6.096036911010742 0.1012
