Cyclist 1 1 1 737.8690185546875 163.58279418945312 768.4661254882812 218.6950225830078 1.8864073753356934 1.8419054746627808 0.6253072023391724 4.9493727684021 1.531752586364746 25.102243423461914 -7.424509525299072 0.7911
Pedestrian 1 1 1 122.71282958984375 180.1999969482422 189.8465576171875 294.7954406738281 0.6084659099578857 1.574915885925293 0.5664380788803101 -6.489083766937256 1.682031512260437 10.252535820007324 -6.333083152770996 0.7638
Pedestrian 1 1 1 4.327242851257324 164.98712158203125 68.09326934814453 258.6220703125 0.7364956736564636 1.8718435764312744 0.7250622510910034 -11.804291725158691 1.714277982711792 14.797785758972168 -4.7273335456848145 0.6705
Pedestrian 1 1 1 713.4666748046875 168.60470581054688 731.5175170898438 212.15565490722656 0.6223595142364502 1.7801754474639893 0.6801196932792664 4.604620456695557 1.6061828136444092 29.842937469482422 -3.172703504562378 0.6527
Pedestrian 1 1 1 904.1055297851562 158.7538299560547 936.4573974609375 221.48646545410156 0.736151397228241 1.7816708087921143 0.6117305159568787 8.91491413116455 1.3809115886688232 20.864898681640625 -7.868537425994873 0.6420
Pedestrian 1 1 1 508.604248046875 163.94329833984375 523.7957763671875 204.52133178710938 1.1479334831237793 1.8304132223129272 0.6804821491241455 -4.347977161407471 1.4281654357910156 33.15846633911133 -7.9755539894104 0.6403
Pedestrian 1 1 1 447.34783935546875 166.16647338867188 465.56781005859375 212.7163543701172 0.9636233448982239 1.8510816097259521 0.640516459941864 -6.25356912612915 1.5848480463027954 29.209651947021484 -7.97639799118042 0.5606
Pedestrian 1 1 1 390.1243591308594 162.21742248535156 428.9745788574219 227.01316833496094 0.8569564819335938 1.8215091228485107 0.6739811897277832 -5.827965259552002 1.5221984386444092 20.821046829223633 -7.354888916015625 0.5497
Pedestrian 1 1 1 761.7391967773438 151.38601684570312 797.38134765625 230.7763214111328 0.6619722843170166 1.6989725828170776 0.5615618228912354 3.6546828746795654 1.2392524480819702 15.806034088134766 -4.843878746032715 0.5026
Cyclist 1 1 1 609.0161743164062 169.7659912109375 623.8695678710938 197.5568084716797 1.810584545135498 1.8391575813293457 0.5522099137306213 0.41061535477638245 1.6344971656799316 48.6965446472168 -4.440800189971924 0.4031
Pedestrian 1 1 1 485.5039978027344 168.15528869628906 502.7348937988281 200.08811950683594 0.9145569205284119 1.810693621635437 0.48117199540138245 -6.667530536651611 1.5439616441726685 41.278656005859375 -3.4420700073242188 0.3864
Pedestrian 1 1 1 249.29994201660156 180.60125732421875 272.3868713378906 226.6943359375 0.5424777269363403 1.510324478149414 0.5530884861946106 -11.681661605834961 1.7715718746185303 24.052366256713867 -4.850552082061768 0.3470
Cyclist 1 1 1 831.9254150390625 168.3359832763672 881.2769165039062 274.0743408203125 1.6943756341934204 1.777114987373352 0.4740777909755707 4.357076644897461 1.7008819580078125 12.993966102600098 -7.749551296234131 0.3233
Pedestrian 1 1 1 191.3365020751953 174.7373504638672 215.2014923095703 213.2657928466797 0.6853780150413513 1.6999216079711914 0.6832376718521118 -18.19676971435547 1.7846156358718872 32.215721130371094 -7.865793704986572 0.3116
Cyclist 1 1 1 629.365234375 171.45375061035156 642.1712646484375 196.88026428222656 1.8477598428726196 1.7960015535354614 0.527482271194458 1.8313220739364624 1.6967941522598267 51.926414489746094 -4.454305171966553 0.3021
Car 1 1 1 1141.6309814453125 189.27235412597656 1241.0 374.0 4.024072647094727 1.497374415397644 1.6177713871002197 5.611997127532959 1.649358868598938 4.653731346130371 -7.8195109367370605 0.2912
Pedestrian 1 1 1 357.5310974121094 182.69464111328125 379.89453125 230.08058166503906 0.513870120048523 1.5519273281097412 0.6297529935836792 -8.1290283203125 1.8863126039505005 24.16354751586914 -5.211564540863037 0.2848
Pedestrian 1 1 1 726.1499633789062 163.0767364501953 740.308349609375 201.12254333496094 1.0983132123947144 1.8468137979507446 0.6207017302513123 6.0345659255981445 1.3719075918197632 35.60386657714844 -7.747209072113037 0.2818
Cyclist 1 1 1 501.5494689941406 182.3525848388672 528.8931884765625 219.78396606445312 1.6657084226608276 1.72162663936615 0.6760556697845459 -4.564260482788086 2.187744379043579 34.5355110168457 -7.563008785247803 0.2515
Pedestrian 1 1 1 432.2307434082031 177.80592346191406 453.78582763671875 209.30845642089844 0.9282185435295105 1.6218491792678833 0.6307432651519775 -8.80350112915039 1.8853965997695923 37.88406753540039 -4.15196418762207 0.2435
Cyclist 1 1 1 356.2802429199219 143.1534423828125 397.0312194824219 192.2306671142578 1.5503991842269897 1.8013218641281128 0.5412709712982178 -8.857447624206543 0.71089768409729 27.298280715942383 -4.255517482757568 0.2387
Pedestrian 1 1 1 214.55255126953125 172.50083923339844 235.38946533203125 209.03903198242188 0.6469095349311829 1.6741290092468262 0.6573589444160461 -17.86836051940918 1.657647967338562 33.41638946533203 -7.960366725921631 0.2274
Car 1 1 1 505.03973388671875 158.95606994628906 531.9088745117188 180.67807006835938 3.75150465965271 1.7430108785629272 1.6980751752853394 -7.574738502502441 0.6275163888931274 59.7861442565918 -7.838439464569092 0.2237
Pedestrian 1 1 1 226.03004455566406 174.25958251953125 247.9824981689453 213.2030029296875 0.5241584181785583 1.6119765043258667 0.6301208138465881 -15.645347595214844 1.6710643768310547 30.18705177307129 -7.730037212371826 0.2190
Pedestrian 1 1 1 1077.09619140625 173.6083984375 1164.088134765625 301.3869934082031 0.7823705077171326 1.610932469367981 0.5518143773078918 6.617035388946533 1.6209012269973755 9.461175918579102 -2.903646469116211 0.2180
Pedestrian 1 1 1 779.9051513671875 178.80120849609375 805.4774169921875 234.0947265625 0.6314488649368286 1.5015205144882202 0.5269521474838257 5.006339073181152 1.66869056224823 19.991071701049805 -4.756525993347168 0.1993
Pedestrian 1 1 1 423.3520202636719 174.5518341064453 437.86468505859375 209.6774139404297 0.7677688002586365 1.6795017719268799 0.6075930595397949 -8.729317665100098 1.7624688148498535 34.963443756103516 -4.853572368621826 0.1960
Pedestrian 1 1 1 1018.2586059570312 173.2934112548828 1050.5230712890625 248.08287048339844 0.6873020529747009 1.5584886074066162 0.5285786390304565 9.051496505737305 1.5678763389587402 15.474178314208984 -4.07753849029541 0.1795
Pedestrian 1 1 1 254.6365203857422 176.0221710205078 271.1285400390625 209.94271850585938 0.6409204602241516 1.7067941427230835 0.6564931273460388 -17.72801971435547 1.8697227239608765 36.777347564697266 -8.127585411071777 0.1787
Pedestrian 1 1 1 205.9744415283203 174.3328399658203 229.2368927001953 215.6527099609375 0.5761832594871521 1.6562731266021729 0.611424446105957 -15.952940940856934 1.7165918350219727 29.260578155517578 -7.759207248687744 0.1712
Pedestrian 1 1 1 782.8607177734375 162.52723693847656 805.4151000976562 220.82505798339844 0.49822917580604553 1.7943161725997925 0.5872817039489746 5.71853494644165 1.4761745929718018 22.592117309570312 -2.5009312629699707 0.1622
Cyclist 1 1 1 910.5145263671875 170.59707641601562 944.8206787109375 224.92709350585938 1.5900921821594238 1.5894631147384644 0.39815405011177063 9.578983306884766 1.5231353044509888 21.911462783813477 -7.814022541046143 0.1613
Pedestrian 1 1 1 302.0890808105469 161.19149780273438 329.92303466796875 209.06446838378906 0.8414872288703918 1.8714443445205688 0.5806324481964111 -11.69170093536377 1.415235161781311 28.59305191040039 -2.887408494949341 0.1607
Pedestrian 1 1 1 890.9954223632812 169.3349609375 931.8519897460938 261.82891845703125 0.5296324491500854 1.6953940391540527 0.480329692363739 5.584146499633789 1.6305910348892212 13.509034156799316 -3.320262908935547 0.1605
Pedestrian 1 1 1 957.0578002929688 158.37579345703125 1037.0203857421875 293.899169921875 0.6811102628707886 1.6831244230270386 0.6402825117111206 4.931811332702637 1.5030131340026855 9.331198692321777 -4.8098955154418945 0.1544
Pedestrian 1 1 1 884.3395385742188 188.9640655517578 937.3142700195312 285.17138671875 0.7059966325759888 1.3629592657089233 0.4758760333061218 4.393879413604736 1.6096618175506592 10.702646255493164 -4.742912769317627 0.1503
Pedestrian 1 1 1 337.5323181152344 179.4366455078125 360.9590759277344 228.4744873046875 0.6231974363327026 1.5639317035675049 0.6136075258255005 -8.521931648254395 1.7809641361236572 23.46486473083496 -4.8758955001831055 0.1502
Pedestrian 1 1 1 746.4868774414062 155.1685028076172 772.4315795898438 201.93751525878906 0.8415875434875488 1.952717661857605 0.6755710244178772 6.293460369110107 1.2140065431594849 30.604663848876953 -3.5564944744110107 0.1461
Pedestrian 1 1 1 313.1606140136719 179.4093475341797 336.4081115722656 224.40335083007812 0.5845215320587158 1.6656270027160645 0.6601372361183167 -10.756470680236816 1.914420485496521 27.108871459960938 -4.762658596038818 0.1421
Car 1 1 1 831.1644287109375 165.9695281982422 891.8268432617188 194.60202026367188 3.4832170009613037 1.5285122394561768 1.726554274559021 13.972256660461426 1.1606930494308472 40.382781982421875 -4.885587692260742 0.1409
Car 1 1 1 319.078125 183.05001831054688 423.171630859375 219.43955993652344 4.186074733734131 1.3803911209106445 1.5675756931304932 -10.138486862182617 1.8461558818817139 30.7902774810791 -4.156630992889404 0.1384
Pedestrian 1 1 1 181.5370330810547 170.4216766357422 199.98915100097656 208.63487243652344 0.5367221236228943 1.7872178554534912 0.5969744324684143 -19.824596405029297 1.6731587648391724 34.055198669433594 -8.000778198242188 0.1352
Car 1 1 1 635.3712768554688 169.8988800048828 656.8638305664062 187.77822875976562 4.264797210693359 1.4875068664550781 1.6523363590240479 3.055764675140381 1.2413487434387207 62.16537094116211 -7.8499932289123535 0.1303
Pedestrian 1 1 1 516.69873046875 177.11099243164062 530.0570068359375 204.99391174316406 0.8390979766845703 1.8151596784591675 0.7605738043785095 -5.732619762420654 2.0975594520568848 47.50651550292969 -6.355887413024902 0.1265
Pedestrian 1 1 1 733.2649536132812 168.37814331054688 745.2019653320312 194.93829345703125 0.6120046377182007 1.8192657232284546 0.6544351577758789 8.899989128112793 1.5123859643936157 49.86228942871094 -2.581617593765259 0.1226
Car 1 1 1 491.0048522949219 170.556884765625 546.3232421875 187.57821655273438 4.565406799316406 1.4765160083770752 1.6660343408584595 -8.082786560058594 1.2769522666931152 63.79994201660156 -6.111800670623779 0.1196
Pedestrian 1 1 1 779.7733154296875 172.05813598632812 796.6798706054688 204.74041748046875 0.5630826950073242 1.6576436758041382 0.6807011365890503 9.0773286819458 1.616977572441101 36.92041778564453 -7.986572742462158 0.1174
Cyclist 1 1 1 1106.9285888671875 164.23387145996094 1241.0 271.44488525390625 1.8690619468688965 1.5934808254241943 0.893535315990448 9.091401100158691 1.465059518814087 11.525849342346191 -2.702592611312866 0.1151
Pedestrian 1 1 1 774.8431396484375 171.41641235351562 807.2467041015625 250.35391235351562 0.4847245216369629 1.7636878490447998 0.6783241629600525 4.060341835021973 1.731268048286438 16.416337966918945 -4.546163082122803 0.1127
Pedestrian 1 1 1 583.640625 168.8543243408203 596.0263061523438 194.8612518310547 0.8493267893791199 1.7908283472061157 0.5455652475357056 -1.4256998300552368 1.5151115655899048 49.96293640136719 -6.295680046081543 0.1124
Car 1 1 1 699.5142211914062 174.6503143310547 732.4048461914062 196.06967163085938 3.9946844577789307 1.4764996767044067 1.5371915102005005 7.580176830291748 1.6110596656799316 52.12543487548828 -4.780033111572266 0.1118
Car 1 1 1 763.68505859375 169.44190979003906 788.8692016601562 191.16683959960938 3.651470184326172 1.5242880582809448 1.536328673362732 12.046157836914062 1.2845845222473145 52.548885345458984 -4.555059432983398 0.1091
Pedestrian 1 1 1 732.7479858398438 178.1837158203125 750.54736328125 211.54922485351562 0.850415050983429 1.6654319763183594 0.4277498722076416 6.589538097381592 1.9355392456054688 36.352420806884766 -6.182758331298828 0.1085
Car 1 1 1 374.939453125 173.72621154785156 422.49896240234375 203.46376037597656 3.7761433124542236 1.4696539640426636 1.586445927619934 -11.016175270080566 1.5172680616378784 37.70478820800781 -4.772710800170898 0.1028
Car 1 1 1 473.0282287597656 163.15574645996094 495.2471618652344 183.60858154296875 3.743412733078003 1.6379868984222412 1.6561640501022339 -10.417726516723633 0.8609908223152161 59.74834442138672 -7.9838643074035645 0.1016
Car 1 1 1 1123.964599609375 175.59744262695312 1241.0 254.64590454101562 3.7132842540740967 1.5399130582809448 1.561509609222412 13.272563934326172 1.6085858345031738 16.16657257080078 -4.515304088592529 0.1009
