Cyclist 1 1 1 128.2952423095703 150.5449981689453 366.5744934082031 374.0 1.7164398431777954 1.658750057220459 0.5136039853096008 -2.43566632270813 1.5318324565887451 4.987974643707275 -4.503874778747559 0.5803
Pedestrian 1 1 1 560.5288696289062 150.91709899902344 582.3306274414062 202.2646026611328 0.8320685625076294 1.875119924545288 0.6725161075592041 -1.4730116128921509 1.0737228393554688 26.80386734008789 -7.7294182777404785 0.4825
Cyclist 1 1 1 945.2534790039062 134.33587646484375 1093.127685546875 284.7200622558594 1.837015151977539 1.920790672302246 0.46758130192756653 5.384948253631592 1.4285156726837158 9.607186317443848 -3.3179426193237305 0.4442
Pedestrian 1 1 1 572.8667602539062 154.35748291015625 587.68994140625 191.9475555419922 0.6940289735794067 1.851554274559021 0.6141743659973145 -1.5237867832183838 0.9401812553405762 35.94986343383789 -8.09119701385498 0.3562
Pedestrian 1 1 1 893.8375244140625 148.14195251464844 966.5914306640625 283.8028259277344 0.8469862341880798 1.8255852460861206 0.7243465781211853 4.436347484588623 1.4927358627319336 10.175382614135742 -4.586330890655518 0.2625
Car 1 1 1 585.1124267578125 154.92266845703125 618.4658203125 183.19186401367188 3.486711025238037 1.500816822052002 1.557443380355835 -0.45523643493652344 0.5485389232635498 40.10402297973633 -7.777988910675049 0.2288
Car 1 1 1 558.3194580078125 179.8655548095703 620.7916870117188 219.88803100585938 4.065174579620361 1.5279347896575928 1.5743204355239868 -0.8302046656608582 1.844757080078125 30.4693546295166 -4.459920883178711 0.2190
Pedestrian 1 1 1 970.16796875 146.50230407714844 995.1502685546875 198.86187744140625 0.7450281977653503 1.8973087072372437 0.7020601034164429 13.687975883483887 0.9421250820159912 26.606843948364258 -7.547272205352783 0.1933
Pedestrian 1 1 1 1084.522705078125 142.0003662109375 1143.08642578125 288.5166320800781 0.6420612931251526 1.7832754850387573 0.5443284511566162 6.34641695022583 1.4074504375457764 9.1941499710083 -7.3542962074279785 0.1922
Pedestrian 1 1 1 1030.2220458984375 162.12698364257812 1080.776123046875 283.986083984375 0.5433547496795654 1.689527988433838 0.5242657661437988 6.323095798492432 1.5405021905899048 10.351149559020996 -5.882656097412109 0.1814
Pedestrian 1 1 1 831.7025756835938 154.8318328857422 880.3115234375 251.60552978515625 0.7717300057411194 1.8092987537384033 0.6414470672607422 4.671144962310791 1.4720531702041626 13.894091606140137 -7.912928104400635 0.1773
Pedestrian 1 1 1 556.441162109375 155.22579956054688 584.6788940429688 223.98590087890625 0.9511691927909851 1.848732352256775 0.6041412353515625 -1.1472328901290894 1.3744680881500244 19.935565948486328 -4.9639081954956055 0.1569
Pedestrian 1 1 1 268.7397766113281 147.7916717529297 375.0428161621094 319.9443664550781 0.9484548568725586 1.837421178817749 0.5715063214302063 -3.270786762237549 1.5696258544921875 8.080963134765625 -6.069442272186279 0.1521
Pedestrian 1 1 1 991.2437133789062 164.483154296875 1100.2156982421875 316.10003662109375 1.017921805381775 1.6790324449539185 0.5265955328941345 4.997951030731201 1.5860322713851929 8.42502498626709 -2.7581474781036377 0.1266
Pedestrian 1 1 1 1136.7630615234375 147.95327758789062 1191.7685546875 246.5343017578125 0.5917150378227234 1.6807459592819214 0.477399080991745 9.587284088134766 1.255903959274292 12.56226921081543 -3.2176716327667236 0.1186
