Car 1 1 1 485.79779052734375 176.42408752441406 530.5418701171875 209.40342712402344 4.2637248039245605 1.896874189376831 1.6596851348876953 -6.210589408874512 2.1262433528900146 44.199275970458984 -4.588143825531006 0.8773
Cyclist 1 1 1 215.5998992919922 180.12486267089844 308.92816162109375 287.2685241699219 2.0149123668670654 1.755433440208435 0.5975092053413391 -6.248960494995117 1.8963232040405273 12.985993385314941 -4.6452507972717285 0.8280
Car 1 1 1 459.48016357421875 184.14126586914062 508.3026428222656 214.382568359375 3.702392339706421 1.511438012123108 1.5918266773223877 -6.874569416046143 2.1586215496063232 39.45025634765625 -4.579947471618652 0.7800
Car 1 1 1 655.5953979492188 175.63185119628906 684.6859130859375 200.55255126953125 4.0595927238464355 1.5698312520980835 1.7329469919204712 3.923961639404297 1.762138843536377 47.97011947631836 -7.818597316741943 0.7511
Car 1 1 1 610.213623046875 179.25245666503906 633.6240844726562 201.83619689941406 3.7146902084350586 1.509947657585144 1.600608229637146 0.8423203229904175 1.98028564453125 51.19062423706055 -7.821757793426514 0.6589
Car 1 1 1 932.2069091796875 162.5209503173828 1018.5291748046875 190.93821716308594 3.761826992034912 1.461249828338623 1.5497753620147705 19.19255256652832 0.9296119213104248 38.09614181518555 -3.0219790935516357 0.4550
Car 1 1 1 398.0258483886719 181.30885314941406 466.3612976074219 206.63232421875 4.0267252922058105 1.548482060432434 1.6292556524276733 -11.593741416931152 2.1185462474823 46.96781539916992 -3.661479949951172 0.2724
Car 1 1 1 732.1456298828125 173.55271911621094 800.3569946289062 197.08522033691406 4.060108184814453 1.4443660974502563 1.6625257730484009 9.926985740661621 1.4901385307312012 45.979549407958984 -6.7109198570251465 0.2713
Car 1 1 1 661.3932495117188 166.1833038330078 684.9491577148438 191.20887756347656 3.7834978103637695 1.7562968730926514 1.6494516134262085 4.591918468475342 1.2878462076187134 52.60057067871094 -7.7565436363220215 0.2627
Pedestrian 1 1 1 737.2792358398438 164.81881713867188 772.0370483398438 233.3287353515625 0.7566177248954773 1.855451226234436 0.7306358218193054 3.945730686187744 1.6375349760055542 19.968698501586914 -4.858036518096924 0.2563
Car 1 1 1 1016.9890747070312 172.6382598876953 1066.28515625 200.46710205078125 3.4601094722747803 1.4191806316375732 1.4393494129180908 23.024085998535156 1.4078783988952637 38.6585693359375 -4.427953720092773 0.2261
Pedestrian 1 1 1 996.9508056640625 157.74192810058594 1037.45947265625 228.923828125 0.8286044001579285 1.8554117679595947 0.6749521493911743 10.86027717590332 1.4612038135528564 19.333608627319336 -5.5712175369262695 0.2185
Pedestrian 1 1 1 858.1566162109375 155.79339599609375 881.8050537109375 202.5573272705078 0.8083179593086243 1.8679107427597046 0.6040815114974976 10.5083646774292 1.1861522197723389 29.284616470336914 -5.758152008056641 0.2172
Pedestrian 1 1 1 802.7210693359375 170.7755889892578 824.7056884765625 214.66978454589844 0.6874136328697205 1.6958236694335938 0.595067024230957 7.954800605773926 1.6152257919311523 28.330732345581055 -7.139810085296631 0.1935
Pedestrian 1 1 1 913.0582885742188 161.15792846679688 934.4058227539062 214.03671264648438 0.5711268782615662 1.8035695552825928 0.5699018836021423 10.827909469604492 1.4043445587158203 25.008251190185547 -7.228883743286133 0.1899
Pedestrian 1 1 1 941.055419921875 160.22946166992188 968.8768920898438 220.4700469970703 0.8814641833305359 1.8627982139587402 0.6863808631896973 10.860289573669434 1.4721139669418335 22.837648391723633 -4.395172119140625 0.1847
Car 1 1 1 0.0 210.58082580566406 69.18875122070312 374.0 4.200472831726074 1.5126649141311646 1.6460405588150024 -8.164095878601074 1.9359533786773682 7.127569198608398 -6.3560309410095215 0.1656
Pedestrian 1 1 1 298.1375427246094 156.93992614746094 317.1227722167969 205.59063720703125 0.4390013813972473 1.846576452255249 0.546136736869812 -11.667451858520508 1.242245078086853 27.73508644104004 -2.363101005554199 0.1648
Car 1 1 1 673.2962036132812 173.7843475341797 694.44921875 192.56016540527344 4.062134742736816 1.5677603483200073 1.4384514093399048 6.343513488769531 1.6506513357162476 62.48496627807617 -4.7060160636901855 0.1600
Car 1 1 1 768.9694213867188 173.6415557861328 808.732177734375 200.29098510742188 3.41239595413208 1.473552942276001 1.574900507926941 10.260688781738281 1.520702838897705 41.73567581176758 -7.813949108123779 0.1589
Cyclist 1 1 1 1023.9349975585938 135.60382080078125 1110.12255859375 214.45936584472656 1.6482051610946655 1.7964025735855103 0.5276668667793274 10.680068016052246 0.9475089311599731 16.995647430419922 -5.891655445098877 0.1483
Car 1 1 1 632.1649169921875 175.88189697265625 660.072509765625 194.10379028320312 3.793736457824707 1.471641182899475 1.5770028829574585 3.0593714714050293 1.735825538635254 60.98804473876953 -7.586637020111084 0.1441
Car 1 1 1 331.5101318359375 188.9633026123047 395.584716796875 212.3124542236328 4.053335189819336 1.4713141918182373 1.6206432580947876 -16.77544593811035 2.598680019378662 49.01665115356445 -6.655245304107666 0.1439
Cyclist 1 1 1 715.0421142578125 144.39163208007812 746.1363525390625 191.27806091308594 1.5120017528533936 1.7658499479293823 0.526880145072937 4.6168694496154785 0.6935923099517822 27.975341796875 -5.0477800369262695 0.1331
