Car 1 1 1 0.0 195.46441650390625 295.3011779785156 369.0 3.7779951095581055 1.483340859413147 1.5437899827957153 -3.1656494140625 1.5969281196594238 3.45481014251709 -7.857000827789307 0.8719
Car 1 1 1 431.0901184082031 173.47848510742188 469.86798095703125 200.2586212158203 4.138420104980469 1.5152366161346436 1.6490339040756226 -9.157320976257324 1.1180695295333862 42.12141036987305 -4.7740912437438965 0.8203
Cyclist 1 1 1 877.2804565429688 151.560791015625 903.8433837890625 190.4911651611328 1.8069456815719604 1.8037910461425781 0.509733259677887 13.559621810913086 0.46311086416244507 33.66731262207031 -7.868414402008057 0.5327
Pedestrian 1 1 1 281.5616149902344 184.53955078125 315.4102783203125 261.48773193359375 0.5560872554779053 1.5318602323532104 0.6023446917533875 -6.343211650848389 1.6174668073654175 14.52033805847168 -3.696108341217041 0.5299
Pedestrian 1 1 1 775.5673828125 157.02911376953125 795.5300903320312 189.34849548339844 1.0031205415725708 1.836441159248352 0.4693446755409241 10.325852394104004 0.5028988122940063 40.492671966552734 -6.454981803894043 0.3964
Pedestrian 1 1 1 117.64303588867188 153.717529296875 139.76376342773438 193.25762939453125 0.7209432125091553 1.9189060926437378 0.6671382188796997 -23.406492233276367 0.6193034052848816 34.72679901123047 -8.029780387878418 0.3035
Cyclist 1 1 1 985.0595092773438 149.535400390625 1029.0523681640625 216.8136749267578 1.7036657333374023 1.6676828861236572 0.43293577432632446 10.396080017089844 0.9004623293876648 18.402067184448242 -7.6886420249938965 0.2894
Pedestrian 1 1 1 802.9702758789062 169.5511932373047 819.6549682617188 202.58099365234375 0.6587567925453186 1.6819344758987427 0.6795742511749268 10.583487510681152 1.12455415725708 36.34415054321289 -7.822249889373779 0.2280
Car 1 1 1 411.53668212890625 174.91226196289062 435.5428771972656 191.76707458496094 3.877537250518799 1.5101234912872314 1.5893750190734863 -16.71929359436035 1.0093811750411987 65.35731506347656 -4.81264591217041 0.2159
Pedestrian 1 1 1 508.9107360839844 164.9866485595703 521.5328369140625 187.13258361816406 1.0171693563461304 1.8933202028274536 0.472722589969635 -7.708447456359863 0.5669631361961365 60.8143310546875 -3.4190869331359863 0.2113
Pedestrian 1 1 1 724.1064453125 164.19956970214844 737.5372924804688 188.10731506347656 0.944675624370575 1.8788185119628906 0.45915547013282776 9.963577270507812 0.5977995991706848 55.94747543334961 -3.506819725036621 0.2044
Pedestrian 1 1 1 1012.9169921875 119.75142669677734 1059.446044921875 262.14990234375 0.6863306164741516 1.8668290376663208 0.5011023879051208 5.843132495880127 1.0708235502243042 9.689702033996582 -4.228011608123779 0.1723
Pedestrian 1 1 1 791.8444213867188 161.39938354492188 804.2939453125 196.399658203125 0.8634896278381348 1.840857744216919 0.6089558005332947 10.268320083618164 0.8363917469978333 37.67772674560547 -7.622366428375244 0.1555
Pedestrian 1 1 1 775.7986450195312 164.85546875 792.2363891601562 197.30661010742188 0.8501250147819519 1.8010828495025635 0.42368578910827637 9.987627983093262 0.9329115748405457 39.51249313354492 -6.140125751495361 0.1520
Pedestrian 1 1 1 1050.5654296875 164.77996826171875 1089.689453125 229.96986389160156 0.6468172073364258 1.5794975757598877 0.4760192930698395 11.384783744812012 1.1989425420761108 17.379838943481445 -3.1748104095458984 0.1494
Pedestrian 1 1 1 65.24703979492188 159.90284729003906 83.28423309326172 190.06813049316406 0.7162399291992188 1.8073091506958008 0.5932627320289612 -32.09529113769531 0.5733534097671509 42.75205612182617 -7.970719814300537 0.1421
Pedestrian 1 1 1 1016.1087646484375 140.68319702148438 1034.439697265625 183.9032440185547 0.537083089351654 2.0043694972991943 0.7345129251480103 19.714393615722656 0.15801085531711578 33.20826721191406 -7.319266319274902 0.1412
Cyclist 1 1 1 1067.8175048828125 147.72279357910156 1137.9881591796875 218.00852966308594 1.6341679096221924 1.6709232330322266 0.46305975317955017 12.345930099487305 0.8920326232910156 17.646648406982422 -7.965409755706787 0.1147
Car 1 1 1 0.0 184.34544372558594 31.2145938873291 215.3123321533203 3.730999231338501 1.5405845642089844 1.48469877243042 -32.337528228759766 1.7565112113952637 37.676143646240234 -5.029769420623779 0.1126
Pedestrian 1 1 1 1096.27294921875 160.82989501953125 1139.415771484375 234.3123779296875 0.7017781138420105 1.5961508750915527 0.4886816143989563 11.357452392578125 1.1692312955856323 15.722861289978027 -3.554816484451294 0.1056
