Car 1 1 1 360.78106689453125 188.34690856933594 519.173095703125 272.00506591796875 4.698397636413574 1.5070419311523438 1.7066679000854492 -3.6782562732696533 1.911586046218872 16.38376235961914 -7.6572794914245605 0.9799
Car 1 1 1 615.08154296875 176.2567138671875 678.660400390625 226.02146911621094 3.6836326122283936 1.3604708909988403 1.5625030994415283 1.1467992067337036 1.4727413654327393 21.930450439453125 -7.7002081871032715 0.9774
Car 1 1 1 227.81556701660156 166.02171325683594 410.6471862792969 267.6860656738281 4.589626312255859 2.094379425048828 1.6378834247589111 -6.766287803649902 1.9533283710479736 17.292827606201172 -7.592647075653076 0.9751
Car 1 1 1 27.14239501953125 194.49452209472656 234.8094024658203 267.8631591796875 4.624885559082031 1.5065290927886963 1.6721699237823486 -12.160123825073242 2.139920711517334 18.69111442565918 -7.639479160308838 0.9657
Car 1 1 1 1012.531982421875 177.7464599609375 1222.6844482421875 268.44573974609375 4.51434326171875 1.462173342704773 1.642215609550476 9.62973690032959 1.5745725631713867 14.254070281982422 -7.6763386726379395 0.9651
Car 1 1 1 796.58154296875 165.657470703125 842.2447509765625 205.3291473388672 4.440439224243164 1.6154587268829346 1.6762644052505493 9.092718124389648 1.3221110105514526 31.732967376708984 -7.628370761871338 0.8721
Car 1 1 1 1138.391357421875 157.59738159179688 1241.0 262.95538330078125 4.214968681335449 1.698505163192749 1.6694101095199585 12.140257835388184 1.4522490501403809 13.861717224121094 -7.658168315887451 0.6161
Car 1 1 1 998.7485961914062 170.58334350585938 1128.6258544921875 211.8037567138672 3.8005316257476807 1.4083144664764404 1.5535472631454468 16.254087448120117 1.3304368257522583 26.13625144958496 -2.7212719917297363 0.3788
Pedestrian 1 1 1 169.56976318359375 173.1751251220703 182.9274444580078 210.00588989257812 0.2110169231891632 1.8011144399642944 0.5278326869010925 -21.359777450561523 1.8166792392730713 35.46697998046875 -8.154470443725586 0.3161
Car 1 1 1 103.89470672607422 172.1099853515625 190.61903381347656 208.03492736816406 3.1062967777252197 1.5292673110961914 1.7386022806167603 -20.692590713500977 1.49729585647583 32.33700180053711 -7.767684459686279 0.2436
Pedestrian 1 1 1 792.8658447265625 136.47377014160156 817.418701171875 202.17465209960938 0.7003710269927979 1.8636565208435059 0.5989274978637695 5.584042072296143 0.8314032554626465 20.854103088378906 -4.578092098236084 0.2412
Car 1 1 1 653.7538452148438 161.3096923828125 708.2467651367188 206.4440155029297 3.785274028778076 1.5675415992736816 1.6019207239151 2.6823792457580566 1.166300892829895 27.079893112182617 -7.6376261711120605 0.2323
Car 1 1 1 0.0 174.68252563476562 105.5588607788086 212.0827178955078 3.8650341033935547 1.4502274990081787 1.6608184576034546 -23.606016159057617 1.5318063497543335 30.24486541748047 -7.640258312225342 0.2209
Car 1 1 1 0.0 201.50454711914062 159.8624725341797 267.06378173828125 3.605661392211914 1.4745293855667114 1.7100145816802979 -14.56122875213623 2.336927652359009 19.813352584838867 -7.6995320320129395 0.2128
Car 1 1 1 834.5399780273438 149.98922729492188 895.2817993164062 191.11248779296875 4.709837436676025 2.4633123874664307 1.854861855506897 15.99551773071289 1.0933959484100342 45.64371109008789 -7.936148166656494 0.2113
Pedestrian 1 1 1 736.7982788085938 142.03192138671875 759.3123168945312 199.07159423828125 0.6700186133384705 1.8092643022537231 0.6286996603012085 4.392949104309082 0.8313063979148865 23.238943099975586 -4.655966758728027 0.2052
Pedestrian 1 1 1 574.4036254882812 164.82150268554688 602.0665283203125 220.7927703857422 0.7254099249839783 1.685644507408142 0.5022595524787903 -0.719368577003479 1.4434359073638916 22.168216705322266 -5.4336748123168945 0.1819
Cyclist 1 1 1 465.65118408203125 159.12091064453125 526.6016845703125 219.33204650878906 1.7253735065460205 1.758774757385254 0.5806585550308228 -3.4591047763824463 1.3573298454284668 21.612380981445312 -2.836338996887207 0.1690
Pedestrian 1 1 1 1023.9404296875 146.3726348876953 1065.253173828125 213.16844177246094 0.9005762338638306 1.8595795631408691 0.7458391189575195 12.343793869018555 1.122044563293457 20.600448608398438 -7.662576198577881 0.1690
Pedestrian 1 1 1 0.0 173.18142700195312 8.93309497833252 221.1190185546875 0.19216933846473694 1.7564709186553955 0.39995065331459045 -22.54520034790039 1.7683708667755127 26.662551879882812 -5.815455436706543 0.1473
Pedestrian 1 1 1 920.697021484375 163.90830993652344 939.9234008789062 195.8057861328125 0.9478821754455566 1.8254637718200684 0.5486024022102356 18.509450912475586 1.3132102489471436 41.77798080444336 -2.5781733989715576 0.1181
Car 1 1 1 718.7360229492188 162.7766571044922 816.0358276367188 259.8106689453125 4.139335632324219 1.7212166786193848 1.6942676305770874 3.3418030738830566 1.5421619415283203 15.023247718811035 -7.568769931793213 0.1127
Car 1 1 1 862.4223022460938 163.614990234375 899.2839965820312 194.47474670410156 4.094919204711914 1.6442656517028809 1.6992267370224 15.16628360748291 1.1516940593719482 40.65177917480469 -4.413304328918457 0.1092
Car 1 1 1 0.0 208.80519104003906 41.86958312988281 283.14501953125 3.481987237930298 1.4731782674789429 1.6941206455230713 -16.51983642578125 2.45827579498291 17.930578231811523 -7.7070183753967285 0.1074
Pedestrian 1 1 1 164.166015625 167.09217834472656 195.16896057128906 221.95101928710938 0.7447540163993835 1.7803478240966797 0.6350224614143372 -14.248763084411621 1.5930577516555786 23.825786590576172 -7.98079252243042 0.1012
