Car 1 1 1 353.4394226074219 183.54302978515625 453.5825500488281 219.352783203125 3.6388401985168457 1.3831326961517334 1.545089602470398 -8.34816837310791 1.8282768726348877 29.221641540527344 -3.1828787326812744 0.9310
Car 1 1 1 394.06890869140625 180.59402465820312 473.16900634765625 213.6597442626953 3.4144246578216553 1.536956787109375 1.584646224975586 -8.485616683959961 1.917738437652588 34.720130920410156 -3.1342220306396484 0.9248
Pedestrian 1 1 1 829.5496215820312 150.6219482421875 851.1289672851562 196.87762451171875 0.8830143809318542 1.9094557762145996 0.6768431067466736 9.606734275817871 0.9914064407348633 30.251808166503906 -4.634844779968262 0.5636
Car 1 1 1 413.3389892578125 176.5056915283203 485.2627868652344 206.75262451171875 3.3637430667877197 1.5342302322387695 1.5289455652236938 -8.418169021606445 1.7297121286392212 37.75407791137695 -3.0403831005096436 0.5017
Car 1 1 1 431.73883056640625 175.30430603027344 503.1953430175781 202.6886749267578 3.959388494491577 1.6006481647491455 1.6873483657836914 -8.526809692382812 1.7500205039978027 43.20217514038086 -3.1556761264801025 0.4353
Pedestrian 1 1 1 334.1425476074219 173.66683959960938 352.3500061035156 207.3834686279297 0.6495847702026367 1.6474883556365967 0.6121546030044556 -13.211213111877441 1.6877402067184448 35.63515090942383 -7.725316524505615 0.3001
Car 1 1 1 509.1377258300781 178.0231170654297 538.4985961914062 197.3269805908203 3.9569849967956543 1.4667658805847168 1.5596733093261719 -6.910646438598633 1.8962910175323486 57.95746612548828 -4.623019218444824 0.2708
Pedestrian 1 1 1 692.4776000976562 170.5950164794922 700.44140625 191.82737731933594 0.5520853996276855 1.7977268695831299 0.7063409686088562 7.338412761688232 1.6061595678329468 61.462791442871094 -6.349876880645752 0.2667
Car 1 1 1 424.5668640136719 178.23643493652344 498.8692626953125 206.24073791503906 3.875067949295044 1.5017582178115845 1.6012524366378784 -8.408772468566895 1.8163537979125977 40.736812591552734 -2.752223014831543 0.2389
Car 1 1 1 357.39752197265625 175.28466796875 404.14141845703125 199.508544921875 3.695755958557129 1.5316797494888306 1.541314959526062 -15.208091735839844 1.6993948221206665 47.94287872314453 -4.582430839538574 0.1976
Pedestrian 1 1 1 189.55470275878906 204.6951904296875 221.82965087890625 267.1805114746094 0.4024251103401184 1.2502098083496094 0.42736461758613586 -8.389481544494629 1.9165455102920532 14.884476661682129 -4.610868453979492 0.1770
Car 1 1 1 1136.4884033203125 137.06871032714844 1241.0 179.53514099121094 3.6668436527252197 1.5207761526107788 1.592389464378357 22.263078689575195 0.23896029591560364 27.692840576171875 -7.827748775482178 0.1730
Car 1 1 1 752.5596313476562 171.50643920898438 803.5726928710938 198.7125701904297 4.085538864135742 1.522202491760254 1.604041337966919 9.794675827026367 1.4465055465698242 42.497982025146484 -4.838504314422607 0.1588
Pedestrian 1 1 1 258.8204345703125 205.80215454101562 293.8390808105469 272.931884765625 0.4531954228878021 1.208701491355896 0.4040479362010956 -6.2996697425842285 1.8376336097717285 13.515364646911621 -4.498602390289307 0.1486
Car 1 1 1 873.2354736328125 160.4745635986328 979.280029296875 199.16720581054688 3.6691479682922363 1.5454939603805542 1.5705446004867554 12.891878128051758 1.0507242679595947 29.65273666381836 -3.115713119506836 0.1316
Car 1 1 1 78.32634735107422 162.05593872070312 203.2362060546875 211.9618377685547 3.99240779876709 1.6592516899108887 1.674141526222229 -16.82254409790039 1.2999422550201416 26.052318572998047 -7.764660358428955 0.1262
Car 1 1 1 297.4471740722656 175.28135681152344 357.12347412109375 206.700439453125 3.637537717819214 1.6005510091781616 1.550866961479187 -15.2176513671875 1.7375154495239258 38.92449188232422 -7.769398212432861 0.1175
Pedestrian 1 1 1 824.4296264648438 151.19473266601562 840.1517333984375 186.6874542236328 0.6186507940292358 1.8516788482666016 0.7043307423591614 11.664163589477539 0.7214004397392273 38.00002670288086 -7.709132671356201 0.1165
Car 1 1 1 449.463623046875 176.1824951171875 514.880126953125 201.96994018554688 3.9339566230773926 1.579300045967102 1.704128623008728 -8.180651664733887 1.797152042388916 45.916961669921875 -3.4281654357910156 0.1148
Pedestrian 1 1 1 962.1613159179688 164.4896240234375 987.4151000976562 225.17129516601562 0.8627934455871582 1.8099955320358276 0.549825131893158 11.072815895080566 1.5602056980133057 22.01506996154785 -7.5548787117004395 0.1111
Car 1 1 1 521.9885864257812 173.80514526367188 544.288818359375 191.62750244140625 3.8586883544921875 1.528558611869812 1.5879186391830444 -6.81321907043457 1.6152033805847168 64.023193359375 -4.717223644256592 0.1049
