Car 1 1 1 892.3624267578125 176.7533416748047 1039.3262939453125 234.12515258789062 4.224167823791504 1.5567806959152222 1.6913671493530273 10.566841125488281 1.6817293167114258 21.49193000793457 -3.594162940979004 0.8672
Car 1 1 1 444.7903747558594 165.79678344726562 653.359375 255.19448852539062 4.184545040130615 1.735617995262146 1.6629027128219604 -1.358519196510315 1.5983054637908936 15.61667251586914 -3.559044361114502 0.5746
Car 1 1 1 1141.005126953125 175.73497009277344 1241.0 269.64495849609375 4.060718059539795 1.5058454275131226 1.6469391584396362 11.732574462890625 1.566279411315918 13.444487571716309 -6.835494518280029 0.5696
Car 1 1 1 1100.0341796875 174.10025024414062 1241.0 218.8834991455078 4.151039123535156 1.537644863128662 1.6207548379898071 20.058225631713867 1.5837231874465942 25.841127395629883 -3.2401585578918457 0.3930
Pedestrian 1 1 1 309.244873046875 158.03759765625 357.2955322265625 271.6768493652344 0.8329128623008728 1.792813777923584 0.6097744703292847 -4.585056304931641 1.558764934539795 11.85246467590332 -4.914718151092529 0.1596
Cyclist 1 1 1 712.6275634765625 178.0605010986328 746.8289184570312 211.6869354248047 1.9133185148239136 1.8180254697799683 0.6058394908905029 6.599936485290527 2.111459255218506 39.972225189208984 -6.797778606414795 0.1219
Pedestrian 1 1 1 709.4820556640625 198.39425659179688 735.9761962890625 246.8089599609375 0.6719271540641785 1.550258755683899 0.5715422630310059 3.683443546295166 2.409564971923828 23.898229598999023 -3.504904270172119 0.1201
Pedestrian 1 1 1 312.7001037597656 153.1876220703125 333.82037353515625 199.9256134033203 0.5308429598808289 1.9398623704910278 0.7069224715232849 -12.060356140136719 1.1233084201812744 30.249244689941406 -7.961386203765869 0.1189
Cyclist 1 1 1 842.2384033203125 180.22085571289062 876.154296875 217.81906127929688 1.779186725616455 1.888327717781067 0.6569622159004211 12.832767486572266 2.275935173034668 37.25949478149414 -6.8139472007751465 0.1140
Car 1 1 1 0.0 191.77874755859375 100.2265853881836 270.7239990234375 4.125511169433594 1.5294562578201294 1.6530529260635376 -14.150835990905762 1.9900405406951904 16.12278938293457 -6.612492561340332 0.1039
