Car 1 1 1 6.83994722366333 207.9478759765625 353.3592224121094 374.0 3.6392290592193604 1.485745906829834 1.5819157361984253 -4.20612907409668 1.9492321014404297 7.702005863189697 -7.871955394744873 0.9716
Car 1 1 1 351.43170166015625 179.91883850097656 475.9902648925781 262.7357482910156 3.9548895359039307 1.6560221910476685 1.7027454376220703 -4.447713375091553 1.8396233320236206 16.776094436645508 -7.819188594818115 0.9590
Car 1 1 1 722.7359008789062 185.66590881347656 866.5477905273438 293.28375244140625 3.319082260131836 1.415328860282898 1.5751723051071167 2.740156412124634 1.6506714820861816 11.58121109008789 -7.814062595367432 0.9577
Car 1 1 1 468.67340087890625 183.05120849609375 523.0263061523438 223.23524475097656 3.7391140460968018 1.5532793998718262 1.6329138278961182 -4.8372111320495605 2.014157295227051 30.74115562438965 -4.6852874755859375 0.8874
Car 1 1 1 659.4226684570312 178.11476135253906 709.1312866210938 220.5543670654297 3.381593704223633 1.4786975383758545 1.5448901653289795 2.7018191814422607 1.6894745826721191 27.255245208740234 -7.848595142364502 0.8643
Pedestrian 1 1 1 241.7018280029297 174.74822998046875 293.8713684082031 279.08514404296875 0.5433709621429443 1.7258405685424805 0.6301947832107544 -5.8411970138549805 1.7583515644073486 12.221573829650879 -4.727939605712891 0.4262
Pedestrian 1 1 1 455.39410400390625 191.70013427734375 473.56732177734375 224.1355743408203 0.8315895199775696 1.7472457885742188 0.7400285601615906 -8.102290153503418 2.8045268058776855 39.97724151611328 -6.728333950042725 0.4210
Pedestrian 1 1 1 675.8717041015625 168.56607055664062 686.2808837890625 195.42233276367188 0.7413129210472107 1.7803806066513062 0.6807419061660767 4.715446472167969 1.4958208799362183 48.23046112060547 -7.771027088165283 0.3267
Car 1 1 1 545.2076416015625 183.45433044433594 571.5089721679688 202.59521484375 4.194051265716553 1.6139389276504517 1.7264503240585327 -4.666759490966797 2.6063575744628906 65.40544891357422 -4.621788501739502 0.2782
Pedestrian 1 1 1 408.7752380371094 161.56112670898438 428.9984130859375 206.58811950683594 0.7160316109657288 1.7571793794631958 0.5952275991439819 -7.594995975494385 1.316175103187561 28.524065017700195 -4.6849684715271 0.2575
Car 1 1 1 735.4606323242188 169.71263122558594 787.8323364257812 208.91883850097656 4.157202243804932 1.4934896230697632 1.6512478590011597 6.264105319976807 1.373524785041809 29.718608856201172 -4.39133882522583 0.2539
Pedestrian 1 1 1 306.3384704589844 166.8401336669922 338.4877624511719 232.4451904296875 0.9101865887641907 1.7622522115707397 0.6127958297729492 -7.959221839904785 1.60041081905365 19.871021270751953 -4.836048603057861 0.2516
Car 1 1 1 0.0 0.0 1241.0 374.0 3.6552810668945312 1.5022209882736206 1.5682616233825684 2.7263712882995605 1.6549108028411865 1.7138621807098389 -7.723090648651123 0.2184
Car 1 1 1 517.8590087890625 185.13853454589844 556.9622802734375 211.01068115234375 3.4322030544281006 1.5231152772903442 1.5463473796844482 -4.625758171081543 2.338139295578003 46.054012298583984 -4.514912128448486 0.1887
Pedestrian 1 1 1 982.9172973632812 144.73233032226562 1014.5315551757812 203.33963012695312 0.7186033129692078 1.8457753658294678 0.6111974716186523 12.386024475097656 0.959813117980957 23.09391975402832 -7.889214992523193 0.1811
Car 1 1 1 701.9479370117188 176.5332794189453 726.3272705078125 200.5736541748047 3.6674957275390625 1.4377760887145996 1.4664360284805298 6.570239067077637 1.6801426410675049 45.66543197631836 -4.560018539428711 0.1306
Car 1 1 1 685.2293701171875 158.3767852783203 714.6550903320312 183.87332153320312 4.267256736755371 1.8030734062194824 1.8334324359893799 6.557724475860596 0.7789684534072876 53.201507568359375 -4.663943290710449 0.1258
Pedestrian 1 1 1 1101.91552734375 60.985496520996094 1241.0 374.0 0.7333207130432129 1.849522590637207 0.6063345670700073 3.1532208919525146 1.3130327463150024 3.8726043701171875 -4.889108657836914 0.1134
Car 1 1 1 412.4886779785156 154.84036254882812 455.3175354003906 185.1929168701172 3.719116449356079 1.7151010036468506 1.7207977771759033 -10.39035415649414 0.6969230771064758 42.65435028076172 -7.882253170013428 0.1122
Pedestrian 1 1 1 576.0762939453125 174.82086181640625 589.6124267578125 198.8158416748047 0.9401854872703552 1.7930002212524414 0.4581066966056824 -2.0741097927093506 1.94169020652771 54.31451416015625 -3.4017367362976074 0.1120
Car 1 1 1 400.6562194824219 162.21847534179688 461.40277099609375 202.8151397705078 4.221806526184082 1.801236629486084 1.7157694101333618 -8.424202919006348 1.3290482759475708 34.15009689331055 -7.823421001434326 0.1104
Pedestrian 1 1 1 202.26087951660156 174.2236328125 250.56568908691406 281.1384582519531 0.524908185005188 1.7589024305343628 0.545076847076416 -6.505224704742432 1.7821861505508423 12.150749206542969 -4.753424644470215 0.1048
