Pedestrian 1 1 1 331.75921630859375 136.4785919189453 411.76470947265625 333.6332092285156 0.8393160104751587 1.86051607131958 0.643619954586029 -2.3837080001831055 1.4455193281173706 7.137861728668213 -4.872325897216797 0.8474
Pedestrian 1 1 1 1068.2825927734375 163.98170471191406 1155.294677734375 299.38018798828125 0.6334018111228943 1.6206778287887573 0.650362491607666 6.239817142486572 1.4233684539794922 8.809581756591797 -6.213574409484863 0.7774
Pedestrian 1 1 1 1111.538818359375 151.77291870117188 1182.91943359375 256.9617614746094 0.6999805569648743 1.673464298248291 0.6108496785163879 8.8012113571167 1.2168245315551758 11.561925888061523 -3.1186416149139404 0.2419
Pedestrian 1 1 1 840.488525390625 157.1907196044922 894.2027587890625 259.98028564453125 0.6544649004936218 1.7684876918792725 0.7822763323783875 4.5938944816589355 1.367828130722046 12.551056861877441 -7.691124439239502 0.1914
Pedestrian 1 1 1 890.9537353515625 155.22743225097656 946.3757934570312 262.4305114746094 0.6535327434539795 1.7583428621292114 0.6580121517181396 5.2322564125061035 1.3442028760910034 11.935126304626465 -7.818867206573486 0.1718
Pedestrian 1 1 1 1011.4627685546875 151.60330200195312 1067.9622802734375 256.9204406738281 0.5843711495399475 1.722292184829712 0.5733641386032104 7.235023021697998 1.2501137256622314 11.865310668945312 -3.197843551635742 0.1662
Pedestrian 1 1 1 210.90357971191406 155.30728149414062 264.80377197265625 249.73692321777344 0.8519256711006165 1.8182384967803955 0.6408056020736694 -7.3240227699279785 1.3335151672363281 14.04685115814209 -4.733551979064941 0.1498
Car 1 1 1 527.6534423828125 152.96185302734375 618.9745483398438 187.0420379638672 4.039748191833496 1.5201153755187988 1.6709152460098267 -1.4330244064331055 0.29199501872062683 32.49620819091797 -3.0796315670013428 0.1299
Car 1 1 1 0.0 184.7335662841797 114.10420227050781 235.45452880859375 4.244642734527588 1.4992634057998657 1.6042810678482056 -18.819679260253906 1.6534186601638794 23.486671447753906 -4.564442157745361 0.1203
Pedestrian 1 1 1 668.6460571289062 155.0088348388672 679.2777709960938 187.01426696777344 0.6873607039451599 1.788557529449463 0.5888293981552124 3.8740086555480957 0.36415544152259827 39.87993240356445 -7.767053127288818 0.1163
Pedestrian 1 1 1 962.0728759765625 154.16798400878906 1019.5260009765625 262.2633056640625 0.6278753876686096 1.7226389646530151 0.6129200458526611 6.263909816741943 1.3033875226974487 11.595160484313965 -4.667364120483398 0.1051
Pedestrian 1 1 1 821.502685546875 177.76907348632812 859.3670654296875 256.8227233886719 0.7237920165061951 1.5356062650680542 0.5348904132843018 4.640764236450195 1.482918620109558 14.106195449829102 -4.674127101898193 0.1002
