Car 1 1 1 511.1123352050781 177.90049743652344 564.3014526367188 217.2623291015625 3.6241445541381836 1.5573281049728394 1.6255369186401367 -3.206770896911621 1.7877511978149414 31.020095825195312 -8.141607284545898 0.9597
Car 1 1 1 5.489505767822266 177.22671508789062 270.4602966308594 270.7188720703125 3.870492696762085 1.6188218593597412 1.6318987607955933 -8.786836624145508 1.7075934410095215 13.644767761230469 -3.2676703929901123 0.8931
Car 1 1 1 0.0 181.7339630126953 205.75244140625 305.4492492675781 3.918799877166748 1.5914872884750366 1.6907485723495483 -8.34563159942627 1.7319605350494385 10.432403564453125 -3.225193977355957 0.8489
Car 1 1 1 103.68959045410156 163.7702178955078 317.0939025878906 248.06822204589844 3.9996321201324463 1.8292016983032227 1.6876314878463745 -9.173351287841797 1.6317905187606812 16.765899658203125 -6.4202189445495605 0.6244
Car 1 1 1 0.0 158.63253784179688 108.64909362792969 349.682861328125 4.200932502746582 1.7906521558761597 1.646079659461975 -8.106372833251953 1.6570590734481812 7.69565486907959 -3.1944761276245117 0.5848
Car 1 1 1 249.29119873046875 175.2373809814453 353.4372863769531 214.11021423339844 3.7646613121032715 1.5775036811828613 1.6476868391036987 -13.021373748779297 1.6817092895507812 30.52733612060547 -3.299942970275879 0.4485
Car 1 1 1 328.4047546386719 170.51356506347656 391.103515625 194.69573974609375 3.900388240814209 1.6051287651062012 1.692102074623108 -17.03353500366211 1.449479103088379 49.18183517456055 -3.3835105895996094 0.3714
Car 1 1 1 327.2077941894531 166.7910919189453 387.0229187011719 214.07791137695312 3.4248313903808594 1.4727239608764648 1.5356593132019043 -8.4922456741333 1.2835978269577026 24.31304359436035 -8.08050537109375 0.3270
Pedestrian 1 1 1 538.3324584960938 158.05870056152344 549.5043334960938 190.17491149902344 0.7891499400138855 1.9128855466842651 0.6631278991699219 -4.009278297424316 1.0313571691513062 43.398189544677734 -7.942795276641846 0.2503
Pedestrian 1 1 1 348.005859375 172.6943359375 363.1763610839844 200.41293334960938 0.7600730061531067 1.6889879703521729 0.6729099154472351 -15.66879653930664 1.6789590120315552 44.35078811645508 -7.868984699249268 0.2471
Car 1 1 1 222.44668579101562 172.90963745117188 339.0881652832031 216.93939208984375 3.479161500930786 1.5147124528884888 1.5279350280761719 -11.720596313476562 1.5164690017700195 25.7484073638916 -3.2355034351348877 0.1594
Pedestrian 1 1 1 31.662466049194336 164.4644775390625 47.53877258300781 191.1592559814453 0.7241677641868591 1.791756272315979 0.6151401400566101 -38.65509033203125 1.2283504009246826 48.86263656616211 -8.133895874023438 0.1590
Pedestrian 1 1 1 1168.3414306640625 153.97250366210938 1221.4713134765625 240.52236938476562 0.6475200057029724 1.6239445209503174 0.46447694301605225 11.143609046936035 1.2693692445755005 13.82604694366455 -2.9568679332733154 0.1324
Pedestrian 1 1 1 1184.6900634765625 167.12078857421875 1241.0 280.0052490234375 0.7274386882781982 1.6917500495910645 0.6057260036468506 9.474213600158691 1.6055288314819336 11.208000183105469 -7.963455677032471 0.1324
Car 1 1 1 454.8390808105469 174.24436950683594 471.9906311035156 191.30868530273438 3.6725778579711914 1.5391472578048706 1.5116801261901855 -13.678667068481445 1.6723532676696777 67.34080505371094 -4.896603584289551 0.1250
Pedestrian 1 1 1 69.87129974365234 154.96969604492188 100.87245178222656 200.6618194580078 0.8596742749214172 1.8325111865997314 0.6382051706314087 -21.388599395751953 1.1149499416351318 29.36830711364746 -7.856311321258545 0.1241
Car 1 1 1 238.7727813720703 156.88035583496094 293.9852294921875 189.34124755859375 3.585330009460449 1.7302582263946533 1.6966670751571655 -19.173789978027344 0.878517210483551 40.33290481567383 -7.960811138153076 0.1191
Pedestrian 1 1 1 915.0857543945312 166.24082946777344 966.2850341796875 263.2149963378906 0.6394195556640625 1.72804594039917 0.5662906765937805 5.989274024963379 1.6099019050598145 13.202455520629883 -3.3568568229675293 0.1046
