Car 1 1 1 673.6798706054688 173.7821502685547 722.16748046875 213.97097778320312 3.744173049926758 1.5967223644256592 1.6724491119384766 3.6271023750305176 1.6382688283920288 30.642841339111328 -7.833822727203369 0.9432
Car 1 1 1 719.2699584960938 163.68153381347656 844.1397705078125 259.16973876953125 4.071566104888916 1.7308517694473267 1.6118463277816772 3.370136260986328 1.564288854598999 15.121940612792969 -4.721577167510986 0.8664
Car 1 1 1 526.7784423828125 180.94749450683594 566.5906372070312 213.97540283203125 3.8226895332336426 1.541792631149292 1.6593008041381836 -3.1935503482818604 1.9728448390960693 36.53848648071289 -4.705941677093506 0.8646
Car 1 1 1 577.3662109375 178.9011688232422 614.4780883789062 203.5057373046875 4.024153709411621 1.5018291473388672 1.6540988683700562 -0.9075786471366882 1.9150991439819336 47.21733093261719 -7.670786380767822 0.8332
Pedestrian 1 1 1 483.643310546875 158.4692840576172 499.3432312011719 195.3727569580078 0.8224768042564392 1.9840651750564575 0.7503697276115417 -6.475104331970215 1.2103908061981201 39.21981430053711 -7.89789342880249 0.5364
Car 1 1 1 791.5094604492188 118.8685302734375 1190.8037109375 374.0 4.443294048309326 1.887070894241333 1.761948823928833 3.093864679336548 1.5208226442337036 7.148735046386719 -7.810697078704834 0.4101
Pedestrian 1 1 1 801.9078369140625 165.41445922851562 815.9485473632812 192.70645141601562 1.065647006034851 1.7634624242782593 0.6098870038986206 12.963319778442383 1.2824586629867554 47.15925216674805 -7.868981838226318 0.3274
Pedestrian 1 1 1 788.1680908203125 165.21878051757812 806.29833984375 202.37570190429688 0.6433365941047668 1.8220586776733398 0.6930025815963745 9.228425025939941 1.4473515748977661 35.732948303222656 -7.942402362823486 0.2745
Pedestrian 1 1 1 501.68560791015625 171.12672424316406 516.7586669921875 196.82235717773438 1.0096632242202759 1.8943816423416138 0.4620734751224518 -7.522735118865967 1.766739010810852 53.654850006103516 -3.6899876594543457 0.2398
Pedestrian 1 1 1 124.38604736328125 172.87539672851562 180.7423553466797 262.8379211425781 0.7861650586128235 1.7976393699645996 0.6191718578338623 -9.453397750854492 1.797792673110962 14.849030494689941 -4.578090190887451 0.1981
Cyclist 1 1 1 1137.8192138671875 135.17666625976562 1241.0 293.2099304199219 1.7854434251785278 1.7211261987686157 0.5076887011528015 7.022884845733643 1.31048583984375 8.785931587219238 -4.406671524047852 0.1599
Pedestrian 1 1 1 259.8454895019531 181.7574920654297 290.6109313964844 248.2254638671875 0.4223134219646454 1.5814247131347656 0.5366572141647339 -8.14988899230957 1.7994951009750366 17.463150024414062 -4.62587308883667 0.1358
Pedestrian 1 1 1 35.46241760253906 212.61805725097656 81.36893463134766 299.0062255859375 0.36444342136383057 1.228535532951355 0.396212100982666 -8.189687728881836 1.8260672092437744 10.646993637084961 -4.613209247589111 0.1311
Cyclist 1 1 1 791.82568359375 169.35365295410156 817.9415283203125 211.3806915283203 1.7446765899658203 1.7240582704544067 0.5883455276489258 8.17311954498291 1.580164909362793 30.479328155517578 -7.881069660186768 0.1095
Pedestrian 1 1 1 769.2821044921875 156.90309143066406 779.7239990234375 186.5653533935547 0.7276404500007629 1.7696081399917603 0.54201740026474 9.865446090698242 0.8176995515823364 43.4403076171875 -7.730576038360596 0.1080
