Car 1 1 1 117.82572937011719 184.04721069335938 295.3354797363281 274.2462463378906 4.448886871337891 1.661178708076477 1.7092045545578003 -8.788985252380371 1.9463131427764893 16.126192092895508 -4.774933815002441 0.9154
Car 1 1 1 375.7953186035156 184.8522491455078 433.8783874511719 219.56886291503906 4.268399238586426 1.4615507125854492 1.5481021404266357 -9.62106704711914 2.062082529067993 33.99342346191406 -4.718315124511719 0.7739
Car 1 1 1 434.41497802734375 183.90121459960938 471.50665283203125 208.6780548095703 3.373727321624756 1.4810962677001953 1.5622607469558716 -10.082267761230469 2.2168469429016113 46.365196228027344 -4.6827263832092285 0.6516
Car 1 1 1 905.4750366210938 174.4907684326172 951.140869140625 207.19345092773438 4.127159595489502 1.7089159488677979 1.5913543701171875 17.58987045288086 1.8045845031738281 40.1151123046875 -4.481132984161377 0.5251
Cyclist 1 1 1 1073.05615234375 109.447265625 1241.0 374.0 1.7032835483551025 1.8603731393814087 0.5977343916893005 4.057941436767578 1.4865748882293701 5.103836536407471 -4.70574951171875 0.4942
Car 1 1 1 1184.724365234375 161.27203369140625 1241.0 310.0523986816406 3.825516939163208 1.5950257778167725 1.5536807775497437 9.472290992736816 1.4705592393875122 9.798335075378418 -4.365057945251465 0.4134
Car 1 1 1 592.628173828125 178.58018493652344 611.253662109375 194.93235778808594 3.5101325511932373 1.480430245399475 1.5739750862121582 -0.8062009811401367 2.0371830463409424 68.38956451416016 -7.9197516441345215 0.3032
Car 1 1 1 40.09384536743164 170.00076293945312 146.46719360351562 211.90545654296875 3.4802138805389404 1.7107570171356201 1.8565183877944946 -22.351911544799805 1.593973994255066 31.31475257873535 -4.564313888549805 0.2713
Car 1 1 1 509.00262451171875 177.6923370361328 529.7943725585938 197.76736450195312 3.6882998943328857 1.5208197832107544 1.5924580097198486 -7.2537736892700195 1.9191828966140747 57.522071838378906 -7.981146335601807 0.2634
Car 1 1 1 264.1431884765625 172.69606018066406 313.3757629394531 200.78366088867188 3.67993426322937 1.704380750656128 1.7045284509658813 -20.307558059692383 1.694496989250183 45.68120574951172 -4.78591775894165 0.2245
Pedestrian 1 1 1 503.74267578125 163.45611572265625 515.7774047851562 192.29188537597656 0.75584477186203 1.864281177520752 0.7180633544921875 -6.566010475158691 1.2563915252685547 47.045997619628906 -7.909806728363037 0.2073
Car 1 1 1 0.0 151.32081604003906 22.97016143798828 197.2389373779297 4.466080188751221 1.5027868747711182 1.6405376195907593 -22.855716705322266 0.7977586984634399 24.52056884765625 -3.102726936340332 0.1978
Pedestrian 1 1 1 924.6619262695312 162.42709350585938 938.0831298828125 201.5347442626953 0.4362049102783203 1.810801386833191 0.5248380899429321 14.963753700256348 1.3277041912078857 33.69560623168945 -3.023644208908081 0.1684
Pedestrian 1 1 1 318.5057067871094 167.5750274658203 334.0951843261719 196.2360382080078 0.7506868839263916 1.901414155960083 0.6231645941734314 -19.042863845825195 1.5508993864059448 48.3528938293457 -7.269354343414307 0.1646
Pedestrian 1 1 1 978.3517456054688 140.63243103027344 1036.27001953125 234.1929931640625 0.8137837648391724 1.8343226909637451 0.6260213851928711 7.948847770690918 1.2022955417633057 14.547371864318848 -3.3826661109924316 0.1310
Car 1 1 1 796.4819946289062 177.31878662109375 915.0533447265625 222.50782775878906 3.78777813911438 1.4426347017288208 1.5978742837905884 8.415141105651855 1.6052931547164917 24.83327293395996 -6.703227996826172 0.1285
Cyclist 1 1 1 918.7807006835938 178.9475860595703 947.9962768554688 248.01467895507812 1.680598497390747 1.6810424327850342 0.5766977667808533 8.295134544372559 1.8451828956604004 18.59389305114746 -4.224167823791504 0.1161
Car 1 1 1 423.9055480957031 181.2980499267578 459.7191467285156 203.3075714111328 4.124471187591553 1.4653609991073608 1.5773909091949463 -12.029338836669922 2.094237804412842 51.69440460205078 -4.704493522644043 0.1145
Pedestrian 1 1 1 1039.581787109375 156.6123809814453 1089.4625244140625 253.1634521484375 0.7080379724502563 1.704633116722107 0.5250203609466553 8.239384651184082 1.4175833463668823 13.16696548461914 -2.4493911266326904 0.1122
