Car 1 1 1 668.2048950195312 182.56626892089844 732.9876708984375 228.6227569580078 3.9625210762023926 1.4461441040039062 1.6578044891357422 3.069277763366699 1.8163138628005981 25.5130558013916 -7.889770030975342 0.9228
Car 1 1 1 451.20965576171875 185.85263061523438 550.3800659179688 259.7471008300781 4.335269451141357 1.545151710510254 1.7618296146392822 -2.632936716079712 1.909070372581482 18.036117553710938 -4.69668436050415 0.9178
Car 1 1 1 864.1422119140625 185.23483276367188 1241.0 374.0 3.8738865852355957 1.5371993780136108 1.6216049194335938 2.676365613937378 1.6301519870758057 3.491657257080078 -7.861481189727783 0.8784
Car 1 1 1 657.5430297851562 185.0647735595703 705.3345336914062 225.34014892578125 3.994527816772461 1.5654939413070679 1.6128000020980835 2.987680196762085 2.128474235534668 31.2745304107666 -7.8698954582214355 0.5955
Car 1 1 1 693.582763671875 166.14959716796875 808.3988037109375 256.07696533203125 4.807132244110107 1.9423298835754395 1.8851232528686523 3.2746024131774902 1.7972224950790405 17.995595932006836 -7.862159252166748 0.4487
Car 1 1 1 665.0252075195312 176.64266967773438 689.6167602539062 193.0807342529297 3.895014524459839 1.4708408117294312 1.6895262002944946 6.243181228637695 1.8353794813156128 67.4827880859375 -4.779139041900635 0.3584
Pedestrian 1 1 1 485.3565979003906 157.40907287597656 497.2065124511719 189.59849548339844 0.722601056098938 1.9023165702819824 0.6769137382507324 -7.1232008934021 0.9892590045928955 43.06034469604492 -8.04587459564209 0.2340
Car 1 1 1 487.1489562988281 181.2456817626953 554.1465454101562 209.699462890625 4.298108100891113 1.5548712015151978 1.7256145477294922 -5.303565502166748 2.0821750164031982 43.072757720947266 -4.187280178070068 0.2180
Pedestrian 1 1 1 557.2750244140625 184.41995239257812 569.0072631835938 207.4763641357422 0.6165105700492859 1.7784940004348755 0.6799887418746948 -3.700704574584961 2.6921184062957764 56.562767028808594 -7.191751956939697 0.1517
Car 1 1 1 585.7546997070312 185.25546264648438 603.5297241210938 203.32781982421875 3.567945718765259 1.601218819618225 1.5780199766159058 -1.4497318267822266 2.8034536838531494 68.17546081542969 -4.70453405380249 0.1437
Car 1 1 1 508.9178771972656 176.1931915283203 544.2316284179688 197.669677734375 4.052997589111328 1.5613903999328613 1.5091454982757568 -6.372417449951172 1.8266997337341309 55.2574577331543 -4.513034343719482 0.1350
Car 1 1 1 0.0 209.3413848876953 88.96145629882812 374.0 4.1630377769470215 1.4683260917663574 1.617416262626648 -7.0338664054870605 1.8182040452957153 5.883358478546143 -6.397776126861572 0.1180
Pedestrian 1 1 1 400.0022277832031 192.0841522216797 426.6348571777344 245.6803741455078 0.5394474864006042 1.397033929824829 0.5072332620620728 -5.317970275878906 1.9204195737838745 19.33954620361328 -4.5374755859375 0.1086
