Car 1 1 1 438.2326965332031 183.03501892089844 505.4015197753906 236.043701171875 4.125589370727539 1.6081453561782837 1.720201849937439 -4.698997497558594 1.9875025749206543 24.80227279663086 -4.763917446136475 0.9211
Cyclist 1 1 1 427.2083740234375 189.0493927001953 440.2371520996094 233.10462951660156 1.5870842933654785 1.6239267587661743 0.37120795249938965 -6.880212783813477 2.270528793334961 28.007671356201172 -8.016559600830078 0.5092
Pedestrian 1 1 1 1119.0926513671875 129.76133728027344 1241.0 347.4185485839844 0.7674583792686462 1.836247444152832 0.5859677195549011 5.068490982055664 1.4723997116088867 6.454212188720703 -2.9300692081451416 0.2098
Car 1 1 1 418.6006164550781 191.4567108154297 444.81585693359375 209.72512817382812 4.52589750289917 1.514330506324768 1.7579435110092163 -16.515409469604492 3.29982852935791 66.92303466796875 -4.816768646240234 0.1862
Pedestrian 1 1 1 411.3391418457031 186.0326690673828 430.13360595703125 225.06761169433594 0.8277188539505005 1.8142249584197998 0.743166446685791 -9.05130672454834 2.4498629570007324 34.33827209472656 -3.4496474266052246 0.1823
Car 1 1 1 600.2181396484375 180.7737274169922 625.6956787109375 204.6976318359375 3.6707115173339844 1.5254249572753906 1.5853840112686157 0.13716813921928406 2.0845260620117188 49.102394104003906 -7.890072345733643 0.1475
Pedestrian 1 1 1 633.947998046875 191.8761749267578 646.8156127929688 226.1407470703125 0.5582560300827026 1.2894846200942993 0.45829516649246216 1.1209899187088013 2.0283825397491455 27.754255294799805 -4.736438751220703 0.1472
Pedestrian 1 1 1 276.8190002441406 154.88009643554688 294.2763977050781 197.0331268310547 0.5869262218475342 1.8959335088729858 0.6470609307289124 -14.797499656677246 1.0872142314910889 32.82393264770508 -8.13228988647461 0.1442
Pedestrian 1 1 1 1032.4459228515625 131.7808380126953 1172.3853759765625 365.286376953125 0.832524299621582 1.8542065620422363 0.5870048403739929 4.080587387084961 1.5277553796768188 6.120460033416748 -2.8807759284973145 0.1362
Pedestrian 1 1 1 840.6882934570312 219.682373046875 893.2260131835938 374.0 0.2991098165512085 1.2581108808517456 0.310447633266449 2.129246950149536 1.670473337173462 6.1458539962768555 -5.348086357116699 0.1013
Pedestrian 1 1 1 625.958740234375 167.95370483398438 640.3197631835938 193.07342529296875 0.9767691493034363 1.8670367002487183 0.44930920004844666 1.703951358795166 1.5025187730789185 54.04785919189453 -2.6784465312957764 0.1004
