Car 1 1 1 792.1283569335938 191.44813537597656 1158.69921875 374.0 3.9217631816864014 1.4282759428024292 1.6836603879928589 2.9403765201568604 1.6579294204711914 6.923466682434082 -4.663359642028809 0.9582
Car 1 1 1 711.5540771484375 166.80661010742188 771.2816772460938 221.54933166503906 3.9798829555511475 1.7613189220428467 1.6063737869262695 4.468358993530273 1.566447377204895 25.252826690673828 -7.789260387420654 0.9306
Car 1 1 1 379.24017333984375 176.3362274169922 525.4122924804688 226.3992919921875 4.098684310913086 1.4492963552474976 1.5753949880599976 -4.7368292808532715 1.558436393737793 21.84051513671875 -3.165328025817871 0.9047
Car 1 1 1 544.4360961914062 167.61990356445312 606.6582641601562 219.83079528808594 4.06154203414917 1.7117986679077148 1.6815853118896484 -1.192204236984253 1.539892315864563 25.75420570373535 -4.623034477233887 0.7982
Car 1 1 1 596.0316162109375 175.6593017578125 630.7774658203125 207.06642150878906 3.2713332176208496 1.396074891090393 1.5023293495178223 0.15771901607513428 1.534615397453308 34.04081726074219 -4.664790630340576 0.5722
Car 1 1 1 615.281494140625 170.52723693847656 649.8154296875 196.0222930908203 3.7723703384399414 1.5319044589996338 1.7122299671173096 1.424164891242981 1.3917977809906006 45.351383209228516 -4.555454254150391 0.3547
Car 1 1 1 643.0220336914062 168.70648193359375 668.201416015625 191.55795288085938 3.721280813217163 1.742192268371582 1.6440486907958984 3.60418438911438 1.425686240196228 56.976318359375 -7.6967549324035645 0.3352
Cyclist 1 1 1 626.5617065429688 170.6593017578125 636.2246704101562 201.02310180664062 1.568780541419983 1.6147711277008057 0.3654795289039612 1.128275752067566 1.497755765914917 39.17364501953125 -7.721034526824951 0.2624
Cyclist 1 1 1 798.4672241210938 137.76942443847656 847.6818237304688 203.12765502929688 1.5695375204086304 1.761441946029663 0.525735080242157 5.9144768714904785 0.8155924081802368 20.27347183227539 -5.030550003051758 0.2595
Pedestrian 1 1 1 1126.2386474609375 161.88204956054688 1187.744384765625 254.78053283691406 0.8275560736656189 1.726072072982788 0.5506975650787354 10.405755996704102 1.5219111442565918 13.820411682128906 -7.852813243865967 0.2060
Pedestrian 1 1 1 1133.0789794921875 147.73495483398438 1224.1156005859375 289.96435546875 0.735987663269043 1.7788310050964355 0.5639015436172485 7.279266357421875 1.4643728733062744 9.329492568969727 -3.2069501876831055 0.1505
Pedestrian 1 1 1 802.0156860351562 152.57852172851562 830.4556274414062 200.846435546875 0.9100754857063293 1.9022037982940674 0.6244313716888428 8.217835426330566 1.1028618812561035 28.912677764892578 -3.585516929626465 0.1400
Car 1 1 1 699.3467407226562 170.30703735351562 723.2625732421875 187.0865020751953 4.212888240814209 1.5205129384994507 1.662358283996582 9.505304336547852 1.2894130945205688 67.6372299194336 -4.435865879058838 0.1318
Car 1 1 1 288.4159240722656 174.7070770263672 461.3736267089844 241.054931640625 3.7705376148223877 1.5583888292312622 1.6451513767242432 -5.85876989364624 1.607092022895813 18.042966842651367 -3.024366855621338 0.1285
Pedestrian 1 1 1 1153.90380859375 181.557373046875 1203.344970703125 262.3750305175781 0.5109236240386963 1.4106377363204956 0.47647756338119507 10.11865520477295 1.5693984031677246 12.919175148010254 -4.764122009277344 0.1235
