Car 1 1 1 0.0 205.6151580810547 404.748291015625 374.0 4.18405818939209 1.5063259601593018 1.6511667966842651 -2.6517837047576904 1.7740864753723145 3.7694602012634277 -4.657247066497803 0.8611
Car 1 1 1 867.2144165039062 183.92990112304688 1241.0 374.0 3.1385741233825684 1.4722113609313965 1.478831171989441 2.6860227584838867 1.5648752450942993 4.423185348510742 -7.757989406585693 0.8461
Car 1 1 1 636.6546020507812 177.7038116455078 667.2957763671875 202.11346435546875 4.201516628265381 1.521723985671997 1.7263227701187134 2.8043339252471924 1.8591712713241577 48.0517463684082 -4.578477382659912 0.6996
Pedestrian 1 1 1 1084.2373046875 132.31979370117188 1193.630859375 331.341796875 0.6832184195518494 1.8275426626205444 0.6349363923072815 5.115011692047119 1.4550327062606812 7.068270683288574 -3.643538475036621 0.4336
Pedestrian 1 1 1 860.674072265625 164.28997802734375 879.0606079101562 197.0177459716797 0.7341944575309753 1.7580718994140625 0.7034846544265747 14.057124137878418 1.2977290153503418 39.148841857910156 -7.919200420379639 0.3728
Pedestrian 1 1 1 917.9261474609375 156.9068603515625 972.4542236328125 264.89324951171875 0.7166106104850769 1.7404003143310547 0.5518234968185425 5.5069708824157715 1.48308265209198 12.000470161437988 -4.76204776763916 0.3663
Car 1 1 1 0.0 189.7692108154297 162.52816772460938 374.0 3.5032103061676025 1.5726661682128906 1.5333055257797241 -5.633318901062012 1.751420021057129 5.82138729095459 -4.6175007820129395 0.3368
Pedestrian 1 1 1 914.8763427734375 144.67242431640625 949.5623168945312 222.59286499023438 0.9659810066223145 1.9100470542907715 0.7835260033607483 8.120990753173828 1.2189383506774902 18.290122985839844 -4.2765936851501465 0.2655
Pedestrian 1 1 1 799.6173706054688 151.8263397216797 835.1990966796875 237.8644561767578 0.7938350439071655 1.7991033792495728 0.6339581608772278 4.399545669555664 1.359103798866272 15.52615737915039 -4.5679192543029785 0.2314
Cyclist 1 1 1 755.6990966796875 167.3108673095703 769.0155639648438 197.6901092529297 1.710990309715271 1.7283310890197754 0.41869792342185974 8.80426025390625 1.412671685218811 41.90608215332031 -7.8492865562438965 0.1788
Pedestrian 1 1 1 943.40966796875 160.71107482910156 974.8513793945312 220.22134399414062 0.799149215221405 1.7454779148101807 0.6403845548629761 10.396209716796875 1.3890174627304077 21.606719970703125 -4.56015682220459 0.1398
Pedestrian 1 1 1 1083.12646484375 193.34841918945312 1127.752685546875 279.5738220214844 0.3931725025177002 1.2426018714904785 0.3849686086177826 7.289925575256348 1.5523215532302856 10.706034660339355 -4.777472019195557 0.1367
Pedestrian 1 1 1 1008.0560913085938 156.35414123535156 1041.36865234375 218.93008422851562 0.6518863439559937 1.7037709951400757 0.5430574417114258 11.42329216003418 1.2542253732681274 19.974721908569336 -4.724606037139893 0.1331
Cyclist 1 1 1 880.4456787109375 142.25914001464844 933.6187744140625 199.23826599121094 1.545599341392517 1.7818394899368286 0.5624960064888 9.480949401855469 0.8247835636138916 23.1550350189209 -5.829932689666748 0.1232
Cyclist 1 1 1 760.14111328125 167.68052673339844 779.96630859375 209.28404235839844 1.793991208076477 1.778116226196289 0.5905222296714783 6.988293170928955 1.556703805923462 31.753433227539062 -7.784915447235107 0.1218
Car 1 1 1 1144.7490234375 137.1295166015625 1241.0 188.06491088867188 3.108212471008301 1.4829143285751343 1.6021537780761719 18.47733497619629 0.4425450265407562 22.695280075073242 -4.498564720153809 0.1203
Pedestrian 1 1 1 942.4474487304688 161.82896423339844 955.2808837890625 201.0745849609375 0.3087558150291443 1.7683218717575073 0.5344157218933105 15.353800773620605 1.271257996559143 32.787193298339844 -6.345340251922607 0.1139
Pedestrian 1 1 1 806.792724609375 165.42930603027344 816.7034912109375 200.25003051757812 0.24670429527759552 1.784136176109314 0.501764714717865 10.374073028564453 1.4034113883972168 37.24787902832031 -6.631180763244629 0.1052
Pedestrian 1 1 1 984.5924072265625 148.11447143554688 1015.5963745117188 212.68968200683594 0.7537054419517517 1.7694027423858643 0.6037197113037109 10.86828327178955 1.0912238359451294 20.212217330932617 -4.453277587890625 0.1029
