Car 1 1 1 581.2653198242188 172.88363647460938 637.2649536132812 226.9678497314453 4.4845170974731445 1.6119178533554077 1.6700941324234009 -0.09768946468830109 1.612686038017273 23.75926971435547 -7.866085529327393 0.9838
Car 1 1 1 273.2978820800781 174.9082489013672 319.3177490234375 199.99264526367188 4.060017108917236 1.6474865674972534 1.4515951871871948 -21.6007022857666 1.7946616411209106 49.76118850708008 -4.724117279052734 0.9130
Car 1 1 1 314.3304138183594 172.72891235351562 351.5490417480469 194.09519958496094 3.6812851428985596 1.6398663520812988 1.6859620809555054 -21.964218139648438 1.6299649477005005 57.25587844848633 -7.9003119468688965 0.6879
Pedestrian 1 1 1 825.1356201171875 163.35226440429688 841.0829467773438 202.4735870361328 0.825202465057373 1.8790162801742554 0.5812888741493225 10.805617332458496 1.4223428964614868 35.09284210205078 -4.622424125671387 0.2857
Pedestrian 1 1 1 766.6942749023438 164.95449829101562 783.1451416015625 194.1643524169922 1.0015949010849 1.8980765342712402 0.4428326189517975 10.781002044677734 1.3844612836837769 47.311771392822266 -3.615993022918701 0.1909
Car 1 1 1 577.6454467773438 171.78485107421875 600.3497314453125 189.84788513183594 4.193173885345459 1.478281021118164 1.6267385482788086 -1.7732449769973755 1.3904811143875122 61.180782318115234 -7.810424327850342 0.1846
Car 1 1 1 839.9761352539062 176.83351135253906 892.0042114257812 206.20538330078125 3.7821919918060303 1.5173982381820679 1.5805025100708008 13.977633476257324 1.7465581893920898 39.69812774658203 -4.6932549476623535 0.1793
Car 1 1 1 708.5239868164062 175.00323486328125 728.1278076171875 191.7583770751953 4.065771102905273 1.5133341550827026 1.5877009630203247 10.13036823272705 1.721246600151062 67.80441284179688 -4.621004104614258 0.1767
Pedestrian 1 1 1 722.378173828125 171.28115844726562 733.9534301757812 193.9917755126953 0.8582441210746765 1.7675684690475464 0.61201411485672 9.235440254211426 1.6448533535003662 56.551753997802734 -2.9154152870178223 0.1512
Car 1 1 1 460.8843994140625 177.01084899902344 487.68896484375 193.40081787109375 3.9906420707702637 1.4689524173736572 1.6062580347061157 -12.72298526763916 1.8705182075500488 67.72613525390625 -4.667956352233887 0.1328
Car 1 1 1 453.3011169433594 177.407958984375 481.4084777832031 196.13473510742188 4.045086860656738 1.4140537977218628 1.530643343925476 -11.35777759552002 1.7896289825439453 57.514862060546875 -4.735568523406982 0.1236
Pedestrian 1 1 1 718.8689575195312 159.24285888671875 739.7769165039062 195.43594360351562 1.0355852842330933 1.8952128887176514 0.46208539605140686 6.286211967468262 1.182179570198059 38.24180221557617 -3.665954113006592 0.1183
Car 1 1 1 346.31414794921875 173.96278381347656 378.8331604003906 191.371826171875 4.012124061584473 1.5147981643676758 1.583568811416626 -22.28391456604004 1.6175509691238403 65.05049133300781 -7.8612141609191895 0.1129
Pedestrian 1 1 1 336.9793395996094 167.5673065185547 354.1197814941406 199.806884765625 0.8186103105545044 1.9224607944488525 0.5457771420478821 -15.90918254852295 1.6069130897521973 43.31803512573242 -6.234748840332031 0.1084
Cyclist 1 1 1 832.2237548828125 174.10125732421875 873.8515014648438 217.08380126953125 1.7231650352478027 1.8751978874206543 0.664871096611023 10.778618812561035 1.9314923286437988 32.12705612182617 -6.640791416168213 0.1047
Pedestrian 1 1 1 1070.034423828125 163.12420654296875 1107.8389892578125 237.19976806640625 0.6721413135528564 1.6445400714874268 0.4964638650417328 10.821465492248535 1.4282305240631104 16.396461486816406 -4.517887115478516 0.1007
