Car 1 1 1 389.4217224121094 179.26373291015625 433.3197021484375 214.20689392089844 3.8422844409942627 1.4150298833847046 1.5495764017105103 -8.78802490234375 1.7169618606567383 31.992633819580078 -4.8936357498168945 0.4569
Cyclist 1 1 1 321.3840637207031 140.42164611816406 378.37237548828125 201.83599853515625 1.5631955862045288 1.7942531108856201 0.5142982006072998 -7.850729465484619 0.846424400806427 21.653038024902344 -3.5939764976501465 0.4520
Car 1 1 1 412.7362060546875 180.43603515625 441.474609375 197.49961853027344 4.0941691398620605 1.4817150831222534 1.627298355102539 -16.84372901916504 2.202024459838867 66.52629852294922 -4.715883731842041 0.2865
Car 1 1 1 829.1127319335938 186.54296875 908.5701293945312 220.0281982421875 4.052702903747559 1.5969568490982056 1.7309328317642212 13.486814498901367 2.3449928760528564 37.65803146362305 -3.6833109855651855 0.2776
Car 1 1 1 641.353759765625 174.82196044921875 718.4698486328125 202.7940216064453 3.9851605892181396 1.5154361724853516 1.672632098197937 3.875002861022949 1.6292883157730103 40.56250762939453 -6.525689601898193 0.2351
Cyclist 1 1 1 1126.1475830078125 154.84033203125 1199.6173095703125 214.49253845214844 1.7574546337127686 1.873608946800232 0.6737897396087646 17.751432418823242 1.3075200319290161 23.269351959228516 -5.948740482330322 0.2348
Car 1 1 1 0.0 178.78480529785156 170.9659423828125 266.7052307128906 3.573565721511841 1.4890210628509521 1.5089102983474731 -10.545177459716797 1.6208001375198364 14.265892028808594 -4.734060287475586 0.1933
Cyclist 1 1 1 802.3381958007812 179.1396942138672 819.1456909179688 212.6207275390625 1.6254620552062988 1.6578383445739746 0.36483290791511536 10.203583717346191 1.985692024230957 36.85166931152344 -7.880671977996826 0.1685
Car 1 1 1 774.4738159179688 181.9243927001953 816.6685791015625 207.8627166748047 3.8088459968566895 1.5087236166000366 1.527641773223877 11.549888610839844 2.101634979248047 45.25531005859375 -4.753104209899902 0.1627
Car 1 1 1 1141.44580078125 190.87228393554688 1234.10498046875 222.8686981201172 3.514003038406372 1.4929357767105103 1.7073566913604736 28.81014633178711 2.4217190742492676 36.07309341430664 -6.448892593383789 0.1467
Pedestrian 1 1 1 1068.0511474609375 189.8789825439453 1094.7554931640625 232.684326171875 0.7726055383682251 1.7237921953201294 0.6882736086845398 19.456045150756836 2.438595771789551 29.859655380249023 -2.8252928256988525 0.1301
Car 1 1 1 1064.853271484375 175.739501953125 1209.5723876953125 218.05714416503906 3.8396875858306885 1.4127660989761353 1.5197888612747192 18.221479415893555 1.5166083574295044 25.127273559570312 -3.059797763824463 0.1198
Car 1 1 1 0.0 175.07742309570312 30.248750686645508 214.21397399902344 3.6755080223083496 1.528761386871338 1.730786681175232 -26.76767349243164 1.6275534629821777 30.27778434753418 -7.8031182289123535 0.1176
Pedestrian 1 1 1 1026.72265625 165.9357452392578 1044.345703125 210.09262084960938 0.39983734488487244 1.8278874158859253 0.5767140984535217 17.7391357421875 1.5412039756774902 30.15875816345215 -3.130841016769409 0.1096
Cyclist 1 1 1 1015.2150268554688 165.4091033935547 1044.243408203125 195.4441680908203 1.7486979961395264 1.7046701908111572 0.6490262746810913 24.27875518798828 1.2818279266357422 41.82958221435547 -4.723791599273682 0.1014
