Car 1 1 1 584.6681518554688 182.27822875976562 640.6498413085938 227.9984130859375 3.438762664794922 1.3705599308013916 1.7156908512115479 -0.02388627640902996 1.7080117464065552 24.105669021606445 -7.895166873931885 0.9748
Car 1 1 1 920.5545043945312 177.4373016357422 1130.7987060546875 252.8391571044922 3.8660709857940674 1.5821881294250488 1.6798495054244995 9.248343467712402 1.6920456886291504 16.304119110107422 -6.3880510330200195 0.9455
Car 1 1 1 335.9660949707031 182.54396057128906 489.2132873535156 250.66343688964844 3.8505845069885254 1.3567383289337158 1.5314205884933472 -4.699929714202881 1.6057206392288208 16.727500915527344 -2.432636260986328 0.8954
Car 1 1 1 968.4784545898438 146.29324340820312 1241.0 374.0 3.5578055381774902 1.6883513927459717 1.5720062255859375 3.9491255283355713 1.5828911066055298 4.650744915008545 -7.873633861541748 0.8457
Car 1 1 1 120.32423400878906 184.29226684570312 371.07830810546875 332.2649230957031 3.816875457763672 1.4190658330917358 1.5710381269454956 -4.763968467712402 1.59231698513031 9.078202247619629 -2.3985564708709717 0.8320
Car 1 1 1 250.95826721191406 180.23330688476562 325.7489013671875 213.3219757080078 3.5611958503723145 1.3686366081237793 1.5302525758743286 -14.446974754333496 1.7196955680847168 32.51129913330078 -4.619246006011963 0.8175
Car 1 1 1 593.4014282226562 180.86488342285156 627.6129150390625 212.9699249267578 3.7886736392974854 1.5283615589141846 1.6735649108886719 -0.012491387315094471 1.9620211124420166 37.190738677978516 -7.85221529006958 0.7755
Car 1 1 1 374.20977783203125 179.83074951171875 503.7274475097656 238.43283081054688 3.679032325744629 1.4240752458572388 1.5503560304641724 -4.779343128204346 1.6317059993743896 19.730300903320312 -2.445920467376709 0.6953
Car 1 1 1 0.0 185.0215606689453 215.5574493408203 374.0 3.686267614364624 1.4028645753860474 1.5570391416549683 -4.88430118560791 1.5368170738220215 6.1231770515441895 -2.3766496181488037 0.6084
Car 1 1 1 164.46749877929688 172.6337890625 268.82000732421875 215.9761962890625 4.21915864944458 1.4707374572753906 1.6690868139266968 -14.404205322265625 1.4629652500152588 26.62105369567871 -4.746896743774414 0.5655
Car 1 1 1 493.760009765625 178.2063446044922 565.9819946289062 207.67901611328125 3.876657009124756 1.554703950881958 1.6501715183258057 -4.551446437835693 1.8676987886428833 40.46872329711914 -2.55006742477417 0.5640
Car 1 1 1 118.72063446044922 180.5916290283203 290.7099609375 259.0812072753906 3.677696466445923 1.402445912361145 1.5544527769088745 -8.314728736877441 1.5838487148284912 15.099898338317871 -4.7190141677856445 0.5592
Pedestrian 1 1 1 741.28759765625 179.0589599609375 775.1615600585938 252.19412231445312 1.0797837972640991 1.7417088747024536 0.6998129487037659 3.6018688678741455 1.899780511856079 17.847909927368164 -7.767373561859131 0.5045
Car 1 1 1 0.0 184.9368133544922 153.07684326171875 314.75299072265625 3.569249391555786 1.410383701324463 1.5156384706497192 -8.183566093444824 1.6085830926895142 10.0172700881958 -4.787261486053467 0.4832
Car 1 1 1 433.6972351074219 180.35548400878906 525.6932983398438 220.68019104003906 3.787487030029297 1.3867075443267822 1.5154204368591309 -5.038051128387451 1.6903489828109741 27.37057876586914 -2.3691141605377197 0.4709
Car 1 1 1 894.8572998046875 190.34388732910156 933.4490356445312 217.36636352539062 3.3400721549987793 1.518104910850525 1.802107810974121 18.79349708557129 2.648223876953125 44.783565521240234 -4.438660144805908 0.3900
Car 1 1 1 0.0 180.55014038085938 130.38247680664062 239.7715301513672 3.2685658931732178 1.3798011541366577 1.3798878192901611 -14.341625213623047 1.5988655090332031 18.9045352935791 -4.753968238830566 0.3738
Pedestrian 1 1 1 297.4950866699219 171.2186279296875 318.4054870605469 206.8026123046875 0.7374731302261353 1.7291182279586792 0.766328752040863 -14.881558418273926 1.649351716041565 35.46638488769531 -7.953518390655518 0.3581
Car 1 1 1 556.6121826171875 183.09054565429688 591.8016967773438 207.4115753173828 4.1593546867370605 1.5289103984832764 1.6382560729980469 -2.4335503578186035 2.2598307132720947 49.36553955078125 -4.568594932556152 0.3318
Pedestrian 1 1 1 1033.9957275390625 168.2118377685547 1052.216064453125 197.07965087890625 0.9008730053901672 1.7687368392944336 0.6255962252616882 26.778255462646484 1.4840103387832642 44.67954635620117 -2.716292381286621 0.3267
Car 1 1 1 342.5829772949219 178.4806671142578 415.0897216796875 221.67478942871094 3.8867533206939697 1.439257264137268 1.5176396369934082 -8.44288444519043 1.6610586643218994 26.517492294311523 -4.740232944488525 0.3167
Cyclist 1 1 1 1056.0206298828125 161.47454833984375 1102.843017578125 200.5474853515625 1.7314878702163696 1.8217464685440063 0.6755332946777344 22.12381362915039 1.2908881902694702 34.091285705566406 -6.14953088760376 0.2838
Car 1 1 1 863.7432861328125 159.81661987304688 888.7749633789062 184.32542419433594 4.8479766845703125 2.1788105964660645 1.7903088331222534 24.554609298706055 1.019498348236084 66.7198486328125 -7.5797343254089355 0.2297
Cyclist 1 1 1 520.1834716796875 170.3477325439453 561.10498046875 217.81239318847656 1.9205113649368286 1.8165796995162964 0.6635092496871948 -2.7759506702423096 1.7203588485717773 28.6180419921875 -4.22097635269165 0.2189
Car 1 1 1 955.6249389648438 169.9187469482422 1009.2911987304688 192.90081787109375 4.035526752471924 1.5151094198226929 1.5487526655197144 25.49639892578125 1.3213003873825073 49.59858703613281 -4.729451656341553 0.2032
Pedestrian 1 1 1 330.61798095703125 173.71604919433594 346.27447509765625 203.99032592773438 0.714145302772522 1.7663424015045166 0.5792537331581116 -15.996788024902344 1.817079782485962 42.41695785522461 -6.318039894104004 0.1827
Car 1 1 1 528.3954467773438 177.19764709472656 577.3804931640625 195.71141052246094 4.082001209259033 1.5147136449813843 1.6986583471298218 -4.937194347381592 1.8981109857559204 61.832149505615234 -2.4971165657043457 0.1685
Car 1 1 1 370.7192077636719 176.6761016845703 436.4987487792969 213.3782196044922 3.9880425930023193 1.5111875534057617 1.6047836542129517 -9.155145645141602 1.6920652389526367 32.167762756347656 -4.6575093269348145 0.1652
Car 1 1 1 584.4561767578125 182.61581420898438 620.51416015625 205.6840362548828 4.583661079406738 1.466049075126648 1.7023146152496338 -0.5025786757469177 2.178744316101074 50.295799255371094 -4.537923336029053 0.1626
Pedestrian 1 1 1 810.6345825195312 189.00360107421875 835.1441040039062 242.1575927734375 0.43594542145729065 1.2974116802215576 0.45056116580963135 5.257373332977295 1.7055052518844604 18.00296401977539 -4.832417964935303 0.1613
Pedestrian 1 1 1 1056.130859375 154.39869689941406 1083.7427978515625 210.07691955566406 0.6003724932670593 1.709133505821228 0.49507296085357666 14.264453887939453 1.1423183679580688 22.46317481994629 -7.794345378875732 0.1479
Cyclist 1 1 1 440.6011657714844 135.09011840820312 482.4999694824219 191.50198364257812 1.5147712230682373 1.7833565473556519 0.5119383931159973 -4.887258052825928 0.5892215967178345 23.601444244384766 -4.243984699249268 0.1432
Car 1 1 1 604.2461547851562 172.05332946777344 625.4869995117188 189.063720703125 4.150508880615234 1.5268223285675049 1.6734246015548706 0.45937836170196533 1.4546546936035156 66.89927673339844 -4.632615089416504 0.1421
Car 1 1 1 770.2776489257812 172.6271514892578 801.9393920898438 202.85269165039062 3.4614837169647217 1.5716018676757812 1.6071035861968994 9.562541961669922 1.5595065355300903 39.38726806640625 -4.477268695831299 0.1415
Cyclist 1 1 1 462.3131408691406 149.11184692382812 494.4093017578125 193.6339111328125 1.585598111152649 1.808214783668518 0.5324395895004272 -5.5283308029174805 0.8436537981033325 30.13804817199707 -4.3077073097229 0.1392
Car 1 1 1 305.43731689453125 180.83518981933594 446.2928771972656 227.21340942382812 4.06795597076416 1.434807300567627 1.59674870967865 -7.6149582862854 1.7047085762023926 23.529428482055664 -3.0920815467834473 0.1371
Pedestrian 1 1 1 557.0234375 171.9678955078125 568.7117919921875 197.74693298339844 0.5479175448417664 1.796023964881897 0.7104107141494751 -3.3348162174224854 1.7339880466461182 50.59928512573242 -7.684980869293213 0.1228
Car 1 1 1 835.8656616210938 177.14321899414062 859.3866577148438 197.5748291015625 3.636549711227417 1.5983691215515137 1.5821927785873413 19.44676971435547 1.9617674350738525 59.22475051879883 -4.463903427124023 0.1170
Cyclist 1 1 1 447.99005126953125 176.02667236328125 464.8494873046875 204.87283325195312 1.71034574508667 1.6694667339324951 0.6302645802497864 -9.136908531188965 1.861146330833435 42.803863525390625 -4.708014965057373 0.1159
Car 1 1 1 327.7417297363281 176.22080993652344 386.2598571777344 202.2492218017578 4.012539863586426 1.5122228860855103 1.6072371006011963 -15.597302436828613 1.7299059629440308 44.59282684326172 -7.661327838897705 0.1113
Car 1 1 1 903.7099609375 172.45046997070312 946.8339233398438 190.37896728515625 3.9183545112609863 1.5128158330917358 1.6420120000839233 27.379371643066406 1.4784646034240723 62.684242248535156 -6.897812366485596 0.1101
Car 1 1 1 691.2833251953125 186.04483032226562 838.16455078125 241.7353057861328 3.884885787963867 1.4198888540267944 1.6044431924819946 4.370577335357666 1.823622465133667 20.603179931640625 -6.684620380401611 0.1038
Pedestrian 1 1 1 1095.6241455078125 143.2887420654297 1141.1666259765625 220.90359497070312 0.6560958027839661 1.8268437385559082 0.6127492189407349 12.12722110748291 1.13065767288208 17.298067092895508 -3.1682817935943604 0.1014
