Car 1 1 1 552.288330078125 179.14309692382812 577.8645629882812 199.45779418945312 4.078319072723389 1.560232400894165 1.7105015516281128 -3.6490066051483154 2.0900826454162598 58.75899887084961 -4.681722640991211 0.6681
Pedestrian 1 1 1 980.5747680664062 171.4204559326172 1003.3409423828125 209.77447509765625 0.6883118748664856 1.7546461820602417 0.6548280715942383 17.61271095275879 1.6887634992599487 33.35929489135742 -3.2090952396392822 0.3981
Pedestrian 1 1 1 1071.611328125 146.3770294189453 1096.9296875 204.46363830566406 0.5261431932449341 1.843575358390808 0.5351288914680481 15.208725929260254 1.002939224243164 23.219520568847656 -6.060399055480957 0.2928
Cyclist 1 1 1 354.9150695800781 161.421630859375 405.7671203613281 215.7252197265625 1.754094123840332 1.7027395963668823 0.5302348136901855 -7.513514995574951 1.3439671993255615 23.531051635742188 -7.414886951446533 0.1921
Pedestrian 1 1 1 1167.1153564453125 148.68975830078125 1220.5335693359375 237.5087432861328 0.6269482970237732 1.6665964126586914 0.5001010298728943 11.124703407287598 1.2128794193267822 13.824843406677246 -3.2621376514434814 0.1867
Car 1 1 1 810.373046875 178.4563446044922 863.0675048828125 207.6356658935547 4.016626358032227 1.5381158590316772 1.6758629083633423 12.718432426452637 1.8704856634140015 40.827144622802734 -4.7242631912231445 0.1707
Car 1 1 1 0.0 148.5974884033203 130.4519500732422 197.8621063232422 3.667968988418579 1.6025032997131348 1.6672861576080322 -19.166399002075195 0.8131756782531738 25.41388702392578 -7.6940178871154785 0.1660
Car 1 1 1 704.5686645507812 174.82244873046875 727.9279174804688 194.9546356201172 4.156503677368164 1.590155839920044 1.6135036945343018 8.784355163574219 1.7585365772247314 59.62616729736328 -7.634868144989014 0.1625
Cyclist 1 1 1 751.4774780273438 174.22158813476562 808.9052124023438 230.94088745117188 1.8219952583312988 1.6629756689071655 0.5991834402084351 5.134234428405762 1.7056560516357422 21.933603286743164 -6.851381778717041 0.1495
Pedestrian 1 1 1 837.5186767578125 173.6099395751953 853.31982421875 214.11602783203125 0.834627091884613 1.6709952354431152 0.590361475944519 9.83875846862793 1.702937126159668 30.2791748046875 -7.489369869232178 0.1486
Car 1 1 1 0.0 159.6183624267578 86.90711975097656 195.5924530029297 4.1985859870910645 1.541762351989746 1.6420364379882812 -25.85138702392578 0.9742149114608765 32.23640823364258 -2.892580986022949 0.1315
Cyclist 1 1 1 725.4428100585938 186.00009155273438 761.338623046875 222.8648681640625 1.7649354934692383 1.8832036256790161 0.7136712074279785 6.992123126983643 2.5882017612457275 38.028499603271484 -6.6985015869140625 0.1275
Pedestrian 1 1 1 259.87408447265625 179.0463409423828 285.4661560058594 226.1715850830078 0.7587000131607056 1.687636375427246 0.6093741059303284 -12.353504180908203 1.9167946577072144 26.34021759033203 -3.4175078868865967 0.1254
Pedestrian 1 1 1 960.353271484375 176.10289001464844 999.9025268554688 238.82884216308594 0.7470490336418152 1.6505047082901 0.5988059639930725 9.855175971984863 1.738610029220581 19.325672149658203 -3.1647744178771973 0.1215
Pedestrian 1 1 1 1051.8291015625 151.39369201660156 1095.192138671875 225.4320068359375 0.6834914684295654 1.7059593200683594 0.553844690322876 10.855189323425293 1.2111800909042358 16.993276596069336 -4.813329219818115 0.1205
Car 1 1 1 561.7489013671875 185.9725799560547 596.2952270507812 216.32791137695312 3.5656816959381104 1.4640321731567383 1.6225088834762573 -1.7218976020812988 2.1930830478668213 38.25941848754883 -7.955346584320068 0.1176
Cyclist 1 1 1 747.068359375 173.66798400878906 763.2756958007812 211.98728942871094 1.7109745740890503 1.7117184400558472 0.4984372556209564 6.6154022216796875 1.7497813701629639 33.136966705322266 -7.793188571929932 0.1149
Pedestrian 1 1 1 866.3801879882812 166.3817596435547 889.9881591796875 213.22088623046875 0.7754904627799988 1.7456305027008057 0.6047009229660034 10.087297439575195 1.5041192770004272 27.278959274291992 -4.710809707641602 0.1053
Car 1 1 1 788.6148681640625 180.89651489257812 828.7134399414062 210.2032470703125 3.9463844299316406 1.4838695526123047 1.6161863803863525 10.843862533569336 1.9494261741638184 39.730316162109375 -4.5770039558410645 0.1044
Pedestrian 1 1 1 970.7398681640625 157.4082794189453 992.9496459960938 205.37667846679688 0.5190703272819519 1.8357747793197632 0.6807848215103149 14.358711242675781 1.2443593740463257 27.959875106811523 -7.563125133514404 0.1023
Cyclist 1 1 1 812.9778442382812 169.6566925048828 843.846923828125 215.40797424316406 1.596892237663269 1.6253058910369873 0.5010467767715454 7.944948196411133 1.5114226341247559 26.452850341796875 -7.959204196929932 0.1001
