Car 1 1 1 238.57017517089844 201.20819091796875 466.499267578125 355.8952941894531 4.11747407913208 1.4250801801681519 1.6009342670440674 -3.1122663021087646 1.8789249658584595 9.482274055480957 -4.732585906982422 0.9666
Car 1 1 1 0.0 200.53282165527344 280.4877014160156 370.7895202636719 3.5792365074157715 1.4529515504837036 1.5331605672836304 -5.508542537689209 1.8502033948898315 8.554569244384766 -4.738326549530029 0.9521
Car 1 1 1 654.6227416992188 185.05210876464844 764.2529296875 226.55027770996094 4.076888561248779 1.5596015453338623 1.6961679458618164 3.826738119125366 2.056795358657837 28.534759521484375 -6.305212020874023 0.9006
Cyclist 1 1 1 943.7978515625 189.9788055419922 1203.1488037109375 374.0 1.7630319595336914 1.5564634799957275 0.5814801454544067 3.788318395614624 1.7109163999557495 6.104900360107422 -2.99609375 0.8807
Car 1 1 1 481.2832946777344 189.2899169921875 549.0752563476562 245.00802612304688 4.074643135070801 1.5518076419830322 1.6566089391708374 -3.018914222717285 2.129498243331909 23.335853576660156 -4.711629390716553 0.8429
Car 1 1 1 626.7433471679688 185.58993530273438 697.3184204101562 214.74427795410156 4.043118476867676 1.6253465414047241 1.7240498065948486 3.0365302562713623 2.390259265899658 42.26411437988281 -6.168345928192139 0.8059
Car 1 1 1 531.3207397460938 186.9891357421875 568.1212768554688 221.88514709472656 3.629580497741699 1.5567082166671753 1.5191930532455444 -2.9579930305480957 2.2870101928710938 35.476951599121094 -4.715460777282715 0.7304
Car 1 1 1 643.7994995117188 185.19613647460938 737.0305786132812 218.7364044189453 4.312626838684082 1.5090930461883545 1.6941245794296265 3.7942562103271484 2.1167585849761963 34.41747283935547 -6.1504316329956055 0.4285
Pedestrian 1 1 1 886.8719482421875 150.19772338867188 971.5927734375 289.6678771972656 0.8853884935379028 1.8285967111587524 0.6101053953170776 4.2516374588012695 1.5312496423721313 9.779001235961914 -3.1099512577056885 0.3827
Car 1 1 1 275.17816162109375 194.62136840820312 418.4059753417969 275.4630126953125 4.199223518371582 1.4095197916030884 1.6160767078399658 -5.612332344055176 1.9496488571166992 15.81291389465332 -4.714165210723877 0.3690
Pedestrian 1 1 1 1192.2615966796875 162.9333038330078 1241.0 260.3107604980469 0.6888534426689148 1.567307710647583 0.5315201282501221 10.140056610107422 1.4073323011398315 12.001041412353516 -2.6985018253326416 0.3521
Pedestrian 1 1 1 1122.1783447265625 194.8654022216797 1241.0 374.0 0.5667082071304321 1.3859647512435913 0.5307992696762085 3.793884754180908 1.5398640632629395 4.770035743713379 -4.717247486114502 0.3354
Car 1 1 1 354.8525390625 188.7356719970703 439.6004943847656 245.55862426757812 3.5330379009246826 1.3787426948547363 1.468656301498413 -5.931849002838135 1.8648386001586914 20.304033279418945 -4.751620292663574 0.3310
Pedestrian 1 1 1 667.6282958984375 155.42291259765625 679.5382690429688 188.84530639648438 0.8300518989562988 1.812018871307373 0.6055669188499451 3.443136692047119 0.8666799664497375 39.54365158081055 -7.820339679718018 0.2059
Pedestrian 1 1 1 377.1430969238281 152.84332275390625 393.9743347167969 195.81448364257812 0.5794757008552551 1.8557147979736328 0.6363896727561951 -9.837839126586914 0.9912512302398682 31.501665115356445 -8.033769607543945 0.1711
Pedestrian 1 1 1 0.0 237.3563690185547 59.322052001953125 374.0 0.581309974193573 1.1415624618530273 0.3419016897678375 -4.938744068145752 1.692582368850708 5.852539539337158 -4.548547267913818 0.1710
Car 1 1 1 554.0845947265625 176.38121032714844 578.3228759765625 204.58935546875 4.039721965789795 1.9194947481155396 1.665871024131775 -3.1898820400238037 2.1820249557495117 51.69155502319336 -4.78361177444458 0.1601
Cyclist 1 1 1 675.96142578125 149.10577392578125 704.9060668945312 190.01730346679688 1.4678744077682495 1.7452645301818848 0.5765361189842224 3.4652154445648193 0.7318773865699768 31.567340850830078 -5.150452136993408 0.1536
Car 1 1 1 412.29229736328125 173.8233184814453 528.4818725585938 267.05828857421875 4.37314510345459 1.8225425481796265 1.7624973058700562 -3.0387041568756104 1.8471416234970093 16.342214584350586 -4.706030368804932 0.1485
Pedestrian 1 1 1 751.2352905273438 170.28321838378906 771.64697265625 213.72830200195312 0.6712489724159241 1.8058431148529053 0.6778138875961304 6.322731018066406 1.6986855268478394 30.353105545043945 -4.792236328125 0.1467
Pedestrian 1 1 1 423.4826354980469 156.27438354492188 437.05926513671875 192.99559020996094 0.5707871913909912 1.981925129890442 0.6711292266845703 -9.834403991699219 1.0867865085601807 39.32180404663086 -5.042672634124756 0.1450
Pedestrian 1 1 1 794.9744262695312 164.988037109375 813.691650390625 201.820068359375 0.9458804130554199 1.758650779724121 0.6292544603347778 9.394171714782715 1.3827677965164185 35.01968765258789 -4.153773784637451 0.1445
Pedestrian 1 1 1 783.4349975585938 192.21395874023438 815.9690551757812 273.2236633300781 0.6091036200523376 1.5488544702529907 0.5344147682189941 3.694330930709839 1.9406461715698242 14.283085823059082 -4.611110210418701 0.1415
Cyclist 1 1 1 890.2091674804688 139.80477905273438 941.6893920898438 197.99342346191406 1.4864356517791748 1.7593963146209717 0.5519736409187317 9.517367362976074 0.7598176002502441 22.60538673400879 -5.167109966278076 0.1260
Pedestrian 1 1 1 1143.3480224609375 143.4257354736328 1192.740966796875 224.86593627929688 0.6412559747695923 1.7740757465362549 0.6025484800338745 12.342045783996582 1.1327167749404907 16.039932250976562 -4.707448482513428 0.1208
Pedestrian 1 1 1 434.8445739746094 157.84410095214844 448.4271545410156 191.6022491455078 0.6931436061859131 1.988545536994934 0.6977925896644592 -10.037982940673828 1.1040773391723633 42.87957000732422 -7.945204257965088 0.1165
Pedestrian 1 1 1 872.2583618164062 146.71542358398438 902.5552978515625 209.69480895996094 0.823108971118927 1.9007776975631714 0.6497806310653687 8.479887008666992 1.1115906238555908 22.20614242553711 -4.655210971832275 0.1163
Pedestrian 1 1 1 412.2137756347656 155.76939392089844 427.82476806640625 193.77650451660156 0.7268443703651428 1.9415830373764038 0.6714848279953003 -9.843953132629395 1.0685207843780518 37.25334167480469 -7.949479579925537 0.1150
Pedestrian 1 1 1 732.1656494140625 187.54371643066406 743.8610229492188 214.1453399658203 0.6268581748008728 1.7654622793197632 0.6958827972412109 8.631617546081543 2.7682747840881348 48.825233459472656 -5.857730865478516 0.1044
Car 1 1 1 686.5901489257812 169.3831787109375 750.7979736328125 189.6249542236328 4.596481800079346 1.502396583557129 1.7128040790557861 8.132198333740234 1.244482159614563 54.43586349487305 -3.130635976791382 0.1030
