Car 1 1 1 539.8897094726562 185.7015838623047 566.9996337890625 212.7528533935547 3.885859727859497 1.568284034729004 1.6193002462387085 -3.6557652950286865 2.4186742305755615 45.760528564453125 -4.814542770385742 0.7463
Car 1 1 1 634.6638793945312 189.43038940429688 668.3733520507812 217.6127166748047 3.6898720264434814 1.5395653247833252 1.7112833261489868 2.4241418838500977 2.5812385082244873 43.48550796508789 -4.7420806884765625 0.3592
Pedestrian 1 1 1 490.59112548828125 146.1012420654297 513.8827514648438 208.2032928466797 0.8813740015029907 1.9067093133926392 0.7090996503829956 -3.432384729385376 1.0850238800048828 22.643291473388672 -4.867020606994629 0.2457
Pedestrian 1 1 1 178.52723693847656 177.9040069580078 213.67335510253906 247.46624755859375 0.5356528162956238 1.8175673484802246 0.6107996106147766 -11.067326545715332 1.9539577960968018 19.214393615722656 -4.541956901550293 0.2292
Cyclist 1 1 1 930.4572143554688 125.64226531982422 1037.663330078125 317.2770080566406 1.7655055522918701 1.9213862419128418 0.5005857944488525 4.096404075622559 1.4477275609970093 8.14210319519043 -7.723957538604736 0.2198
Pedestrian 1 1 1 321.2484130859375 161.79592895507812 353.853515625 227.24085998535156 0.7095712423324585 1.7722581624984741 0.631549596786499 -7.5539445877075195 1.4725040197372437 19.89417839050293 -4.712520599365234 0.1669
Pedestrian 1 1 1 344.95458984375 164.40773010253906 379.24151611328125 228.53172302246094 0.8653898239135742 1.8008540868759155 0.7366889715194702 -7.158389091491699 1.563349723815918 20.722675323486328 -4.7873077392578125 0.1631
Pedestrian 1 1 1 233.85562133789062 150.255126953125 271.1920166015625 214.87002563476562 0.8024216890335083 1.8972194194793701 0.6839995980262756 -10.74889087677002 1.233372449874878 21.616212844848633 -7.76354455947876 0.1478
Cyclist 1 1 1 350.8774108886719 181.93234252929688 391.04022216796875 220.5657501220703 1.6901986598968506 1.8117825984954834 0.6877265572547913 -11.459022521972656 2.2509098052978516 34.484981536865234 -3.0244603157043457 0.1426
Pedestrian 1 1 1 865.768798828125 148.32130432128906 959.576416015625 291.1332702636719 1.0491983890533447 1.8607491254806519 0.5139872431755066 3.9884033203125 1.5408037900924683 9.686176300048828 -6.229055404663086 0.1421
Car 1 1 1 392.0181579589844 162.17185974121094 441.1531066894531 192.35888671875 3.6115293502807617 1.7059221267700195 1.6488243341445923 -11.410642623901367 1.1019552946090698 42.65134048461914 -4.617123126983643 0.1402
Car 1 1 1 0.0 197.47802734375 91.20772552490234 374.0 3.754343271255493 1.5195574760437012 1.5509027242660522 -8.194389343261719 1.8784334659576416 8.575618743896484 -4.818981170654297 0.1370
Cyclist 1 1 1 499.4281311035156 182.45147705078125 512.7490844726562 211.87783813476562 1.473361611366272 1.542546272277832 0.463837206363678 -5.655697345733643 2.0715951919555664 39.05254364013672 -4.679524898529053 0.1329
Cyclist 1 1 1 398.7174072265625 149.85427856445312 454.2358093261719 210.57861328125 1.5684484243392944 1.7511379718780518 0.5362129807472229 -5.461225986480713 1.0875835418701172 21.279569625854492 -3.4184060096740723 0.1127
Car 1 1 1 504.32513427734375 170.88150024414062 538.3612670898438 197.48204040527344 4.407548904418945 1.6952418088912964 1.7391468286514282 -5.901710033416748 1.5692352056503296 48.188133239746094 -4.713557243347168 0.1030
Car 1 1 1 539.2725219726562 184.11134338378906 569.6027221679688 208.56210327148438 4.693987846374512 1.5549359321594238 1.7266130447387695 -3.973680019378662 2.382434368133545 50.60224914550781 -4.874083042144775 0.1027
Cyclist 1 1 1 474.67987060546875 165.08692932128906 496.9460754394531 210.04478454589844 1.7484928369522095 1.7185450792312622 0.48919805884361267 -4.931191921234131 1.4213436841964722 28.467540740966797 -4.657941818237305 0.1001
