Car 1 1 1 209.3238983154297 188.87478637695312 438.92095947265625 315.8054504394531 4.460888385772705 1.5028674602508545 1.7136133909225464 -4.2127685546875 1.8053535223007202 11.37533187866211 -4.674344539642334 0.9464
Car 1 1 1 383.85198974609375 187.79176330566406 492.7552795410156 260.671875 3.836200714111328 1.464490532875061 1.6383637189865112 -4.005458354949951 1.860642910003662 17.21993637084961 -4.697757720947266 0.9366
Car 1 1 1 646.2914428710938 178.51895141601562 688.166748046875 214.23080444335938 3.4772047996520996 1.5642017126083374 1.6387255191802979 2.7046618461608887 1.845794916152954 34.048492431640625 -7.676625728607178 0.9172
Car 1 1 1 736.6585083007812 172.06927490234375 818.1502685546875 224.58096313476562 4.567550182342529 1.4709690809249878 1.7265347242355347 5.049881458282471 1.4486874341964722 22.54134750366211 -4.6550822257995605 0.9037
Car 1 1 1 0.0 201.89865112304688 246.51324462890625 374.0 4.119710922241211 1.54928457736969 1.637955904006958 -4.340115070343018 1.838848352432251 5.0831170082092285 -4.790961742401123 0.8827
Car 1 1 1 450.883544921875 181.5401153564453 531.4016723632812 237.8193817138672 3.9055018424987793 1.6107474565505981 1.6149061918258667 -3.7815849781036377 1.9152495861053467 23.29716682434082 -4.6148152351379395 0.8432
Car 1 1 1 722.3344116210938 173.1444854736328 848.962890625 212.41522216796875 4.340816020965576 1.4081608057022095 1.5965770483016968 6.395581245422363 1.4190051555633545 26.783906936645508 -6.236883163452148 0.8414
Car 1 1 1 1086.027587890625 104.91026306152344 1241.0 217.51817321777344 4.352953910827637 1.874436855316162 1.7837833166122437 11.255955696105957 0.7431662678718567 12.938541412353516 -6.26651668548584 0.7192
Car 1 1 1 500.0418395996094 185.22071838378906 555.3555297851562 224.6470489501953 3.754303216934204 1.4456599950790405 1.4993760585784912 -3.353591203689575 1.9862699508666992 29.61735725402832 -4.613285064697266 0.6715
Car 1 1 1 656.8665161132812 178.12533569335938 709.9252319335938 207.19256591796875 3.529175281524658 1.439523458480835 1.5611652135849 3.9058542251586914 1.733471393585205 38.35367965698242 -7.354478359222412 0.5598
Car 1 1 1 520.9522094726562 182.4392547607422 559.5624389648438 216.82888793945312 3.9995181560516357 1.4942851066589355 1.6467773914337158 -3.3235890865325928 1.9796643257141113 34.523536682128906 -4.759596347808838 0.5056
Car 1 1 1 667.1757202148438 176.7299041748047 728.4555053710938 204.53541564941406 3.25408673286438 1.5457158088684082 1.495895504951477 5.076088905334473 1.780485987663269 42.15884780883789 -2.4651856422424316 0.4694
Pedestrian 1 1 1 250.63331604003906 171.6009979248047 273.8026428222656 233.24330139160156 0.8990355730056763 1.6947381496429443 0.5775319933891296 -9.859660148620605 1.659989356994629 20.366918563842773 -8.292649269104004 0.2767
Car 1 1 1 510.79144287109375 181.05206298828125 574.6115112304688 206.20301818847656 3.899599313735962 1.5536916255950928 1.6684092283248901 -4.451549053192139 2.115299701690674 47.61423110961914 -3.7888412475585938 0.2072
Car 1 1 1 384.56182861328125 181.62762451171875 420.8343505859375 204.403564453125 3.5446066856384277 1.481132984161377 1.637038230895996 -14.530060768127441 2.1169016361236572 50.36516189575195 -8.373575210571289 0.1871
Pedestrian 1 1 1 466.5303039550781 170.8086700439453 482.7139587402344 201.21249389648438 0.8265758752822876 1.7428855895996094 0.59765625 -7.878767013549805 1.625337839126587 41.789188385009766 -6.650603294372559 0.1690
Cyclist 1 1 1 335.7365417480469 154.20510864257812 385.793212890625 209.28927612304688 1.4908701181411743 1.7553292512893677 0.5746847987174988 -8.240458488464355 1.1607578992843628 23.760478973388672 -4.0642409324646 0.1663
Pedestrian 1 1 1 426.4556884765625 162.75613403320312 441.8986511230469 201.38629150390625 0.8306801915168762 1.8500794172286987 0.667123556137085 -8.585832595825195 1.3661710023880005 35.05427932739258 -8.169408798217773 0.1439
Pedestrian 1 1 1 302.82855224609375 168.15432739257812 322.5614929199219 212.26234436035156 0.5999286770820618 1.7501293420791626 0.6234801411628723 -11.981256484985352 1.563354730606079 28.98140525817871 -8.03836727142334 0.1263
Car 1 1 1 322.49652099609375 181.19973754882812 367.507568359375 204.03054809570312 4.136162757873535 1.4711997509002686 1.4683001041412354 -18.37678337097168 2.0748987197875977 50.12346649169922 -4.67225456237793 0.1231
Pedestrian 1 1 1 508.0609436035156 170.15249633789062 521.4150390625 196.67233276367188 0.924260139465332 1.860314965248108 0.5425863862037659 -6.752900123596191 1.6705089807510376 50.93534469604492 -6.394349575042725 0.1224
Pedestrian 1 1 1 324.2128601074219 178.0651397705078 344.3228454589844 218.196533203125 0.6008207201957703 1.5739719867706299 0.5602855086326599 -11.003059387207031 1.7830779552459717 28.68671989440918 -4.685804843902588 0.1152
Car 1 1 1 403.55047607421875 183.93960571289062 429.8228454589844 205.8124237060547 3.7999303340911865 1.5465104579925537 1.6034990549087524 -14.83536434173584 2.4253885746002197 55.1639404296875 -5.064122200012207 0.1057
