Car 1 1 1 720.2005004882812 187.09727478027344 858.265869140625 304.9978332519531 3.437525510787964 1.4549058675765991 1.5565108060836792 2.53550386428833 1.7092245817184448 11.116464614868164 -7.763521671295166 0.9559
Car 1 1 1 21.969999313354492 180.92852783203125 336.50262451171875 275.12860107421875 4.404427528381348 1.4655847549438477 1.6435282230377197 -7.217886447906494 1.612614393234253 12.272144317626953 -3.108956813812256 0.9541
Car 1 1 1 510.514404296875 179.3525848388672 568.1900634765625 223.29823303222656 3.903935670852661 1.4570791721343994 1.5826538801193237 -2.563424825668335 1.7132595777511597 26.493574142456055 -7.812114238739014 0.9412
Cyclist 1 1 1 569.079833984375 169.4984588623047 594.9654541015625 244.7948455810547 1.6673190593719482 1.7552218437194824 0.5609574317932129 -0.7210183143615723 1.6767016649246216 17.65479850769043 -4.7070441246032715 0.9299
Car 1 1 1 780.5537109375 191.82269287109375 1095.7705078125 374.0 3.0259084701538086 1.4537233114242554 1.4675543308258057 2.459285020828247 1.6589949131011963 6.276611804962158 -7.811147212982178 0.9221
Car 1 1 1 448.3515625 173.028076171875 541.8499145507812 245.52572631835938 4.078913688659668 1.660732626914978 1.7484238147735596 -2.8776862621307373 1.6654083728790283 18.58062744140625 -4.709163665771484 0.8450
Car 1 1 1 639.7828369140625 177.2266845703125 674.9688720703125 203.70455932617188 4.36387300491333 1.4897631406784058 1.7393301725387573 2.769497871398926 1.7665690183639526 43.5245475769043 -4.734624862670898 0.6682
Pedestrian 1 1 1 1137.80908203125 138.0350341796875 1241.0 370.77142333984375 0.6087717413902283 1.7651143074035645 0.6148813366889954 4.719484329223633 1.5007411241531372 5.801483631134033 -3.2159831523895264 0.4839
Pedestrian 1 1 1 450.95965576171875 170.80992126464844 474.9548034667969 221.57034301757812 0.6866463422775269 1.7489129304885864 0.7012194395065308 -5.177585124969482 1.6781858205795288 25.20499038696289 -7.858606815338135 0.3981
Cyclist 1 1 1 992.5439453125 147.2381134033203 1133.5233154296875 323.868408203125 1.711150884628296 1.7540652751922607 0.6127307415008545 4.9072723388671875 1.499381184577942 8.043543815612793 -7.770431041717529 0.3771
Car 1 1 1 573.8455810546875 170.6118621826172 598.3051147460938 189.75291442871094 4.120285987854004 1.5952162742614746 1.6813713312149048 -2.0544321537017822 1.4080560207366943 62.24947738647461 -7.780206203460693 0.2992
Car 1 1 1 637.7376098632812 170.9871063232422 661.3630981445312 190.22349548339844 3.7695720195770264 1.5899468660354614 1.6080635786056519 3.3198750019073486 1.435341477394104 61.563316345214844 -7.908762454986572 0.2408
Pedestrian 1 1 1 709.3660888671875 180.13247680664062 728.6993408203125 212.87098693847656 0.7542502880096436 1.7595350742340088 0.7261978387832642 5.933291912078857 2.1631107330322266 39.52272033691406 -3.7622952461242676 0.2027
Pedestrian 1 1 1 724.9396362304688 163.60743713378906 747.6979370117188 210.26290893554688 0.7815810441970825 1.7955507040023804 0.6614989042282104 4.907247543334961 1.4393939971923828 28.270368576049805 -4.2100749015808105 0.1996
Pedestrian 1 1 1 0.0 151.7313995361328 61.72107696533203 255.54544067382812 0.8018282055854797 1.7944345474243164 0.6527574062347412 -10.449746131896973 1.4290286302566528 12.826879501342773 -3.067824125289917 0.1754
Pedestrian 1 1 1 390.623779296875 169.43838500976562 424.7652587890625 236.7667999267578 0.6754860281944275 1.6781622171401978 0.640353798866272 -5.22482967376709 1.5927280187606812 18.44651222229004 -8.494977951049805 0.1342
Pedestrian 1 1 1 413.26910400390625 167.0999298095703 432.4962158203125 212.91639709472656 0.6161136031150818 1.8125696182250977 0.6844928860664368 -7.534515857696533 1.584630012512207 28.90020179748535 -8.001652717590332 0.1328
Pedestrian 1 1 1 320.6945495605469 199.1505889892578 355.8191223144531 265.7728271484375 0.4891568124294281 1.2433995008468628 0.4724213182926178 -5.284911155700684 1.7587896585464478 13.904752731323242 -3.105048894882202 0.1299
Car 1 1 1 456.9284362792969 172.971923828125 530.2964477539062 200.10406494140625 3.783817768096924 1.4470124244689941 1.556215524673462 -6.339537620544434 1.4532777070999146 39.33051681518555 -3.1756792068481445 0.1250
Pedestrian 1 1 1 257.2735595703125 160.86471557617188 292.84088134765625 230.52719116210938 1.018147349357605 1.894394040107727 0.727167010307312 -9.414319038391113 1.568058967590332 20.20402717590332 -4.959743499755859 0.1237
Car 1 1 1 541.70751953125 158.8855743408203 569.2401733398438 180.06961059570312 3.717986583709717 1.785764217376709 1.6666545867919922 -4.734621524810791 0.6079584956169128 62.775386810302734 -7.723774433135986 0.1208
Cyclist 1 1 1 755.6470336914062 139.9895782470703 808.0546264648438 204.0803680419922 1.5845329761505127 1.791545033454895 0.5319324135780334 4.929276943206787 0.8725783824920654 20.986881256103516 -5.245047092437744 0.1162
Pedestrian 1 1 1 383.2638854980469 191.10140991210938 402.961181640625 228.34278869628906 0.7891690731048584 1.6963623762130737 0.7003048658370972 -10.156437873840332 2.5577616691589355 33.66824722290039 -6.4325947761535645 0.1128
Car 1 1 1 548.2642822265625 175.28738403320312 575.779541015625 194.27508544921875 3.810389518737793 1.4851387739181519 1.573114275932312 -3.9102823734283447 1.6902669668197632 58.9287109375 -7.736168384552002 0.1126
Pedestrian 1 1 1 1079.6593017578125 137.65383911132812 1214.8900146484375 343.89471435546875 0.8078129887580872 1.8411104679107666 0.6206569075584412 4.950985431671143 1.5265791416168213 6.768048286437988 -3.0999138355255127 0.1050
