Pedestrian 1 1 1 689.8368530273438 146.00828552246094 715.9971313476562 208.6626739501953 0.8715759515762329 1.904321551322937 0.682939887046814 2.992610216140747 0.8562657237052917 21.92878532409668 -4.720898151397705 0.7737
Pedestrian 1 1 1 906.5584716796875 140.54759216308594 1077.7408447265625 369.0 0.8682884573936462 1.7244806289672852 0.6452542543411255 2.6902008056640625 1.4691654443740845 5.064657211303711 -5.254833698272705 0.7202
Pedestrian 1 1 1 567.3994140625 139.32212829589844 600.0789794921875 229.31309509277344 0.7857443690299988 1.8333606719970703 0.6074979305267334 -0.49957558512687683 0.9948095083236694 14.833985328674316 -4.844526767730713 0.6411
Pedestrian 1 1 1 589.8569946289062 139.88978576660156 636.721435546875 252.04217529296875 0.7499598860740662 1.8554821014404297 0.6166293621063232 0.08423823863267899 1.1839940547943115 12.14241886138916 -4.988295078277588 0.6198
Pedestrian 1 1 1 504.74462890625 153.2090606689453 559.3353881835938 236.99778747558594 1.118265986442566 1.8726478815078735 0.5714080929756165 -1.725080966949463 1.263046145439148 16.301637649536133 -5.836141586303711 0.5957
Pedestrian 1 1 1 987.4488525390625 113.65196228027344 1212.2623291015625 369.0 0.7881214022636414 1.759000539779663 0.6818795204162598 2.6664280891418457 1.4335283041000366 3.945535182952881 -8.269803047180176 0.5885
Pedestrian 1 1 1 629.5835571289062 136.66224670410156 673.3871459960938 246.53170776367188 0.7513286471366882 1.8395702838897705 0.5591703653335571 0.7485830783843994 1.1059625148773193 12.269100189208984 -4.949387550354004 0.5821
Pedestrian 1 1 1 480.1289367675781 152.2360382080078 536.8580322265625 240.7471466064453 1.0820140838623047 1.854172945022583 0.6185473799705505 -2.1439220905303955 1.2624361515045166 15.367727279663086 -5.69985294342041 0.5035
Cyclist 1 1 1 405.9705505371094 148.38565063476562 451.9437255859375 196.79544067382812 1.5423153638839722 1.7485047578811646 0.5449128150939941 -6.450533390045166 0.5888218879699707 25.817049026489258 -3.1327552795410156 0.4539
Pedestrian 1 1 1 438.5305480957031 137.81402587890625 472.38873291015625 235.23828125 0.8284762501716614 1.8518489599227905 0.604281485080719 -2.998119592666626 1.0408331155776978 13.918830871582031 -4.978811264038086 0.3893
Pedestrian 1 1 1 586.8538208007812 138.03591918945312 610.6865234375 202.68667602539062 0.868148148059845 1.908023715019226 0.6508925557136536 -0.23173464834690094 0.6550838351249695 21.32809829711914 -4.800764560699463 0.3863
Pedestrian 1 1 1 1003.3316650390625 136.87232971191406 1146.059326171875 369.0 0.7931485176086426 1.7508288621902466 0.571431577205658 3.735520601272583 1.4270936250686646 5.739962100982666 -5.234827995300293 0.3855
Pedestrian 1 1 1 598.7840576171875 136.8073272705078 625.8800659179688 218.93226623535156 0.7101133465766907 1.83128821849823 0.5841140747070312 0.13005442917346954 0.8573349714279175 16.138561248779297 -4.651373386383057 0.3812
Pedestrian 1 1 1 1046.771728515625 125.2449722290039 1218.6871337890625 369.0 0.7731725573539734 1.7433384656906128 0.5742228627204895 3.51668643951416 1.4043114185333252 4.82177209854126 -5.226677894592285 0.3766
Car 1 1 1 142.0217742919922 167.08555603027344 223.832275390625 204.93014526367188 4.081272602081299 1.5080580711364746 1.654332160949707 -18.00364875793457 0.9737348556518555 30.325387954711914 -8.022332191467285 0.3341
Pedestrian 1 1 1 115.11756896972656 146.0199432373047 167.87850952148438 254.0461883544922 0.5402989983558655 1.7640413045883179 0.5182152390480042 -7.829329967498779 1.2013713121414185 11.877197265625 -5.961323261260986 0.3204
Pedestrian 1 1 1 354.0484924316406 154.4071502685547 372.8901062011719 194.64256286621094 0.6221923232078552 1.9544503688812256 0.7101540565490723 -11.854826927185059 0.6871474385261536 34.65787124633789 -7.849536418914795 0.3192
Pedestrian 1 1 1 373.5533447265625 148.02838134765625 402.9883728027344 209.53758239746094 0.8812589049339294 1.9425947666168213 0.7030873894691467 -7.009186267852783 0.9173500537872314 22.782672882080078 -4.746941089630127 0.2989
Pedestrian 1 1 1 540.9835205078125 144.78826904296875 571.0711669921875 235.9376983642578 0.7046187520027161 1.8115509748458862 0.5792761445045471 -1.0525685548782349 1.1021547317504883 14.435863494873047 -4.828944683074951 0.2693
Car 1 1 1 111.11756896972656 181.23138427734375 286.1361083984375 251.7664031982422 3.654775381088257 1.4821956157684326 1.516818642616272 -9.531818389892578 1.5019644498825073 16.853242874145508 -4.472029685974121 0.2420
Car 1 1 1 0.0 112.34386444091797 296.62139892578125 369.0 4.150813579559326 1.6166636943817139 1.6400861740112305 -3.0133578777313232 1.4317899942398071 4.147192001342773 -5.008861064910889 0.2400
Pedestrian 1 1 1 242.05177307128906 163.99696350097656 261.9886474609375 213.14744567871094 0.5429955720901489 1.7429996728897095 0.5809470415115356 -12.720569610595703 1.1580145359039307 25.426921844482422 -5.054299831390381 0.2321
Pedestrian 1 1 1 537.5306396484375 144.15916442871094 564.831298828125 226.0050506591797 0.6474823355674744 1.7405356168746948 0.5772832632064819 -1.2084755897521973 0.9680589437484741 15.374354362487793 -4.76413106918335 0.2313
Pedestrian 1 1 1 67.88312530517578 150.40733337402344 100.25660705566406 216.5290985107422 0.8861509561538696 1.8133443593978882 0.5963122844696045 -14.703290939331055 0.9883806705474854 19.920270919799805 -5.180238246917725 0.2109
Pedestrian 1 1 1 407.1043395996094 160.6945037841797 419.4498291015625 188.44566345214844 0.6851173043251038 1.7374777793884277 0.5619964599609375 -12.10505485534668 0.49754631519317627 44.627464294433594 -7.79049825668335 0.2105
Pedestrian 1 1 1 570.6636352539062 151.56466674804688 585.96484375 187.91673278808594 0.5489394068717957 1.7657533884048462 0.6259174346923828 -1.3266031742095947 0.3604254722595215 34.683712005615234 -7.619223117828369 0.2041
Pedestrian 1 1 1 461.2037048339844 139.49185180664062 494.5130310058594 230.5416259765625 0.7653841972351074 1.8489571809768677 0.618095874786377 -2.715250015258789 1.0165549516677856 14.809404373168945 -4.982494354248047 0.1994
Car 1 1 1 261.8865051269531 172.9134063720703 378.8631591796875 232.03175354003906 3.5891425609588623 1.4450441598892212 1.521392583847046 -7.595606803894043 1.2599303722381592 19.1263484954834 -4.641776084899902 0.1587
Pedestrian 1 1 1 566.943603515625 153.91375732421875 579.67529296875 185.74588012695312 0.6892626881599426 1.8460592031478882 0.6165554523468018 -1.8636575937271118 0.30433282256126404 41.394378662109375 -7.691168308258057 0.1545
Cyclist 1 1 1 307.3178405761719 151.0508270263672 350.00286865234375 193.5232696533203 1.6583144664764404 1.8038285970687866 0.559626579284668 -11.931718826293945 0.5533133149147034 30.501060485839844 -6.527790546417236 0.1427
Car 1 1 1 0.0 153.02955627441406 73.03833770751953 201.2967987060547 4.035820960998535 1.5533839464187622 1.6260521411895752 -20.467363357543945 0.6695787906646729 23.798629760742188 -3.024254322052002 0.1385
Pedestrian 1 1 1 243.5154571533203 153.46060180664062 307.24920654296875 263.6106262207031 0.7750107645988464 1.8001991510391235 0.5910220742225647 -5.593448162078857 1.358670711517334 11.914223670959473 -6.107158184051514 0.1321
Cyclist 1 1 1 981.8399658203125 177.6820526123047 1005.5348510742188 237.68365478515625 1.826411485671997 1.683017373085022 0.5034013986587524 11.361824035644531 1.604278564453125 20.765024185180664 -4.267341613769531 0.1259
Pedestrian 1 1 1 309.11883544921875 156.61038208007812 327.80767822265625 196.2281494140625 0.6884258389472961 1.8715416193008423 0.6569222807884216 -13.70290470123291 0.7431733012199402 33.773597717285156 -7.94496488571167 0.1256
Pedestrian 1 1 1 303.02166748046875 156.52403259277344 320.4847717285156 191.93661499023438 0.5159019827842712 1.8652451038360596 0.6870522499084473 -15.59079647064209 0.6025272011756897 37.558349609375 -7.668862819671631 0.1242
Pedestrian 1 1 1 475.4626770019531 146.4759979248047 511.9040222167969 227.23484802246094 0.8830065131187439 1.8429397344589233 0.7112011313438416 -2.67490291595459 1.0668402910232544 16.66655158996582 -5.035109519958496 0.1180
Car 1 1 1 104.78823852539062 152.7113494873047 206.99839782714844 199.74493408203125 3.7227165699005127 1.4843194484710693 1.5419108867645264 -15.302154541015625 0.6076250672340393 24.260120391845703 -4.844203948974609 0.1161
