Car 1 1 1 536.8150634765625 180.27308654785156 599.0188598632812 226.8692626953125 4.143645286560059 1.4086025953292847 1.547291874885559 -1.0531730651855469 1.3719724416732788 23.843854904174805 -4.6298017501831055 0.9185
Pedestrian 1 1 1 853.5579223632812 156.0824737548828 919.0081787109375 284.8046875 0.9054884910583496 1.660385012626648 0.5897387266159058 3.793841600418091 1.3331959247589111 9.742627143859863 -7.7662434577941895 0.8021
Pedestrian 1 1 1 811.8566284179688 163.17247009277344 863.1712036132812 261.0184326171875 0.6981381773948669 1.698727011680603 0.6732196807861328 4.160946369171143 1.381155014038086 12.829412460327148 -4.7400054931640625 0.7001
Pedestrian 1 1 1 859.2623901367188 163.05136108398438 986.9791259765625 373.0 0.7813287377357483 1.626549482345581 0.5597084760665894 2.555284261703491 1.4884194135665894 5.875413417816162 -5.108212947845459 0.6960
Pedestrian 1 1 1 533.1851196289062 160.7508087158203 581.1470336914062 255.9157257080078 0.8847000002861023 1.7731149196624756 0.6814820170402527 -0.9090734720230103 1.38711678981781 13.921882629394531 -8.238373756408691 0.6835
Pedestrian 1 1 1 559.4275512695312 165.09922790527344 575.7802124023438 200.85391235351562 1.0586590766906738 1.702756404876709 0.6411353945732117 -1.643209457397461 0.921944797039032 34.768951416015625 -7.751125812530518 0.6675
Pedestrian 1 1 1 937.060546875 152.20025634765625 1104.8592529296875 373.0 0.6286118030548096 1.6453042030334473 0.6446771025657654 2.4562604427337646 1.4871532917022705 4.325738906860352 -8.349000930786133 0.6632
Pedestrian 1 1 1 716.04736328125 171.87928771972656 770.5916748046875 308.8791809082031 0.6536317467689514 1.6102889776229858 0.634472131729126 1.7037190198898315 1.4978927373886108 8.833500862121582 -4.483677387237549 0.6474
Pedestrian 1 1 1 692.8570556640625 168.4138946533203 721.5185546875 226.50906372070312 1.142316222190857 1.7819128036499023 0.5973161458969116 3.293497323989868 1.3809860944747925 22.639461517333984 -7.990417003631592 0.6433
Pedestrian 1 1 1 819.6303100585938 182.693115234375 880.9689331054688 311.0364685058594 0.5640231966972351 1.4349660873413086 0.40341851115226746 2.850461721420288 1.450119972229004 8.375895500183105 -2.413876533508301 0.6161
Pedestrian 1 1 1 764.4934692382812 161.78443908691406 824.1325073242188 333.3199768066406 0.6719271540641785 1.6595871448516846 0.49707600474357605 1.8973866701126099 1.4695515632629395 7.313780307769775 -4.5891432762146 0.4969
Pedestrian 1 1 1 753.5751953125 162.1556854248047 806.2979125976562 263.9198913574219 0.7895836234092712 1.6581693887710571 0.4524916708469391 2.9187827110290527 1.3435981273651123 11.963332176208496 -3.05747652053833 0.4586
Pedestrian 1 1 1 300.07049560546875 155.96316528320312 343.2846984863281 227.7123565673828 0.860956609249115 1.7539398670196533 0.651275634765625 -7.0529985427856445 1.1302112340927124 18.046079635620117 -7.6562113761901855 0.4394
Pedestrian 1 1 1 673.3287353515625 172.0714569091797 691.4118041992188 209.1454315185547 0.7345796227455139 1.7140064239501953 0.5907228589057922 3.7835452556610107 1.2783701419830322 33.67710494995117 -7.312399387359619 0.4372
Pedestrian 1 1 1 786.7443237304688 164.55105590820312 841.3036499023438 291.3960266113281 0.6084262728691101 1.678291916847229 0.4738137423992157 2.8743460178375244 1.4547065496444702 9.8690767288208 -2.5626277923583984 0.4129
Pedestrian 1 1 1 713.661376953125 164.2256622314453 727.6842651367188 192.8080291748047 1.0551739931106567 1.7473195791244507 0.6950256824493408 7.374758720397949 0.6913731694221497 44.442928314208984 -7.849598407745361 0.4029
Pedestrian 1 1 1 710.7362670898438 173.25486755371094 735.7572631835938 252.05528259277344 0.3422536253929138 1.604706048965454 0.4671212434768677 2.483363151550293 1.4373804330825806 14.900199890136719 -3.422978162765503 0.3627
Pedestrian 1 1 1 672.6528930664062 170.40138244628906 695.5289306640625 223.51255798339844 0.8938044905662537 1.8101170063018799 0.6887837648391724 2.835753917694092 1.4322699308395386 24.929357528686523 -4.713578701019287 0.3555
Pedestrian 1 1 1 763.6782836914062 158.0292510986328 781.9517211914062 203.49176025390625 0.7177486419677734 1.867832899093628 0.6231377124786377 7.107815742492676 0.903861403465271 29.88958740234375 -4.653092384338379 0.3378
Pedestrian 1 1 1 783.6558227539062 153.67611694335938 805.464111328125 201.1685333251953 0.7595444917678833 1.890597939491272 0.681682825088501 7.765637397766113 0.7833159565925598 28.979734420776367 -4.7000226974487305 0.3325
Pedestrian 1 1 1 420.3556823730469 182.66148376464844 443.3340759277344 222.54380798339844 0.8343572020530701 1.6162652969360352 0.6230998635292053 -7.023523330688477 1.6653825044631958 29.66143035888672 -8.53392505645752 0.2862
Pedestrian 1 1 1 1117.215576171875 128.95913696289062 1237.0 297.3713073730469 0.9766378402709961 1.8901493549346924 0.5952776670455933 6.659773349761963 1.3011561632156372 8.367454528808594 -3.157414436340332 0.2731
Pedestrian 1 1 1 144.57080078125 155.06948852539062 298.4678039550781 373.0 0.6953279376029968 1.6956686973571777 0.7001906633377075 -2.744230031967163 1.5217350721359253 5.1454033851623535 -6.1340413093566895 0.2687
Pedestrian 1 1 1 744.4854736328125 177.11428833007812 767.8258056640625 213.30059814453125 0.8337180018424988 1.6402772665023804 0.6784725785255432 7.112822532653809 1.4417539834976196 33.08732223510742 -6.965498447418213 0.2438
Pedestrian 1 1 1 729.2369995117188 168.35731506347656 744.8208618164062 203.79766845703125 0.5615894198417664 1.7520614862442017 0.6955999135971069 6.746901512145996 1.102552890777588 35.81223678588867 -7.797536373138428 0.2370
Pedestrian 1 1 1 753.0733032226562 156.84446716308594 770.2567749023438 200.5779266357422 0.7654685378074646 1.8389695882797241 0.6601659059524536 6.82665491104126 0.8025324940681458 30.668010711669922 -4.416354656219482 0.2193
Pedestrian 1 1 1 707.413818359375 168.98411560058594 749.9923706054688 259.2128601074219 0.6958516836166382 1.652878999710083 0.6391956210136414 2.374337911605835 1.424208402633667 13.608756065368652 -4.280579566955566 0.2143
Pedestrian 1 1 1 469.99090576171875 155.735595703125 483.3359680175781 190.0364990234375 0.6343887448310852 1.9049351215362549 0.6885954141616821 -7.00291109085083 0.4742336571216583 40.28634262084961 -8.105378150939941 0.2110
Cyclist 1 1 1 694.614013671875 147.11074829101562 729.9541625976562 196.52920532226562 1.5617048740386963 1.8054382801055908 0.5854153633117676 4.1408491134643555 0.549454927444458 27.076749801635742 -5.108704566955566 0.2063
Pedestrian 1 1 1 613.490966796875 167.71908569335938 625.9386596679688 190.48263549804688 0.9570708274841309 1.8551037311553955 0.4637293815612793 1.5227303504943848 0.7318673133850098 58.858245849609375 -2.9519741535186768 0.1937
Cyclist 1 1 1 338.4458312988281 180.67359924316406 454.69927978515625 318.05792236328125 1.6961536407470703 1.6824023723602295 0.6524224281311035 -2.7596006393432617 1.6729612350463867 9.704963684082031 -7.515954494476318 0.1789
Pedestrian 1 1 1 197.87255859375 165.23165893554688 250.7262725830078 258.6962890625 0.5783384442329407 1.7159093618392944 0.7101097106933594 -7.161121368408203 1.4178447723388672 13.581207275390625 -2.995558738708496 0.1757
Pedestrian 1 1 1 575.343505859375 172.4778289794922 613.1494750976562 261.5028991699219 0.6327747702598572 1.6676914691925049 0.5293798446655273 -0.1853930950164795 1.499280571937561 13.850357055664062 -5.107607364654541 0.1527
Pedestrian 1 1 1 751.823486328125 157.3974151611328 767.4757080078125 193.40489196777344 0.5928525328636169 1.8175009489059448 0.7451502084732056 8.050976753234863 0.6011192798614502 36.61018371582031 -7.694796085357666 0.1428
Car 1 1 1 889.6290283203125 167.06536865234375 975.3353271484375 209.9153594970703 3.336960792541504 1.409816861152649 1.40530526638031 11.546011924743652 0.9353269338607788 25.32136344909668 -4.740029335021973 0.1374
Pedestrian 1 1 1 451.5088806152344 168.44113159179688 472.0779724121094 214.6218719482422 0.7052586674690247 1.8004249334335327 0.6418838500976562 -5.532310485839844 1.29165780544281 28.377241134643555 -4.650240898132324 0.1289
Pedestrian 1 1 1 712.335205078125 159.85826110839844 720.811279296875 185.1385498046875 0.7229306101799011 1.8356801271438599 0.5445526838302612 8.433448791503906 0.2641475796699524 52.538543701171875 -7.790590763092041 0.1083
Cyclist 1 1 1 445.2331848144531 178.3736114501953 494.97308349609375 268.3729248046875 1.6111036539077759 1.6729875802993774 0.5390322804450989 -2.657202959060669 1.6154731512069702 14.194271087646484 -5.174530982971191 0.1048
