Car 1 1 1 299.2021484375 196.4384002685547 421.2950134277344 276.55615234375 4.10568380355835 1.433789610862732 1.6050455570220947 -5.502136707305908 2.0338282585144043 16.259849548339844 -4.786785125732422 0.9360
Cyclist 1 1 1 467.7817687988281 179.8963165283203 491.3324890136719 249.15802001953125 1.7605485916137695 1.7601736783981323 0.5200690627098083 -3.5473830699920654 1.9583020210266113 19.42558479309082 -4.831058979034424 0.8057
Car 1 1 1 475.6589050292969 188.6535186767578 523.9655151367188 223.69650268554688 3.833343029022217 1.5136510133743286 1.6320494413375854 -5.301390171051025 2.319248676300049 34.861083984375 -4.678891658782959 0.7931
Pedestrian 1 1 1 715.2888793945312 165.7364959716797 746.4559326171875 221.47531127929688 0.8983046412467957 1.7991645336151123 0.5799663662910461 3.9379396438598633 1.5691224336624146 23.82371711730957 -8.364472389221191 0.7360
Cyclist 1 1 1 168.77914428710938 173.8885955810547 313.19659423828125 374.0 1.7647438049316406 1.6561204195022583 0.5364714860916138 -2.925750255584717 1.6654285192489624 5.785279750823975 -4.886506080627441 0.7020
Car 1 1 1 643.3602905273438 181.9991455078125 678.2736206054688 214.73826599121094 3.869110107421875 1.5466587543487549 1.7012608051300049 2.5575711727142334 2.0426855087280273 37.17689514160156 -7.793394565582275 0.6970
Cyclist 1 1 1 26.26938819885254 183.2064666748047 209.85940551757812 374.0 1.7272087335586548 1.612545371055603 0.5519853830337524 -3.619846820831299 1.7025728225708008 5.391659259796143 -4.944194316864014 0.6143
Car 1 1 1 657.8926391601562 179.62286376953125 685.5689086914062 204.8296661376953 3.629403829574585 1.5469887256622314 1.6036274433135986 4.038639545440674 2.0075631141662598 47.21778869628906 -7.711967945098877 0.5229
Car 1 1 1 916.9476318359375 181.23660278320312 1048.9769287109375 234.67312622070312 3.9392526149749756 1.4353668689727783 1.5728312730789185 11.205266952514648 1.7157686948776245 22.095544815063477 -4.864428997039795 0.3309
Pedestrian 1 1 1 635.1636962890625 172.18345642089844 649.8995971679688 198.08270263671875 0.9204246401786804 1.7988948822021484 0.5303462147712708 2.247248649597168 1.7520198822021484 50.51381301879883 -5.9597697257995605 0.2450
Pedestrian 1 1 1 311.3990173339844 159.38858032226562 340.5293884277344 220.05763244628906 0.7270286679267883 1.8543455600738525 0.6311559677124023 -8.868515014648438 1.4424760341644287 22.424617767333984 -4.73600959777832 0.2157
Car 1 1 1 684.7725830078125 180.74221801757812 710.4310913085938 205.74916076660156 3.6891114711761475 1.511595606803894 1.585604190826416 5.626650333404541 2.0434138774871826 46.75043869018555 -7.740149021148682 0.1666
