Car 1 1 1 592.60986328125 177.43641662597656 625.5654907226562 202.08120727539062 4.1828436851501465 1.4502118825912476 1.7477314472198486 -0.04581223428249359 1.752004623413086 45.4132194519043 -4.633589267730713 0.8366
Car 1 1 1 302.5631103515625 179.5198974609375 402.8435363769531 216.78268432617188 3.958587408065796 1.4935163259506226 1.5967119932174683 -11.063560485839844 1.7928067445755005 30.940378189086914 -6.6714253425598145 0.2403
Pedestrian 1 1 1 0.0 161.7737579345703 65.4355697631836 261.8663024902344 0.7269561886787415 1.6941691637039185 0.5439594984054565 -10.077714920043945 1.5063246488571167 12.536113739013672 -2.991257429122925 0.2276
Pedestrian 1 1 1 989.0527954101562 146.2356719970703 1007.0116577148438 188.0814971923828 0.5746206641197205 1.9346550703048706 0.701368510723114 18.111644744873047 0.7037118077278137 33.764869689941406 -7.430328845977783 0.2056
Car 1 1 1 721.7144165039062 170.57012939453125 748.8711547851562 186.74436950683594 3.6636667251586914 1.4462354183197021 1.5720064640045166 11.477381706237793 1.2417203187942505 66.41079711914062 -7.941898822784424 0.1967
Pedestrian 1 1 1 260.7350769042969 153.7626495361328 299.1844787597656 240.85354614257812 1.0173643827438354 1.8864755630493164 0.7655097246170044 -7.48844575881958 1.4726381301879883 16.252492904663086 -5.152431011199951 0.1859
Pedestrian 1 1 1 1035.6173095703125 168.1649627685547 1067.049072265625 217.8278350830078 0.6886804699897766 1.6549229621887207 0.6057550311088562 14.89669132232666 1.4983694553375244 24.438373565673828 -6.5974040031433105 0.1652
Cyclist 1 1 1 947.2752075195312 153.7664337158203 1004.24072265625 211.82662963867188 1.7002109289169312 1.7080405950546265 0.4732413589954376 11.129115104675293 1.1462141275405884 22.10694122314453 -8.1926851272583 0.1566
Pedestrian 1 1 1 1159.1358642578125 136.99984741210938 1205.0880126953125 213.862060546875 0.7052485346794128 1.8777745962142944 0.624890148639679 14.222639083862305 1.001543641090393 18.017541885375977 -7.72423791885376 0.1473
Cyclist 1 1 1 748.8909301757812 176.9040069580078 764.3333740234375 212.0563507080078 1.7088791131973267 1.6854779720306396 0.5054771304130554 7.196865081787109 1.8902229070663452 35.663116455078125 -4.656830787658691 0.1301
Pedestrian 1 1 1 877.0230102539062 180.37066650390625 900.8328247070312 222.5463104248047 0.7641211152076721 1.7018413543701172 0.6784918308258057 11.403884887695312 2.0141708850860596 29.630069732666016 -6.171446323394775 0.1294
Car 1 1 1 839.6880493164062 176.46676635742188 908.2791137695312 203.51292419433594 3.6353771686553955 1.4910067319869995 1.5740002393722534 15.085652351379395 1.7049767971038818 41.46319580078125 -2.8135828971862793 0.1272
Cyclist 1 1 1 694.6661987304688 177.08837890625 706.0800170898438 213.54112243652344 1.6069549322128296 1.6090165376663208 0.38159629702568054 4.065646648406982 1.8062403202056885 32.84745407104492 -7.8130717277526855 0.1264
Cyclist 1 1 1 507.3215026855469 172.30564880371094 518.6162109375 199.9293670654297 1.6398626565933228 1.6414549350738525 0.41302838921546936 -5.906013488769531 1.6085706949234009 43.70145797729492 -7.821238040924072 0.1127
Car 1 1 1 1054.0194091796875 165.97122192382812 1144.392822265625 194.53321838378906 3.983631134033203 1.5747262239456177 1.6851615905761719 27.8403377532959 1.1949539184570312 41.25260925292969 -2.793398380279541 0.1123
Car 1 1 1 979.3153686523438 162.77005004882812 1150.55419921875 222.65203857421875 3.5987515449523926 1.4854639768600464 1.5396114587783813 11.763202667236328 1.235016107559204 18.846912384033203 -6.384628772735596 0.1116
Pedestrian 1 1 1 1158.3946533203125 156.42868041992188 1171.3248291015625 199.2932586669922 0.2246926873922348 1.8627272844314575 0.389957994222641 24.23682403564453 1.1486471891403198 31.57501792907715 -3.4481163024902344 0.1089
Pedestrian 1 1 1 1041.4970703125 136.38612365722656 1064.025390625 190.68923950195312 0.5265337824821472 1.9757450819015503 0.6981016993522644 16.304691314697266 0.6486110687255859 26.655689239501953 -7.324466228485107 0.1073
Car 1 1 1 891.2837524414062 179.85003662109375 986.5088500976562 211.7997589111328 4.157164096832275 1.4654961824417114 1.6783500909805298 16.017244338989258 1.823785662651062 35.38876724243164 -5.87556791305542 0.1016
