Car 1 1 1 404.6563720703125 183.00753784179688 525.011962890625 278.2538146972656 4.290307998657227 1.460845947265625 1.625832200050354 -2.6309986114501953 1.68425452709198 13.714653968811035 -4.7617716789245605 0.9518
Car 1 1 1 637.2946166992188 173.8800048828125 694.6298217773438 203.22581481933594 3.342766284942627 1.5290143489837646 1.652971863746643 3.0657808780670166 1.5875924825668335 39.564693450927734 -7.236989498138428 0.8971
Car 1 1 1 507.8664245605469 170.80880737304688 577.6549682617188 222.98756408691406 4.28428840637207 1.641574501991272 1.7011699676513672 -2.267338752746582 1.5769315958023071 24.90113639831543 -4.635527610778809 0.8732
Car 1 1 1 0.0 140.4559783935547 408.8580627441406 374.0 4.001418113708496 1.7495769262313843 1.6595823764801025 -2.8415334224700928 1.6153786182403564 4.98568868637085 -4.708850860595703 0.8179
Car 1 1 1 828.5404052734375 154.1999053955078 1241.0 374.0 3.580779790878296 1.7155789136886597 1.5816229581832886 2.5951905250549316 1.6435399055480957 4.599769115447998 -7.807912349700928 0.7039
Car 1 1 1 473.04803466796875 164.5936279296875 548.1163330078125 241.68338012695312 4.457525253295898 1.8689736127853394 1.689745306968689 -2.655369758605957 1.6684082746505737 19.76637077331543 -4.7694478034973145 0.4959
Pedestrian 1 1 1 731.1426391601562 179.01199340820312 757.4012451171875 223.14590454101562 0.8439038395881653 1.7265403270721436 0.6697654128074646 5.330471515655518 1.9770493507385254 28.87825584411621 -5.715467929840088 0.2736
Pedestrian 1 1 1 787.1884155273438 158.49070739746094 812.9846801757812 213.4156494140625 0.8421722650527954 1.8012093305587769 0.6583219170570374 6.29190731048584 1.3298791646957397 24.09238624572754 -4.683954238891602 0.2245
Pedestrian 1 1 1 778.5391235351562 192.65362548828125 800.3257446289062 240.03977966308594 0.4084738790988922 1.2206755876541138 0.42848125100135803 4.6778998374938965 1.7489491701126099 19.02411460876465 -4.885908126831055 0.1646
Car 1 1 1 683.9450073242188 170.26002502441406 735.8206787109375 185.47463989257812 4.516555309295654 1.3635329008102417 1.5521836280822754 9.014408111572266 1.1307601928710938 65.49434661865234 -6.259139060974121 0.1396
Cyclist 1 1 1 571.1184692382812 167.09986877441406 592.0496215820312 195.92581176757812 1.6280882358551025 1.7086912393569946 0.5225749015808105 -1.744395136833191 1.3673077821731567 43.61231231689453 -4.229635715484619 0.1048
Pedestrian 1 1 1 383.093505859375 171.97950744628906 390.0513000488281 214.0870819091797 0.2350381463766098 1.7486947774887085 0.44970813393592834 -9.396803855895996 1.7120776176452637 30.20867347717285 -6.483964920043945 0.1030
