Car 1 1 1 234.28041076660156 182.8227081298828 390.4078369140625 240.16256713867188 3.763230323791504 1.523909091949463 1.6451526880264282 -8.383562088012695 1.8191968202590942 20.449722290039062 -6.349246501922607 0.9381
Car 1 1 1 310.2017517089844 185.3433837890625 429.4930114746094 230.1373291015625 3.6691973209381104 1.4927399158477783 1.5881747007369995 -8.471911430358887 1.9493930339813232 25.478668212890625 -3.071601390838623 0.9076
Car 1 1 1 884.3689575195312 161.47427368164062 924.6819458007812 184.4713897705078 4.594725131988525 1.5252383947372437 1.727102279663086 20.42214584350586 0.7702004909515381 50.273433685302734 -4.522985935211182 0.8615
Cyclist 1 1 1 1030.296142578125 147.62063598632812 1102.1868896484375 241.7689208984375 1.6850805282592773 1.6780967712402344 0.4073619842529297 8.576332092285156 1.22803795337677 13.715757369995117 -7.78143835067749 0.8562
Cyclist 1 1 1 988.320556640625 162.04238891601562 1019.5972900390625 226.51039123535156 1.7819616794586182 1.586890697479248 0.4477192759513855 10.120352745056152 1.3204612731933594 18.60573387145996 -7.204509258270264 0.7564
Pedestrian 1 1 1 130.6098175048828 182.72630310058594 154.43374633789062 230.8343505859375 0.6408609747886658 1.7163738012313843 0.6404843330383301 -17.13823699951172 2.083209276199341 26.38057518005371 -8.582475662231445 0.3140
Pedestrian 1 1 1 1144.7484130859375 154.78858947753906 1180.80908203125 208.35577392578125 0.6871753931045532 1.7627626657485962 0.706396222114563 18.428131103515625 1.1679750680923462 24.12855339050293 -7.73028039932251 0.2708
Car 1 1 1 227.69471740722656 194.31906127929688 291.5097961425781 222.9511260986328 3.6620445251464844 1.4824665784835815 1.6114414930343628 -20.432336807250977 2.793332815170288 42.1551628112793 -4.584073066711426 0.2535
Cyclist 1 1 1 1156.321533203125 145.63568115234375 1241.0 257.1784362792969 1.6969654560089111 1.6558219194412231 0.4321245551109314 9.445387840270996 1.2514734268188477 11.583938598632812 -7.6824774742126465 0.2405
Car 1 1 1 823.1605224609375 149.7924346923828 876.1968994140625 184.67633056640625 3.4534754753112793 1.7759170532226562 1.6322389841079712 12.67811107635498 0.6015672087669373 38.47264862060547 -7.870048999786377 0.2338
Pedestrian 1 1 1 361.3259582519531 153.45127868652344 385.8217468261719 204.4305877685547 0.812468945980072 1.994153380393982 0.7002424001693726 -9.42043399810791 1.2348788976669312 28.634265899658203 -4.701756000518799 0.2310
Pedestrian 1 1 1 679.2423706054688 169.41175842285156 693.02099609375 194.1221160888672 1.0034371614456177 1.8421860933303833 0.45877620577812195 5.671069145202637 1.5852622985839844 54.04700469970703 -6.230464935302734 0.1754
Car 1 1 1 121.34394836425781 188.3137664794922 216.68801879882812 231.37600708007812 3.163006544113159 1.3597097396850586 1.443443775177002 -15.528441429138184 1.9397480487823486 25.50251579284668 -4.714467525482178 0.1658
Pedestrian 1 1 1 450.3022766113281 170.7611541748047 468.9976501464844 212.44544982910156 0.7278382182121277 1.8697562217712402 0.6369794607162476 -6.864569187164307 1.7755815982818604 32.76141357421875 -4.602280616760254 0.1573
Cyclist 1 1 1 1081.68994140625 143.5042266845703 1164.6400146484375 240.66050720214844 1.690378189086914 1.6968169212341309 0.42414918541908264 9.467803955078125 1.183928370475769 13.457263946533203 -7.797952175140381 0.1161
Car 1 1 1 194.09669494628906 175.87872314453125 264.4708251953125 204.9151611328125 3.3979177474975586 1.4053632020950317 1.529071569442749 -19.414512634277344 1.565133810043335 36.70726776123047 -2.648987293243408 0.1015
Car 1 1 1 408.69451904296875 181.1912841796875 445.0154724121094 204.1135711669922 4.0163373947143555 1.6479973793029785 1.524860143661499 -14.048238754272461 2.3119215965270996 55.427734375 -4.642216205596924 0.1011
