Car 1 1 1 735.3034057617188 140.89930725097656 949.4630737304688 311.15576171875 3.911248207092285 1.9415712356567383 1.6113675832748413 3.077009439468384 1.4792581796646118 10.171517372131348 -7.88512659072876 0.9571
Pedestrian 1 1 1 306.2200622558594 164.6896514892578 355.9563293457031 258.88568115234375 0.8859343528747559 1.771809458732605 0.5157111883163452 -5.268669128417969 1.4562088251113892 13.906811714172363 -3.4944911003112793 0.5520
Pedestrian 1 1 1 521.68359375 170.88609313964844 543.7676391601562 219.78614807128906 0.9264047741889954 1.8173454999923706 0.7179398536682129 -2.6145243644714355 1.4232598543167114 27.172283172607422 -4.676656723022461 0.5451
Pedestrian 1 1 1 324.01898193359375 165.02210998535156 373.673828125 262.3941650390625 0.719626247882843 1.7296379804611206 0.5507464408874512 -4.667079925537109 1.4375499486923218 13.178301811218262 -4.453160285949707 0.5288
Pedestrian 1 1 1 1158.90234375 125.93998718261719 1237.0 259.3829345703125 0.7776843905448914 1.8834723234176636 0.5594645738601685 8.78622817993164 1.0999300479888916 10.61151123046875 -5.172459602355957 0.4240
Pedestrian 1 1 1 424.2843017578125 187.13287353515625 461.2859191894531 278.2216491699219 0.719348132610321 1.5856093168258667 0.6354040503501892 -2.9118807315826416 1.6912914514541626 12.97844409942627 -4.9399895668029785 0.4025
Pedestrian 1 1 1 706.3524169921875 176.8778076171875 732.613037109375 234.69935607910156 0.6779109239578247 1.6550449132919312 0.6544632315635681 3.3971314430236816 1.523221731185913 20.901655197143555 -4.707590579986572 0.3775
Cyclist 1 1 1 639.1244506835938 169.92681884765625 651.0714111328125 203.90780639648438 1.7012219429016113 1.6956628561019897 0.4044366478919983 2.2156765460968018 1.11837637424469 36.70641326904297 -7.914332866668701 0.3689
Pedestrian 1 1 1 659.6664428710938 164.5821533203125 671.2298583984375 195.01107788085938 0.8536400198936462 1.7223454713821411 0.652308464050293 3.660134792327881 0.7648950815200806 41.113033294677734 -7.766591548919678 0.3301
Car 1 1 1 324.2570495605469 184.8278045654297 513.3160400390625 256.6705322265625 3.7552549839019775 1.4565370082855225 1.542604684829712 -4.026331424713135 1.5359610319137573 15.850075721740723 -2.9123120307922363 0.2902
Car 1 1 1 18.460269927978516 195.66232299804688 306.90008544921875 316.9233093261719 3.8996686935424805 1.434908390045166 1.5592461824417114 -6.439684867858887 1.6940062046051025 11.046578407287598 -4.515869617462158 0.2471
Car 1 1 1 959.3265380859375 194.15431213378906 1237.0 321.02874755859375 3.836151599884033 1.452114462852478 1.5862692594528198 6.922053813934326 1.6725696325302124 10.543367385864258 -4.689135551452637 0.2275
Car 1 1 1 0.0 0.0 1237.0 373.0 3.8276541233062744 1.5414823293685913 1.5868372917175293 2.7702078819274902 1.6565102338790894 1.6752736568450928 -4.539338111877441 0.2273
Car 1 1 1 466.8770446777344 173.82546997070312 529.6190185546875 198.19732666015625 4.091843128204346 1.6354124546051025 1.6580469608306885 -7.12034797668457 1.1204407215118408 49.57210159301758 -3.426138162612915 0.2243
Pedestrian 1 1 1 895.4367065429688 136.4442138671875 945.5109252929688 225.66868591308594 1.0006623268127441 1.964776635169983 0.8519247770309448 7.283805847167969 0.9731810092926025 16.47378921508789 -4.074244976043701 0.2154
Cyclist 1 1 1 644.4560546875 182.4474334716797 663.8557739257812 221.23365783691406 1.5798345804214478 1.6656348705291748 0.5877799391746521 2.3221113681793213 1.7088600397109985 31.72664451599121 -4.462286949157715 0.2008
Pedestrian 1 1 1 440.9381408691406 169.03591918945312 487.0915222167969 259.1916809082031 0.7273467779159546 1.7152196168899536 0.5208792090415955 -2.7373428344726562 1.4786858558654785 14.113154411315918 -4.042359352111816 0.1949
Car 1 1 1 524.079833984375 175.78421020507812 563.1132202148438 206.8062286376953 3.5647025108337402 1.4873536825180054 1.6118106842041016 -2.879242420196533 1.2135525941848755 36.24040222167969 -7.831846714019775 0.1928
Cyclist 1 1 1 689.1057739257812 161.09930419921875 725.0077514648438 197.10720825195312 1.6699761152267456 1.7648769617080688 0.6109508872032166 5.2466301918029785 0.7651956081390381 35.7554931640625 -3.4539709091186523 0.1716
Car 1 1 1 466.82318115234375 166.7039794921875 511.0094909667969 189.2732391357422 3.5499191284179688 1.6102733612060547 1.6199270486831665 -8.332571029663086 0.5545631647109985 53.13081359863281 -8.554734230041504 0.1531
Car 1 1 1 535.7843627929688 167.76779174804688 600.55322265625 191.0642547607422 4.345310688018799 1.609290599822998 1.6561402082443237 -2.359773635864258 0.6606712937355042 50.95741653442383 -3.3894128799438477 0.1380
Pedestrian 1 1 1 655.8246459960938 176.46588134765625 681.741455078125 222.0209503173828 0.7727301120758057 1.6823360919952393 0.6654261350631714 2.5111095905303955 1.496805191040039 27.00364112854004 -5.791401386260986 0.1371
Pedestrian 1 1 1 393.9424743652344 191.38600158691406 420.12823486328125 243.1596221923828 0.5566246509552002 1.4286596775054932 0.528035581111908 -5.511971473693848 1.7124005556106567 20.2630615234375 -4.540881156921387 0.1344
Pedestrian 1 1 1 1123.00390625 131.15325927734375 1193.910400390625 248.39846801757812 0.6515061855316162 1.8085464239120483 0.6099793910980225 8.810919761657715 1.0325713157653809 11.439323425292969 -4.828021049499512 0.1253
Pedestrian 1 1 1 464.2477722167969 182.33665466308594 507.1451721191406 277.9709167480469 0.8543815016746521 1.6631336212158203 0.6092564463615417 -2.1476101875305176 1.6794734001159668 13.007930755615234 -8.212641716003418 0.1138
Pedestrian 1 1 1 742.3253784179688 145.23731994628906 765.2669677734375 199.23623657226562 0.7564444541931152 1.9377161264419556 0.6703957319259644 5.518124103546143 0.6368438601493835 26.157093048095703 -4.718022346496582 0.1105
Pedestrian 1 1 1 693.0509033203125 158.10389709472656 712.9261474609375 195.21426391601562 0.8678440451622009 1.9475562572479248 0.6383166313171387 5.398486137390137 0.7199138402938843 38.225502014160156 -7.013197422027588 0.1071
Car 1 1 1 744.4379272460938 184.64700317382812 833.6556396484375 235.0094451904297 4.097998142242432 1.4200986623764038 1.547674298286438 5.748971939086914 1.5286556482315063 22.600383758544922 -4.76290225982666 0.1066
Pedestrian 1 1 1 648.2871704101562 178.69566345214844 669.9810180664062 220.11473083496094 0.6433013081550598 1.6070420742034912 0.5858621597290039 2.2536935806274414 1.4985897541046143 28.305952072143555 -7.1446051597595215 0.1063
