Car 1 1 1 691.82763671875 165.4036102294922 901.666015625 246.4667510986328 4.039747714996338 1.6264055967330933 1.7213491201400757 3.8990120887756348 1.4766252040863037 15.597107887268066 -6.416001796722412 0.9352
Car 1 1 1 0.0 200.19329833984375 159.0826873779297 349.4642333984375 3.8762173652648926 1.3857401609420776 1.548464059829712 -7.464660167694092 1.7206480503082275 7.938847541809082 -3.2116217613220215 0.9130
Car 1 1 1 184.6497802734375 181.39981079101562 368.2571716308594 239.40992736816406 4.029481887817383 1.4127134084701538 1.5638786554336548 -8.586677551269531 1.6443538665771484 18.706472396850586 -3.1890618801116943 0.9079
Car 1 1 1 121.11227416992188 171.49134826660156 331.2556457519531 246.2379608154297 3.8319568634033203 1.5555222034454346 1.632537841796875 -8.474255561828613 1.5268648862838745 16.140352249145508 -6.4509382247924805 0.8874
Car 1 1 1 0.0 187.04283142089844 218.82948303222656 311.65386962890625 3.622241497039795 1.545653223991394 1.5986348390579224 -7.842536926269531 1.7665191888809204 10.21573257446289 -3.2738037109375 0.8847
Car 1 1 1 241.0989532470703 177.16323852539062 388.4889221191406 229.53321838378906 3.7358012199401855 1.4862141609191895 1.5816147327423096 -8.736915588378906 1.6189178228378296 21.44151496887207 -6.303477764129639 0.8559
Car 1 1 1 298.77325439453125 171.83189392089844 421.5001220703125 217.46910095214844 4.069685459136963 1.6117398738861084 1.6521834135055542 -9.173194885253906 1.5753424167633057 26.64204216003418 -3.3124094009399414 0.7755
Car 1 1 1 636.1751098632812 169.29913330078125 759.022705078125 215.14373779296875 4.1468095779418945 1.5975123643875122 1.6535007953643799 3.104745626449585 1.4733388423919678 26.291841506958008 -6.444454669952393 0.7280
Car 1 1 1 624.6790771484375 165.373779296875 730.0681762695312 207.389892578125 3.8804123401641846 1.608850359916687 1.6287344694137573 2.6287572383880615 1.322123408317566 28.884235382080078 -6.525207042694092 0.4960
Car 1 1 1 876.043701171875 159.02191162109375 912.7738037109375 186.28582763671875 4.202948570251465 1.6878588199615479 1.7973040342330933 18.508941650390625 0.8312395215034485 46.94809341430664 -7.374223232269287 0.3162
Pedestrian 1 1 1 309.570068359375 158.87033081054688 326.6407165527344 194.96527099609375 0.5935347080230713 1.9833018779754639 0.7032444477081299 -16.193979263305664 1.2146443128585815 39.94532775878906 -7.847256183624268 0.3119
Pedestrian 1 1 1 1096.2860107421875 140.9396209716797 1121.9853515625 188.81732177734375 0.6022006869316101 1.838974952697754 0.6367055177688599 19.3685302734375 0.6128486394882202 28.072973251342773 -7.652064800262451 0.2945
Cyclist 1 1 1 820.6137084960938 161.15261840820312 857.4039306640625 195.66775512695312 1.7918988466262817 1.7950834035873413 0.5857441425323486 12.019427299499512 1.1862109899520874 38.000267028808594 -3.3527040481567383 0.2664
Cyclist 1 1 1 1072.3482666015625 146.86557006835938 1175.56396484375 233.1216583251953 1.705245018005371 1.700208306312561 0.5705872178077698 10.290166854858398 1.1876462697982788 14.545822143554688 -3.1867218017578125 0.2556
Pedestrian 1 1 1 701.5591430664062 154.20814514160156 717.793701171875 195.00372314453125 0.6800287365913391 2.0015008449554443 0.6959050297737122 4.911678791046143 1.0864031314849854 35.82834243774414 -4.408908843994141 0.2511
Pedestrian 1 1 1 864.6341552734375 152.34902954101562 879.6553955078125 199.77276611328125 0.3582380712032318 1.8670672178268433 0.5216728448867798 10.388127326965332 1.0594888925552368 28.714366912841797 -8.585247039794922 0.2202
Car 1 1 1 448.1604309082031 167.9328155517578 473.8721008300781 187.00057983398438 3.992465019226074 1.643739104270935 1.6985349655151367 -13.341574668884277 1.2192076444625854 64.36607360839844 -8.19903564453125 0.2149
Pedestrian 1 1 1 240.32810974121094 157.02516174316406 258.3539733886719 193.1133575439453 0.659210205078125 1.8692739009857178 0.6261327266693115 -18.886333465576172 1.049081802368164 37.714393615722656 -7.88982629776001 0.2003
Car 1 1 1 317.3808898925781 167.9987335205078 417.1772155761719 205.857421875 3.9312851428985596 1.5952167510986328 1.6469210386276245 -10.576362609863281 1.3903353214263916 31.548381805419922 -3.31240177154541 0.1890
Pedestrian 1 1 1 124.53005981445312 160.71046447753906 143.34686279296875 194.97540283203125 0.6611977815628052 1.8336130380630493 0.5914162993431091 -25.73489761352539 1.1834783554077148 38.95341873168945 -7.89312219619751 0.1739
Car 1 1 1 1036.0008544921875 166.51895141601562 1100.0836181640625 193.26454162597656 4.1545515060424805 1.6240355968475342 1.636663794517517 29.03244400024414 1.2390609979629517 45.93603515625 -4.651692867279053 0.1724
Car 1 1 1 388.2637634277344 166.76158142089844 445.207275390625 199.82205200195312 4.043257236480713 1.5344551801681519 1.6392513513565063 -9.478094100952148 1.2513837814331055 35.52952194213867 -4.6888203620910645 0.1661
Car 1 1 1 106.93148803710938 182.4917449951172 192.83241271972656 217.3974609375 4.160776138305664 1.4912811517715454 1.5327268838882446 -21.66010856628418 1.9745986461639404 34.09840774536133 -4.750382423400879 0.1619
Pedestrian 1 1 1 134.75205993652344 153.9364776611328 166.2740020751953 211.0768585205078 0.7292081713676453 1.8885250091552734 0.6094092726707458 -15.46548843383789 1.2629891633987427 24.224172592163086 -7.895370006561279 0.1560
Car 1 1 1 1063.879150390625 172.39523315429688 1154.6500244140625 200.50677490234375 3.8526854515075684 1.4719754457473755 1.5220462083816528 27.042203903198242 1.4476531744003296 39.27214050292969 -2.714217185974121 0.1367
Pedestrian 1 1 1 0.0 150.2012176513672 24.50324058532715 195.75119018554688 0.8324611783027649 1.960668921470642 0.625763475894928 -26.236373901367188 0.9852946996688843 31.51438331604004 -7.995760440826416 0.1268
Pedestrian 1 1 1 1111.236328125 67.88861083984375 1241.0 352.8775329589844 0.7210299968719482 1.8819828033447266 0.610573947429657 4.059904098510742 1.1885223388671875 5.14794397354126 -4.634700298309326 0.1240
Pedestrian 1 1 1 29.575931549072266 152.89529418945312 52.52865219116211 196.99514770507812 0.5105835795402527 1.9309850931167603 0.6892660856246948 -25.240848541259766 1.056760311126709 31.9637451171875 -5.115546703338623 0.1235
Cyclist 1 1 1 271.59033203125 154.0901336669922 304.42242431640625 195.20310974121094 1.5095136165618896 1.7251490354537964 0.5700139999389648 -13.890229225158691 0.937495231628418 31.064979553222656 -4.565078258514404 0.1118
Car 1 1 1 233.98574829101562 160.18528747558594 280.85858154296875 189.0369415283203 4.675654411315918 2.4768946170806885 1.8630523681640625 -31.361953735351562 1.3889931440353394 64.28910064697266 -7.8455986976623535 0.1065
