Car 1 1 1 685.5197143554688 186.424072265625 792.3617553710938 263.5293884277344 3.6408777236938477 1.3717082738876343 1.5597671270370483 2.550105094909668 1.693903923034668 15.314447402954102 -7.870455265045166 0.9593
Car 1 1 1 649.7503662109375 182.81858825683594 709.3310546875 227.67376708984375 3.8958899974823 1.4208147525787354 1.538387656211853 2.354536294937134 1.8032633066177368 25.726701736450195 -4.76878023147583 0.9415
Car 1 1 1 751.9846801757812 188.92169189453125 1189.3341064453125 374.0 4.141494274139404 1.4025084972381592 1.620584487915039 2.5697710514068604 1.5936791896820068 6.474305152893066 -4.78473424911499 0.9343
Car 1 1 1 0.0 179.79473876953125 357.8230895996094 374.0 3.6256394386291504 1.5379620790481567 1.546334981918335 -3.497593879699707 1.6116582155227661 5.870547771453857 -4.724237442016602 0.9283
Car 1 1 1 375.3406677246094 176.93045043945312 498.59576416015625 259.6114196777344 4.173956871032715 1.4756454229354858 1.590898036956787 -3.5128214359283447 1.5728496313095093 15.170900344848633 -4.711800575256348 0.9196
Car 1 1 1 484.603271484375 178.06248474121094 536.3351440429688 222.16769409179688 3.6309287548065186 1.4747761487960815 1.5281140804290771 -3.6224074363708496 1.678395390510559 26.405582427978516 -4.7509989738464355 0.8483
Car 1 1 1 641.9139404296875 178.1721954345703 683.67626953125 214.09573364257812 3.1704514026641846 1.4743766784667969 1.526115894317627 2.2307443618774414 1.7194827795028687 31.69158172607422 -7.878442287445068 0.5258
Car 1 1 1 634.1500854492188 175.793701171875 673.7100219726562 206.9667205810547 3.828733444213867 1.4761781692504883 1.6078624725341797 2.1297805309295654 1.6324455738067627 36.48194885253906 -4.754913806915283 0.2693
Car 1 1 1 618.4684448242188 181.11801147460938 670.9654541015625 202.39625549316406 3.7639572620391846 1.492993950843811 1.5801458358764648 2.575197696685791 2.1285438537597656 53.75571823120117 -6.926433086395264 0.2172
Pedestrian 1 1 1 1016.019287109375 127.63436126708984 1077.4122314453125 259.6010437011719 0.7952156662940979 1.916354775428772 0.5976569056510925 6.584115028381348 1.2593975067138672 10.966547012329102 -3.881107807159424 0.2130
Pedestrian 1 1 1 0.0 140.90887451171875 75.95233154296875 311.25079345703125 0.8457766771316528 1.8931974172592163 0.5768793821334839 -6.864037990570068 1.537856101989746 8.343229293823242 -6.196457862854004 0.1844
Cyclist 1 1 1 871.3483276367188 177.05490112304688 914.5245361328125 216.5464324951172 1.749724268913269 1.825715184211731 0.6999683976173401 13.210756301879883 2.0245413780212402 33.81987380981445 -6.319595813751221 0.1756
Pedestrian 1 1 1 384.82989501953125 159.10983276367188 410.74578857421875 213.8461456298828 0.8594437837600708 1.8371336460113525 0.7602642178535461 -7.3046441078186035 1.3755334615707397 24.706132888793945 -4.885987281799316 0.1703
Pedestrian 1 1 1 839.5318603515625 142.46636962890625 873.5809936523438 214.190673828125 0.914814293384552 1.9693667888641357 0.7231714725494385 6.877123832702637 1.1347001791000366 20.30537223815918 -4.604173183441162 0.1445
Pedestrian 1 1 1 606.1685180664062 171.23081970214844 617.4392700195312 195.73179626464844 0.6618905663490295 1.7982271909713745 0.643878698348999 0.10228503495454788 1.6787950992584229 53.36711120605469 -6.60702657699585 0.1316
Pedestrian 1 1 1 1167.135986328125 131.9539794921875 1241.0 284.8546142578125 0.7937970161437988 1.857042908668518 0.6253668665885925 7.609845161437988 1.359994888305664 9.103264808654785 -6.353738784790039 0.1273
Car 1 1 1 399.8798828125 162.84190368652344 481.6319580078125 191.39320373535156 4.21274995803833 1.5346444845199585 1.6470407247543335 -9.474141120910645 0.9961898326873779 40.25185012817383 -2.8073816299438477 0.1200
Pedestrian 1 1 1 829.4561767578125 151.3716583251953 847.9507446289062 190.91981506347656 0.7841607928276062 1.9540674686431885 0.7057855129241943 11.384742736816406 0.8923287987709045 36.061012268066406 -7.801819324493408 0.1118
Cyclist 1 1 1 1036.0816650390625 141.74160766601562 1106.3680419921875 234.40542602539062 1.602465033531189 1.644043207168579 0.4400636851787567 8.612922668457031 1.0917465686798096 13.6206693649292 -7.7544121742248535 0.1079
Pedestrian 1 1 1 1007.5029296875 158.35935974121094 1054.0478515625 237.30372619628906 0.6619738936424255 1.6160258054733276 0.528599202632904 8.753247261047363 1.3190144300460815 15.110151290893555 -3.399404764175415 0.1037
