Pedestrian 1 1 1 926.7623291015625 154.1327362060547 999.9287109375 298.52685546875 0.8807966113090515 1.7046290636062622 0.583132266998291 4.442657470703125 1.3822321891784668 8.9639310836792 -4.540844440460205 0.8440
Cyclist 1 1 1 6.6560235023498535 127.63661193847656 335.6689453125 373.0 1.6341577768325806 1.7355107069015503 0.5471470355987549 -2.085327625274658 1.5236592292785645 3.682305097579956 -4.576569080352783 0.7033
Car 1 1 1 609.8651733398438 167.4771270751953 654.3198852539062 198.45376586914062 3.719182252883911 1.4089914560317993 1.5513495206832886 1.5187851190567017 0.7714259028434753 34.65418243408203 -7.644480228424072 0.6495
Pedestrian 1 1 1 776.310302734375 154.47323608398438 808.6243286132812 233.808837890625 0.8300765156745911 1.8433517217636108 0.6948893666267395 4.517352104187012 1.2159335613250732 17.165693283081055 -7.655972003936768 0.6394
Pedestrian 1 1 1 728.7114868164062 152.74884033203125 744.8013916015625 193.10726928710938 0.531404972076416 1.981128454208374 0.7573837637901306 6.700001239776611 0.5700106024742126 35.609649658203125 -7.615109920501709 0.5623
Pedestrian 1 1 1 594.9956665039062 156.42320251464844 608.78466796875 192.42318725585938 0.7478660345077515 1.9327634572982788 0.7154030799865723 0.022876981645822525 0.586615800857544 38.955997467041016 -7.8076348304748535 0.4812
Pedestrian 1 1 1 385.93994140625 152.43270874023438 419.4908142089844 226.80892944335938 1.101086139678955 1.8972923755645752 0.8300711512565613 -5.275293827056885 1.1563204526901245 18.964006423950195 -4.97618293762207 0.4516
Car 1 1 1 421.80035400390625 178.67210388183594 478.3353271484375 220.5155487060547 3.394274950027466 1.4272377490997314 1.5101181268692017 -5.483643054962158 1.331192970275879 26.234243392944336 -4.762101173400879 0.4400
Pedestrian 1 1 1 579.2792358398438 156.64077758789062 592.9100952148438 192.29493713378906 0.7759832143783569 1.9120136499404907 0.7216582894325256 -0.8325755000114441 0.5790706276893616 38.910499572753906 -7.85233736038208 0.4283
Pedestrian 1 1 1 520.8203735351562 163.77188110351562 538.4677734375 207.14999389648438 0.7623263597488403 1.7078781127929688 0.6899119019508362 -2.892641305923462 1.010236382484436 28.700042724609375 -7.967700481414795 0.3813
Car 1 1 1 974.6353759765625 171.95584106445312 1118.49267578125 271.8348083496094 4.003195762634277 1.4621304273605347 1.606292724609375 7.592648506164551 1.3230631351470947 12.671303749084473 -4.298306941986084 0.3533
Car 1 1 1 1035.3724365234375 169.7877197265625 1154.895751953125 221.11654663085938 3.4964892864227295 1.4862843751907349 1.449806809425354 15.339089393615723 1.147616982460022 22.57570457458496 -4.672903537750244 0.3416
Cyclist 1 1 1 589.7308959960938 174.02528381347656 600.2877807617188 203.06640625 1.7338911294937134 1.6675678491592407 0.47907590866088867 -0.3836803138256073 1.2384907007217407 42.1323127746582 -4.801693916320801 0.2688
Pedestrian 1 1 1 13.176992416381836 138.59921264648438 112.2790298461914 289.04742431640625 0.8902241587638855 1.910782814025879 0.5810143947601318 -7.129619598388672 1.3665903806686401 9.464396476745605 -6.164641857147217 0.2576
Pedestrian 1 1 1 541.0474243164062 163.8303985595703 556.8632202148438 196.9640655517578 0.9016596674919128 1.7776342630386353 0.7724426984786987 -2.84953236579895 0.8298268914222717 38.999656677246094 -7.828048229217529 0.2485
Car 1 1 1 600.0825805664062 164.71328735351562 627.1492919921875 189.21975708007812 3.720392942428589 1.6205427646636963 1.6178117990493774 0.8133505582809448 0.5105069279670715 49.398277282714844 -7.901944637298584 0.2418
Pedestrian 1 1 1 748.8789672851562 151.74029541015625 764.1925048828125 190.52691650390625 0.5293790102005005 1.9665982723236084 0.7568173408508301 7.924124240875244 0.4579015076160431 36.75541687011719 -7.656881809234619 0.2379
Pedestrian 1 1 1 1065.431884765625 125.49744415283203 1169.8109130859375 285.1101989746094 0.8907120823860168 1.884609341621399 0.5321286916732788 6.222756862640381 1.2240499258041382 8.754406929016113 -3.1566712856292725 0.2316
Cyclist 1 1 1 515.8242797851562 141.31503295898438 555.5457763671875 197.19215393066406 1.5773543119430542 1.8045296669006348 0.541166365146637 -2.210007667541504 0.5072066187858582 24.02077293395996 -4.216513156890869 0.2181
Car 1 1 1 1116.701416015625 155.26260375976562 1237.0 303.2196350097656 3.833815813064575 1.4719158411026 1.5326484441757202 8.9404935836792 1.2116063833236694 9.187274932861328 -4.942238807678223 0.2110
Pedestrian 1 1 1 485.96771240234375 137.75196838378906 519.424560546875 225.37794494628906 0.7896766066551208 1.9532318115234375 0.653420627117157 -2.3102080821990967 0.9786202907562256 16.481870651245117 -4.9925336837768555 0.2047
Cyclist 1 1 1 664.2443237304688 151.71450805664062 688.5794067382812 193.18133544921875 1.61967134475708 1.7491387128829956 0.5819777846336365 3.222574472427368 0.49305108189582825 31.152725219726562 -4.917806625366211 0.2042
Pedestrian 1 1 1 819.139892578125 157.4351043701172 956.2468872070312 373.0 0.7251989841461182 1.673462986946106 0.6577776670455933 2.1306910514831543 1.5050640106201172 5.522532939910889 -8.335369110107422 0.1805
Pedestrian 1 1 1 656.9888916015625 157.6686248779297 667.7721557617188 186.6281280517578 0.7349840402603149 1.8899321556091309 0.662541389465332 4.013260364532471 0.33469998836517334 47.25479507446289 -7.829792499542236 0.1388
Pedestrian 1 1 1 468.2950744628906 187.9036865234375 488.8746337890625 240.2906951904297 0.5384899973869324 1.3379758596420288 0.47020190954208374 -3.2440478801727295 1.5085214376449585 18.749996185302734 -4.996857643127441 0.1346
Pedestrian 1 1 1 464.1716613769531 169.1857452392578 479.9408874511719 201.24118041992188 0.7397957444190979 1.749824047088623 0.6907751560211182 -7.134364604949951 1.0777827501296997 39.608341217041016 -7.774112224578857 0.1276
Cyclist 1 1 1 673.5679931640625 147.96261596679688 695.6554565429688 195.19476318359375 1.6846213340759277 1.7572342157363892 0.518028974533081 3.159850597381592 0.5098771452903748 27.586027145385742 -7.937309741973877 0.1177
Pedestrian 1 1 1 898.236328125 150.14508056640625 937.2784423828125 231.10214233398438 0.8080922961235046 1.8399312496185303 0.6992765069007874 7.347353458404541 1.1278712749481201 16.799449920654297 -4.4801554679870605 0.1153
Pedestrian 1 1 1 735.6336059570312 153.73635864257812 748.3756713867188 185.8157958984375 0.6053606867790222 1.8419278860092163 0.6500405073165894 8.130062103271484 0.24793082475662231 41.567962646484375 -7.79008150100708 0.1145
Car 1 1 1 469.73406982421875 174.46681213378906 576.8394165039062 213.9369659423828 3.6453425884246826 1.3738082647323608 1.5066620111465454 -2.8990561962127686 1.12941312789917 26.413734436035156 -2.736138343811035 0.1072
