Car 1 1 1 709.5663452148438 172.57852172851562 828.4243774414062 255.32447814941406 3.573119640350342 1.5001078844070435 1.5559298992156982 3.0837128162384033 1.4948139190673828 14.892640113830566 -7.887776851654053 0.9696
Car 1 1 1 823.4628295898438 180.78489685058594 1241.0 374.0 3.876356840133667 1.4602422714233398 1.6526578664779663 3.2353968620300293 1.5500272512435913 6.23448371887207 -7.882922649383545 0.9689
Car 1 1 1 422.208984375 181.24977111816406 483.7106018066406 225.0802001953125 3.393888473510742 1.4469542503356934 1.4694522619247437 -5.6710333824157715 1.7710403203964233 26.175065994262695 -4.704224586486816 0.9285
Car 1 1 1 683.92431640625 172.42379760742188 765.4783935546875 231.60496520996094 3.323420286178589 1.530324101448059 1.52150559425354 3.0996665954589844 1.5189001560211182 20.3774471282959 -7.938029766082764 0.8950
Car 1 1 1 0.0 201.678466796875 202.1683807373047 374.0 3.7691872119903564 1.5020400285720825 1.549353003501892 -5.601385116577148 1.8342067003250122 6.390291213989258 -4.6456522941589355 0.8860
Car 1 1 1 364.6483154296875 180.34742736816406 456.5164489746094 243.13571166992188 3.624579668045044 1.6361926794052124 1.6107244491577148 -5.7583394050598145 1.8737170696258545 21.06965446472168 -4.689413070678711 0.8849
Car 1 1 1 55.899574279785156 178.66378784179688 214.808349609375 224.6287841796875 3.9699602127075195 1.3745325803756714 1.4529130458831787 -14.843180656433105 1.5632381439208984 22.63142967224121 -6.341977596282959 0.6789
Car 1 1 1 680.1373901367188 173.93511962890625 741.346435546875 217.9319610595703 3.6509432792663574 1.450868844985962 1.587999701499939 3.469235897064209 1.4918829202651978 25.7287540435791 -7.87826681137085 0.4615
Car 1 1 1 185.3198699951172 185.8052520751953 293.73321533203125 222.7744903564453 4.135216236114502 1.4259703159332275 1.5443158149719238 -15.508935928344727 1.9909613132476807 30.13728141784668 -5.978930950164795 0.4524
Pedestrian 1 1 1 675.8245239257812 156.64370727539062 700.439208984375 201.45077514648438 0.9505321383476257 1.9757198095321655 0.556961715221405 3.454714059829712 1.2606440782546997 32.29585266113281 -3.6711196899414062 0.4256
Car 1 1 1 383.4256286621094 176.69813537597656 423.2691650390625 199.64828491210938 3.3513383865356445 1.444865345954895 1.3859976530075073 -13.663779258728027 1.7082034349441528 47.74627685546875 -7.750483989715576 0.2918
Pedestrian 1 1 1 274.7006530761719 156.18841552734375 295.57586669921875 209.3738555908203 0.6092929244041443 1.9248340129852295 0.6003074645996094 -11.963529586791992 1.3213900327682495 26.481401443481445 -4.9568095207214355 0.2916
Cyclist 1 1 1 718.8282470703125 142.93299865722656 760.40087890625 188.66952514648438 1.5238149166107178 1.7712305784225464 0.5621358156204224 5.0873284339904785 0.6121851801872253 28.59918785095215 -5.695550441741943 0.2240
Car 1 1 1 0.0 183.43795776367188 168.51890563964844 237.5691680908203 4.104182720184326 1.4361071586608887 1.5933432579040527 -14.98719310760498 1.7449772357940674 20.26791763305664 -6.277142524719238 0.2183
Car 1 1 1 235.04762268066406 171.48074340820312 292.8665466308594 203.1081085205078 3.2948129177093506 1.4077802896499634 1.4901748895645142 -16.204452514648438 1.346354603767395 33.84601974487305 -4.840920448303223 0.1732
Pedestrian 1 1 1 872.159423828125 150.2154083251953 886.47802734375 194.2046356201172 0.404278039932251 1.8609471321105957 0.562483012676239 11.4528226852417 0.9029301404953003 30.80717658996582 -7.521790027618408 0.1667
Pedestrian 1 1 1 295.38629150390625 165.53990173339844 304.68511962890625 190.1078338623047 0.48825231194496155 1.883253812789917 0.5909737944602966 -23.919675827026367 1.3222920894622803 55.61944580078125 -3.203378200531006 0.1460
Pedestrian 1 1 1 276.4988708496094 156.67750549316406 291.360107421875 193.66909790039062 0.5937456488609314 1.8400943279266357 0.6298803091049194 -16.429323196411133 1.035117745399475 36.27545166015625 -5.045729160308838 0.1419
Car 1 1 1 650.615966796875 173.87423706054688 678.156005859375 194.63970947265625 4.032336235046387 1.6275897026062012 1.6251163482666016 4.371302604675293 1.7134137153625488 58.833858489990234 -4.794497966766357 0.1265
Cyclist 1 1 1 473.7884521484375 188.90628051757812 506.8722229003906 233.7353515625 1.608871579170227 1.7653580904006958 0.6461988687515259 -4.988290309906006 2.449549913406372 29.900924682617188 -7.504721164703369 0.1123
Cyclist 1 1 1 482.4527587890625 181.37904357910156 510.7987976074219 219.85403442382812 1.4681153297424316 1.62749445438385 0.5899068117141724 -5.0063395500183105 2.010629415512085 31.662240982055664 -4.360292434692383 0.1041
Car 1 1 1 641.1752319335938 171.073974609375 684.6646728515625 187.1348419189453 4.024941921234131 1.4895226955413818 1.6246159076690674 4.980528354644775 1.3241384029388428 67.9498062133789 -6.17092752456665 0.1030
