Car 1 1 1 578.0059814453125 177.96913146972656 635.6461791992188 221.9569091796875 3.3583552837371826 1.3512489795684814 1.8022346496582031 -0.14095847308635712 1.5347137451171875 24.23893165588379 -1.5667380094528198 0.9999
Car 1 1 1 292.8038024902344 162.01205444335938 465.55792236328125 249.4259490966797 4.121915340423584 1.6057026386260986 1.6815333366394043 -5.033644199371338 1.4062473773956299 15.274190902709961 -2.3912885189056396 0.9991
Car 1 1 1 349.13043212890625 157.54669189453125 486.90960693359375 240.79322814941406 4.499964714050293 1.9070185422897339 1.7253690958023071 -5.166590213775635 1.5560576915740967 18.807649612426758 -2.2682945728302 0.9944
Car 1 1 1 437.95684814453125 166.07313537597656 534.3467407226562 215.46861267089844 3.98596453666687 1.8568449020385742 1.6981353759765625 -5.080442428588867 1.6016429662704468 29.076499938964844 -2.4211513996124268 0.9829
Car 1 1 1 406.2336120605469 175.16314697265625 510.0937805175781 218.35696411132812 3.988236665725708 1.4510153532028198 1.5887902975082397 -5.636119842529297 1.5410434007644653 26.332910537719727 -2.44189190864563 0.9751
Car 1 1 1 506.67742919921875 173.2203369140625 558.0872192382812 195.1645965576172 3.6444356441497803 1.5647056102752686 1.6227011680603027 -5.773606777191162 1.5923243761062622 53.24892807006836 -2.497992992401123 0.9111
Pedestrian 1 1 1 280.9998779296875 121.5909423828125 323.3630676269531 211.66458129882812 0.6838296055793762 1.432487964630127 0.6156730055809021 -5.143624305725098 0.6169250011444092 11.916038513183594 -2.0152223110198975 0.8050
Car 1 1 1 0.0 181.23963928222656 167.53750610351562 374.0 3.9707515239715576 1.4043631553649902 1.6089156866073608 -4.908262252807617 1.4815226793289185 4.901339530944824 -2.55938720703125 0.7908
Car 1 1 1 1046.885986328125 183.08511352539062 1241.0 374.0 3.7214016914367676 1.545361042022705 1.6281828880310059 3.1445305347442627 1.6010650396347046 2.0883562564849854 -1.5701168775558472 0.4435
Car 1 1 1 634.2115478515625 170.1866455078125 655.6976928710938 191.4449005126953 3.8556060791015625 1.6035579442977905 1.6204906702041626 2.731358528137207 1.4020533561706543 56.40241622924805 -4.649152755737305 0.3647
Car 1 1 1 0.0 136.7750701904297 81.9682388305664 186.80958557128906 3.7959389686584473 1.4682611227035522 1.598868727684021 -19.021194458007812 0.40922608971595764 23.145919799804688 1.4639147520065308 0.3514
Cyclist 1 1 1 1049.7197265625 151.5056915283203 1066.397705078125 200.60025024414062 1.8213615417480469 1.9122967720031738 0.5093176960945129 17.966360092163086 1.080452561378479 29.021007537841797 -4.189570426940918 0.1995
