Car 1 1 1 329.1560974121094 175.9639434814453 484.9233703613281 274.7334899902344 3.5512936115264893 1.4703596830368042 1.59250807762146 -3.3107151985168457 1.403222680091858 12.334893226623535 -1.5264359712600708 1.0000
Cyclist 1 1 1 1082.054443359375 128.7987518310547 1194.9866943359375 212.76382446289062 1.852203607559204 1.734665036201477 0.576802670955658 11.388632774353027 0.6669021844863892 15.21690845489502 0.37784886360168457 1.0000
Cyclist 1 1 1 995.1608276367188 138.29153442382812 1072.1678466796875 199.98214721679688 1.8334341049194336 1.765360713005066 0.6239471435546875 12.443007469177246 0.5578076839447021 20.62120819091797 0.08427345752716064 0.9999
Cyclist 1 1 1 281.7919921875 165.35720825195312 361.0948791503906 241.94703674316406 1.7045741081237793 1.7831048965454102 0.5757362246513367 -6.918750762939453 1.4308971166610718 17.1804256439209 -0.6011590361595154 0.9998
Cyclist 1 1 1 860.7640380859375 154.3125457763672 889.257080078125 200.54530334472656 2.05698561668396 1.7368080615997314 0.6376416087150574 10.525052070617676 0.753274142742157 27.599790573120117 -1.0022213459014893 0.9961
Pedestrian 1 1 1 189.67288208007812 181.6137237548828 217.96571350097656 240.24082946777344 0.5815666317939758 1.7041131258010864 0.6165335178375244 -11.907788276672363 1.7379554510116577 20.933374404907227 -0.23592066764831543 0.9885
Pedestrian 1 1 1 565.6185913085938 158.7061767578125 599.0511474609375 227.3460693359375 0.4791334867477417 1.8477180004119873 0.7849116325378418 -0.6624417901039124 1.2613606452941895 19.45254898071289 0.9699844121932983 0.9864
Pedestrian 1 1 1 242.1747589111328 180.4237060546875 266.7083435058594 237.50042724609375 0.4865017533302307 1.5869457721710205 0.6054291725158691 -9.95122241973877 1.5851292610168457 20.004852294921875 -3.3485662937164307 0.8758
Pedestrian 1 1 1 201.04664611816406 177.2096710205078 231.4933319091797 235.20755004882812 0.5523874759674072 1.73299241065979 0.6185187697410583 -11.83425521850586 1.63496732711792 21.468629837036133 0.12724614143371582 0.6740
Cyclist 1 1 1 1160.34619140625 143.27737426757812 1220.678955078125 188.78076171875 1.7762696743011475 1.7578374147415161 0.6137115359306335 22.905336380004883 0.3201267123222351 27.7152156829834 0.1085360050201416 0.4273
