Car 1 1 1 34.449058532714844 185.88766479492188 162.13829040527344 233.37709045410156 4.252032279968262 1.4268287420272827 1.6497952938079834 -17.62181854248047 1.9184492826461792 25.05362892150879 -1.6413661241531372 0.9999
Car 1 1 1 215.86892700195312 166.70840454101562 318.2259826660156 231.60157775878906 4.769801139831543 2.079103469848633 1.6344680786132812 -12.018601417541504 1.8819055557250977 25.551177978515625 -1.6372921466827393 0.9999
Car 1 1 1 692.0140380859375 173.1586151123047 770.57373046875 215.0792236328125 4.258301258087158 1.466147780418396 1.6674940586090088 4.470973491668701 1.478403091430664 27.50336265563965 -1.7323343753814697 0.9999
Car 1 1 1 317.95965576171875 180.77957153320312 399.08380126953125 228.4954071044922 4.6266560554504395 1.4769409894943237 1.7006897926330566 -8.805804252624512 1.783179759979248 25.517276763916016 -1.6758670806884766 0.9999
Car 1 1 1 920.3558349609375 135.8857421875 1241.0 374.0 4.332472801208496 1.777635931968689 1.7463386058807373 4.120410919189453 1.5313992500305176 7.133373737335205 -1.232571005821228 0.9998
Car 1 1 1 749.9677124023438 168.18646240234375 827.5198974609375 212.0986785888672 4.14316463470459 1.5782941579818726 1.6850619316101074 6.801136493682861 1.410233736038208 28.0684871673584 -1.6547825336456299 0.9991
Car 1 1 1 458.4640197753906 172.29100036621094 497.476806640625 206.45811462402344 3.6858792304992676 1.4363771677017212 1.5922242403030396 -5.895391464233398 1.4124088287353516 32.27262496948242 -1.717177152633667 0.9976
Car 1 1 1 575.982666015625 166.5354461669922 604.8397827148438 193.0720977783203 4.082566738128662 1.5373849868774414 1.6724454164505005 -1.2424612045288086 1.1710232496261597 43.870887756347656 -1.6054720878601074 0.9812
Car 1 1 1 1031.6815185546875 141.0661163330078 1144.3192138671875 174.7411651611328 4.226922512054443 1.5449018478393555 1.7331602573394775 22.468915939331055 0.08627738803625107 34.06907653808594 -0.048139333724975586 0.9599
Car 1 1 1 623.5572509765625 160.65377807617188 648.7364501953125 185.07432556152344 3.9786605834960938 1.7566492557525635 1.705652117729187 1.8892910480499268 0.8787468671798706 53.898040771484375 1.5634807348251343 0.5684
Car 1 1 1 0.0 0.0 1241.0 374.0 3.7447240352630615 1.4977402687072754 1.6244295835494995 2.621304512023926 1.660754919052124 1.7099692821502686 -1.1903574466705322 0.4197
