Car 1 1 1 743.252685546875 186.3357696533203 941.9243774414062 308.62542724609375 3.6188156604766846 1.3582961559295654 1.5573556423187256 3.003030776977539 1.5837905406951904 10.251405715942383 -1.6022288799285889 1.0000
Car 1 1 1 695.94873046875 178.56378173828125 813.0054931640625 264.40325927734375 3.6213018894195557 1.5068219900131226 1.633474588394165 2.7490274906158447 1.6374313831329346 14.72521686553955 -1.5793579816818237 0.9999
Car 1 1 1 510.56536865234375 179.6352081298828 557.6005859375 218.1865997314453 3.5983071327209473 1.429462194442749 1.5733712911605835 -3.057687520980835 1.7206017971038818 29.200347900390625 -4.7258148193359375 0.9999
Car 1 1 1 649.4944458007812 178.39950561523438 705.043701171875 220.0617218017578 3.708101749420166 1.4906747341156006 1.651912808418274 2.515624761581421 1.7217531204223633 28.212793350219727 -1.6199442148208618 0.9994
Pedestrian 1 1 1 761.550048828125 160.2218017578125 794.5899658203125 230.09852600097656 0.6548057794570923 1.8186428546905518 0.6842575669288635 4.3997297286987305 1.4895716905593872 19.134321212768555 -1.6557838916778564 0.9993
Car 1 1 1 393.1894836425781 183.75425720214844 456.0592956542969 206.7565155029297 3.8376712799072266 1.4772392511367798 1.6011087894439697 -12.363003730773926 2.2184109687805176 48.15082550048828 -0.06882059574127197 0.9975
Car 1 1 1 677.5968017578125 172.09364318847656 757.3659057617188 237.94046020507812 2.7710492610931396 1.5702942609786987 1.5017979145050049 2.6508283615112305 1.5518614053726196 18.63355255126953 -1.6285340785980225 0.9974
Car 1 1 1 644.5714111328125 175.40182495117188 690.8617553710938 215.77615356445312 3.841427803039551 1.7486748695373535 1.6977015733718872 2.5733115673065186 1.8733760118484497 33.44862365722656 -1.6085988283157349 0.9793
Car 1 1 1 301.8235168457031 182.5232391357422 372.98406982421875 206.47442626953125 4.13181209564209 1.5472253561019897 1.6234242916107178 -18.16848373413086 2.202702760696411 48.107364654541016 0.007937788963317871 0.9161
Car 1 1 1 589.9335327148438 175.7061004638672 627.8389892578125 197.7688446044922 3.9527587890625 1.4817019701004028 1.6465153694152832 -0.066042959690094 1.6919375658035278 51.13499450683594 -1.2882606983184814 0.9109
Car 1 1 1 637.6217651367188 173.5000457763672 671.0178833007812 200.6636505126953 3.977222204208374 1.5514614582061768 1.6611994504928589 2.6728262901306152 1.5918933153152466 43.4008674621582 -1.4206781387329102 0.6767
