Cyclist 1 1 1 812.6398315429688 177.4459991455078 937.7130737304688 295.2860412597656 1.615397572517395 1.5697160959243774 0.6981491446495056 3.6872613430023193 1.6385266780853271 10.258753776550293 -2.7983484268188477 1.0000
Car 1 1 1 382.2059020996094 192.35731506347656 498.3986511230469 278.4140930175781 4.0174880027771 1.4211441278457642 1.5901798009872437 -3.3876655101776123 1.8779935836791992 14.875638008117676 1.5336488485336304 1.0000
Car 1 1 1 29.869972229003906 202.76358032226562 295.4483337402344 344.73126220703125 3.418980598449707 1.425973892211914 1.508281946182251 -5.752594947814941 1.8993040323257446 9.70016860961914 1.5487977266311646 1.0000
Car 1 1 1 229.67474365234375 195.7730255126953 384.2245178222656 288.7735290527344 3.657304286956787 1.441017508506775 1.5598382949829102 -5.713572978973389 1.9426958560943604 13.948708534240723 1.5361276865005493 1.0000
Cyclist 1 1 1 782.7715454101562 179.1610107421875 894.7974853515625 277.5279235839844 1.684552788734436 1.542565107345581 0.5634085536003113 3.6511595249176025 1.649032711982727 11.791810989379883 -2.9683990478515625 1.0000
Car 1 1 1 633.4274291992188 178.9712677001953 724.52783203125 213.01560974121094 4.12272310256958 1.554537296295166 1.6967837810516357 3.1736395359039307 1.8514219522476196 34.16050338745117 -0.021610736846923828 0.9996
Car 1 1 1 352.419189453125 188.81649780273438 453.4551086425781 249.2380828857422 4.116373062133789 1.505472183227539 1.6901278495788574 -5.978004455566406 2.0192110538482666 21.156137466430664 -4.686362266540527 0.9983
Car 1 1 1 498.4033203125 184.9322967529297 551.4746704101562 227.28262329101562 4.067915439605713 1.5358234643936157 1.6499897241592407 -3.4322614669799805 2.061358690261841 29.371545791625977 -4.703773021697998 0.9980
Car 1 1 1 1112.084716796875 168.22535705566406 1241.0 254.6058807373047 3.8633041381835938 1.4758652448654175 1.5995687246322632 11.613155364990234 1.3964821100234985 13.172959327697754 -3.1180481910705566 0.9896
Car 1 1 1 611.1141967773438 178.42747497558594 670.569580078125 202.84507751464844 3.737290859222412 1.5784040689468384 1.692753791809082 2.0028045177459717 1.9587507247924805 48.20500183105469 -0.12533330917358398 0.3717
