Car 1 1 1 0.0 186.70602416992188 316.1125183105469 374.0 3.8747620582580566 1.5963622331619263 1.684224009513855 -4.9861273765563965 1.7872965335845947 8.003620147705078 1.5954862833023071 1.0000
Cyclist 1 1 1 472.78814697265625 172.6465606689453 515.53466796875 250.03245544433594 2.002903461456299 1.8031563758850098 0.7649694681167603 -2.8823039531707764 1.7980231046676636 17.819759368896484 -4.728055000305176 1.0000
Cyclist 1 1 1 440.6557922363281 174.14459228515625 483.32244873046875 252.5454864501953 1.7612667083740234 1.7884306907653809 0.6068708896636963 -3.591071367263794 1.8208122253417969 17.37997817993164 1.6082602739334106 0.9999
Car 1 1 1 404.8377990722656 183.00302124023438 490.77838134765625 233.1962432861328 4.371652126312256 1.4452087879180908 1.6966081857681274 -5.290600299835205 1.812219262123108 23.893360137939453 1.6138359308242798 0.9999
Cyclist 1 1 1 523.1998901367188 172.7064208984375 536.8099975585938 214.5751953125 1.7289700508117676 1.7920085191726685 0.572921633720398 -3.556685209274292 1.7853918075561523 31.77032470703125 1.4741653203964233 0.9994
Car 1 1 1 818.7545776367188 180.55593872070312 1241.0 374.0 3.3009281158447266 1.590619444847107 1.5406715869903564 2.4842710494995117 1.6554014682769775 4.441247463226318 -1.5777802467346191 0.9991
Pedestrian 1 1 1 702.251708984375 164.13299560546875 722.6195068359375 207.8075714111328 0.6069227457046509 1.7902804613113403 0.7142382860183716 4.198902606964111 1.4324949979782104 29.91225242614746 -1.6641550064086914 0.9936
Car 1 1 1 639.5576782226562 174.63795471191406 672.3222045898438 202.11639404296875 3.80635404586792 1.6202634572982788 1.7054158449172974 2.858438014984131 1.7357386350631714 44.81648635864258 -1.4192771911621094 0.9469
Car 1 1 1 505.2551574707031 179.5772247314453 546.4774780273438 207.10816955566406 4.062647342681885 1.506844401359558 1.6594386100769043 -4.948031902313232 1.9230149984359741 42.60447692871094 -4.632144451141357 0.8909
Pedestrian 1 1 1 1043.8111572265625 123.46694946289062 1077.8648681640625 189.20469665527344 0.5377579927444458 1.707101821899414 0.546405553817749 11.868273735046387 0.4243009090423584 19.081809997558594 -3.465991497039795 0.1579
