Cyclist 1 1 1 569.6996459960938 169.2618408203125 618.2212524414062 272.9909973144531 1.7590761184692383 1.7935444116592407 0.8301449418067932 -0.380074679851532 1.7311338186264038 13.379217147827148 -1.6322286128997803 1.0000
Car 1 1 1 274.6977233886719 192.47564697265625 397.3465270996094 271.95574951171875 3.6495299339294434 1.3761615753173828 1.527928352355957 -5.707820892333984 1.843749761581421 15.315770149230957 1.4746874570846558 1.0000
Car 1 1 1 725.4451293945312 175.49288940429688 960.9603271484375 332.2422790527344 3.470745086669922 1.498705506324768 1.6296817064285278 2.482121467590332 1.5367299318313599 8.718414306640625 -1.6026028394699097 1.0000
Car 1 1 1 658.2009887695312 181.19236755371094 799.2601318359375 271.242431640625 4.335737228393555 1.427009105682373 1.6774746179580688 2.060307502746582 1.6152925491333008 14.083292007446289 -1.6619927883148193 1.0000
Car 1 1 1 640.9571533203125 179.5135040283203 718.0421142578125 241.51727294921875 3.7752859592437744 1.4608025550842285 1.6072747707366943 1.7104843854904175 1.656387448310852 19.316308975219727 -1.5959529876708984 1.0000
Car 1 1 1 348.32470703125 184.13308715820312 431.1024169921875 242.691650390625 3.474705934524536 1.488204836845398 1.5256603956222534 -6.299402713775635 1.8410128355026245 20.806289672851562 1.5069226026535034 1.0000
Car 1 1 1 51.039573669433594 176.537353515625 339.9905090332031 325.8857727050781 4.364591121673584 1.6274058818817139 1.7406501770019531 -5.466479778289795 1.6904761791229248 10.192816734313965 1.5236507654190063 0.9999
Car 1 1 1 627.6751098632812 176.77743530273438 691.6104736328125 226.91490173339844 4.055171966552734 1.5207449197769165 1.653407335281372 1.5354963541030884 1.663727879524231 24.27987289428711 -1.626544713973999 0.9974
Pedestrian 1 1 1 1086.7427978515625 153.5753936767578 1178.72216796875 313.451416015625 0.7913770079612732 1.6347641944885254 0.535990834236145 5.581079006195068 1.4373366832733154 7.821961402893066 -4.495471477508545 0.9970
Car 1 1 1 397.0526428222656 176.2390899658203 469.9144592285156 204.65423583984375 3.4686131477355957 1.4515550136566162 1.512047529220581 -9.256932258605957 1.632528305053711 37.84358596801758 -3.164302349090576 0.9739
Cyclist 1 1 1 508.5932922363281 169.53662109375 524.4880981445312 204.3211669921875 1.7886289358139038 1.8454281091690063 0.725500762462616 -5.104687690734863 1.669130802154541 39.19236373901367 1.5168935060501099 0.9715
