Car 1 1 1 421.46380615234375 183.31959533691406 508.3890686035156 240.65013122558594 3.763580322265625 1.449236512184143 1.6286810636520386 -3.9212915897369385 1.4014629125595093 20.06583023071289 -1.55534827709198 1.0000
Car 1 1 1 0.0 164.52691650390625 409.8569030761719 375.0 4.21449613571167 1.6443829536437988 1.723617672920227 -3.1777632236480713 1.5248621702194214 6.28848123550415 -1.598264455795288 0.9999
Car 1 1 1 306.33636474609375 174.96878051757812 400.5599060058594 231.32235717773438 3.9769139289855957 1.668850064277649 1.7195261716842651 -8.154046058654785 1.3655558824539185 23.29387664794922 -1.5913978815078735 0.9999
Car 1 1 1 498.0068664550781 182.49375915527344 544.5361328125 217.63282775878906 4.334290981292725 1.4767968654632568 1.678541898727417 -3.864751100540161 1.3625586032867432 32.39811325073242 -1.5947343111038208 0.9987
Car 1 1 1 568.1939086914062 178.89674377441406 616.1268920898438 219.0404510498047 3.307168960571289 1.6051853895187378 1.7298264503479004 -0.6471123695373535 1.3526737689971924 30.45596694946289 -1.4984259605407715 0.9981
Car 1 1 1 384.8210754394531 186.8032684326172 444.0032653808594 222.63255310058594 3.363957643508911 1.4033844470977783 1.5565224885940552 -8.036803245544434 1.4734958410263062 29.99062728881836 -1.5672545433044434 0.9919
Car 1 1 1 0.0 187.5804901123047 211.62435913085938 302.32171630859375 3.5749926567077637 1.4820549488067627 1.6085522174835205 -7.966916561126709 1.5248620510101318 11.162125587463379 -1.5901364088058472 0.9676
Car 1 1 1 47.07452392578125 185.3887481689453 205.7261962890625 251.13961791992188 3.5131759643554688 1.529175877571106 1.6168066263198853 -12.263938903808594 1.5342248678207397 18.524457931518555 -1.5184391736984253 0.9405
Car 1 1 1 202.7950897216797 184.70872497558594 299.0296325683594 229.61996459960938 3.4795897006988525 1.4756276607513428 1.5971013307571411 -12.527750968933105 1.4591283798217773 25.381235122680664 -1.541940450668335 0.8819
Car 1 1 1 158.6576385498047 187.71151733398438 311.9898986816406 257.79010009765625 3.6000232696533203 1.4694472551345825 1.6105172634124756 -8.697516441345215 1.535215139389038 17.051177978515625 -1.50902259349823 0.7084
Cyclist 1 1 1 751.5934448242188 141.61399841308594 768.3761596679688 185.8511505126953 1.8510594367980957 1.7696137428283691 0.5355037450790405 6.24034309387207 0.025577332824468613 29.708921432495117 -4.581140041351318 0.3442
Car 1 1 1 290.7968444824219 172.1838836669922 387.1260681152344 208.60940551757812 3.9029088020324707 1.507254719734192 1.608361840248108 -11.85616397857666 0.9681680202484131 31.844594955444336 -4.2163214683532715 0.1107
