Car 1 1 1 726.0826416015625 183.94186401367188 912.3662109375 309.14031982421875 3.7541861534118652 1.4733678102493286 1.6189683675765991 2.8115861415863037 1.6668168306350708 10.717150688171387 -1.5882960557937622 1.0000
Car 1 1 1 678.3876342773438 183.50233459472656 759.0031127929688 238.56541442871094 3.9526681900024414 1.3962616920471191 1.630455732345581 3.016662120819092 1.736537218093872 21.074398040771484 -1.6052311658859253 1.0000
Car 1 1 1 798.2920532226562 202.68460083007812 1241.0 374.0 3.540320634841919 1.426216721534729 1.5478993654251099 2.6337945461273193 1.7342302799224854 5.675033092498779 -1.5546795129776 0.9999
Car 1 1 1 659.2794799804688 180.08741760253906 724.610107421875 227.02247619628906 3.856461763381958 1.4788364171981812 1.6401978731155396 2.7433948516845703 1.7521034479141235 25.315467834472656 -1.6294817924499512 0.9996
Car 1 1 1 550.5420532226562 181.49908447265625 580.5785522460938 205.3269805908203 3.947056293487549 1.5116764307022095 1.6364041566848755 -3.024635076522827 2.1254281997680664 49.2415657043457 -4.666967391967773 0.9921
Car 1 1 1 596.2503662109375 179.5222930908203 620.4779663085938 202.4553680419922 3.733562469482422 1.5632909536361694 1.6881933212280273 -0.13797804713249207 2.0621695518493652 52.14319610595703 -1.566764235496521 0.9804
Pedestrian 1 1 1 719.240478515625 166.21510314941406 738.0844116210938 213.52064514160156 0.6629869937896729 1.8241922855377197 0.7088473439216614 4.587918758392334 1.5678834915161133 28.200456619262695 -1.4344698190689087 0.9676
Car 1 1 1 430.5294189453125 186.55593872070312 485.3015441894531 206.32235717773438 4.236929893493652 1.5473426580429077 1.6902592182159424 -12.427291870117188 2.6882071495056152 59.027122497558594 -3.2483789920806885 0.9432
Car 1 1 1 655.5362548828125 179.3244171142578 709.3606567382812 224.3764190673828 4.042407989501953 1.643476128578186 1.694954752922058 2.7862539291381836 1.9209164381027222 28.93854522705078 -1.58516526222229 0.9268
Car 1 1 1 360.1115417480469 186.19015502929688 413.6232604980469 205.49818420410156 3.860366106033325 1.5185613632202148 1.588653564453125 -18.197614669799805 2.622164726257324 58.84503936767578 0.0450284481048584 0.4897
Car 1 1 1 629.4841918945312 179.86398315429688 682.3550415039062 201.2158203125 3.7617928981781006 1.5063729286193848 1.6063894033432007 3.4100334644317627 2.0456295013427734 53.793033599853516 -0.6172319650650024 0.1460
