Car 1 1 1 0.0 181.75155639648438 361.9961242675781 305.543701171875 4.015877723693848 1.4810465574264526 1.6004183292388916 -5.656137943267822 1.6105700731277466 9.643731117248535 0.04218173027038574 1.0000
Car 1 1 1 726.5462646484375 177.23756408691406 818.99755859375 217.22303771972656 3.473965883255005 1.422211766242981 1.5452264547348022 6.192879676818848 1.6033127307891846 27.96847915649414 -2.0961313247680664 0.9999
Car 1 1 1 623.7710571289062 176.2062225341797 666.0650634765625 203.60763549804688 3.3757190704345703 1.4393047094345093 1.5764793157577515 1.8614826202392578 1.6339560747146606 40.15216064453125 -1.767713189125061 0.9990
Car 1 1 1 278.7688903808594 174.062255859375 420.49517822265625 232.0682373046875 3.2297303676605225 1.4769433736801147 1.4744985103607178 -6.88565731048584 1.50994074344635 19.14344024658203 -3.143817663192749 0.9983
Car 1 1 1 929.2653198242188 143.38400268554688 1241.0 374.0 3.441556692123413 1.6134461164474487 1.5603362321853638 2.9306883811950684 1.5618915557861328 3.0331952571868896 -1.6518357992172241 0.9935
Car 1 1 1 0.0 168.31912231445312 165.65577697753906 368.3773193359375 3.5807533264160156 1.666305661201477 1.6412545442581177 -6.577208518981934 1.6282342672348022 6.853436470031738 -3.15450382232666 0.9935
Car 1 1 1 83.44955444335938 180.01541137695312 341.62164306640625 275.45361328125 3.5072720050811768 1.4421842098236084 1.5591926574707031 -6.568556308746338 1.5707173347473145 12.014322280883789 -3.0324020385742188 0.9910
Car 1 1 1 299.3433532714844 179.73951721191406 441.1131896972656 232.94102478027344 3.627638101577759 1.4830249547958374 1.6079401969909668 -6.997117519378662 1.6924476623535156 21.151914596557617 -3.153242588043213 0.9906
Car 1 1 1 422.6185302734375 176.3798828125 504.89056396484375 207.80752563476562 3.8042244911193848 1.505784034729004 1.6145902872085571 -7.223757266998291 1.6844481229782104 35.70055389404297 -3.2030997276306152 0.9602
Car 1 1 1 346.1400451660156 165.5774383544922 480.9447021484375 222.9168243408203 4.001056671142578 1.808510661125183 1.6996718645095825 -6.4130330085754395 1.578704833984375 23.702367782592773 -3.189537525177002 0.8405
