Car 1 1 1 473.7606506347656 184.24636840820312 526.9229736328125 220.21035766601562 3.4484376907348633 1.59115469455719 1.7036646604537964 -5.414738655090332 2.174785852432251 35.0618782043457 -1.988407850265503 0.9994
Car 1 1 1 13.557501792907715 184.41273498535156 259.3105773925781 272.5846862792969 3.6487326622009277 1.5413869619369507 1.5970207452774048 -9.046680450439453 1.7824888229370117 13.983702659606934 -3.305485725402832 0.9987
Car 1 1 1 0.0 156.6453094482422 212.986572265625 301.86981201171875 4.077423572540283 1.9995613098144531 1.6674261093139648 -8.706695556640625 1.7760876417160034 11.176499366760254 -3.3523807525634766 0.9986
Car 1 1 1 103.7617416381836 185.11895751953125 296.749267578125 253.6712188720703 3.7065515518188477 1.4968090057373047 1.5998424291610718 -9.721718788146973 1.8098071813583374 17.295879364013672 -3.3313956260681152 0.9929
Pedestrian 1 1 1 230.66871643066406 181.3235626220703 269.18017578125 254.18592834472656 0.6686567664146423 1.6668883562088013 0.6613730192184448 -8.520915031433105 1.8706635236740112 16.991910934448242 -3.3535749912261963 0.8636
Car 1 1 1 249.0057373046875 180.05502319335938 364.0617370605469 227.2813262939453 3.827360153198242 1.638270616531372 1.670129656791687 -11.226255416870117 1.919808268547058 26.84731674194336 -3.4602906703948975 0.8479
Car 1 1 1 155.6741180419922 186.98211669921875 321.5929260253906 243.99244689941406 3.881697654724121 1.476523995399475 1.6225309371948242 -10.433666229248047 1.8992854356765747 20.43658447265625 -3.3352489471435547 0.7545
Car 1 1 1 182.63406372070312 161.22821044921875 262.97967529296875 187.12503051757812 3.9017670154571533 1.4596580266952515 1.6336947679519653 -22.52570915222168 0.8040778040885925 42.052391052246094 -0.3164360523223877 0.4541
Car 1 1 1 276.2639465332031 180.74148559570312 328.82684326171875 213.97781372070312 3.643857002258301 1.4653805494308472 1.5629838705062866 -14.850021362304688 1.8651946783065796 34.6665153503418 -2.19411039352417 0.4432
Pedestrian 1 1 1 277.0277099609375 190.95138549804688 314.4563903808594 244.85821533203125 0.6568478345870972 1.45180082321167 0.7530065178871155 -8.812712669372559 1.9672136306762695 20.13866424560547 -2.9867048263549805 0.3572
