Car 1 1 1 0.0 195.13189697265625 179.52944946289062 317.8215026855469 4.084444522857666 1.4681516885757446 1.642773151397705 -8.453585624694824 1.7977818250656128 9.817634582519531 -3.164602279663086 0.9996
Car 1 1 1 442.6803283691406 179.70794677734375 490.131103515625 211.58755493164062 3.5369532108306885 1.5231127738952637 1.5520952939987183 -7.358710289001465 1.892065167427063 37.06193161010742 1.6288291215896606 0.9990
Car 1 1 1 63.16177749633789 183.4820556640625 298.8399963378906 277.0201416015625 3.8047056198120117 1.5782783031463623 1.6346440315246582 -8.371960639953613 1.8126614093780518 14.245314598083496 -3.688398838043213 0.9974
Car 1 1 1 232.22991943359375 184.30368041992188 368.5629577636719 239.3668975830078 3.66182541847229 1.510684609413147 1.583674430847168 -9.499069213867188 1.8863378763198853 22.07915496826172 -3.674952983856201 0.9630
Pedestrian 1 1 1 286.9659729003906 183.14979553222656 318.8193664550781 255.46803283691406 0.6880648732185364 1.6707953214645386 0.7344192266464233 -7.393875598907471 1.9236690998077393 17.27312660217285 -3.5263428688049316 0.9548
Car 1 1 1 910.9237060546875 143.300048828125 1057.9088134765625 191.5089874267578 4.416360855102539 1.636610507965088 1.7249255180358887 13.175580024719238 0.6330047845840454 25.599895477294922 -3.254101276397705 0.9245
Car 1 1 1 317.30682373046875 178.75701904296875 429.80145263671875 233.20095825195312 3.4658803939819336 1.7403411865234375 1.6998770236968994 -8.221624374389648 1.9569504261016846 24.95755386352539 -3.622978687286377 0.8809
Car 1 1 1 1070.4510498046875 131.9894561767578 1241.0 192.9423065185547 4.108546733856201 1.4142051935195923 1.6109213829040527 13.795565605163574 0.46578148007392883 17.818878173828125 -3.2783637046813965 0.7005
Car 1 1 1 1134.685546875 146.82850646972656 1241.0 220.67079162597656 4.066128730773926 1.4406489133834839 1.6326709985733032 13.24172592163086 0.9325966835021973 15.957042694091797 -3.7913460731506348 0.6926
Car 1 1 1 651.1652221679688 175.85911560058594 681.8419799804688 196.30035400390625 3.941823720932007 1.5910637378692627 1.6988013982772827 4.62279748916626 1.8450400829315186 58.92066192626953 -1.278005599975586 0.6570
Car 1 1 1 140.8296661376953 181.094482421875 326.0501403808594 256.098388671875 3.752998113632202 1.5906511545181274 1.6433031558990479 -8.914081573486328 1.8049702644348145 17.219812393188477 -3.603839874267578 0.2114
