Car 1 1 1 0.0 184.32809448242188 328.4106140136719 323.7842102050781 3.9725170135498047 1.498240351676941 1.6272850036621094 -5.782215118408203 1.6512575149536133 8.76832389831543 0.030013322830200195 1.0000
Car 1 1 1 669.4920654296875 179.5609588623047 732.9343872070312 226.46107482910156 4.1716485023498535 1.394760251045227 1.5874693393707275 2.912775754928589 1.6382635831832886 24.14153480529785 -1.5721328258514404 1.0000
Car 1 1 1 692.1404418945312 183.95912170410156 806.6729736328125 263.9346923828125 3.962770700454712 1.3754050731658936 1.5977720022201538 2.6767518520355225 1.6355947256088257 14.942190170288086 -1.572440505027771 1.0000
Car 1 1 1 226.8922882080078 173.11300659179688 449.5231018066406 237.35848999023438 4.341424465179443 1.3542486429214478 1.6459957361221313 -5.986177921295166 1.3600276708602905 16.075119018554688 0.016497135162353516 0.9998
Car 1 1 1 381.8213195800781 181.0428466796875 501.2208251953125 225.92910766601562 3.5910255908966064 1.422749638557434 1.5254321098327637 -5.625756740570068 1.7063367366790771 24.10755157470703 0.08153557777404785 0.9983
Car 1 1 1 644.1417846679688 172.65538024902344 680.7418212890625 201.65200805664062 4.097464561462402 1.6377496719360352 1.715260624885559 3.0261690616607666 1.6262316703796387 42.8343505859375 -1.6107932329177856 0.9943
Car 1 1 1 552.0455322265625 178.15684509277344 584.3502197265625 205.91258239746094 3.6655020713806152 1.407594084739685 1.5786867141723633 -2.264387607574463 1.7084463834762573 39.135868072509766 -1.58101224899292 0.9924
Car 1 1 1 336.4383544921875 182.39341735839844 491.0224914550781 231.6626739501953 4.13608455657959 1.381828784942627 1.637473464012146 -5.787810325622559 1.67574942111969 21.40898323059082 0.012795090675354004 0.9814
Car 1 1 1 495.4466247558594 174.689208984375 553.91064453125 196.8202362060547 3.6436471939086914 1.3783645629882812 1.581531286239624 -5.452530384063721 1.4976201057434082 46.05117416381836 -0.09162414073944092 0.9614
Car 1 1 1 416.24554443359375 174.14358520507812 509.8073425292969 211.70733642578125 3.739103078842163 1.5114718675613403 1.5688725709915161 -6.13301944732666 1.5669875144958496 30.16763687133789 -3.2955482006073 0.9382
