Car 1 1 1 376.9039611816406 184.08566284179688 490.0589599609375 254.39682006835938 4.130513668060303 1.4633091688156128 1.6350432634353638 -4.242312908172607 1.7724393606185913 17.7822208404541 -4.672784328460693 1.0000
Car 1 1 1 3.3489701747894287 186.71435546875 356.68316650390625 374.0 4.033083438873291 1.5748999118804932 1.6412783861160278 -4.501514434814453 1.772560477256775 8.284852027893066 1.575661540031433 1.0000
Car 1 1 1 268.1947937011719 191.59994506835938 439.0909118652344 288.1083679199219 3.865412473678589 1.3912177085876465 1.5678259134292603 -4.498895645141602 1.7835187911987305 13.139372825622559 -4.658736705780029 1.0000
Car 1 1 1 716.2650146484375 161.68104553222656 805.58447265625 230.37158203125 4.815731525421143 1.8806296586990356 1.8336372375488281 4.440939903259277 1.574433445930481 22.181888580322266 -1.5488364696502686 0.9995
Car 1 1 1 551.6175537109375 176.0787811279297 598.44677734375 201.60440063476562 4.021892547607422 1.4867712259292603 1.627238154411316 -2.1482646465301514 1.6960643529891968 44.73454666137695 -4.412574768066406 0.9308
Pedestrian 1 1 1 826.32421875 165.61708068847656 842.1971435546875 202.20826721191406 0.6355483531951904 1.7271676063537598 0.7403732538223267 10.670257568359375 1.3852726221084595 34.477684020996094 0.1749652624130249 0.9035
Car 1 1 1 0.0 193.8972930908203 86.32511138916016 374.0 3.9852476119995117 1.5468459129333496 1.6523641347885132 -4.490868091583252 1.6986736059188843 3.1581099033355713 1.4819413423538208 0.6852
Car 1 1 1 0.0 170.92727661132812 138.56605529785156 220.9423828125 3.8449718952178955 1.4598517417907715 1.6417065858840942 -16.81832504272461 1.403314471244812 21.897937774658203 -0.00869297981262207 0.4846
Car 1 1 1 703.2076416015625 172.9072265625 746.8648681640625 206.51124572753906 3.834806203842163 1.4868214130401611 1.6126272678375244 5.301778793334961 1.48916494846344 33.88511657714844 1.6193217039108276 0.4273
Car 1 1 1 719.078125 178.15496826171875 785.6575317382812 219.98941040039062 3.628904342651367 1.4782923460006714 1.615359902381897 5.534229278564453 1.6981520652770996 27.98318862915039 -1.1027181148529053 0.2033
