Pedestrian 1 1 1 648.4199829101562 150.82852172851562 752.3739013671875 300.9159240722656 1.0967375040054321 1.91119384765625 0.9063687920570374 1.2561146020889282 1.533765435218811 9.70504093170166 0.7137106657028198 0.9999
Pedestrian 1 1 1 554.5194091796875 164.21844482421875 631.8711547851562 282.8742980957031 0.9876018166542053 1.768851399421692 0.7243941426277161 -0.23911616206169128 1.526525616645813 11.138154029846191 0.7198034524917603 0.9999
Pedestrian 1 1 1 508.2529602050781 160.86102294921875 597.2432861328125 287.67822265625 1.0547096729278564 1.781609058380127 0.8118327856063843 -0.8324987292289734 1.5061039924621582 10.576128005981445 0.654373288154602 0.9998
Pedestrian 1 1 1 383.7678527832031 159.72915649414062 451.450439453125 256.56805419921875 1.060948133468628 1.8122621774673462 0.836498498916626 -3.731318473815918 1.4239176511764526 13.896186828613281 0.7207976579666138 0.9998
Pedestrian 1 1 1 392.2265930175781 158.38072204589844 466.41845703125 269.9725646972656 0.999857485294342 1.8218026161193848 0.8041377663612366 -3.0738253593444824 1.4610731601715088 12.171982765197754 0.6952139139175415 0.9998
Car 1 1 1 1028.428955078125 186.4416961669922 1151.550048828125 232.05712890625 3.5262086391448975 1.4023605585098267 1.56330406665802 16.306900024414062 1.6199305057525635 24.03635597229004 -1.658246397972107 0.9998
Pedestrian 1 1 1 420.24578857421875 157.95901489257812 484.19769287109375 255.21051025390625 1.094543218612671 1.8709590435028076 0.7985983490943909 -3.13502836227417 1.4376689195632935 14.272364616394043 0.7909668684005737 0.9996
Pedestrian 1 1 1 447.7237854003906 155.3052520751953 527.1398315429688 265.06890869140625 1.1586651802062988 1.916284441947937 0.9641692042350769 -2.2298848628997803 1.476800799369812 13.095556259155273 0.804151177406311 0.9992
Pedestrian 1 1 1 692.642333984375 161.07469177246094 780.6615600585938 288.3738098144531 1.0148658752441406 1.7591118812561035 0.768589198589325 1.879150390625 1.4910762310028076 10.403785705566406 0.8212865591049194 0.9991
Pedestrian 1 1 1 463.1553955078125 153.75843811035156 561.28955078125 292.32159423828125 1.1017757654190063 1.8407810926437378 0.8485632538795471 -1.3698657751083374 1.4859261512756348 10.058732986450195 0.6216849088668823 0.9988
Pedestrian 1 1 1 267.34075927734375 155.7219696044922 301.75872802734375 210.59352111816406 1.0861601829528809 1.7830595970153809 0.7705304622650146 -10.700715065002441 0.9781675338745117 23.56682777404785 1.4320296049118042 0.8750
