Car 1 1 1 835.6717529296875 173.1145477294922 1112.985595703125 335.0680847167969 4.100217819213867 1.4113101959228516 1.6397863626480103 4.308943748474121 1.4147456884384155 8.319396018981934 -0.7805889248847961 1.0000
Car 1 1 1 770.8892822265625 173.88487243652344 979.944091796875 278.69122314453125 3.9942636489868164 1.4553253650665283 1.6401828527450562 4.476135730743408 1.4749972820281982 12.018340110778809 -0.7491499781608582 1.0000
Car 1 1 1 589.7057495117188 170.57655334472656 648.0525512695312 224.1226348876953 3.442866802215576 1.5490647554397583 1.6880204677581787 0.21002957224845886 1.4828795194625854 22.596487045288086 -1.5692768096923828 0.9999
Car 1 1 1 750.36474609375 162.844482421875 922.7384643554688 250.4593963623047 4.284200668334961 1.7064752578735352 1.7327783107757568 5.105454921722412 1.511220097541809 16.128334045410156 -0.7308191061019897 0.9998
Car 1 1 1 358.4237060546875 175.8064727783203 420.0419006347656 211.3568115234375 3.9863369464874268 1.6188597679138184 1.6617236137390137 -10.73180103302002 1.7709373235702515 35.21567153930664 -4.674894332885742 0.9988
Car 1 1 1 291.48162841796875 175.14242553710938 380.5628356933594 218.24891662597656 4.458019256591797 1.5664035081863403 1.7391722202301025 -10.811653137207031 1.6643221378326416 28.713455200195312 -4.681482791900635 0.9984
Car 1 1 1 663.5299072265625 169.2265625 767.2368774414062 211.234619140625 4.4492926597595215 1.63553786277771 1.711395025253296 4.41139554977417 1.49400794506073 30.1492919921875 -0.6739777326583862 0.9582
Car 1 1 1 264.14337158203125 173.7191925048828 319.59002685546875 197.9254150390625 3.893139123916626 1.5337188243865967 1.5706653594970703 -21.08058738708496 1.5932878255844116 47.89591979980469 -4.579311847686768 0.8742
Car 1 1 1 653.6019287109375 169.7330322265625 706.474609375 193.56312561035156 4.020969390869141 1.5069770812988281 1.6512539386749268 4.641923427581787 1.3093119859695435 47.736412048339844 -0.934259295463562 0.7484
Car 1 1 1 406.0973205566406 179.12875366210938 449.8502197265625 205.8840789794922 3.8844711780548096 1.4579861164093018 1.6128525733947754 -10.619054794311523 1.8414803743362427 42.183109283447266 1.5614794492721558 0.7396
