Car 1 1 1 365.019287109375 182.43646240234375 460.1863098144531 218.447265625 3.608096122741699 1.4530149698257446 1.5393680334091187 -8.301458358764648 1.8672553300857544 30.384498596191406 -3.174957275390625 0.9992
Car 1 1 1 391.3983154296875 179.2658233642578 475.5023193359375 212.18405151367188 3.817166566848755 1.578035831451416 1.6367100477218628 -8.759349822998047 1.9043738842010498 35.84996032714844 -3.1887216567993164 0.9871
Pedestrian 1 1 1 821.526611328125 150.27456665039062 839.77734375 193.31011962890625 0.6658122539520264 1.8448859453201294 0.7507146000862122 9.54554557800293 0.8766313791275024 31.359703063964844 -1.2737352848052979 0.9442
Car 1 1 1 257.1398010253906 184.59420776367188 317.2335205078125 217.3289794921875 3.561711072921753 1.5472462177276611 1.6286351680755615 -16.615081787109375 2.1820220947265625 37.2178840637207 1.5293329954147339 0.8920
Car 1 1 1 411.07379150390625 177.5681915283203 486.8229675292969 207.2898712158203 3.7014849185943604 1.5624366998672485 1.6389325857162476 -8.746060371398926 1.8242582082748413 39.174808502197266 -3.0728354454040527 0.8527
Car 1 1 1 1142.0205078125 132.1068878173828 1241.0 176.04115295410156 3.57163405418396 1.6399378776550293 1.701224684715271 23.10039710998535 0.1186666265130043 28.057859420776367 0.16042864322662354 0.8243
Car 1 1 1 457.99334716796875 179.31405639648438 496.5509338378906 206.83047485351562 3.7781074047088623 1.4947513341903687 1.6169384717941284 -7.841118812561035 1.890733242034912 42.210166931152344 1.2235709428787231 0.4458
Car 1 1 1 436.4258117675781 175.59701538085938 504.8719177246094 201.58287048339844 3.969663619995117 1.5505733489990234 1.664408802986145 -8.536105155944824 1.7223289012908936 44.261478424072266 -3.22617769241333 0.4283
Car 1 1 1 291.8507080078125 144.14511108398438 333.4193420410156 166.0909423828125 3.6412298679351807 1.437775731086731 1.569312572479248 -20.69955825805664 -0.48902639746665955 50.27995681762695 -4.767941951751709 0.1320
Car 1 1 1 910.3319702148438 137.28395080566406 969.7520751953125 166.69992065429688 3.8624398708343506 1.565464973449707 1.637076735496521 18.703495025634766 -0.36774012446403503 41.144805908203125 1.5765024423599243 0.1103
