Car 1 1 1 831.0963745117188 153.4038543701172 1115.7896728515625 354.60980224609375 3.945852518081665 1.6614047288894653 1.6863101720809937 4.112431049346924 1.5005004405975342 7.957258224487305 -0.795645534992218 0.9999
Car 1 1 1 591.1654052734375 173.45761108398438 635.5350952148438 214.5144500732422 3.503506898880005 1.551734447479248 1.6822999715805054 0.13510340452194214 1.577264666557312 29.099634170532227 -1.5397446155548096 0.9999
Car 1 1 1 765.170654296875 175.30746459960938 998.8804321289062 291.1322021484375 4.048478603363037 1.537654161453247 1.669799566268921 4.406682014465332 1.583216667175293 11.573821067810059 -0.6722410321235657 0.9997
Car 1 1 1 457.9403381347656 180.35914611816406 506.2262268066406 212.69479370117188 3.6894543170928955 1.5274351835250854 1.589940071105957 -6.51392936706543 1.9302043914794922 36.85657501220703 -4.644917964935303 0.9985
Car 1 1 1 721.5679321289062 163.883544921875 918.3196411132812 260.9312438964844 4.262023448944092 1.7670537233352661 1.7586493492126465 4.42637825012207 1.6034189462661743 15.122627258300781 -0.6458256840705872 0.9982
Car 1 1 1 666.933837890625 172.31373596191406 754.0487670898438 208.16787719726562 3.9170939922332764 1.5517057180404663 1.6605490446090698 4.593303680419922 1.5280238389968872 33.06303024291992 -0.6404872536659241 0.9981
Car 1 1 1 697.471435546875 174.16476440429688 828.4769897460938 227.4070587158203 4.440406322479248 1.498113989830017 1.6920013427734375 4.8007121086120605 1.542536735534668 22.512226104736328 -0.7255491018295288 0.9973
Car 1 1 1 1063.2840576171875 188.67153930664062 1241.0 374.0 3.902543783187866 1.5052984952926636 1.649061918258667 4.218308448791504 1.6468147039413452 4.501645565032959 -0.7913318276405334 0.9365
Car 1 1 1 651.5850830078125 172.05422973632812 718.8330078125 200.9619903564453 3.9550890922546387 1.5116567611694336 1.653818964958191 4.146956443786621 1.4695345163345337 39.74704360961914 -0.8282605409622192 0.9021
Car 1 1 1 1032.2935791015625 164.2184600830078 1110.693115234375 189.57057189941406 3.8583407402038574 1.570522665977478 1.6507656574249268 29.117029190063477 1.035264253616333 45.65926742553711 0.07152044773101807 0.6484
