Car 1 1 1 597.210693359375 181.58609008789062 675.1710205078125 254.83758544921875 3.6576743125915527 1.569909930229187 1.7211811542510986 0.5950100421905518 1.8071593046188354 17.768152236938477 -1.5321756601333618 1.0000
Car 1 1 1 739.924560546875 177.10995483398438 895.9414672851562 253.82553100585938 3.938462257385254 1.5879534482955933 1.7104579210281372 4.94747257232666 1.6999822854995728 17.097488403320312 -0.7252893447875977 0.9998
Car 1 1 1 693.8563232421875 182.1254425048828 782.8585815429688 224.6067657470703 3.5322868824005127 1.5032355785369873 1.5465047359466553 4.980472564697266 1.885781168937683 28.045108795166016 -0.7242229580879211 0.9995
Car 1 1 1 397.4821472167969 188.6787109375 473.53497314453125 233.73419189453125 4.060861110687256 1.4661462306976318 1.6217989921569824 -6.476959228515625 2.1041698455810547 27.023218154907227 1.639844298362732 0.9994
Car 1 1 1 302.3954162597656 190.81893920898438 392.3620300292969 235.95010375976562 4.553124904632568 1.4931350946426392 1.7095903158187866 -10.099605560302734 2.247567653656006 28.009191513061523 1.6039174795150757 0.9993
Car 1 1 1 670.1943969726562 181.03858947753906 748.40673828125 215.0242919921875 3.769364833831787 1.501867413520813 1.6256588697433472 4.756000995635986 1.915140151977539 34.61656951904297 -0.7081034779548645 0.9957
Car 1 1 1 0.0 203.51776123046875 114.34973907470703 324.9727783203125 4.184489727020264 1.425268292427063 1.6222014427185059 -10.44335651397705 2.0132555961608887 11.696783065795898 -4.639157772064209 0.9936
Car 1 1 1 157.7606201171875 185.25735473632812 266.3929443359375 234.8607940673828 3.7623305320739746 1.627274751663208 1.6188136339187622 -14.591745376586914 2.118293285369873 26.61712646484375 -4.592855453491211 0.9905
Car 1 1 1 364.5273132324219 183.7384033203125 427.1072082519531 220.770263671875 3.6584250926971436 1.5882946252822876 1.6055337190628052 -10.042180061340332 2.1285901069641113 33.947021484375 1.6539262533187866 0.9871
Car 1 1 1 513.2404174804688 184.73379516601562 552.0946044921875 212.32415771484375 3.8476738929748535 1.5678619146347046 1.617017149925232 -4.77900505065918 2.336827278137207 44.72330856323242 -4.60529088973999 0.9605
