Car 1 1 1 721.5062866210938 181.42503356933594 928.410888671875 313.0245666503906 4.138535499572754 1.4993010759353638 1.6845009326934814 2.80629825592041 1.6496771574020386 10.588882446289062 -1.6032534837722778 1.0000
Car 1 1 1 646.4380493164062 176.1903533935547 688.9757690429688 208.71803283691406 3.5306549072265625 1.4058318138122559 1.5956670045852661 2.572861671447754 1.5679272413253784 33.33554458618164 -1.5959805250167847 0.9999
Car 1 1 1 834.7425537109375 167.37106323242188 1241.0 374.0 3.6349189281463623 1.606263279914856 1.6048150062561035 2.6840901374816895 1.5856547355651855 4.504526138305664 -1.5523337125778198 0.9994
Car 1 1 1 0.0 191.2720947265625 199.0834503173828 361.2151794433594 3.8919787406921387 1.4505566358566284 1.6113356351852417 -6.607688903808594 1.6624795198440552 7.3416948318481445 -3.0543084144592285 0.9992
Car 1 1 1 670.0213623046875 171.38668823242188 754.5333862304688 233.8477325439453 3.6475303173065186 1.5439313650131226 1.6067100763320923 2.6381592750549316 1.5073620080947876 19.699649810791016 -1.624788522720337 0.9977
Car 1 1 1 423.45758056640625 175.07870483398438 520.1293334960938 209.67465209960938 3.861156940460205 1.4291136264801025 1.6133090257644653 -5.885073661804199 1.5265463590621948 30.80881690979004 -0.04291045665740967 0.9962
Car 1 1 1 271.8265380859375 176.31118774414062 458.1949768066406 237.56954956054688 4.146238803863525 1.453406572341919 1.609211802482605 -6.1371941566467285 1.5447328090667725 18.174564361572266 0.07038962841033936 0.9961
Car 1 1 1 315.00445556640625 174.80621337890625 475.25189208984375 226.39358520507812 4.124273300170898 1.4133025407791138 1.6461026668548584 -6.191794395446777 1.4721837043762207 20.858760833740234 0.09478545188903809 0.9751
Car 1 1 1 397.8678283691406 175.76419067382812 505.50286865234375 215.59219360351562 3.9067025184631348 1.5286720991134644 1.6448661088943481 -6.274292469024658 1.6473952531814575 28.66375160217285 0.012168169021606445 0.9686
Car 1 1 1 336.1784973144531 159.20513916015625 457.32989501953125 206.68858337402344 3.457007884979248 1.4700289964675903 1.5568684339523315 -6.828545570373535 1.0471773147583008 23.182514190673828 -3.1802170276641846 0.9378
Car 1 1 1 425.9535217285156 172.20645141601562 520.5906372070312 205.96803283691406 4.03321647644043 1.4836595058441162 1.6315860748291016 -6.334218502044678 1.45490300655365 33.21059036254883 0.3780062198638916 0.6816
