Cyclist 1 1 1 511.6808166503906 167.8584747314453 561.8104248046875 266.7960510253906 1.745553731918335 1.732306718826294 0.8186136484146118 -1.4583404064178467 1.6445398330688477 13.56287956237793 -1.7406789064407349 1.0000
Car 1 1 1 577.2417602539062 173.03245544433594 678.1968994140625 246.33816528320312 3.5292282104492188 1.5244145393371582 1.6593835353851318 0.25268179178237915 1.5287615060806274 16.90168571472168 -1.7573882341384888 1.0000
Car 1 1 1 648.827880859375 180.69967651367188 866.2061767578125 314.1340026855469 3.6602540016174316 1.4245799779891968 1.5821127891540527 1.7208895683288574 1.5530614852905273 9.888388633728027 -1.7816121578216553 1.0000
Car 1 1 1 65.1374740600586 193.09205627441406 283.61102294921875 312.14971923828125 3.9844729900360107 1.5014394521713257 1.6269270181655884 -6.917705059051514 1.893006443977356 11.88908863067627 1.4388281106948853 1.0000
Car 1 1 1 276.5382385253906 189.4029083251953 359.00164794921875 244.42385864257812 4.009016513824463 1.4191970825195312 1.6173392534255981 -8.842994689941406 1.9725122451782227 22.013439178466797 1.3729299306869507 0.9999
Car 1 1 1 899.26708984375 174.25758361816406 1241.0 374.0 3.7362780570983887 1.4983881711959839 1.7173715829849243 3.4033756256103516 1.5131171941757202 5.677368640899658 -1.0549695491790771 0.9999
Car 1 1 1 537.95361328125 178.23194885253906 620.131103515625 232.56161499023438 4.353536128997803 1.4624356031417847 1.6768062114715576 -1.1094918251037598 1.6448338031768799 22.196256637573242 -1.8175021409988403 0.9988
Car 1 1 1 206.17617797851562 177.17503356933594 333.13385009765625 267.43804931640625 4.299755573272705 1.8015064001083374 1.7180651426315308 -7.82155179977417 1.9160373210906982 16.896778106689453 1.3701990842819214 0.9985
Pedestrian 1 1 1 719.1970825195312 155.81163024902344 767.6881103515625 234.84764099121094 1.0019792318344116 1.8637462854385376 0.8077818751335144 3.191685676574707 1.4615706205368042 17.604265213012695 1.3041716814041138 0.9980
Car 1 1 1 311.5721740722656 184.13734436035156 363.8997802734375 227.3683319091797 3.367704153060913 1.4845356941223145 1.4797985553741455 -10.369697570800781 1.9431614875793457 27.535078048706055 1.3293708562850952 0.9942
