Car 1 1 1 740.6634521484375 178.37623596191406 874.6707763671875 263.5782470703125 4.352074146270752 1.4404124021530151 1.6773196458816528 3.7661874294281006 1.569413423538208 14.689284324645996 -1.5342577695846558 1.0000
Cyclist 1 1 1 837.5160522460938 167.28634643554688 894.9505004882812 218.0580596923828 1.7714297771453857 1.6420204639434814 0.792672336101532 8.452884674072266 1.4616554975509644 23.991600036621094 -2.81972336769104 0.9995
Pedestrian 1 1 1 494.5632629394531 172.95562744140625 509.6593322753906 214.88909912109375 0.5648302435874939 1.7239621877670288 0.7474191784858704 -4.534146785736084 1.7279505729675293 30.05789566040039 -0.06888425350189209 0.9983
Car 1 1 1 813.1907958984375 165.6416473388672 880.8604125976562 190.96409606933594 4.007796764373779 1.603082537651062 1.6804324388504028 15.315678596496582 1.1461910009384155 46.89933395385742 -2.9418625831604004 0.9907
Car 1 1 1 629.5719604492188 174.501708984375 695.4834594726562 200.12899780273438 3.7844619750976562 1.5390092134475708 1.6220135688781738 3.244744300842285 1.6449872255325317 45.03202438354492 -3.558145046234131 0.9741
Car 1 1 1 969.6216430664062 166.23031616210938 1049.2733154296875 189.5936279296875 4.077579498291016 1.4123518466949463 1.5599699020385742 24.749248504638672 1.0116389989852905 44.89567184448242 0.2597506046295166 0.7927
Car 1 1 1 1160.5521240234375 157.55575561523438 1241.0 184.37167358398438 4.049513339996338 1.5309014320373535 1.6396740674972534 35.06993103027344 0.6572361588478088 42.41328811645508 -2.933074951171875 0.7805
Car 1 1 1 369.1279602050781 179.78933715820312 443.6397399902344 205.3742218017578 4.120112419128418 1.5303585529327393 1.6596077680587769 -12.597687721252441 1.968435287475586 44.64443588256836 -3.075829029083252 0.5978
Pedestrian 1 1 1 390.0798645019531 148.90916442871094 404.2208557128906 178.8130645751953 0.9568091630935669 1.9299349784851074 0.5700060725212097 -13.93506908416748 0.38428470492362976 47.118614196777344 0.9021075963973999 0.3049
Car 1 1 1 271.8544921875 180.83197021484375 330.5777893066406 204.64646911621094 3.6345438957214355 1.4955848455429077 1.613084077835083 -20.781448364257812 2.0548038482666016 48.622379302978516 -4.378171443939209 0.2597
