Car 1 1 1 846.1109619140625 173.1429443359375 1122.2021484375 325.9236755371094 3.9251325130462646 1.4137316942214966 1.6161139011383057 4.530661582946777 1.4176349639892578 8.589972496032715 -0.7248425483703613 1.0000
Car 1 1 1 786.8305053710938 164.7196807861328 995.6129150390625 269.3175354003906 4.2147016525268555 1.540084719657898 1.7152899503707886 4.998033046722412 1.4200160503387451 12.67410659790039 -0.7359066009521484 0.9999
Car 1 1 1 586.3384399414062 170.47515869140625 650.0787353515625 228.7429962158203 3.6115317344665527 1.5670689344406128 1.7153122425079346 0.1980920284986496 1.5027918815612793 21.224088668823242 -1.5552483797073364 0.9999
Car 1 1 1 238.71070861816406 173.08506774902344 350.8509216308594 225.8383026123047 4.574850082397461 1.670151948928833 1.7884782552719116 -10.872422218322754 1.678658127784729 25.181026458740234 -4.677711009979248 0.9991
Car 1 1 1 330.8636169433594 177.9942169189453 400.068359375 214.87509155273438 3.88411545753479 1.4839012622833252 1.5928215980529785 -10.643617630004883 1.7223923206329346 31.54970359802246 -4.676173210144043 0.9990
Car 1 1 1 386.5771789550781 179.2737274169922 442.4435119628906 209.0819854736328 3.9362266063690186 1.4766216278076172 1.6190388202667236 -10.438089370727539 1.8383283615112305 38.653297424316406 -4.620500564575195 0.9919
Car 1 1 1 976.9371337890625 180.3016357421875 1241.0 374.0 3.9083430767059326 1.381359338760376 1.5981067419052124 4.078413963317871 1.4515115022659302 4.928290367126465 -0.7284943461418152 0.9871
Car 1 1 1 670.1973266601562 168.5857391357422 774.4215087890625 215.59033203125 4.205417156219482 1.61453378200531 1.699981451034546 4.202805042266846 1.4676260948181152 26.877517700195312 -0.7921767830848694 0.9863
Car 1 1 1 702.007080078125 145.69821166992188 863.1907958984375 230.8190155029297 4.93678092956543 2.043895959854126 1.7621387243270874 4.754647254943848 1.391539216041565 19.626007080078125 -0.7284128665924072 0.4821
Car 1 1 1 657.998046875 169.8854217529297 717.8745727539062 195.7708282470703 3.9514217376708984 1.5155569314956665 1.655977487564087 4.784475326538086 1.3414499759674072 44.26813507080078 -0.8388525247573853 0.4403
