Car 1 1 1 125.51080322265625 182.85484313964844 369.0544738769531 327.9207458496094 3.5013439655303955 1.419559121131897 1.5517033338546753 -4.703670978546143 1.5688384771347046 9.0465669631958 -2.41206431388855 1.0000
Car 1 1 1 917.3236083984375 176.88973999023438 1131.7301025390625 258.3650817871094 3.9320216178894043 1.7061498165130615 1.721701741218567 9.20395565032959 1.8028556108474731 16.27912139892578 -0.10609185695648193 1.0000
Car 1 1 1 334.85858154296875 181.3048858642578 488.1626892089844 249.9874725341797 3.9507863521575928 1.373297929763794 1.5688151121139526 -4.754073619842529 1.5921716690063477 16.804859161376953 -2.404818296432495 1.0000
Car 1 1 1 0.0 188.36785888671875 213.09011840820312 374.0 3.564328670501709 1.376063346862793 1.526078224182129 -4.849817752838135 1.5467547178268433 6.15397310256958 -2.357607841491699 0.9999
Pedestrian 1 1 1 738.4384155273438 181.61729431152344 771.4993896484375 246.2808380126953 1.0925878286361694 1.5443037748336792 0.7429635524749756 3.548663377761841 1.7696261405944824 17.984661102294922 -1.4325801134109497 0.9999
Car 1 1 1 583.023193359375 183.00100708007812 640.230712890625 227.77500915527344 3.3733723163604736 1.350366234779358 1.769426941871643 0.07243780791759491 1.7157236337661743 24.272991180419922 -1.5213788747787476 0.9998
Car 1 1 1 372.50628662109375 179.94248962402344 498.868896484375 242.06756591796875 3.7862844467163086 1.498741626739502 1.6155823469161987 -4.887776851654053 1.7111945152282715 19.749065399169922 -2.359797477722168 0.9997
Car 1 1 1 100.90631103515625 180.87535095214844 297.2804870605469 264.2506408691406 3.852628231048584 1.4610272645950317 1.5840892791748047 -8.367136001586914 1.6501575708389282 15.034669876098633 -4.5964460372924805 0.9941
Car 1 1 1 435.2513122558594 177.89260864257812 526.1202392578125 218.70396423339844 3.740453004837036 1.4169342517852783 1.5647190809249878 -5.006025791168213 1.6211377382278442 27.400863647460938 -2.3446483612060547 0.9700
Car 1 1 1 946.3107299804688 143.52529907226562 1241.0 374.0 3.7589683532714844 1.8033397197723389 1.6208480596542358 3.8885910511016846 1.6928461790084839 4.640746116638184 -1.638182520866394 0.7024
