Car 1 1 1 648.812255859375 171.6680908203125 687.7401123046875 207.64776611328125 3.935786724090576 1.8314273357391357 1.6070057153701782 3.529085636138916 1.331173300743103 38.555145263671875 -1.6002061367034912 0.9953
Pedestrian 1 1 1 759.5765380859375 165.5791778564453 783.920654296875 220.96078491210938 0.9189563989639282 1.7329003810882568 0.6557540893554688 5.409626483917236 1.2351816892623901 22.971912384033203 -1.4520885944366455 0.9883
Car 1 1 1 0.0 0.0 379.91015625 373.0 4.739747047424316 1.8771708011627197 1.794183611869812 -2.7768092155456543 1.5049018859863281 3.394667625427246 -4.689043998718262 0.9573
Car 1 1 1 276.2043762207031 155.55572509765625 504.0985107421875 337.979736328125 4.20007848739624 1.855867624282837 1.684741497039795 -2.490091323852539 1.5926311016082764 9.42491340637207 -4.69169282913208 0.9257
Pedestrian 1 1 1 518.5138549804688 172.4546661376953 537.6251831054688 204.2373809814453 0.8503591418266296 1.8194812536239624 0.7087252736091614 -4.256618976593018 1.301788091659546 41.665802001953125 -2.4617018699645996 0.6457
Pedestrian 1 1 1 685.5154418945312 169.2938690185547 707.3494873046875 233.69708251953125 0.525499165058136 1.814571499824524 0.7243726849555969 2.6872379779815674 1.4711461067199707 20.60295867919922 -3.147547721862793 0.5400
Pedestrian 1 1 1 529.6541137695312 174.74781799316406 546.108154296875 206.28817749023438 0.9431554079055786 1.8685569763183594 0.5695322155952454 -3.8151612281799316 1.4686405658721924 43.10455322265625 -2.2177884578704834 0.5354
Pedestrian 1 1 1 560.912353515625 182.0684814453125 578.4729614257812 213.33908081054688 0.7746927738189697 1.785037636756897 0.7151938676834106 -1.8336654901504517 1.8183860778808594 41.50782012939453 -2.7171072959899902 0.3400
Cyclist 1 1 1 1110.2943115234375 133.55555725097656 1237.0 337.43963623046875 1.7171025276184082 1.6891999244689941 0.6523309946060181 5.490540504455566 1.2927026748657227 6.869571685791016 -1.234386682510376 0.2441
Pedestrian 1 1 1 514.7452392578125 174.44012451171875 533.0042724609375 205.2499237060547 0.8251357078552246 1.7965196371078491 0.7241801023483276 -4.581062316894531 1.3849749565124512 42.419246673583984 -0.6097221374511719 0.1514
