Car 1 1 1 759.1602172851562 179.9536590576172 885.8330688476562 274.5522155761719 3.500622510910034 1.534488558769226 1.609839677810669 3.845738410949707 1.687509298324585 13.778395652770996 -1.4989514350891113 1.0000
Car 1 1 1 309.5124816894531 172.9191131591797 476.4037780761719 287.4466247558594 4.13677978515625 1.7239662408828735 1.6777533292770386 -3.712287664413452 1.7250231504440308 12.949100494384766 1.5917638540267944 1.0000
Car 1 1 1 473.17047119140625 177.5395965576172 575.2630615234375 241.30113220214844 3.575477361679077 1.5604220628738403 1.5744048357009888 -2.305142641067505 1.7017165422439575 19.873010635375977 -4.448615550994873 0.9998
Car 1 1 1 0.0 193.47828674316406 324.840087890625 374.0 3.2752058506011963 1.4723138809204102 1.4830658435821533 -3.6527817249298096 1.678076148033142 5.568376541137695 -4.708219528198242 0.9998
Car 1 1 1 859.8663940429688 183.04547119140625 1241.0 374.0 3.575352430343628 1.510778546333313 1.6145625114440918 3.6256392002105713 1.6273066997528076 6.476243019104004 -1.5799293518066406 0.9996
Car 1 1 1 636.0513916015625 173.81451416015625 706.5723876953125 214.54432678222656 3.998718738555908 1.5857975482940674 1.6507192850112915 2.606442928314209 1.628780722618103 30.354419708251953 -4.2662529945373535 0.9993
Car 1 1 1 747.8068237304688 180.0530242919922 821.2702026367188 245.2134552001953 4.382346153259277 1.4795938730239868 1.6898205280303955 4.519448280334473 1.6941299438476562 19.214269638061523 -1.363559603691101 0.9988
Car 1 1 1 910.1309204101562 160.544677734375 968.8408203125 197.1573944091797 3.5668270587921143 1.6662625074386597 1.6525639295578003 15.739042282104492 1.1057592630386353 34.724586486816406 -1.4204635620117188 0.9918
Car 1 1 1 746.269775390625 177.95530700683594 855.5767211914062 228.17962646484375 3.638869047164917 1.5209760665893555 1.626477599143982 6.327797889709473 1.7024790048599243 23.960765838623047 -0.6554730534553528 0.2475
Car 1 1 1 265.1272888183594 188.2948455810547 302.2676086425781 205.82940673828125 3.6164958477020264 1.4828526973724365 1.6351697444915771 -29.875324249267578 2.936885356903076 66.11428833007812 -1.522660493850708 0.2007
