Car 1 1 1 1103.471435546875 192.72262573242188 1147.9105224609375 223.70904541015625 4.202014446258545 1.4887157678604126 1.6767698526382446 28.309267044067383 2.644670248031616 39.75853729248047 -4.1676106452941895 0.9656
Car 1 1 1 522.0960083007812 192.02195739746094 549.4525756835938 219.19796752929688 3.9078941345214844 1.5803762674331665 1.6683279275894165 -4.891684055328369 2.879976987838745 46.88783645629883 -1.6984789371490479 0.6861
Car 1 1 1 572.7764892578125 185.3456268310547 630.083984375 214.95730590820312 3.4194376468658447 1.7930103540420532 1.8287057876586914 -0.604230523109436 2.6061830520629883 45.82787322998047 -0.15009808540344238 0.5938
Car 1 1 1 433.4327697753906 187.46531677246094 468.8705749511719 211.1880340576172 3.727257490158081 1.6501542329788208 1.6653016805648804 -12.10897445678711 2.7994346618652344 54.73323059082031 -2.065359115600586 0.5192
Car 1 1 1 927.3170166015625 191.2629852294922 967.56787109375 215.46417236328125 3.8582286834716797 1.5039629936218262 1.610137701034546 23.324520111083984 2.8274028301239014 49.883323669433594 -4.022793769836426 0.4315
Cyclist 1 1 1 1141.1334228515625 189.1211700439453 1197.58935546875 232.6102294921875 1.612117052078247 1.6291491985321045 0.6982611417770386 21.74004554748535 2.277343273162842 28.13304328918457 -2.748570442199707 0.2978
Car 1 1 1 1140.4176025390625 194.563232421875 1219.2099609375 227.12554931640625 3.8518784046173096 1.4713480472564697 1.6008960008621216 29.358556747436523 2.6567444801330566 37.36680603027344 -4.52456521987915 0.2714
Car 1 1 1 189.366455078125 197.4539031982422 219.00965881347656 218.0972900390625 3.690222978591919 1.5221819877624512 1.595415472984314 -33.727535247802734 3.6358025074005127 59.99583053588867 1.2147883176803589 0.1838
Car 1 1 1 1196.985107421875 193.2602996826172 1241.0 229.06842041015625 3.9674782752990723 1.5312496423721313 1.578370451927185 30.351146697998047 2.592684745788574 35.41180419921875 -4.263286590576172 0.1574
Car 1 1 1 1074.7950439453125 190.05001831054688 1105.6474609375 214.40859985351562 3.822018623352051 1.481665849685669 1.5964807271957397 32.41921615600586 2.693741798400879 48.82456588745117 -4.161920547485352 0.1176
Car 1 1 1 1047.974365234375 191.4771270751953 1098.30859375 219.33241271972656 3.877678632736206 1.4796730279922485 1.6054737567901611 27.45641326904297 2.6331112384796143 42.79106903076172 -3.892353057861328 0.1048
