Car 1 1 1 169.91775512695312 199.4757537841797 376.25762939453125 309.7893371582031 4.075619220733643 1.4969122409820557 1.6369035243988037 -5.77418327331543 2.047607898712158 12.862303733825684 -4.668857097625732 1.0000
Car 1 1 1 318.81988525390625 195.7362060546875 430.0444641113281 263.9342041015625 3.7332699298858643 1.422790765762329 1.555442452430725 -5.844794750213623 2.058624505996704 18.184907913208008 1.580504298210144 1.0000
Car 1 1 1 432.5863037109375 190.56703186035156 496.33233642578125 229.8787384033203 4.291672706604004 1.362320899963379 1.6267626285552979 -5.823221683502197 2.1298608779907227 29.11545753479004 -4.69144868850708 1.0000
Car 1 1 1 383.3199462890625 193.0345001220703 465.8452453613281 244.33998107910156 3.9191019535064697 1.3876230716705322 1.585245132446289 -5.855733871459961 2.086632251739502 23.033756256103516 -4.699659824371338 0.9999
Car 1 1 1 810.998046875 159.26499938964844 944.0490112304688 202.7503662109375 4.027446746826172 1.443759560585022 1.6292757987976074 9.112367630004883 0.9922908544540405 24.951025009155273 -3.0500986576080322 0.9997
Car 1 1 1 655.674560546875 176.96670532226562 698.4482421875 212.4966583251953 4.201539516448975 1.6694985628128052 1.7205630540847778 3.2909598350524902 1.8893039226531982 36.50412368774414 -1.5833067893981934 0.9991
Car 1 1 1 474.27227783203125 186.71229553222656 524.421630859375 219.19029235839844 4.132646083831787 1.4756569862365723 1.676996111869812 -5.598874092102051 2.2209627628326416 36.70463562011719 -4.648481845855713 0.9980
Car 1 1 1 1082.3394775390625 142.8410186767578 1187.1495361328125 177.668701171875 3.576707124710083 1.5212806463241577 1.578795075416565 23.43041229248047 0.21000739932060242 32.350162506103516 -0.024657130241394043 0.9841
Car 1 1 1 815.5953979492188 156.6720733642578 929.3680419921875 199.5673828125 3.7109057903289795 1.5735725164413452 1.6415868997573853 9.86043930053711 0.9796544313430786 27.386707305908203 -0.05292344093322754 0.9713
Car 1 1 1 776.5291137695312 165.41586303710938 892.110595703125 204.73800659179688 4.2551188468933105 1.5788193941116333 1.692828893661499 9.205596923828125 1.2798715829849243 29.937685012817383 -0.05750739574432373 0.8948
Car 1 1 1 750.651611328125 168.22268676757812 845.94287109375 203.83294677734375 3.9585022926330566 1.5425076484680176 1.633193850517273 8.322476387023926 1.3415956497192383 32.324256896972656 -3.009660243988037 0.7864
Car 1 1 1 670.6172485351562 176.34278869628906 716.4146728515625 217.50250244140625 4.053873062133789 1.6198415756225586 1.6847083568572998 3.5923924446105957 1.7793529033660889 30.905763626098633 -1.3889331817626953 0.4009
