Car 1 1 1 317.9892883300781 180.5311279296875 400.38836669921875 227.8247833251953 4.48919677734375 1.4781171083450317 1.6963977813720703 -8.815714836120605 1.774806022644043 25.606203079223633 -1.6526755094528198 1.0000
Car 1 1 1 212.34324645996094 166.82984924316406 318.3631591796875 231.24745178222656 4.657130241394043 2.060512065887451 1.6658025979995728 -12.02407455444336 1.8675192594528198 25.43822479248047 -1.6088281869888306 0.9999
Car 1 1 1 33.51297378540039 185.70823669433594 167.7186737060547 233.70181274414062 4.405514240264893 1.442909836769104 1.6818602085113525 -17.572696685791016 1.9298579692840576 25.119144439697266 -1.6062681674957275 0.9999
Car 1 1 1 919.86181640625 139.13169860839844 1241.0 374.0 4.448608875274658 1.7878161668777466 1.7505195140838623 4.183133602142334 1.563016414642334 7.190469264984131 -1.2488362789154053 0.9999
Car 1 1 1 695.151611328125 173.97640991210938 769.9437866210938 214.18763732910156 4.309807777404785 1.3998464345932007 1.6407955884933472 4.516582489013672 1.4457796812057495 27.482181549072266 -1.692929744720459 0.9995
Car 1 1 1 749.2293090820312 167.83078002929688 829.871337890625 212.06959533691406 4.456509113311768 1.5892956256866455 1.7153717279434204 6.855741500854492 1.4085345268249512 28.21352767944336 -1.6543076038360596 0.9993
Car 1 1 1 457.1026611328125 171.0697784423828 498.3063659667969 203.5164031982422 3.6713695526123047 1.361893892288208 1.5717893838882446 -5.891656398773193 1.286704421043396 32.19923782348633 -1.6860222816467285 0.9977
Car 1 1 1 573.3628540039062 165.96018981933594 607.1904907226562 194.1915740966797 4.37197208404541 1.6301623582839966 1.7397000789642334 -1.2849996089935303 1.2317934036254883 43.92612838745117 -1.6716262102127075 0.9790
Car 1 1 1 622.4125366210938 160.53738403320312 648.1339721679688 184.36587524414062 3.7932276725769043 1.7143330574035645 1.7179913520812988 1.8901700973510742 0.8279170989990234 53.87651824951172 1.6601911783218384 0.7775
Car 1 1 1 0.0 182.2339630126953 79.5481185913086 228.10365295410156 4.28567361831665 1.4941545724868774 1.692404866218567 -21.295745849609375 1.8338000774383545 25.051166534423828 -0.12095785140991211 0.4263
Car 1 1 1 0.0 0.0 1241.0 374.0 3.837712526321411 1.524422287940979 1.6407727003097534 2.651695489883423 1.8742005825042725 2.081937313079834 -1.1304142475128174 0.1991
Car 1 1 1 1034.9952392578125 141.05703735351562 1144.2474365234375 176.07217407226562 4.083673000335693 1.605668544769287 1.733814001083374 22.561311721801758 0.14727401733398438 34.086448669433594 -0.06582009792327881 0.1206
