Car 1 1 1 732.0180053710938 183.01466369628906 932.9813842773438 310.4042053222656 4.053372859954834 1.4091442823410034 1.6312289237976074 2.8480753898620605 1.5829105377197266 10.332930564880371 -1.5691916942596436 1.0000
Car 1 1 1 0.0 203.37351989746094 173.7379608154297 277.36309814453125 4.02060079574585 1.3758680820465088 1.6100876331329346 -11.738398551940918 2.05709171295166 15.158422470092773 -0.07533097267150879 1.0000
Car 1 1 1 708.5696411132812 177.51907348632812 822.3915405273438 259.3812255859375 3.710136890411377 1.4754269123077393 1.6105482578277588 3.049569845199585 1.5846697092056274 15.079790115356445 -1.5608760118484497 0.9999
Car 1 1 1 663.540771484375 176.79029846191406 716.1720581054688 216.4086151123047 3.978256940841675 1.4458885192871094 1.6320708990097046 3.06185245513916 1.6131571531295776 28.722448348999023 -1.5761550664901733 0.9998
Car 1 1 1 407.2125549316406 186.40966796875 466.22021484375 224.4911346435547 3.7417562007904053 1.4359281063079834 1.5692838430404663 -7.272548198699951 2.042349338531494 30.418399810791016 -4.705832481384277 0.9932
Car 1 1 1 597.9329223632812 176.3136444091797 625.8118896484375 202.23487854003906 3.785964250564575 1.4985326528549194 1.6314022541046143 0.08138332515954971 1.7188527584075928 44.11562728881836 -1.566429615020752 0.9891
Car 1 1 1 653.1766357421875 178.0576171875 692.769775390625 213.00048828125 3.91616153717041 1.5355277061462402 1.6621955633163452 2.89638614654541 1.7967795133590698 34.28261184692383 -1.537876009941101 0.9479
Car 1 1 1 464.7255554199219 180.61907958984375 521.0423583984375 207.51751708984375 3.9837756156921387 1.5020891427993774 1.631456971168518 -7.064065933227539 1.9950683116912842 43.685298919677734 -4.363701820373535 0.9418
Pedestrian 1 1 1 717.6339721679688 169.71514892578125 733.4501342773438 209.59971618652344 0.7497484087944031 1.5205492973327637 0.5605979561805725 4.431490898132324 1.4005846977233887 27.93462562561035 -1.3513864278793335 0.7632
Car 1 1 1 639.2965087890625 174.97268676757812 680.5816040039062 198.67103576660156 4.097192764282227 1.6165661811828613 1.6863749027252197 3.6008729934692383 1.7749614715576172 51.83015441894531 -1.1604106426239014 0.6101
Car 1 1 1 431.49981689453125 184.23997497558594 490.3428955078125 218.2431640625 4.008657932281494 1.5219149589538574 1.6332308053970337 -7.3585052490234375 2.119445323944092 35.79096984863281 -4.581027030944824 0.4899
Car 1 1 1 208.2404327392578 176.791259765625 282.3682556152344 201.79730224609375 3.722747564315796 1.4888964891433716 1.6208617687225342 -22.287635803222656 1.733985185623169 44.10209274291992 0.03086864948272705 0.3364
