Car 1 1 1 126.6485366821289 187.117919921875 316.8578796386719 258.38946533203125 3.282381057739258 1.429029107093811 1.5120750665664673 -8.313370704650879 1.7510725259780884 15.53972053527832 -3.1476426124572754 0.9999
Cyclist 1 1 1 0.0 170.7533416748047 72.06105041503906 255.93174743652344 1.9177360534667969 1.7948246002197266 0.5176244974136353 -13.047595024108887 1.7502610683441162 16.173416137695312 1.5253413915634155 0.9999
Car 1 1 1 243.93177795410156 181.30596923828125 383.85858154296875 235.02369689941406 3.463931083679199 1.4947097301483154 1.5246456861495972 -8.627010345458984 1.7503283023834229 21.08261489868164 -3.143098831176758 0.9990
Car 1 1 1 281.9226989746094 178.06246948242188 414.65826416015625 228.28607177734375 3.8442413806915283 1.6066850423812866 1.6234071254730225 -8.705924987792969 1.7861895561218262 24.081331253051758 -3.1497156620025635 0.9933
Car 1 1 1 349.306640625 175.95753479003906 455.4248962402344 215.29449462890625 3.851104259490967 1.5525277853012085 1.6449494361877441 -8.479425430297852 1.682963252067566 29.505983352661133 -3.1070144176483154 0.9930
Pedestrian 1 1 1 968.2239379882812 146.8711700439453 1011.0228271484375 225.2532501220703 0.9178829789161682 1.9274388551712036 0.6748054623603821 9.530441284179688 1.2882133722305298 18.239166259765625 -1.449712872505188 0.9910
Car 1 1 1 374.8780822753906 178.537109375 468.048828125 216.40257263183594 3.7422170639038086 1.6450538635253906 1.6549458503723145 -8.497729301452637 1.9082905054092407 32.540863037109375 -3.092528820037842 0.9228
Car 1 1 1 456.48040771484375 178.1905059814453 501.3815612792969 204.93663024902344 3.9949913024902344 1.5221524238586426 1.6282049417495728 -8.084980010986328 1.8637065887451172 44.071449279785156 1.1028565168380737 0.7171
Car 1 1 1 316.3477783203125 181.2277069091797 437.22613525390625 224.2030792236328 3.9415221214294434 1.5047821998596191 1.6499781608581543 -8.650949478149414 1.8276695013046265 26.76700210571289 0.13409674167633057 0.5905
Car 1 1 1 199.7577362060547 173.72117614746094 300.8435974121094 206.69174194335938 3.879788398742676 1.4793307781219482 1.6189346313476562 -16.599618911743164 1.520146369934082 33.315635681152344 -3.097355842590332 0.1282
