Car 1 1 1 683.8123168945312 176.5498504638672 807.7844848632812 271.1597900390625 3.5800678730010986 1.592401385307312 1.6936181783676147 2.4453518390655518 1.6735010147094727 14.088383674621582 -1.586536169052124 1.0000
Car 1 1 1 336.7008056640625 185.26113891601562 452.37664794921875 259.1567077636719 3.795503854751587 1.5215998888015747 1.6066256761550903 -5.099170207977295 1.8535140752792358 17.409406661987305 1.5869909524917603 1.0000
Cyclist 1 1 1 534.6329956054688 176.21664428710938 558.871337890625 215.8311309814453 1.7598401308059692 1.7590720653533936 0.821914553642273 -2.929717779159546 1.9173015356063843 33.10541534423828 -4.629148483276367 0.9997
Cyclist 1 1 1 523.1019897460938 176.55955505371094 539.8734741210938 218.0711669921875 1.915416955947876 1.8104562759399414 0.6634662747383118 -3.580235719680786 1.982686996459961 32.61878967285156 1.5105830430984497 0.9990
Car 1 1 1 464.4635009765625 182.36827087402344 518.7449951171875 218.80946350097656 4.178279399871826 1.5215243101119995 1.6838207244873047 -5.436993598937988 1.988936424255371 33.351341247558594 -4.675546646118164 0.9931
Car 1 1 1 632.2276611328125 175.91139221191406 658.9810791015625 198.635986328125 3.719964027404785 1.6308084726333618 1.694434404373169 2.6807265281677246 1.8687427043914795 54.265228271484375 -1.4343591928482056 0.9520
Pedestrian 1 1 1 683.6459350585938 169.37474060058594 700.014892578125 200.3189239501953 0.7116109728813171 1.593142032623291 0.6336700320243835 4.218839168548584 1.4137147665023804 37.571842193603516 -1.824406385421753 0.8916
Car 1 1 1 0.0 192.03875732421875 139.26698303222656 374.0 3.6420040130615234 1.6044389009475708 1.621238350868225 -4.400543212890625 1.7541683912277222 3.761965274810791 -1.6518224477767944 0.7763
Car 1 1 1 0.0 188.6260223388672 315.6820983886719 374.0 3.632317066192627 1.5940830707550049 1.61468505859375 -2.9433982372283936 1.7199146747589111 3.8550000190734863 -1.7186203002929688 0.5759
Cyclist 1 1 1 549.7027587890625 175.91024780273438 557.8126831054688 202.9803466796875 1.9094996452331543 1.7291775941848755 0.47826212644577026 -3.712757110595703 1.9332058429718018 47.27376937866211 1.5206791162490845 0.5566
