Car 1 1 1 32.00306701660156 190.532958984375 232.32745361328125 269.3719787597656 4.0753302574157715 1.4212299585342407 1.621092438697815 -10.375242233276367 1.8638736009597778 16.006986618041992 -4.668838977813721 1.0000
Car 1 1 1 559.3848266601562 173.55145263671875 762.9639892578125 363.42779541015625 3.5223116874694824 1.5705169439315796 1.700217366218567 0.4859132468700409 1.5795109272003174 7.798171043395996 -1.5001130104064941 1.0000
Car 1 1 1 718.83056640625 169.69036865234375 846.0657958984375 227.85890197753906 4.038326740264893 1.5742952823638916 1.7052093744277954 5.1565117835998535 1.4883737564086914 21.514352798461914 -0.7348558306694031 0.9999
Car 1 1 1 400.3400573730469 175.47677612304688 456.4433898925781 209.78074645996094 4.11985969543457 1.7199833393096924 1.6939795017242432 -9.681798934936523 1.867768406867981 38.620174407958984 -4.635851860046387 0.9995
Car 1 1 1 353.7711181640625 179.72471618652344 426.1665954589844 216.6808624267578 4.407558441162109 1.497648000717163 1.683882474899292 -9.791804313659668 1.826564073562622 32.3246955871582 -4.655107021331787 0.9964
Car 1 1 1 687.0426635742188 171.70513916015625 768.3320922851562 207.38096618652344 3.6015465259552 1.5186874866485596 1.5777126550674438 5.276312828063965 1.469481348991394 32.4424934387207 -0.6600244045257568 0.9891
Car 1 1 1 506.35797119140625 177.251220703125 543.9133911132812 200.79800415039062 4.061343193054199 1.4310672283172607 1.6623210906982422 -5.477792739868164 1.7282286882400513 46.721248626708984 -4.6345319747924805 0.9661
Car 1 1 1 232.55685424804688 177.61769104003906 324.30999755859375 216.361572265625 3.649282693862915 1.5386589765548706 1.585576057434082 -14.244608879089355 1.7568238973617554 31.11526107788086 -4.4239301681518555 0.9432
Car 1 1 1 667.80126953125 172.0762481689453 741.454833984375 202.0592803955078 4.064335346221924 1.5377720594406128 1.6734561920166016 5.108664035797119 1.4975823163986206 38.9720573425293 -0.716683030128479 0.7859
Car 1 1 1 593.5133056640625 175.37884521484375 664.1207275390625 231.7955322265625 3.52168345451355 1.4288760423660278 1.5301645994186401 0.39713743329048157 1.5059183835983276 20.270448684692383 1.4647103548049927 0.5001
