Car 1 1 1 718.8748168945312 183.35372924804688 922.5222778320312 313.4905700683594 4.133937358856201 1.460951805114746 1.6503111124038696 2.7309935092926025 1.6443078517913818 10.529230117797852 -1.6017935276031494 1.0000
Car 1 1 1 647.4794921875 176.0482635498047 689.6077880859375 208.6082305908203 3.5312581062316895 1.4091707468032837 1.5990334749221802 2.6135151386260986 1.5644172430038452 33.35625076293945 -1.588487148284912 0.9998
Car 1 1 1 831.34033203125 172.46743774414062 1241.0 374.0 3.754620313644409 1.5600275993347168 1.6426784992218018 2.7114081382751465 1.558303713798523 4.546256065368652 -1.5572181940078735 0.9998
Car 1 1 1 0.0 190.3888397216797 199.3154754638672 358.3431396484375 3.770211696624756 1.4453401565551758 1.5855417251586914 -6.524234771728516 1.643926739692688 7.2899274826049805 -3.0872349739074707 0.9992
Car 1 1 1 671.7857055664062 170.81991577148438 750.1642456054688 234.72430419921875 3.3726749420166016 1.597365379333496 1.5682750940322876 2.6232216358184814 1.5462212562561035 19.746938705444336 -1.6037434339523315 0.9964
Car 1 1 1 419.1864929199219 174.7139129638672 520.3006591796875 209.9197540283203 4.069790363311768 1.4504084587097168 1.6478372812271118 -5.961922645568848 1.5319901704788208 30.796648025512695 -0.07214057445526123 0.9937
Car 1 1 1 274.2713928222656 178.8979949951172 461.2908630371094 240.2546844482422 4.172130107879639 1.4515727758407593 1.659529685974121 -6.096864223480225 1.6126083135604858 18.263444900512695 0.0815504789352417 0.9813
Car 1 1 1 337.0904541015625 160.66464233398438 459.2436828613281 206.20201110839844 3.4757306575775146 1.4120463132858276 1.5405675172805786 -6.781436443328857 1.033772349357605 23.16250991821289 -3.1522083282470703 0.9763
Car 1 1 1 393.9692687988281 174.42320251464844 501.1233215332031 215.58287048339844 3.8758583068847656 1.5846312046051025 1.653710961341858 -6.4529805183410645 1.6486917734146118 28.719640731811523 0.024494051933288574 0.9418
Car 1 1 1 330.1083679199219 178.0985107421875 472.3522033691406 231.94668579101562 3.671079635620117 1.4561586380004883 1.5997605323791504 -6.089847564697266 1.6173454523086548 20.98459815979004 0.2522681951522827 0.8307
Car 1 1 1 330.694091796875 160.14801025390625 365.8825988769531 182.31509399414062 4.215847015380859 1.5166316032409668 1.6677073240280151 -18.784814834594727 0.6470097899436951 51.61000442504883 1.0508822202682495 0.1487
