Car 1 1 1 1019.3545532226562 161.95404052734375 1182.0888671875 220.6646728515625 4.188587665557861 1.481336236000061 1.6876914501190186 13.529093742370605 1.2060177326202393 20.311086654663086 1.5568357706069946 0.9999
Car 1 1 1 673.4576416015625 170.23764038085938 783.6329345703125 212.86756896972656 4.239528656005859 1.64680016040802 1.7420361042022705 4.63192892074585 1.5454299449920654 28.935928344726562 0.09236621856689453 0.9992
Car 1 1 1 446.85174560546875 171.61517333984375 543.0745849609375 206.8577880859375 4.113348007202148 1.576553225517273 1.688345193862915 -5.291865348815918 1.5208351612091064 33.23412322998047 0.055341482162475586 0.9979
Car 1 1 1 252.0298309326172 176.4326171875 452.69915771484375 240.73513793945312 4.211136341094971 1.453741431236267 1.65139901638031 -6.094231128692627 1.543203592300415 17.252395629882812 -3.1511733531951904 0.9978
Car 1 1 1 59.62596893310547 178.7164764404297 343.3663635253906 278.301025390625 3.830937147140503 1.5105946063995361 1.6224976778030396 -6.6969709396362305 1.6150718927383423 11.974556922912598 -3.083483934402466 0.9970
Car 1 1 1 0.0 159.69381713867188 293.8198547363281 327.6712646484375 4.466038703918457 1.835565209388733 1.7539262771606445 -6.537078380584717 1.691457986831665 8.813036918640137 -3.164766311645508 0.9964
Car 1 1 1 210.01800537109375 163.06854248046875 417.6736755371094 248.8944854736328 3.6345858573913574 1.6704151630401611 1.6040059328079224 -6.070947170257568 1.479662537574768 14.917201042175293 0.040004611015319824 0.9963
Car 1 1 1 0.0 182.55715942382812 127.5432357788086 374.0 3.7966599464416504 1.544470191001892 1.627472996711731 -6.882927417755127 1.6447787284851074 6.510368824005127 -3.226060390472412 0.9921
Car 1 1 1 971.8040161132812 168.2764892578125 1044.6558837890625 204.53805541992188 3.2609634399414062 1.4678117036819458 1.470077633857727 16.914794921875 1.2822210788726807 30.878679275512695 -1.5102684497833252 0.9913
Car 1 1 1 1086.218994140625 143.4828338623047 1241.0 274.5301513671875 4.304714202880859 2.013813018798828 1.8950291872024536 10.997845649719238 1.562164306640625 13.28977108001709 -1.5149935483932495 0.9890
