Car 1 1 1 378.0795593261719 183.3952178955078 438.7598876953125 219.33172607421875 3.7819020748138428 1.427522897720337 1.624348521232605 -8.407496452331543 1.355364203453064 30.46922492980957 -1.599900722503662 0.9999
Car 1 1 1 438.8112487792969 177.74989318847656 528.5416870117188 241.14161682128906 4.162993907928467 1.5875979661941528 1.6922285556793213 -3.389439821243286 1.4007800817489624 20.10649299621582 -1.5441683530807495 0.9999
Car 1 1 1 555.379150390625 181.61080932617188 612.5939331054688 226.76295471191406 3.2551398277282715 1.4558308124542236 1.808782696723938 -0.8004069328308105 1.3397562503814697 24.82276725769043 -1.5513449907302856 0.9999
Car 1 1 1 222.96514892578125 178.68617248535156 361.0514221191406 248.8538360595703 3.8919801712036133 1.5914926528930664 1.679438591003418 -7.896034240722656 1.443552017211914 18.28327178955078 -1.5299034118652344 0.9999
Car 1 1 1 492.16943359375 182.44590759277344 537.7474365234375 216.44677734375 3.742357015609741 1.4949889183044434 1.62425696849823 -4.300041675567627 1.3733606338500977 33.482887268066406 -1.5655524730682373 0.9977
Car 1 1 1 0.0 184.99266052246094 363.0126037597656 375.0 3.9421207904815674 1.6137489080429077 1.6745673418045044 -3.308861017227173 1.6129050254821777 5.213431358337402 -1.5895965099334717 0.9976
Car 1 1 1 338.67327880859375 178.3716278076172 394.739501953125 207.83316040039062 3.910210609436035 1.5022538900375366 1.6569395065307617 -12.907754898071289 1.1534302234649658 38.62134552001953 1.5849374532699585 0.9692
Car 1 1 1 204.1280059814453 179.98150634765625 350.70672607421875 225.5180206298828 4.207176685333252 1.4887512922286987 1.6992191076278687 -11.19335651397705 1.3177845478057861 24.4792423248291 -0.061489224433898926 0.8506
Car 1 1 1 520.2297973632812 179.18319702148438 554.771240234375 202.93179321289062 3.8007466793060303 1.4587435722351074 1.6146053075790405 -4.48856782913208 1.0883584022521973 46.10405349731445 -1.5058748722076416 0.3492
Cyclist 1 1 1 730.1338500976562 142.22857666015625 759.0307006835938 183.7418975830078 1.7189275026321411 1.724672555923462 0.44916707277297974 5.8112077713012695 -0.06483742594718933 30.814891815185547 -1.8807218074798584 0.3059
