Car 1 1 1 742.8394165039062 178.73130798339844 876.3787841796875 265.1024169921875 4.362766742706299 1.4516874551773071 1.6729753017425537 3.793057918548584 1.5887229442596436 14.644515037536621 -1.527309536933899 1.0000
Cyclist 1 1 1 835.7562866210938 171.32777404785156 894.1946411132812 220.8796844482422 1.8052575588226318 1.6023072004318237 0.8318411111831665 8.438122749328613 1.5526552200317383 24.033447265625 -2.789267063140869 0.9999
Pedestrian 1 1 1 493.6917724609375 172.88975524902344 510.33233642578125 213.9285125732422 0.5404846668243408 1.683267593383789 0.7913138270378113 -4.529932975769043 1.6844741106033325 30.003917694091797 0.04828596115112305 0.9986
Car 1 1 1 816.010986328125 165.94459533691406 883.1835327148438 193.1865234375 3.979689836502075 1.7232130765914917 1.6877232789993286 15.476861000061035 1.2858521938323975 46.88294982910156 -2.9308862686157227 0.9908
Car 1 1 1 629.2859497070312 174.35031127929688 698.5857543945312 200.25680541992188 4.035147666931152 1.554094672203064 1.6503251791000366 3.3425538539886475 1.6506669521331787 45.092193603515625 -3.5918097496032715 0.9487
Car 1 1 1 1160.5135498046875 157.58375549316406 1241.0 184.40029907226562 4.0570902824401855 1.5309255123138428 1.6341054439544678 35.06827163696289 0.6588647365570068 42.410552978515625 -2.933349609375 0.7803
Car 1 1 1 271.23114013671875 182.5336456298828 328.8622741699219 206.75949096679688 3.5886261463165283 1.5091463327407837 1.5878480672836304 -20.79094886779785 2.185121774673462 48.459232330322266 -4.399380207061768 0.5207
Car 1 1 1 78.40231323242188 186.88844299316406 151.86553955078125 213.41029357910156 3.8733136653900146 1.506542444229126 1.6071858406066895 -30.915340423583984 2.4240760803222656 45.1599006652832 -4.576328277587891 0.4518
Car 1 1 1 367.6506652832031 180.5535888671875 441.15618896484375 205.50193786621094 4.050258159637451 1.4836283922195435 1.6353572607040405 -12.706135749816895 1.9699995517730713 44.575679779052734 -3.0337302684783936 0.2940
Pedestrian 1 1 1 390.4960632324219 148.5614776611328 400.74859619140625 178.79638671875 0.9322524666786194 1.9543848037719727 0.6296650171279907 -14.0532865524292 0.3838154077529907 47.178924560546875 1.268478274345398 0.2053
Car 1 1 1 110.53264617919922 176.87171936035156 207.76324462890625 208.13587951660156 4.071035385131836 1.5053365230560303 1.6432758569717407 -23.36722183227539 1.7260619401931763 37.49949264526367 -4.300947189331055 0.1258
Car 1 1 1 307.9728698730469 188.83236694335938 362.2405700683594 212.5823974609375 3.5842323303222656 1.521162748336792 1.5817264318466187 -19.04814338684082 2.660545825958252 49.895259857177734 -2.6277589797973633 0.1227
