Car 1 1 1 374.5618591308594 193.52894592285156 497.2413024902344 282.03839111328125 4.208895683288574 1.3944392204284668 1.6247366666793823 -3.3713905811309814 1.8710353374481201 14.504927635192871 1.5265322923660278 1.0000
Car 1 1 1 207.01895141601562 196.8355255126953 373.3282775878906 295.4352111816406 3.689763069152832 1.4554972648620605 1.5839544534683228 -5.794215202331543 1.9641227722167969 13.437570571899414 1.5314828157424927 1.0000
Cyclist 1 1 1 825.1149291992188 177.09449768066406 956.9727783203125 301.31011962890625 1.6221716403961182 1.58047354221344 0.7046477794647217 3.758931875228882 1.64179265499115 9.854191780090332 -2.7575325965881348 1.0000
Car 1 1 1 0.0 203.69671630859375 285.1188049316406 356.27996826171875 3.5331573486328125 1.4464962482452393 1.5288121700286865 -5.787929058074951 1.9220378398895264 9.346867561340332 -4.7372307777404785 1.0000
Cyclist 1 1 1 787.0596923828125 182.94418334960938 905.5428466796875 287.5382995605469 1.7211451530456543 1.562232255935669 0.571917712688446 3.618281364440918 1.7269617319107056 11.334066390991211 -2.921450138092041 1.0000
Car 1 1 1 493.8270263671875 185.26853942871094 544.1583251953125 227.78591918945312 3.9842989444732666 1.4914780855178833 1.625296950340271 -3.57033371925354 2.0164761543273926 28.510562896728516 -4.748179912567139 0.9995
Car 1 1 1 635.17041015625 179.7670135498047 725.0604248046875 215.02281188964844 3.99607253074646 1.5861667394638062 1.683670163154602 3.1875829696655273 1.9177032709121704 33.72669219970703 -0.033522725105285645 0.9985
Car 1 1 1 349.2408142089844 190.1100311279297 443.6144104003906 249.09286499023438 4.199315547943115 1.422071933746338 1.5554783344268799 -6.0531511306762695 1.968637466430664 20.750402450561523 1.5490871667861938 0.9945
Car 1 1 1 614.2561645507812 178.4974365234375 676.11962890625 204.45407104492188 3.9966495037078857 1.6570484638214111 1.690758228302002 2.3006341457366943 2.036034345626831 47.49496078491211 0.0779799222946167 0.9906
Car 1 1 1 1125.3521728515625 163.66407775878906 1241.0 258.7010803222656 3.6429247856140137 1.5732828378677368 1.5818729400634766 11.463517189025879 1.420849084854126 12.82265853881836 -3.189927577972412 0.9658
Pedestrian 1 1 1 174.16929626464844 180.41384887695312 222.99484252929688 275.3213806152344 0.6147609949111938 1.8658486604690552 0.7035285234451294 -8.374811172485352 2.022585868835449 14.616291999816895 1.3681949377059937 0.9004
