Car 1 1 1 125.74698638916016 201.176513671875 275.3006896972656 272.5505065917969 4.133142471313477 1.395254135131836 1.6264885663986206 -10.037322044372559 2.155543565750122 17.48958969116211 -2.5011096000671387 1.0000
Car 1 1 1 611.287841796875 181.3922576904297 686.6519775390625 234.89309692382812 4.291090965270996 1.359890103340149 1.616045594215393 0.9909567832946777 1.6372507810592651 21.25471305847168 1.4809554815292358 1.0000
Car 1 1 1 531.5006713867188 179.063232421875 587.867431640625 230.79104614257812 3.572556257247925 1.4100420475006104 1.5483219623565674 -1.6472809314727783 1.614924430847168 21.979354858398438 1.4552158117294312 0.9988
Car 1 1 1 192.09796142578125 182.3107147216797 298.5926513671875 221.9772491455078 4.008880138397217 1.6765092611312866 1.6239261627197266 -16.31401252746582 2.1173813343048096 32.383052825927734 -3.3888683319091797 0.9959
Car 1 1 1 0.0 195.45761108398438 50.174259185791016 242.32330322265625 3.9313085079193115 1.4949743747711182 1.6333394050598145 -22.264385223388672 2.3966355323791504 26.84370231628418 -2.3792884349823 0.9933
Car 1 1 1 127.52286529541016 187.9195556640625 225.88418579101562 218.8638458251953 3.9191763401031494 1.4358859062194824 1.611391305923462 -21.58354377746582 2.214557647705078 36.020694732666016 -3.404181957244873 0.7664
Car 1 1 1 676.7656860351562 147.16859436035156 779.6551513671875 186.10804748535156 3.922344923019409 1.5222803354263306 1.6296709775924683 4.82184362411499 0.5178475379943848 29.68208885192871 -2.767832040786743 0.7072
Car 1 1 1 287.2492980957031 175.382568359375 527.562744140625 301.3570251464844 4.6232991218566895 1.8772108554840088 1.7952020168304443 -3.821322441101074 1.9299018383026123 12.979537010192871 -2.4696004390716553 0.6979
Car 1 1 1 691.044677734375 138.66050720214844 768.41943359375 166.24288940429688 4.154757499694824 1.5113495588302612 1.6673918962478638 6.9538469314575195 -0.40463685989379883 42.27676010131836 -2.5482802391052246 0.5558
Car 1 1 1 496.64886474609375 170.4758758544922 576.3914184570312 202.8030548095703 3.6140081882476807 1.4998482465744019 1.5851504802703857 -3.624527931213379 1.389212727546692 35.06990432739258 -2.6148815155029297 0.4743
Pedestrian 1 1 1 950.5377807617188 151.01617431640625 996.06396484375 233.87913513183594 0.7582396268844604 1.7035349607467651 0.46530628204345703 7.6234283447265625 1.25428307056427 15.264049530029297 1.276145100593567 0.3858
