Pedestrian 1 1 1 920.4373168945312 151.223876953125 1023.4296264648438 314.01763916015625 0.9357830882072449 1.679063320159912 0.6836634278297424 3.947540044784546 1.3775283098220825 7.780243873596191 -7.793493747711182 0.9038
Pedestrian 1 1 1 696.6786499023438 125.04263305664062 803.193115234375 356.82476806640625 0.8739184737205505 1.8794634342193604 0.6618700623512268 1.1875076293945312 1.430208444595337 6.21169900894165 -4.85070276260376 0.6396
Cyclist 1 1 1 622.2708129882812 159.974853515625 665.5336303710938 207.62945556640625 1.8465944528579712 1.7273544073104858 0.5768911242485046 1.4126756191253662 0.9836206436157227 26.543142318725586 -8.48885440826416 0.5065
Pedestrian 1 1 1 349.46307373046875 146.7015838623047 377.61480712890625 206.57058715820312 0.9207870364189148 1.9708104133605957 0.7139965295791626 -8.14220905303955 0.8584809899330139 23.772010803222656 -4.822551250457764 0.3146
Pedestrian 1 1 1 342.0315246582031 154.2526092529297 358.2679138183594 195.78904724121094 0.6725426912307739 1.7763774394989014 0.6155969500541687 -11.06596851348877 0.6540682315826416 30.644969940185547 -8.126910209655762 0.2919
Car 1 1 1 149.9765625 154.28964233398438 286.0780334472656 196.40682983398438 4.13569450378418 1.5090138912200928 1.635737657546997 -14.314679145812988 0.5701766014099121 26.262327194213867 -3.1961991786956787 0.2787
Pedestrian 1 1 1 526.577880859375 151.34796142578125 544.8588256835938 193.21905517578125 0.6912548542022705 1.8616963624954224 0.7000744342803955 -3.1367721557617188 0.5657163858413696 31.814481735229492 -4.6174445152282715 0.2120
Cyclist 1 1 1 554.1580810546875 143.97726440429688 571.6255493164062 185.98056030273438 1.581907033920288 1.7670649290084839 0.5515733361244202 -1.8547803163528442 0.2307755947113037 30.57407569885254 -4.901953220367432 0.1884
Car 1 1 1 0.0 152.6277313232422 71.00096130371094 200.4370574951172 4.188886642456055 1.5365594625473022 1.6722583770751953 -20.621421813964844 0.6410396099090576 23.772884368896484 -3.037715435028076 0.1806
Pedestrian 1 1 1 102.82469177246094 139.49513244628906 173.87301635742188 250.54783630371094 0.7513952851295471 1.7910698652267456 0.655792772769928 -7.834317684173584 1.130121111869812 11.812679290771484 -6.037906169891357 0.1674
Car 1 1 1 0.0 126.84640502929688 283.33013916015625 369.0 4.160524368286133 1.6508485078811646 1.607240915298462 -3.0355775356292725 1.52314293384552 3.9112491607666016 -4.996419906616211 0.1588
Car 1 1 1 576.1195068359375 169.3682403564453 627.3800048828125 206.54049682617188 3.5866620540618896 1.4171844720840454 1.509798288345337 -0.21921393275260925 0.993024468421936 28.85232925415039 -4.884749889373779 0.1367
Car 1 1 1 9.0470609664917 156.17088317871094 123.01509857177734 190.17201232910156 4.078489303588867 1.5777617692947388 1.6786718368530273 -25.70616912841797 0.44899410009384155 33.80024719238281 -6.358737468719482 0.1364
Car 1 1 1 19.48211669921875 175.15689086914062 198.6316680908203 245.07151794433594 4.036308288574219 1.5342988967895508 1.5953854322433472 -12.0906982421875 1.4173860549926758 17.54087257385254 -4.704418659210205 0.1261
Pedestrian 1 1 1 787.452880859375 153.5173797607422 880.4609375 359.60369873046875 0.6975660920143127 1.6940940618515015 0.5754269361495972 1.9173561334609985 1.4727226495742798 6.165969371795654 -4.730021953582764 0.1242
Car 1 1 1 144.82347106933594 183.84320068359375 280.5810852050781 254.4525909423828 3.5630040168762207 1.4831968545913696 1.48412024974823 -9.220436096191406 1.571889877319336 16.858243942260742 -4.788845539093018 0.1233
Pedestrian 1 1 1 951.7595825195312 153.37579345703125 990.6903686523438 216.6849822998047 0.9227821230888367 1.8242461681365967 0.667009174823761 10.741690635681152 1.0429638624191284 20.835535049438477 -4.714216232299805 0.1130
Car 1 1 1 482.2376708984375 153.2599639892578 555.5227661132812 181.37660217285156 3.9892184734344482 1.5694921016693115 1.624407410621643 -4.993244647979736 0.049051884561777115 40.80276107788086 -6.564913749694824 0.1061
Pedestrian 1 1 1 804.8322143554688 160.47987365722656 836.4799194335938 215.7647705078125 0.9387238621711731 1.7166229486465454 0.636762797832489 6.804661273956299 1.0952714681625366 22.45772361755371 -4.830051898956299 0.1016
