Car 1 1 1 710.7431030273438 179.74270629882812 809.5328979492188 240.61627197265625 3.976977586746216 1.4451650381088257 1.7303522825241089 3.894904851913452 1.6512837409973145 19.603443145751953 -4.747032642364502 0.9140
Car 1 1 1 316.7874450683594 180.42965698242188 402.1626892089844 215.9156494140625 3.4584429264068604 1.5683165788650513 1.5241434574127197 -11.522862434387207 1.9267096519470215 33.226139068603516 -3.245499610900879 0.8897
Car 1 1 1 637.7010498046875 179.20269775390625 695.8658447265625 234.11280822753906 3.634557008743286 1.4207990169525146 1.5385303497314453 1.547474980354309 1.6211779117584229 20.953022003173828 -4.6609601974487305 0.8487
Car 1 1 1 245.11293029785156 194.35687255859375 376.024658203125 267.36676025390625 3.832446336746216 1.4563133716583252 1.7011587619781494 -7.40437126159668 2.0377330780029297 17.539390563964844 -8.606039047241211 0.6101
Car 1 1 1 373.1806945800781 170.5920867919922 628.12646484375 308.57958984375 4.673593997955322 1.8509032726287842 1.7928930521011353 -2.054683208465576 1.8202629089355469 11.976758003234863 -8.627312660217285 0.5542
Car 1 1 1 107.67939758300781 187.04901123046875 181.18858337402344 229.5517578125 3.955292224884033 1.4689465761184692 1.6862953901290894 -18.33940887451172 2.06465220451355 28.286916732788086 -5.480384349822998 0.5176
Car 1 1 1 244.4542694091797 182.7163543701172 337.116943359375 212.88829040527344 4.129026412963867 1.4913424253463745 1.5903700590133667 -16.547679901123047 2.0182065963745117 37.4736328125 -3.2912445068359375 0.5104
Car 1 1 1 792.8482055664062 180.12547302246094 936.9048461914062 230.9143524169922 3.949899911880493 1.418705940246582 1.5543464422225952 7.849834442138672 1.6643657684326172 22.546829223632812 -5.590372562408447 0.3718
Car 1 1 1 88.97502899169922 180.7216339111328 144.6386260986328 218.7549285888672 4.018316268920898 1.5592691898345947 1.6115003824234009 -22.275915145874023 1.9353363513946533 32.47185134887695 -5.428332805633545 0.3538
Pedestrian 1 1 1 1214.6436767578125 160.53672790527344 1241.0 226.02508544921875 0.5100257396697998 1.64286470413208 0.5319555401802063 15.85236644744873 1.3335691690444946 18.404857635498047 -3.305894136428833 0.2795
Pedestrian 1 1 1 930.2088012695312 144.6818389892578 982.1740112304688 234.9810028076172 0.9791594743728638 1.9025219678878784 0.7765458226203918 7.483389854431152 1.3086601495742798 15.747457504272461 -4.551990032196045 0.2716
Car 1 1 1 306.07403564453125 183.14210510253906 391.01007080078125 213.83946228027344 3.7759172916412354 1.4307993650436401 1.5423109531402588 -12.865205764770508 1.9545021057128906 35.58186721801758 -6.5053019523620605 0.2603
Pedestrian 1 1 1 1109.6075439453125 157.4990692138672 1158.87060546875 236.279541015625 0.6671568155288696 1.6828709840774536 0.5557238459587097 11.338593482971191 1.3545664548873901 15.69131851196289 -3.142519950866699 0.2313
Pedestrian 1 1 1 1181.89453125 161.0454864501953 1241.0 247.00746154785156 0.6382701396942139 1.6080466508865356 0.6459299325942993 11.518746376037598 1.3868509531021118 13.87030029296875 -3.3137564659118652 0.2027
Pedestrian 1 1 1 1196.6156005859375 170.2470245361328 1241.0 262.4097595214844 0.7323892712593079 1.6017296314239502 0.5872401595115662 11.030152320861816 1.5561223030090332 12.912345886230469 -6.523983478546143 0.1948
Pedestrian 1 1 1 1095.378662109375 153.22018432617188 1151.8184814453125 248.47161865234375 0.6308313608169556 1.7813602685928345 0.6312515735626221 9.764082908630371 1.4138753414154053 13.810098648071289 -7.851672649383545 0.1807
Car 1 1 1 724.5935668945312 175.76171875 788.0023193359375 214.48089599609375 3.7814955711364746 1.4845519065856934 1.5809403657913208 5.940151214599609 1.6126325130462646 29.90736961364746 -4.7952423095703125 0.1705
Pedestrian 1 1 1 1176.46337890625 163.54156494140625 1227.7978515625 240.19973754882812 0.6721662878990173 1.6693559885025024 0.5833740234375 13.113242149353027 1.4662625789642334 16.053104400634766 -3.2979161739349365 0.1484
Car 1 1 1 0.0 189.1383819580078 94.91160583496094 226.57522583007812 3.7387280464172363 1.4632253646850586 1.71654212474823 -25.370759963989258 2.2297637462615967 31.964920043945312 -4.07388162612915 0.1209
Car 1 1 1 791.911865234375 153.5526580810547 893.2431640625 193.1851043701172 3.7884817123413086 1.4162153005599976 1.5924981832504272 8.829365730285645 0.7262062430381775 27.837444305419922 -5.1340837478637695 0.1202
Pedestrian 1 1 1 1149.693115234375 164.49972534179688 1199.1474609375 235.04689025878906 0.75040203332901 1.599305510520935 0.5696067214012146 13.031432151794434 1.4096139669418335 16.73296356201172 -3.41555118560791 0.1175
Car 1 1 1 514.4805908203125 151.9799346923828 570.1286010742188 183.8667449951172 3.7928240299224854 1.6326055526733398 1.6470816135406494 -3.74702525138855 0.5635531544685364 39.00303268432617 -8.34728717803955 0.1124
Cyclist 1 1 1 250.02273559570312 190.33116149902344 299.15533447265625 238.0864715576172 1.7291394472122192 1.795424222946167 0.7021266222000122 -13.195867538452148 2.4975414276123047 28.3138484954834 -6.722067356109619 0.1118
Pedestrian 1 1 1 364.70098876953125 145.9455108642578 390.8795166015625 205.00209045410156 0.7584218978881836 1.9435900449752808 0.6757667660713196 -7.812125205993652 1.0577142238616943 24.149757385253906 -4.7874627113342285 0.1073
Pedestrian 1 1 1 1158.706787109375 155.57135009765625 1189.6629638671875 225.52676391601562 0.4202199876308441 1.784262776374817 0.5563551783561707 14.575337409973145 1.3431564569473267 18.71385383605957 -4.260319232940674 0.1072
