Pedestrian 1 1 1 328.56866455078125 183.42230224609375 364.7665100097656 237.98211669921875 0.8760278820991516 1.6821279525756836 0.7330651879310608 -8.452594757080078 2.0274221897125244 23.029815673828125 -3.8712682723999023 0.5304
Pedestrian 1 1 1 407.2879638671875 176.5867462158203 424.4488525390625 206.53318786621094 0.9164711236953735 1.765106439590454 0.6358789801597595 -11.601095199584961 1.9892246723175049 43.001583099365234 -6.422046184539795 0.2519
Pedestrian 1 1 1 191.58363342285156 162.53363037109375 226.46295166015625 227.28598022460938 0.7319794297218323 1.7530146837234497 0.595389723777771 -11.11301326751709 1.4733154773712158 19.92432403564453 -4.799191474914551 0.2020
Car 1 1 1 355.74481201171875 190.73178100585938 389.48284912109375 217.3046417236328 3.901721715927124 1.6187607049942017 1.7826858758926392 -16.18153190612793 2.8853251934051514 48.98523712158203 -5.133154392242432 0.1862
Car 1 1 1 646.1571655273438 170.0181884765625 679.3497314453125 198.08004760742188 4.192805290222168 1.5913795232772827 1.697425127029419 3.061075448989868 1.4302619695663452 43.020286560058594 -4.705642223358154 0.1736
Pedestrian 1 1 1 293.35498046875 155.84796142578125 313.2568664550781 196.7642364501953 0.768410325050354 1.9500185251235962 0.6567703485488892 -14.821602821350098 1.1392323970794678 34.78641128540039 -7.899726390838623 0.1582
Cyclist 1 1 1 306.0794677734375 185.4305419921875 322.7326965332031 217.21029663085938 1.651777744293213 1.6697430610656738 0.39173078536987305 -16.176855087280273 2.37117600440979 39.41803741455078 -7.956116199493408 0.1450
Car 1 1 1 659.6976928710938 173.74588012695312 693.9968872070312 196.16769409179688 3.8524551391601562 1.5272125005722046 1.6110877990722656 4.681031703948975 1.5928410291671753 51.32167053222656 -7.985732555389404 0.1376
Pedestrian 1 1 1 125.48654174804688 170.83155822753906 166.3310546875 232.13270568847656 0.8513451814651489 1.7900135517120361 0.5985185503959656 -13.928512573242188 1.730657696723938 21.588197708129883 -4.1698198318481445 0.1314
Car 1 1 1 296.8697204589844 174.6629638671875 374.3160095214844 215.4605255126953 3.553682804107666 1.4553275108337402 1.4827697277069092 -10.490304946899414 1.5290392637252808 27.710033416748047 -4.663713455200195 0.1277
Car 1 1 1 459.68426513671875 178.3861541748047 504.0681457519531 203.11570739746094 3.718116521835327 1.4736864566802979 1.5556608438491821 -8.124497413635254 1.8400614261627197 45.85223388671875 -7.665158748626709 0.1147
Pedestrian 1 1 1 238.4680938720703 168.9835205078125 272.548095703125 227.3807373046875 0.8140406012535095 1.7863277196884155 0.5972109436988831 -11.103354454040527 1.6676325798034668 22.5185604095459 -4.561596393585205 0.1141
Car 1 1 1 438.7198486328125 187.31130981445312 477.215087890625 209.9091033935547 3.380465507507324 1.4679046869277954 1.6624805927276611 -10.718249320983887 2.523500680923462 50.92068099975586 -4.593051433563232 0.1112
Pedestrian 1 1 1 204.1824188232422 173.56491088867188 238.40087890625 238.31642150878906 0.6968355774879456 1.7020292282104492 0.5338530540466309 -10.45427131652832 1.7211202383041382 19.327299118041992 -4.6930317878723145 0.1027
