Cyclist 1 1 1 921.759521484375 156.79051208496094 968.7220458984375 232.3321990966797 1.7244577407836914 1.7307261228561401 0.4884175956249237 8.010403633117676 1.3623976707458496 17.41349220275879 -7.753129482269287 0.8674
Car 1 1 1 713.6803588867188 174.78890991210938 745.3887329101562 204.09092712402344 3.674734354019165 1.524060606956482 1.6449756622314453 6.580393314361572 1.6355900764465332 39.74443435668945 -7.669188976287842 0.8015
Car 1 1 1 0.0 203.30572509765625 90.28227996826172 249.0855712890625 3.471742630004883 1.4196906089782715 1.6436268091201782 -21.151378631591797 2.6097872257232666 26.455251693725586 -4.730632305145264 0.5345
Car 1 1 1 329.90924072265625 182.4856414794922 376.8501281738281 206.34693908691406 4.1308112144470215 1.5425671339035034 1.617738127708435 -17.91071319580078 2.2439303398132324 50.45564651489258 -4.655237197875977 0.4122
Car 1 1 1 287.5260925292969 187.4774627685547 352.060546875 213.80038452148438 3.3904170989990234 1.5345549583435059 1.5652507543563843 -17.884479522705078 2.4572811126708984 44.424747467041016 -6.073468208312988 0.2824
Car 1 1 1 753.6068725585938 174.50711059570312 792.1282958984375 202.92138671875 3.3406827449798584 1.4758888483047485 1.5270181894302368 8.8073148727417 1.5697578191757202 39.389617919921875 -7.795104503631592 0.2572
Pedestrian 1 1 1 1071.686279296875 136.1582489013672 1240.7607421875 374.0 0.4382743835449219 1.6814091205596924 0.5396468043327332 2.3562827110290527 1.532481074333191 3.241424560546875 -2.8680319786071777 0.2228
Car 1 1 1 243.3527374267578 181.85565185546875 328.786865234375 214.46990966796875 3.9748101234436035 1.6549381017684937 1.7124159336090088 -17.37621307373047 2.153470754623413 38.66331100463867 -6.033242702484131 0.2132
Car 1 1 1 1000.1604614257812 160.43643188476562 1039.1217041015625 180.66119384765625 4.1252760887146 1.6446009874343872 1.6862105131149292 34.47109603881836 0.6345512270927429 60.86533737182617 -4.503537654876709 0.1941
Car 1 1 1 778.627197265625 166.94935607910156 820.3272094726562 198.77784729003906 3.7414073944091797 1.4359171390533447 1.5558489561080933 8.96706771850586 1.169234037399292 34.52006912231445 -4.5571794509887695 0.1733
Car 1 1 1 909.6936645507812 172.81570434570312 954.462890625 192.38307189941406 3.729893684387207 1.4803009033203125 1.580005407333374 25.134845733642578 1.4771037101745605 56.33677291870117 -3.7854809761047363 0.1667
Car 1 1 1 771.3651733398438 171.89871215820312 826.9343872070312 210.0445556640625 3.209213972091675 1.4809383153915405 1.565977931022644 7.6655402183532715 1.4435511827468872 29.64987564086914 -7.809860706329346 0.1543
Pedestrian 1 1 1 227.14752197265625 155.3763427734375 246.47801208496094 201.2075653076172 0.534751832485199 1.8772536516189575 0.678813636302948 -15.521501541137695 1.1610665321350098 29.935007095336914 -8.264995574951172 0.1375
Pedestrian 1 1 1 1074.433349609375 147.62429809570312 1094.4053955078125 185.86073303222656 0.689410924911499 1.8081326484680176 0.6125046014785767 22.658689498901367 0.6147649884223938 34.53242874145508 -7.592291355133057 0.1262
Car 1 1 1 209.72938537597656 182.03671264648438 230.94679260253906 200.25440979003906 4.2357964515686035 1.589341163635254 1.660935401916504 -36.43696594238281 2.47680401802063 67.49323272705078 -5.186739444732666 0.1209
Car 1 1 1 351.67974853515625 177.93612670898438 404.3730163574219 195.33570861816406 4.276439666748047 1.5187976360321045 1.6573669910430908 -20.794340133666992 1.9822423458099365 64.73455047607422 -3.275127410888672 0.1209
Car 1 1 1 1193.247802734375 168.05152893066406 1241.0 196.78872680664062 3.733675003051758 1.3976656198501587 1.4391807317733765 32.268455505371094 1.1637917757034302 37.03433609008789 -7.9781012535095215 0.1158
Car 1 1 1 1096.86962890625 167.92356872558594 1159.580322265625 199.7421417236328 3.692228317260742 1.5679653882980347 1.6289077997207642 26.853626251220703 1.3247021436691284 37.565147399902344 -7.531960964202881 0.1134
Car 1 1 1 80.20720672607422 196.33583068847656 156.4326934814453 223.7458038330078 3.350925922393799 1.4467769861221313 1.8706382513046265 -29.365440368652344 2.911355972290039 43.14659881591797 -4.439638137817383 0.1102
Pedestrian 1 1 1 739.69482421875 168.60665893554688 756.9749755859375 199.02284240722656 0.9371216893196106 1.7932790517807007 0.5855427384376526 8.22461223602295 1.5425639152526855 43.078041076660156 -3.9207839965820312 0.1071
Car 1 1 1 884.31396484375 170.02340698242188 909.2052001953125 189.31982421875 3.9120335578918457 1.5803015232086182 1.5983580350875854 24.258695602416992 1.3481866121292114 61.19275665283203 -4.428335189819336 0.1061
Car 1 1 1 1167.133056640625 155.72750854492188 1241.0 188.72288513183594 4.337097644805908 1.8188444375991821 1.7519081830978394 34.80067443847656 0.8744598627090454 42.0182991027832 -4.614019393920898 0.1056
Car 1 1 1 827.4993896484375 169.945556640625 854.63916015625 188.35760498046875 3.837076187133789 1.4977951049804688 1.6182326078414917 19.463171005249023 1.2608964443206787 60.774253845214844 -4.251012802124023 0.1028
