Car 1 1 1 558.9993286132812 178.36102294921875 588.8974609375 206.09512329101562 4.266845703125 1.487074375152588 1.620539903640747 -2.0754284858703613 1.8214397430419922 41.69569396972656 -4.736954689025879 0.7241
Pedestrian 1 1 1 544.1253051757812 156.34988403320312 552.1588134765625 194.7203826904297 0.35208436846733093 1.8479903936386108 0.5428488850593567 -3.0466036796569824 1.052823543548584 35.04574203491211 -3.295729160308838 0.4795
Pedestrian 1 1 1 531.9415893554688 162.10801696777344 551.25830078125 206.47991943359375 0.6403448581695557 1.9082391262054443 0.718285083770752 -3.0264246463775635 1.4458019733428955 31.444210052490234 -5.020747661590576 0.3365
Pedestrian 1 1 1 678.0508422851562 170.8619842529297 691.6542358398438 203.7150421142578 0.6536313891410828 1.7562711238861084 0.6900204420089722 4.008025646209717 1.6494814157485962 38.98097610473633 -2.918578624725342 0.2042
Pedestrian 1 1 1 504.82830810546875 157.29295349121094 525.50048828125 210.3173370361328 0.7541202306747437 1.8380361795425415 0.6970552206039429 -3.394918918609619 1.2983283996582031 25.440462112426758 -4.877063274383545 0.1750
Pedestrian 1 1 1 365.0554504394531 155.3186492919922 461.7819519042969 312.38287353515625 0.9781152009963989 1.7729564905166626 0.5488176941871643 -2.3334622383117676 1.5747157335281372 8.422257423400879 -6.276919841766357 0.1633
Car 1 1 1 699.3645629882812 178.53875732421875 929.8895874023438 263.49761962890625 3.788210868835449 1.4548896551132202 1.573414921760559 3.589060068130493 1.565571665763855 13.27548885345459 -6.29599142074585 0.1351
Car 1 1 1 564.1322631835938 168.50804138183594 609.0394287109375 185.06507873535156 4.120112895965576 1.5417150259017944 1.6578840017318726 -2.253356695175171 1.136738896369934 68.24895477294922 -6.399664402008057 0.1343
Pedestrian 1 1 1 553.6707763671875 170.21966552734375 566.168212890625 192.61557006835938 1.0200101137161255 1.8789325952529907 0.5050327777862549 -4.250292778015137 1.6576205492019653 60.853519439697266 -3.277287006378174 0.1219
Pedestrian 1 1 1 552.350830078125 170.73988342285156 564.9993896484375 197.50384521484375 0.5707091689109802 1.7616314888000488 0.6941635012626648 -3.4440970420837402 1.622178316116333 47.93928527832031 -6.86768913269043 0.1212
