Car 1 1 1 549.759765625 175.0631103515625 614.0140991210938 237.79090881347656 4.573869705200195 1.6096798181533813 1.6639702320098877 -0.8301292061805725 1.6806812286376953 20.98316764831543 -7.876606464385986 0.9391
Cyclist 1 1 1 790.8697509765625 180.5825653076172 804.1522827148438 213.65667724609375 1.5556854009628296 1.6437047719955444 0.3237590491771698 9.570528984069824 2.04818058013916 37.007137298583984 -7.8217854499816895 0.7245
Car 1 1 1 304.2264709472656 178.06097412109375 344.38262939453125 197.05258178710938 4.022881507873535 1.4841418266296387 1.2935601472854614 -23.5732479095459 1.9289767742156982 59.60453414916992 -4.581630706787109 0.3240
Car 1 1 1 138.704345703125 174.7040557861328 194.19964599609375 196.2736358642578 3.8534367084503174 1.455359935760498 1.4778295755386353 -31.2861385345459 1.5907200574874878 50.963233947753906 -4.686338901519775 0.2716
Pedestrian 1 1 1 956.593017578125 147.9472198486328 972.0706176757812 186.84727478027344 0.5722414255142212 2.011657238006592 0.6667307615280151 18.4918270111084 0.7233408689498901 37.73384475708008 -7.2852864265441895 0.2629
Pedestrian 1 1 1 977.7177124023438 145.73345947265625 1019.3827514648438 211.2659454345703 0.9973252415657043 1.8717551231384277 0.7200570106506348 11.313018798828125 1.0968316793441772 21.127580642700195 -7.7955451011657715 0.2325
Car 1 1 1 520.57568359375 174.49246215820312 540.7274169921875 194.5155029296875 4.255285263061523 1.7387665510177612 1.7491034269332886 -7.224783420562744 1.8916515111923218 65.23955535888672 -4.835969924926758 0.2271
Car 1 1 1 297.0200500488281 174.39207458496094 344.49749755859375 201.50999450683594 3.452322006225586 1.595201015472412 1.5760784149169922 -17.767518997192383 1.6932005882263184 44.377685546875 -4.725703239440918 0.1878
Pedestrian 1 1 1 762.1765747070312 177.7739715576172 776.7760009765625 204.70098876953125 0.6572383046150208 1.8032501935958862 0.7214226722717285 10.792033195495605 2.1401748657226562 48.975555419921875 -8.50635814666748 0.1865
Car 1 1 1 138.7267303466797 177.4251251220703 215.35540771484375 202.98165893554688 3.7305591106414795 1.4886337518692017 1.5378717184066772 -26.236623764038086 1.773852825164795 43.77908706665039 -6.5854105949401855 0.1755
Car 1 1 1 0.0 194.97592163085938 167.66334533691406 374.0 4.475314140319824 1.461143970489502 1.6363813877105713 -7.244304656982422 1.7861089706420898 8.326963424682617 -4.771392822265625 0.1686
Car 1 1 1 482.1087951660156 180.2124481201172 505.4611511230469 199.7684326171875 3.8674733638763428 1.6041667461395264 1.625025749206543 -10.17018985748291 2.265798807144165 62.82863235473633 -4.972773551940918 0.1612
Pedestrian 1 1 1 443.7683410644531 146.16627502441406 543.9872436523438 313.35760498046875 0.9833906292915344 1.7804031372070312 0.517614483833313 -1.3387798070907593 1.495908260345459 8.031798362731934 -6.0904011726379395 0.1564
Cyclist 1 1 1 802.65087890625 145.8011474609375 855.5975341796875 204.90196228027344 1.5685628652572632 1.7215566635131836 0.533211886882782 6.559774875640869 0.9332301616668701 21.824384689331055 -5.2697954177856445 0.1519
Car 1 1 1 1062.7017822265625 144.914306640625 1199.3026123046875 186.28494262695312 4.13889741897583 1.575080156326294 1.6331913471221924 20.35763168334961 0.5110483765602112 28.37384605407715 -6.240995407104492 0.1487
Car 1 1 1 609.9557495117188 178.25852966308594 664.2444458007812 200.2592010498047 3.883624792098999 1.6007840633392334 1.714826226234436 2.0280354022979736 2.015735626220703 54.2589225769043 -2.968101978302002 0.1432
Pedestrian 1 1 1 1013.6234741210938 145.82774353027344 1055.051513671875 216.62164306640625 0.8103181719779968 1.8607678413391113 0.677781343460083 11.345651626586914 1.150101900100708 19.398723602294922 -7.765191555023193 0.1314
Car 1 1 1 329.4898986816406 176.60691833496094 363.6537170410156 193.4513397216797 3.9688403606414795 1.4645459651947021 1.5732076168060303 -23.937332153320312 1.8160399198532104 65.63187408447266 -7.827816486358643 0.1305
Pedestrian 1 1 1 925.935302734375 175.79220581054688 938.0614013671875 216.28341674804688 0.25410428643226624 1.7491846084594727 0.4608650803565979 13.995159149169922 1.8780293464660645 31.46042823791504 -3.37850284576416 0.1240
Pedestrian 1 1 1 453.0084228515625 161.48028564453125 467.94329833984375 195.2684326171875 0.7375447154045105 1.8964014053344727 0.7058584690093994 -8.503436088562012 1.257737636566162 40.873069763183594 -7.874353885650635 0.1191
Cyclist 1 1 1 827.8212890625 176.24681091308594 842.1785888671875 205.95985412597656 1.6027677059173584 1.6805872917175293 0.36490699648857117 12.989956855773926 1.8806250095367432 41.799835205078125 -7.831328868865967 0.1119
Car 1 1 1 281.66778564453125 174.3153533935547 324.6507263183594 193.2363739013672 3.9280173778533936 1.555519700050354 1.550434947013855 -26.206533432006836 1.6843407154083252 61.69500732421875 -4.560816764831543 0.1088
Car 1 1 1 820.1689453125 183.08119201660156 841.6759033203125 201.568603515625 3.9236931800842285 1.5226207971572876 1.597809076309204 19.492307662963867 2.456902265548706 63.84002685546875 -4.471829414367676 0.1070
Car 1 1 1 323.4417419433594 174.65757751464844 377.4039306640625 201.77243041992188 3.7025396823883057 1.5935988426208496 1.5842201709747314 -16.01997947692871 1.709676742553711 44.61161422729492 -4.567300319671631 0.1037
