Car 1 1 1 685.660400390625 181.05198669433594 783.4337158203125 255.04232788085938 3.70892333984375 1.4589523077011108 1.6307992935180664 2.6703784465789795 1.6673288345336914 16.503358840942383 -7.843234539031982 0.9633
Car 1 1 1 99.18163299560547 185.51205444335938 468.68292236328125 374.0 4.546777248382568 1.5251508951187134 1.7308963537216187 -2.7183449268341064 1.6912269592285156 7.1881489753723145 -4.739060878753662 0.9440
Car 1 1 1 532.9025268554688 176.064697265625 573.4607543945312 210.29470825195312 4.595237731933594 1.4785146713256836 1.7123647928237915 -2.6478705406188965 1.6395512819290161 33.929691314697266 -4.748891830444336 0.8893
Car 1 1 1 649.9242553710938 179.35345458984375 699.958984375 218.91810607910156 3.803729772567749 1.4768577814102173 1.5355840921401978 2.5466949939727783 1.759753704071045 29.50408363342285 -4.758155345916748 0.7953
Car 1 1 1 561.876953125 176.7161102294922 586.0977783203125 200.80914306640625 3.860354423522949 1.5525405406951904 1.5565942525863647 -2.44862699508667 1.825331449508667 49.07048797607422 -4.738582611083984 0.4514
Car 1 1 1 640.3687744140625 176.25375366210938 664.7833251953125 199.66307067871094 3.5869131088256836 1.5243390798568726 1.5475364923477173 2.8477604389190674 1.7649873495101929 49.324031829833984 -7.827708721160889 0.4158
Pedestrian 1 1 1 708.0674438476562 174.02928161621094 726.4605102539062 212.61001586914062 0.7310934662818909 1.642045497894287 0.578747034072876 4.596837043762207 1.6933048963546753 31.195547103881836 -7.371658802032471 0.2547
Pedestrian 1 1 1 797.5481567382812 164.4716033935547 837.30419921875 235.47642517089844 0.8285378813743591 1.7949696779251099 0.5847374200820923 5.325944900512695 1.5827667713165283 18.706066131591797 -3.6922531127929688 0.2182
Pedestrian 1 1 1 1040.3115234375 126.87755584716797 1175.1427001953125 314.8994140625 1.058369755744934 1.9601882696151733 0.581362783908844 5.306388854980469 1.4805692434310913 7.815397262573242 -3.1369500160217285 0.1926
Pedestrian 1 1 1 0.0 130.15663146972656 73.81669616699219 287.5243835449219 0.9269758462905884 1.881322979927063 0.6234578490257263 -7.4253716468811035 1.370578408241272 8.993866920471191 -6.156187534332275 0.1303
Car 1 1 1 167.7390899658203 158.30038452148438 336.6809387207031 241.6866455078125 4.183141231536865 1.6997463703155518 1.6275084018707275 -8.173165321350098 1.4027855396270752 16.855484008789062 -4.63587760925293 0.1191
Pedestrian 1 1 1 477.8052978515625 154.8921356201172 494.9620666503906 195.7892303466797 0.8565194010734558 1.9052793979644775 0.6929894089698792 -5.870682716369629 1.06818687915802 34.05582809448242 -7.89298677444458 0.1172
Pedestrian 1 1 1 411.2437438964844 158.7247772216797 439.32275390625 217.37765502929688 0.9278109669685364 1.818759799003601 0.6986874938011169 -5.890513896942139 1.3803285360336304 22.857892990112305 -4.771764755249023 0.1085
