Car 1 1 1 560.3296508789062 173.12283325195312 628.8161010742188 235.0634002685547 3.2964694499969482 1.5069063901901245 1.6671918630599976 -0.3559149205684662 1.2128653526306152 19.144126892089844 -7.8450493812561035 0.8985
Car 1 1 1 473.6526184082031 179.7673797607422 535.9716186523438 226.1710662841797 4.369596004486084 1.4412660598754883 1.631292700767517 -3.46181583404541 1.2722022533416748 24.535703659057617 -7.884328365325928 0.5588
Car 1 1 1 517.2608642578125 174.8517608642578 562.5192260742188 205.50692749023438 3.690019130706787 1.5564258098602295 1.6600849628448486 -3.606637716293335 1.030385136604309 38.42985916137695 -7.732382297515869 0.3447
Car 1 1 1 532.5580444335938 175.97021484375 560.2244873046875 200.4167938232422 3.732783555984497 1.5042494535446167 1.5648645162582397 -4.003403186798096 0.9355127811431885 46.19022750854492 -7.9943766593933105 0.3374
Car 1 1 1 621.9767456054688 167.99948120117188 659.49609375 197.66224670410156 4.051330089569092 1.5769720077514648 1.6332454681396484 1.7659779787063599 0.6618580222129822 40.29587173461914 -4.7842936515808105 0.3348
Car 1 1 1 498.1385498046875 175.3067626953125 545.9275512695312 211.16558837890625 4.122013092041016 1.4413784742355347 1.6359742879867554 -3.6629881858825684 1.0432372093200684 30.969362258911133 -7.870575428009033 0.3086
Cyclist 1 1 1 654.587646484375 175.9116973876953 661.4982299804688 199.78680419921875 1.5445945262908936 1.6101064682006836 0.3214168846607208 3.4173736572265625 0.982813835144043 49.25523376464844 -7.8822407722473145 0.2625
Car 1 1 1 625.7094116210938 168.79049682617188 647.2025146484375 189.447509765625 3.6923904418945312 1.5307496786117554 1.592471718788147 2.1890928745269775 0.3137476444244385 55.14956283569336 -7.80911111831665 0.1541
Car 1 1 1 611.6137084960938 174.379150390625 639.7896118164062 197.1484832763672 3.962310552597046 1.5329519510269165 1.6168054342269897 1.197583794593811 0.8035355806350708 50.42787551879883 -7.920741558074951 0.1119
Car 1 1 1 641.1328125 174.79562377929688 688.1686401367188 216.96290588378906 3.6875526905059814 1.4190760850906372 1.5829977989196777 2.0497074127197266 1.0685620307922363 26.102806091308594 -7.75858736038208 0.1067
