Car 1 1 1 958.2369995117188 184.38258361816406 1104.3143310546875 230.5682830810547 4.3478875160217285 1.6148823499679565 1.765938639640808 15.48351764678955 2.058917999267578 26.776832580566406 -3.071662664413452 0.9341
Car 1 1 1 553.4462280273438 175.26023864746094 694.9923095703125 311.78759765625 3.5018486976623535 1.5856267213821411 1.6590040922164917 0.14265914261341095 1.6252658367156982 10.209174156188965 -7.834232807159424 0.9276
Car 1 1 1 337.0885925292969 193.1300506591797 390.5652160644531 219.5377197265625 4.407575607299805 1.4745925664901733 1.8807770013809204 -15.609502792358398 2.8259317874908447 45.890499114990234 -4.707250595092773 0.8625
Car 1 1 1 1143.8558349609375 180.58876037597656 1241.0 221.819091796875 3.9583592414855957 1.4415966272354126 1.6381759643554688 22.259599685668945 1.736938714981079 26.589269638061523 -3.053657054901123 0.7878
Car 1 1 1 411.616455078125 189.03294372558594 452.5151062011719 212.3314208984375 4.573898792266846 1.4536311626434326 1.7038172483444214 -12.419548034667969 2.6370551586151123 50.497276306152344 -4.704339504241943 0.6672
Car 1 1 1 285.6676940917969 195.6627960205078 339.5693664550781 220.5193634033203 3.3851115703582764 1.3759685754776 1.7971452474594116 -18.477020263671875 2.8500607013702393 44.89438247680664 -4.6480326652526855 0.6479
Car 1 1 1 1113.66943359375 194.90194702148438 1241.0 374.0 3.983100175857544 1.4958817958831787 1.655609369277954 4.563348770141602 1.6854596138000488 4.075965404510498 -7.592160701751709 0.6000
Car 1 1 1 392.90313720703125 187.22732543945312 430.103515625 208.5893096923828 3.8039422035217285 1.5448297262191772 1.7289139032363892 -15.586173057556152 2.713263750076294 56.73014831542969 -4.665884971618652 0.3223
Car 1 1 1 652.8367309570312 182.38848876953125 681.1163330078125 204.5470733642578 3.9700145721435547 1.5523754358291626 1.6505359411239624 4.3076863288879395 2.299823045730591 54.476322174072266 -4.509112358093262 0.2557
Car 1 1 1 962.3177490234375 171.48182678222656 985.0245971679688 188.83180236816406 3.9835236072540283 1.4747782945632935 1.5410614013671875 31.9313907623291 1.3578407764434814 63.466182708740234 -4.306574821472168 0.2538
Pedestrian 1 1 1 955.626220703125 158.28526306152344 1008.61181640625 246.90261840820312 0.7317834496498108 1.7718263864517212 0.6563453674316406 7.593917369842529 1.480237364768982 14.848623275756836 -4.905649662017822 0.2481
Car 1 1 1 267.5521240234375 189.2569580078125 312.869384765625 213.0748748779297 3.342802047729492 1.5091607570648193 1.626894235610962 -22.0081729888916 2.676882743835449 49.70315933227539 -4.706543445587158 0.2108
Car 1 1 1 926.46240234375 174.1644744873047 949.492919921875 190.9633026123047 3.6160175800323486 1.421815276145935 1.6928339004516602 28.80400848388672 1.5402439832687378 63.376060485839844 -4.243823051452637 0.1820
Car 1 1 1 468.2247009277344 184.8349609375 532.8801879882812 211.29107666015625 3.827392816543579 1.5991790294647217 1.6945745944976807 -7.1044921875 2.398815393447876 46.6055793762207 -2.7104060649871826 0.1639
Car 1 1 1 488.6012878417969 176.96173095703125 527.551513671875 205.89688110351562 3.9987547397613525 1.5994259119033813 1.6039923429489136 -5.984333515167236 1.8525224924087524 42.4844856262207 -7.8199849128723145 0.1613
Pedestrian 1 1 1 798.53173828125 177.9470977783203 832.1580200195312 231.1621856689453 0.8671704530715942 1.7643187046051025 0.720310628414154 6.9002861976623535 1.9395346641540527 24.43496322631836 -3.317244052886963 0.1535
Car 1 1 1 627.714111328125 180.63922119140625 645.8768920898438 198.8151092529297 3.688295841217041 1.5208323001861572 1.559121012687683 2.3712961673736572 2.2299294471740723 63.86607360839844 -4.661774158477783 0.1528
Car 1 1 1 1023.2908935546875 169.88919067382812 1072.4783935546875 200.22317504882812 3.8991518020629883 1.5130071640014648 1.639108657836914 23.013364791870117 1.3648273944854736 38.10383605957031 -4.321094989776611 0.1402
Pedestrian 1 1 1 193.974365234375 189.48098754882812 206.0304412841797 213.82472229003906 0.606050431728363 1.820610523223877 0.7124608755111694 -31.314620971679688 3.0997588634490967 55.058876037597656 -7.1208319664001465 0.1338
Car 1 1 1 786.32421875 175.7856903076172 804.4268798828125 191.93988037109375 3.520423173904419 1.4748786687850952 1.5456124544143677 17.541139602661133 1.76034677028656 68.44674682617188 -4.4939374923706055 0.1267
Car 1 1 1 866.4598999023438 171.80386352539062 892.453369140625 191.15704345703125 3.5024821758270264 1.578916311264038 1.4632090330123901 22.617834091186523 1.4929412603378296 60.7215690612793 -4.528873920440674 0.1137
Car 1 1 1 1011.28564453125 167.64236450195312 1073.695556640625 188.01138305664062 4.143765926361084 1.5280637741088867 1.6203991174697876 33.67310333251953 1.1367911100387573 56.34897994995117 -5.019852638244629 0.1096
Car 1 1 1 1085.3592529296875 177.98919677734375 1151.2489013671875 209.8302764892578 3.7335205078125 1.470323920249939 1.5445847511291504 25.210384368896484 1.7403335571289062 35.97330856323242 -4.432788372039795 0.1088
Pedestrian 1 1 1 19.115201950073242 175.76405334472656 46.00109100341797 222.1239471435547 0.6729514598846436 1.9348359107971191 0.5827206969261169 -24.49293327331543 2.0593631267547607 30.556671142578125 -7.625271320343018 0.1069
Pedestrian 1 1 1 783.8890380859375 171.43661499023438 843.6543579101562 308.18060302734375 0.6202639937400818 1.6514430046081543 0.6271896362304688 2.4867703914642334 1.6340254545211792 9.056175231933594 -4.603988170623779 0.1041
