Pedestrian 1 1 1 753.9501953125 136.83033752441406 869.81982421875 312.65020751953125 1.102382779121399 1.866881251335144 0.5910571217536926 2.2076990604400635 1.403608798980713 7.811807632446289 -3.1574926376342773 0.6810
Pedestrian 1 1 1 794.677490234375 145.3854217529297 848.4974975585938 254.4027099609375 0.7414703369140625 1.8107774257659912 0.6019122004508972 3.667165994644165 1.227903127670288 12.168554306030273 -4.918421268463135 0.2426
Pedestrian 1 1 1 54.87401580810547 182.1377716064453 93.57546997070312 244.2231903076172 0.8167876601219177 1.7348928451538086 0.7207595109939575 -15.298062324523926 1.783529281616211 20.328203201293945 -3.8938140869140625 0.2341
Cyclist 1 1 1 848.4566650390625 154.13673400878906 899.35498046875 261.2002258300781 1.680659532546997 1.7538220882415771 0.37948372960090637 4.650058746337891 1.3223421573638916 12.435057640075684 -7.774171352386475 0.1888
Car 1 1 1 0.0 183.30564880371094 118.66641235351562 234.62376403808594 4.286456108093262 1.534761667251587 1.635011911392212 -18.767221450805664 1.6376196146011353 23.624221801757812 -4.575308322906494 0.1819
Pedestrian 1 1 1 67.11030578613281 150.1540985107422 134.1065673828125 247.7514190673828 0.7221925854682922 1.7614309787750244 0.7180086970329285 -9.41108226776123 1.2141190767288208 13.147409439086914 -3.061861515045166 0.1604
Pedestrian 1 1 1 819.8754272460938 165.72970581054688 861.9759521484375 256.4621887207031 0.7857736349105835 1.7516531944274902 0.6070424318313599 4.632518291473389 1.4668635129928589 14.058963775634766 -4.657707214355469 0.1555
Cyclist 1 1 1 647.3569946289062 168.5740203857422 685.1925659179688 268.144287109375 1.5464452505111694 1.6911492347717285 0.4941180944442749 1.0399304628372192 1.488969087600708 12.790571212768555 -4.748804569244385 0.1454
Pedestrian 1 1 1 1010.4519653320312 151.17947387695312 1070.36962890625 256.5597229003906 0.5890229940414429 1.7038476467132568 0.6143043637275696 7.207108974456787 1.2301584482192993 11.799407005310059 -3.377269983291626 0.1319
Pedestrian 1 1 1 836.68359375 170.86009216308594 868.53759765625 237.6344757080078 0.793192446231842 1.649369716644287 0.6242237091064453 6.253994464874268 1.4115831851959229 17.964481353759766 -7.324834823608398 0.1197
Pedestrian 1 1 1 1130.408203125 134.00926208496094 1202.583740234375 245.0384063720703 0.7170615792274475 1.7605619430541992 0.5776239037513733 9.082123756408691 1.0237535238265991 11.516562461853027 -3.1877684593200684 0.1190
Pedestrian 1 1 1 215.82554626464844 164.7977294921875 259.1507873535156 253.7303009033203 0.4751957952976227 1.7352789640426636 0.6060617566108704 -7.344289779663086 1.4292511940002441 14.052973747253418 -4.64726448059082 0.1181
Cyclist 1 1 1 854.4168701171875 167.02943420410156 943.4407958984375 287.5785827636719 1.6885178089141846 1.6745164394378662 0.5191720128059387 4.339450359344482 1.4877972602844238 10.684886932373047 -7.94005823135376 0.1076
Cyclist 1 1 1 659.3447875976562 167.08016967773438 703.3878173828125 211.07032775878906 1.651934266090393 1.7456114292144775 0.6331827640533447 3.0549910068511963 1.2133134603500366 28.56964683532715 -6.535278797149658 0.1050
Car 1 1 1 0.0 182.5743408203125 36.693458557128906 259.23345947265625 3.5965700149536133 1.4773942232131958 1.5225638151168823 -14.650323867797852 1.528943419456482 15.593463897705078 -4.814192295074463 0.1018
