Car 1 1 1 709.7779541015625 186.4337158203125 833.0533447265625 271.3245544433594 3.7719485759735107 1.3704614639282227 1.6176788806915283 2.950364828109741 1.672202467918396 14.151826858520508 -7.840566158294678 0.9472
Car 1 1 1 166.60824584960938 177.87049865722656 431.5972900390625 371.5148010253906 3.779935359954834 1.6212127208709717 1.5858111381530762 -3.1842539310455322 1.6906481981277466 8.085892677307129 -4.7878336906433105 0.9316
Car 1 1 1 444.97784423828125 178.1517333984375 523.3329467773438 233.81390380859375 4.159506797790527 1.4054615497589111 1.5975664854049683 -3.5481204986572266 1.5726048946380615 20.711336135864258 -4.730671405792236 0.9157
Car 1 1 1 656.6204833984375 180.0716094970703 706.8938598632812 221.2961883544922 3.955674171447754 1.5288256406784058 1.6153898239135742 2.815052032470703 1.8428884744644165 29.440237045288086 -4.722977638244629 0.8764
Car 1 1 1 501.13079833984375 173.3765411376953 546.544921875 217.17465209960938 3.817950963973999 1.6326699256896973 1.5767498016357422 -3.4335501194000244 1.654708743095398 28.89453125 -4.7698073387146 0.8218
Car 1 1 1 529.2360229492188 175.1868133544922 568.5252685546875 205.11773681640625 4.024690628051758 1.485256552696228 1.5706459283828735 -3.218196392059326 1.6149708032608032 38.16840744018555 -4.668422222137451 0.6450
Pedestrian 1 1 1 741.8923950195312 150.92184448242188 763.074951171875 193.94586181640625 0.7986863851547241 1.992836356163025 0.7660057544708252 6.64031457901001 0.976657509803772 33.862789154052734 -7.972315311431885 0.5556
Pedestrian 1 1 1 223.4296875 153.95919799804688 242.44215393066406 195.28038024902344 0.5470132231712341 1.9019973278045654 0.6555078625679016 -17.566694259643555 1.0319770574569702 33.54365921020508 -4.906424045562744 0.3584
Pedestrian 1 1 1 484.03717041015625 156.7776641845703 498.8490905761719 192.7768096923828 0.758917510509491 2.0498299598693848 0.7423884272575378 -6.847376823425293 1.1341263055801392 41.473209381103516 -7.877533435821533 0.3530
Car 1 1 1 643.3626098632812 174.61843872070312 682.875 205.05355834960938 3.8504221439361572 1.51694917678833 1.685015082359314 2.7170166969299316 1.614688515663147 38.1402587890625 -4.7442803382873535 0.3374
Pedestrian 1 1 1 833.2476806640625 143.76812744140625 866.9530639648438 208.64341735839844 0.8971807360649109 1.9339951276779175 0.6829081177711487 7.255914688110352 1.0666172504425049 21.981319427490234 -7.924637317657471 0.2860
Pedestrian 1 1 1 0.0 139.0612030029297 52.52041244506836 258.0633239746094 0.7358574271202087 1.837124228477478 0.6351884007453918 -9.490628242492676 1.315139651298523 11.616133689880371 -8.375249862670898 0.2654
Car 1 1 1 637.5488891601562 176.00851440429688 665.9689331054688 201.35430908203125 4.096991062164307 1.623824954032898 1.6788629293441772 2.7507705688476562 1.8457719087600708 48.7858772277832 -4.7131667137146 0.2641
Pedestrian 1 1 1 834.1696166992188 155.21229553222656 876.1065063476562 230.1033172607422 0.7734096050262451 1.7734763622283936 0.637201189994812 5.861831188201904 1.3554073572158813 17.430307388305664 -3.2085211277008057 0.2601
Car 1 1 1 830.693603515625 0.0 1241.0 374.0 4.219871997833252 1.9742062091827393 1.7048240900039673 2.788161516189575 1.4010660648345947 3.7874755859375 -7.961960315704346 0.2565
Car 1 1 1 545.6732177734375 177.45538330078125 580.2022094726562 200.885986328125 3.791177749633789 1.515325903892517 1.545520305633545 -3.2151873111724854 1.843065619468689 49.44377517700195 -4.549285888671875 0.2156
Cyclist 1 1 1 267.506103515625 145.2744140625 338.870361328125 217.3602294921875 1.6138741970062256 1.758462905883789 0.5305666923522949 -7.727297782897949 1.0853859186172485 18.111677169799805 -3.468682050704956 0.1766
Pedestrian 1 1 1 214.17117309570312 171.8612060546875 241.81842041015625 227.41481018066406 0.5631338357925415 1.7578105926513672 0.6977462768554688 -12.326349258422852 1.7260968685150146 23.205102920532227 -8.163385391235352 0.1558
Pedestrian 1 1 1 219.90476989746094 155.19700622558594 235.4120635986328 202.34129333496094 0.3461388349533081 1.807942509651184 0.5347167253494263 -14.852782249450684 1.1305121183395386 27.950061798095703 -3.2174696922302246 0.1520
Pedestrian 1 1 1 879.9628295898438 150.3978729248047 895.3057250976562 190.74737548828125 0.5417700409889221 1.874872088432312 0.65965735912323 12.996044158935547 0.8311303853988647 33.89303207397461 -7.510171413421631 0.1388
Pedestrian 1 1 1 773.1646118164062 153.02587890625 787.4893188476562 191.26429748535156 0.5480221509933472 1.961255669593811 0.6893003582954407 8.783875465393066 0.9439679384231567 37.37004089355469 -7.559520244598389 0.1156
Car 1 1 1 627.41650390625 173.8771209716797 658.680419921875 193.76400756835938 4.028262615203857 1.450413703918457 1.6322749853134155 2.4478750228881836 1.5310319662094116 54.9537353515625 -8.001688003540039 0.1111
Pedestrian 1 1 1 908.0300903320312 134.39707946777344 962.978271484375 238.86376953125 0.6947661638259888 1.8739376068115234 0.687254011631012 5.933712482452393 1.1837921142578125 13.301299095153809 -4.744570255279541 0.1072
Cyclist 1 1 1 457.1760559082031 180.01272583007812 477.4317321777344 216.08555603027344 1.6134450435638428 1.5962207317352295 0.5403705835342407 -6.571263790130615 1.9321599006652832 33.07142639160156 -4.665327072143555 0.1033
Pedestrian 1 1 1 859.4886474609375 149.1056671142578 908.8822021484375 236.00152587890625 0.7446265816688538 1.8394787311553955 0.6919751763343811 5.931559085845947 1.3364558219909668 15.758268356323242 -3.654721736907959 0.1033
Car 1 1 1 797.55126953125 146.86663818359375 863.3795166015625 180.00262451171875 3.782050848007202 1.5440553426742554 1.6120198965072632 10.762422561645508 0.3328087329864502 35.615535736083984 -8.010725021362305 0.1027
Car 1 1 1 572.5205688476562 174.4168243408203 597.3172607421875 191.9100799560547 3.7153878211975098 1.3743833303451538 1.4639997482299805 -2.045743465423584 1.5059903860092163 58.967227935791016 -7.731584072113037 0.1004
