Car 1 1 1 180.28439331054688 190.01263427734375 372.1101379394531 249.67747497558594 4.360213279724121 1.4652602672576904 1.626184105873108 -8.812549591064453 1.9418139457702637 19.146398544311523 -6.240316867828369 0.9492
Car 1 1 1 0.0 192.38687133789062 68.36006927490234 219.85931396484375 3.1852903366088867 1.5288735628128052 1.539266586303711 -33.8278694152832 2.6917107105255127 42.14433670043945 -3.1086907386779785 0.6426
Car 1 1 1 134.07408142089844 184.74415588378906 224.10470581054688 222.79104614257812 3.944037914276123 1.4723271131515503 1.658011794090271 -18.537715911865234 2.0188143253326416 31.177534103393555 -4.75221061706543 0.4944
Car 1 1 1 102.87582397460938 192.75323486328125 182.82705688476562 220.39016723632812 3.592364549636841 1.5362848043441772 1.6675993204116821 -27.498445510864258 2.7351479530334473 42.50088119506836 -6.366447925567627 0.3790
Car 1 1 1 524.0252075195312 177.12535095214844 550.2536010742188 194.43479919433594 3.978639841079712 1.4693577289581299 1.6204111576080322 -6.482435703277588 1.86191987991333 64.31314086914062 -4.62700080871582 0.3158
Car 1 1 1 260.8492736816406 179.22055053710938 306.0876770019531 196.68682861328125 3.958292245864868 1.4355593919754028 1.5296450853347778 -28.44734764099121 2.009037494659424 62.93017578125 -4.494808673858643 0.3143
Pedestrian 1 1 1 241.72288513183594 157.70948791503906 264.7418212890625 199.72401428222656 0.7423511147499084 1.8110215663909912 0.6573126912117004 -15.605656623840332 1.1579228639602661 31.486942291259766 -7.898059368133545 0.2471
Pedestrian 1 1 1 1200.2589111328125 155.73800659179688 1241.0 256.81512451171875 0.674129068851471 1.6416910886764526 0.48669329285621643 10.278091430664062 1.3633936643600464 11.974518775939941 -3.10557222366333 0.1852
Pedestrian 1 1 1 1083.82275390625 96.17050170898438 1155.550537109375 280.06158447265625 0.7203673720359802 1.9433931112289429 0.6336410045623779 5.652834415435791 1.1326886415481567 8.101853370666504 -4.106126308441162 0.1472
Pedestrian 1 1 1 323.723388671875 151.72616577148438 354.256591796875 215.12942504882812 1.0815553665161133 1.9246315956115723 0.7938937544822693 -8.496777534484863 1.2829877138137817 22.5281982421875 -4.976431846618652 0.1266
Pedestrian 1 1 1 960.900390625 149.77471923828125 979.1156005859375 201.61741638183594 0.3047972321510315 1.8526318073272705 0.5051560997962952 12.964102745056152 1.0275790691375732 26.079404830932617 -3.6475205421447754 0.1203
Car 1 1 1 833.6724853515625 173.64920043945312 873.6524658203125 199.2110595703125 3.7545599937438965 1.6117252111434937 1.5489633083343506 15.965043067932129 1.6659221649169922 47.53142547607422 -4.65631628036499 0.1144
Pedestrian 1 1 1 188.9691162109375 173.67320251464844 207.0947723388672 202.06924438476562 0.7859492897987366 1.7183125019073486 0.5665218234062195 -25.139400482177734 1.7682757377624512 43.97483444213867 -6.315369606018066 0.1095
Car 1 1 1 201.03326416015625 173.01683044433594 263.1294860839844 196.1466522216797 3.8688783645629883 1.5539401769638062 1.5976327657699585 -26.458494186401367 1.5655261278152466 50.58851623535156 -4.41378116607666 0.1043
