Car 1 1 1 754.5973510742188 182.18824768066406 890.68994140625 266.8619384765625 3.9093170166015625 1.4568113088607788 1.5955190658569336 4.128721714019775 1.6735436916351318 14.811923027038574 -7.86676549911499 0.9589
Car 1 1 1 825.4942016601562 188.22171020507812 1083.4273681640625 330.3780212402344 3.7152388095855713 1.429355263710022 1.5834585428237915 4.16325044631958 1.6718480587005615 9.529377937316895 -7.870069980621338 0.9516
Car 1 1 1 595.4778442382812 177.8917999267578 655.822509765625 228.4258575439453 3.3608131408691406 1.3686610460281372 1.6631193161010742 0.40247485041618347 1.5307707786560059 21.570152282714844 -7.8411688804626465 0.9376
Car 1 1 1 296.7882385253906 178.2941436767578 495.7051696777344 266.0430908203125 3.7047784328460693 1.4425722360610962 1.5794891119003296 -4.16450834274292 1.5582588911056519 13.725517272949219 -2.577282190322876 0.9261
Car 1 1 1 196.4326629638672 176.54354858398438 341.77374267578125 243.0568389892578 3.200316905975342 1.4061470031738281 1.4483189582824707 -8.02331829071045 1.502455234527588 17.169063568115234 -4.4800615310668945 0.8290
Car 1 1 1 0.0 180.08692932128906 237.03543090820312 289.9539489746094 3.714113712310791 1.4459494352340698 1.616961121559143 -8.025150299072266 1.582303524017334 11.69189167022705 -4.59266996383667 0.7687
Car 1 1 1 777.4338989257812 169.66195678710938 876.9724731445312 208.75704956054688 3.8493523597717285 1.670284390449524 1.7004774808883667 9.495986938476562 1.5336089134216309 31.842483520507812 -6.371002197265625 0.7617
Car 1 1 1 602.0400390625 172.8963623046875 640.917236328125 205.2130889892578 3.6965155601501465 1.5062745809555054 1.6614311933517456 0.5727488994598389 1.5081735849380493 35.548675537109375 -7.767678737640381 0.7579
Car 1 1 1 720.3078002929688 166.05653381347656 817.9317626953125 235.89849853515625 4.136491298675537 1.7467936277389526 1.7216356992721558 4.251766204833984 1.5764847993850708 20.13408851623535 -7.8775458335876465 0.7294
Pedestrian 1 1 1 686.5430297851562 172.80560302734375 713.2154541015625 208.97312927246094 1.081039309501648 1.5961642265319824 0.7778062224388123 3.9975192546844482 1.59372878074646 32.48609161376953 -8.213590621948242 0.6953
Car 1 1 1 0.0 176.015625 113.6736068725586 243.4356231689453 3.722097396850586 1.4331032037734985 1.5495604276657104 -14.062182426452637 1.5171061754226685 17.375728607177734 -4.708977222442627 0.6245
Pedestrian 1 1 1 961.737060546875 166.31968688964844 1144.175537109375 374.0 0.6950429081916809 1.593119502067566 0.8251792192459106 2.822197198867798 1.5532426834106445 4.7775115966796875 -7.698225498199463 0.5803
Car 1 1 1 429.9004211425781 174.8819122314453 534.6302490234375 219.6881103515625 3.623842239379883 1.424218773841858 1.4975956678390503 -4.4734721183776855 1.4983795881271362 24.791128158569336 -2.481964349746704 0.5498
Car 1 1 1 407.7980651855469 175.0637969970703 513.3118896484375 229.46337890625 3.6071667671203613 1.500793218612671 1.582087755203247 -4.654805660247803 1.5734491348266602 21.940044403076172 -8.56779670715332 0.4744
Car 1 1 1 269.65399169921875 173.80845642089844 380.1990661621094 227.5261688232422 3.842069625854492 1.4454013109207153 1.5547937154769897 -8.383100509643555 1.4760887622833252 21.455039978027344 -4.642937183380127 0.4690
Car 1 1 1 470.1349792480469 174.5064239501953 556.6669311523438 207.67262268066406 4.051135063171387 1.3967820405960083 1.5766862630844116 -4.437567710876465 1.4753198623657227 32.50193786621094 -2.426828384399414 0.4309
Car 1 1 1 0.0 175.61004638671875 81.23057556152344 374.0 3.776998281478882 1.5188637971878052 1.6126760244369507 -4.631694793701172 1.5447289943695068 4.845736503601074 -8.476608276367188 0.3742
Pedestrian 1 1 1 1026.4932861328125 138.59255981445312 1046.9608154296875 190.54771423339844 0.3917993903160095 1.9243754148483276 0.619418203830719 15.962677955627441 0.6550604104995728 27.068660736083984 -7.203035831451416 0.3514
Car 1 1 1 403.836669921875 170.55331420898438 445.3501281738281 207.77642822265625 3.6744372844696045 1.5150753259658813 1.649309754371643 -8.13015079498291 1.42113196849823 31.358936309814453 -8.123619079589844 0.3475
Car 1 1 1 348.42315673828125 172.40200805664062 425.31500244140625 216.11585998535156 3.8330376148223877 1.4527475833892822 1.5168884992599487 -7.957186698913574 1.4374265670776367 25.90903091430664 -4.694080829620361 0.2916
Pedestrian 1 1 1 920.1612548828125 141.86138916015625 943.4097900390625 195.93148803710938 0.5539798140525818 2.0038363933563232 0.7072579860687256 12.030938148498535 0.8549512028694153 27.091909408569336 -7.61887788772583 0.2526
Car 1 1 1 667.037109375 176.27432250976562 743.1261596679688 206.88198852539062 3.548389434814453 1.4684243202209473 1.5709636211395264 4.770730495452881 1.6481150388717651 36.46181106567383 -6.756943702697754 0.2415
Pedestrian 1 1 1 1011.7325439453125 147.12045288085938 1036.051025390625 194.2908935546875 0.5872149467468262 2.0007777214050293 0.7552844285964966 17.712692260742188 0.908965528011322 30.964527130126953 -7.663380146026611 0.2337
Car 1 1 1 650.8579711914062 172.65191650390625 671.4940185546875 193.5580596923828 3.754070997238159 1.477163314819336 1.4556963443756104 3.6946640014648438 1.4625840187072754 52.897220611572266 -4.655155181884766 0.2149
Car 1 1 1 703.254150390625 174.64266967773438 731.93408203125 195.39500427246094 3.5105412006378174 1.5245330333709717 1.4948933124542236 8.154938697814941 1.665284514427185 55.10749435424805 -4.764958381652832 0.2145
Cyclist 1 1 1 861.5283813476562 177.12899780273438 881.1919555664062 220.93551635742188 1.5449796915054321 1.5995063781738281 0.34981653094291687 9.827665328979492 1.765539288520813 27.286502838134766 -7.7402729988098145 0.2006
Car 1 1 1 656.9728393554688 177.1454620361328 729.0145263671875 205.12301635742188 3.5978615283966064 1.4667810201644897 1.551512360572815 4.452587127685547 1.7062656879425049 39.23738479614258 -6.458994388580322 0.1922
Car 1 1 1 0.0 187.89544677734375 70.15020751953125 374.0 3.809709072113037 1.5294784307479858 1.6225417852401733 -8.20315170288086 1.7285746335983276 7.500605583190918 -4.385852813720703 0.1922
Pedestrian 1 1 1 946.8856201171875 151.41943359375 972.1275634765625 210.86373901367188 0.557398796081543 1.8570488691329956 0.6173177361488342 11.031159400939941 1.187130093574524 22.885162353515625 -4.471778869628906 0.1911
Pedestrian 1 1 1 1214.6697998046875 158.39321899414062 1241.0 220.98931884765625 0.5786232352256775 1.7721930742263794 0.6519845724105835 17.91950035095215 1.3624858856201172 20.81298828125 -2.9030063152313232 0.1836
Car 1 1 1 651.1575317382812 175.50445556640625 717.4259643554688 199.7666015625 3.8307602405548096 1.4418895244598389 1.5891412496566772 4.581491470336914 1.61178719997406 44.77700424194336 -6.738775730133057 0.1693
Car 1 1 1 503.2244567871094 172.9204559326172 569.8307495117188 198.3743896484375 4.025191783905029 1.4618809223175049 1.607690691947937 -4.479631423950195 1.4657477140426636 43.346134185791016 -2.455876588821411 0.1658
Car 1 1 1 442.8007507324219 181.02806091308594 557.2071533203125 220.91798400878906 4.106059551239014 1.4461908340454102 1.6022891998291016 -4.307370185852051 1.7790178060531616 28.05839729309082 -2.855915069580078 0.1437
Car 1 1 1 877.4782104492188 145.60595703125 951.5504760742188 184.54945373535156 3.5822126865386963 1.6450663805007935 1.6527694463729858 13.505010604858398 0.4937441647052765 32.31239700317383 -7.907742023468018 0.1273
Car 1 1 1 543.1459350585938 174.21279907226562 594.10400390625 193.5389404296875 3.912703514099121 1.460148572921753 1.6257123947143555 -3.296205997467041 1.5700079202651978 56.63591384887695 -2.463761568069458 0.1184
Cyclist 1 1 1 405.3408508300781 137.3942108154297 470.61322021484375 209.84698486328125 1.5867098569869995 1.789267659187317 0.5286409854888916 -4.413713455200195 0.913265585899353 18.2926082611084 -3.4223079681396484 0.1053
Pedestrian 1 1 1 1073.06201171875 168.279541015625 1083.2874755859375 189.9873504638672 0.4921305775642395 1.7695372104644775 0.7078655362129211 38.39482116699219 1.3963444232940674 59.21746063232422 -2.913132905960083 0.1006
