Car 1 1 1 453.7391052246094 186.7095489501953 534.785400390625 246.69851684570312 3.752364158630371 1.4552949666976929 1.6241258382797241 -3.19563889503479 1.880389928817749 20.2645206451416 -4.697293281555176 0.9479
Cyclist 1 1 1 299.57928466796875 186.00563049316406 337.9928283691406 235.56980895996094 1.7064393758773804 1.668347716331482 0.4913230836391449 -10.369540214538574 2.1512300968170166 25.630949020385742 -4.582424640655518 0.3182
Cyclist 1 1 1 724.928466796875 179.45606994628906 749.4503173828125 224.04244995117188 1.6605172157287598 1.6697646379470825 0.553355872631073 4.928175449371338 1.935006856918335 28.15028953552246 -4.290634632110596 0.2667
Pedestrian 1 1 1 1084.542236328125 155.74192810058594 1147.8731689453125 251.33168029785156 0.8358217477798462 1.6956737041473389 0.5656596422195435 9.204314231872559 1.3918215036392212 13.222545623779297 -4.731123924255371 0.2447
Cyclist 1 1 1 296.2427062988281 150.38088989257812 349.0379638671875 205.9247589111328 1.5473802089691162 1.7391911745071411 0.6071754693984985 -9.282557487487793 1.0352123975753784 23.19155502319336 -3.57205867767334 0.2039
Pedestrian 1 1 1 862.47802734375 152.87103271484375 878.6693725585938 197.78170776367188 0.48142096400260925 1.8275517225265503 0.561367392539978 10.661563873291016 1.0140843391418457 29.653310775756836 -7.653652667999268 0.2002
Pedestrian 1 1 1 759.9356079101562 184.15850830078125 788.5849609375 231.72738647460938 0.8425176739692688 1.7654027938842773 0.7391865253448486 6.235628604888916 2.205875873565674 27.585891723632812 -5.647248268127441 0.1769
Car 1 1 1 464.3446960449219 176.962158203125 504.65478515625 199.96694946289062 3.8317902088165283 1.5903935432434082 1.5692211389541626 -9.139988899230957 1.901469349861145 52.649635314941406 -4.497403621673584 0.1534
Pedestrian 1 1 1 0.0 200.5097198486328 51.2787971496582 318.5674743652344 0.49508795142173767 1.467618703842163 0.521633505821228 -7.757739543914795 1.8361778259277344 9.358664512634277 -4.64364767074585 0.1527
Car 1 1 1 527.9960327148438 180.9056396484375 553.0004272460938 201.61058044433594 3.966254472732544 1.5619914531707764 1.5957459211349487 -5.5765557289123535 2.2307963371276855 57.97104263305664 -4.7035627365112305 0.1446
Car 1 1 1 756.6444091796875 181.10256958007812 793.4680786132812 210.4219207763672 4.065585136413574 1.5029451847076416 1.5928014516830444 9.125368118286133 1.9874267578125 40.29130935668945 -7.731990337371826 0.1397
Car 1 1 1 310.3157958984375 168.695068359375 368.6364440917969 193.31336975097656 3.823367118835449 1.5200179815292358 1.6522897481918335 -17.440265655517578 1.2629313468933105 46.604957580566406 -7.60971212387085 0.1343
Pedestrian 1 1 1 820.6896362304688 170.86708068847656 835.9840087890625 198.74014282226562 0.8337063193321228 1.8036754131317139 0.5716580748558044 14.182588577270508 1.6748006343841553 46.99029541015625 -3.1088175773620605 0.1325
Car 1 1 1 687.2463989257812 173.5668487548828 755.2716064453125 200.12782287597656 3.7398478984832764 1.5295857191085815 1.4897191524505615 6.611710071563721 1.5734809637069702 43.184349060058594 -2.6421499252319336 0.1286
Pedestrian 1 1 1 1016.5765380859375 159.05494689941406 1067.9671630859375 281.7291259765625 0.5741697549819946 1.6763019561767578 0.6362546682357788 6.082937240600586 1.4874426126480103 10.27126407623291 -2.6885664463043213 0.1282
Car 1 1 1 658.6644897460938 184.0733184814453 716.867431640625 209.72091674804688 3.6814377307891846 1.6056517362594604 1.597597360610962 5.1844401359558105 2.3820436000823975 48.28829574584961 -3.7085824012756348 0.1230
Pedestrian 1 1 1 72.09502410888672 162.72061157226562 128.37400817871094 251.04254150390625 0.7505645155906677 1.693114995956421 0.5634406805038452 -10.086040496826172 1.4985597133636475 14.220320701599121 -4.663586139678955 0.1201
Car 1 1 1 682.3596801757812 166.19509887695312 721.0325927734375 186.05337524414062 3.9010043144226074 1.5986891984939575 1.6487640142440796 7.582746505737305 1.0623141527175903 60.19973373413086 -8.183855056762695 0.1194
Pedestrian 1 1 1 848.3409423828125 155.08856201171875 889.853759765625 245.2738037109375 0.6905142664909363 1.8036994934082031 0.6705618500709534 5.256333351135254 1.448091745376587 14.816760063171387 -4.581548690795898 0.1102
Car 1 1 1 702.3878173828125 174.3775634765625 753.9166259765625 196.23434448242188 3.5402379035949707 1.6220675706863403 1.6792360544204712 9.034114837646484 1.7420750856399536 55.37386703491211 -2.6265392303466797 0.1094
Cyclist 1 1 1 836.7890625 178.41265869140625 852.5531616210938 223.35174560546875 1.672565221786499 1.6263247728347778 0.5357285141944885 8.810930252075195 1.8423895835876465 27.207202911376953 -4.379734992980957 0.1059
Pedestrian 1 1 1 185.19705200195312 167.0734405517578 228.59176635742188 238.498046875 0.6990272998809814 1.6855087280273438 0.611153244972229 -9.777142524719238 1.5487968921661377 17.424039840698242 -4.539466381072998 0.1044
