Car 1 1 1 489.26287841796875 181.2073516845703 576.9779663085938 237.68075561523438 3.976616859436035 1.4329174757003784 1.7086149454116821 -2.1722233295440674 1.6996785402297974 20.994537353515625 -4.597138404846191 0.9286
Car 1 1 1 582.207763671875 176.16897583007812 618.0159912109375 205.611572265625 3.6167290210723877 1.4274027347564697 1.5549243688583374 -0.5065790414810181 1.6068118810653687 37.25735092163086 -4.642647743225098 0.7614
Cyclist 1 1 1 818.4619140625 168.33575439453125 832.497802734375 206.87640380859375 1.9023463726043701 1.7888742685317993 0.5773029327392578 10.265020370483398 1.5788583755493164 34.483890533447266 -4.387080669403076 0.4590
Pedestrian 1 1 1 149.019287109375 167.0979766845703 201.90499877929688 252.5884552001953 0.781740128993988 1.6643359661102295 0.544741153717041 -8.748259544372559 1.5519773960113525 14.444287300109863 -5.905452251434326 0.4119
Pedestrian 1 1 1 569.84033203125 170.427734375 581.5444946289062 199.8818359375 0.592061460018158 1.758587121963501 0.6558153629302979 -2.099118232727051 1.6134239435195923 43.446327209472656 -3.0009191036224365 0.2406
Pedestrian 1 1 1 885.3583374023438 147.14358520507812 901.8271484375 193.5988006591797 0.36425134539604187 1.8637595176696777 0.5861348509788513 11.450281143188477 0.8319710493087769 29.24462890625 -7.373884677886963 0.2334
Pedestrian 1 1 1 277.92620849609375 159.1392364501953 306.04180908203125 217.3607177734375 0.6656181812286377 1.8363168239593506 0.6609272360801697 -10.234432220458984 1.4034507274627686 23.127994537353516 -4.834366798400879 0.2301
Pedestrian 1 1 1 771.4119262695312 145.79708862304688 877.5960693359375 362.9396057128906 0.7503113150596619 1.7618730068206787 0.5283370018005371 1.742773413658142 1.5420360565185547 6.125990390777588 -3.121899366378784 0.2118
Car 1 1 1 563.3764038085938 180.75123596191406 637.2325439453125 207.79327392578125 3.963897705078125 1.4786643981933594 1.6238211393356323 -0.6066372990608215 1.948047161102295 41.5743293762207 -6.569522380828857 0.2066
Pedestrian 1 1 1 288.8868408203125 169.21719360351562 312.4769287109375 214.35272216796875 0.4974586069583893 1.7255398035049438 0.765149712562561 -12.006562232971191 1.5862044095993042 27.91471290588379 -8.086450576782227 0.1993
Pedestrian 1 1 1 371.18896484375 169.12429809570312 380.9540100097656 207.7752685546875 0.40951138734817505 1.7629798650741577 0.4671382009983063 -10.801007270812988 1.5925580263137817 33.19164276123047 -6.557212829589844 0.1730
Pedestrian 1 1 1 156.98748779296875 158.8840789794922 208.15443420410156 239.13758850097656 0.7337058782577515 1.716922402381897 0.6353312730789185 -9.385248184204102 1.4177539348602295 15.772308349609375 -3.0907018184661865 0.1650
Pedestrian 1 1 1 543.8897094726562 172.96189880371094 560.5009765625 210.1593475341797 0.49864205718040466 1.744207501411438 0.7259527444839478 -2.7705705165863037 1.7490462064743042 34.10055160522461 -7.807982921600342 0.1602
Pedestrian 1 1 1 1143.818603515625 129.4894256591797 1241.0 374.0 0.9721841216087341 1.8414323329925537 0.6682133674621582 4.632667064666748 1.5484102964401245 5.450392723083496 -5.499105930328369 0.1568
Car 1 1 1 672.0458984375 173.5006561279297 693.4686279296875 191.6927032470703 3.757495641708374 1.508858561515808 1.450143575668335 6.249927520751953 1.5658800601959229 61.972877502441406 -4.507784843444824 0.1558
Cyclist 1 1 1 332.5440979003906 189.7342529296875 358.3917236328125 233.7261505126953 1.6048859357833862 1.6313871145248413 0.5056166648864746 -10.368667602539062 2.3098738193511963 28.19882583618164 -4.769522190093994 0.1463
Car 1 1 1 569.0923461914062 171.66261291503906 604.32958984375 196.64483642578125 4.094324588775635 1.5069811344146729 1.676764726638794 -1.460225224494934 1.4348136186599731 45.64998245239258 -7.746536731719971 0.1181
Car 1 1 1 476.726806640625 177.54644775390625 510.921142578125 201.92518615722656 3.7265937328338623 1.5360065698623657 1.6094770431518555 -7.839305400848389 1.8627694845199585 48.266014099121094 -8.195355415344238 0.1127
Pedestrian 1 1 1 335.0645751953125 159.29946899414062 356.75494384765625 206.3669891357422 0.6263042688369751 1.879341721534729 0.7829292416572571 -10.754233360290527 1.3378279209136963 29.256149291992188 -5.134901523590088 0.1063
Pedestrian 1 1 1 902.3253173828125 151.72506713867188 919.548095703125 196.2656707763672 0.5208240747451782 1.8052411079406738 0.5995038151741028 12.288675308227539 0.9485806226730347 29.579147338867188 -7.564873218536377 0.1030
