Car 1 1 1 0.0 202.5420684814453 286.36846923828125 374.0 3.9064600467681885 1.428483009338379 1.5378485918045044 -5.103207111358643 1.8161330223083496 7.446949481964111 -4.673316478729248 0.9427
Car 1 1 1 914.6846313476562 193.16375732421875 1241.0 374.0 3.920490264892578 1.4856184720993042 1.6068696975708008 2.94437313079834 1.6374825239181519 3.413651943206787 -7.812018871307373 0.8486
Car 1 1 1 471.75482177734375 173.09825134277344 524.904541015625 221.61912536621094 4.11554479598999 1.8843498229980469 1.6110622882843018 -4.627169609069824 1.8949393033981323 30.10580825805664 -4.719576358795166 0.8246
Pedestrian 1 1 1 644.1552734375 171.6667938232422 664.2282104492188 207.52928161621094 0.9427275657653809 1.8062708377838135 0.5477511286735535 2.2023801803588867 1.7461755275726318 36.660133361816406 -6.381344318389893 0.8051
Pedestrian 1 1 1 321.1105041503906 186.8734588623047 350.4131774902344 245.53524780273438 0.5017735362052917 1.5908117294311523 0.6067960858345032 -7.632011890411377 1.9835445880889893 19.96131706237793 -4.65855073928833 0.6896
Pedestrian 1 1 1 794.1519165039062 152.24781799316406 854.3158569335938 242.203125 1.1361788511276245 1.9285610914230347 0.6084990501403809 4.7125678062438965 1.486483097076416 16.06643295288086 -2.4472763538360596 0.6781
Pedestrian 1 1 1 808.2764892578125 155.33099365234375 857.914306640625 234.4043426513672 0.965700626373291 1.8007136583328247 0.5672739744186401 5.189979076385498 1.4013676643371582 16.965715408325195 -2.405693292617798 0.4645
Car 1 1 1 1052.5115966796875 165.45750427246094 1115.0487060546875 208.737060546875 2.314497947692871 1.4519025087356567 1.467874526977539 16.677061080932617 1.2034715414047241 25.558319091796875 -7.448890209197998 0.4363
Pedestrian 1 1 1 692.2552490234375 176.3052215576172 710.5736694335938 211.9971160888672 0.780581533908844 1.6741045713424683 0.4528154134750366 4.283520221710205 1.838423252105713 34.1550407409668 -6.375094890594482 0.3793
Car 1 1 1 681.0193481445312 170.17877197265625 753.5370483398438 196.52767944335938 4.423454284667969 1.6439814567565918 1.807744026184082 6.7595672607421875 1.476766586303711 46.037052154541016 -3.0892887115478516 0.3605
Pedestrian 1 1 1 705.8916625976562 179.11244201660156 724.9954223632812 212.90672302246094 0.8001362085342407 1.5081168413162231 0.40250512957572937 4.701071262359619 1.7912660837173462 32.476715087890625 -6.2855353355407715 0.2770
Car 1 1 1 735.7872314453125 170.8332061767578 793.464111328125 207.91346740722656 4.233258247375488 1.5041983127593994 1.610763430595398 6.59895658493042 1.4219228029251099 31.388893127441406 -4.7094502449035645 0.2325
Car 1 1 1 44.87104797363281 179.89749145507812 254.9638671875 258.7518005371094 3.484200954437256 1.4019386768341064 1.545560598373413 -9.460315704345703 1.5672858953475952 15.068306922912598 -4.368424892425537 0.2003
Cyclist 1 1 1 331.68487548828125 185.39019775390625 352.0189514160156 241.06578063964844 1.8384730815887451 1.7022424936294556 0.5317529439926147 -8.768696784973145 2.1256651878356934 23.43809700012207 -5.115623950958252 0.1834
Pedestrian 1 1 1 460.80657958984375 176.26739501953125 477.9873962402344 206.32058715820312 0.8659135103225708 1.7273168563842773 0.6623095870018005 -8.232429504394531 1.9281861782073975 42.0510139465332 -6.6807146072387695 0.1814
Pedestrian 1 1 1 868.3883666992188 149.17433166503906 898.9812622070312 204.38804626464844 0.9305657744407654 1.9046577215194702 0.7206916809082031 9.561182022094727 1.0875017642974854 25.355979919433594 -4.713685989379883 0.1780
Car 1 1 1 1018.8521728515625 177.15969848632812 1241.0 352.90606689453125 4.053755283355713 1.4937803745269775 1.6069269180297852 7.179765701293945 1.5560028553009033 8.357027053833008 -8.466513633728027 0.1637
Car 1 1 1 730.0720825195312 174.48956298828125 847.0909423828125 216.4826202392578 3.8589675426483154 1.4666249752044678 1.5977274179458618 6.477732181549072 1.5290443897247314 26.480749130249023 -6.495893955230713 0.1589
Pedestrian 1 1 1 943.7813110351562 175.64198303222656 964.8971557617188 226.62322998046875 0.6703341007232666 1.5590031147003174 0.5531521439552307 10.710121154785156 1.6474440097808838 22.538877487182617 -7.343817234039307 0.1563
Car 1 1 1 1023.8461303710938 167.5201416015625 1152.02685546875 240.42767333984375 3.8732340335845947 1.5105763673782349 1.6544135808944702 11.056516647338867 1.399764060974121 17.052017211914062 -7.507666110992432 0.1512
Car 1 1 1 468.3465881347656 180.924560546875 538.6053466796875 206.47657775878906 4.143519401550293 1.555961012840271 1.6929725408554077 -6.701403617858887 2.0738120079040527 45.417449951171875 -3.112117290496826 0.1457
Pedestrian 1 1 1 900.6784057617188 149.19618225097656 916.8776245117188 187.4468231201172 0.5722266435623169 2.095351457595825 0.7860181927680969 16.509531021118164 0.7990875840187073 39.95903396606445 -4.240339756011963 0.1404
Pedestrian 1 1 1 347.6065979003906 195.87039184570312 368.7962341308594 237.83851623535156 0.4621645510196686 1.3124107122421265 0.4592247009277344 -8.155730247497559 2.0635275840759277 23.235599517822266 -4.110857009887695 0.1346
Pedestrian 1 1 1 734.6091918945312 155.38320922851562 758.099365234375 195.22264099121094 1.0443583726882935 1.9308878183364868 0.5417327284812927 6.664600372314453 1.0838356018066406 35.476951599121094 -3.6999001502990723 0.1237
Cyclist 1 1 1 890.144287109375 179.57144165039062 912.3861694335938 220.02066040039062 1.5111762285232544 1.5848373174667358 0.5184739828109741 11.779159545898438 1.8648327589035034 29.319683074951172 -4.549777030944824 0.1179
Car 1 1 1 1070.9788818359375 173.89002990722656 1134.741943359375 212.00474548339844 3.531848669052124 1.4493699073791504 1.55430006980896 20.001842498779297 1.4941580295562744 29.47175407409668 -7.430700778961182 0.1147
Pedestrian 1 1 1 245.97488403320312 202.1814727783203 275.97479248046875 259.6298828125 0.462137907743454 1.3988889455795288 0.5205575823783875 -8.779986381530762 2.142186403274536 18.05462646484375 -4.67775821685791 0.1121
Cyclist 1 1 1 426.2864074707031 184.3273468017578 445.28515625 219.27352905273438 1.5391236543655396 1.6297227144241333 0.538544774055481 -8.46386432647705 2.197078227996826 34.927242279052734 -4.704962253570557 0.1091
Pedestrian 1 1 1 460.80078125 163.86630249023438 468.9501953125 187.1552734375 0.6578028798103333 1.8680037260055542 0.5412927269935608 -11.732783317565918 1.146801233291626 58.210784912109375 -7.882151126861572 0.1015
