Car 1 1 1 55.092899322509766 196.86495971679688 386.7528381347656 374.0 3.9351933002471924 1.4548815488815308 1.6077674627304077 -3.7632243633270264 1.778619647026062 7.7285356521606445 -4.767547130584717 0.9434
Car 1 1 1 504.3385314941406 182.960693359375 554.8541259765625 223.26719665527344 4.1156439781188965 1.54285728931427 1.694716453552246 -3.39341402053833 2.001532793045044 30.709190368652344 -4.71260404586792 0.8545
Car 1 1 1 324.9405212402344 175.31857299804688 478.314697265625 293.5854797363281 4.1772894859313965 1.875327706336975 1.6793752908706665 -3.765390157699585 1.9286925792694092 13.619745254516602 -4.709160327911377 0.8200
Car 1 1 1 296.66265869140625 191.4647979736328 348.7593688964844 223.56045532226562 4.237370014190674 1.5611881017684937 1.6999424695968628 -15.8352632522583 2.6465187072753906 39.876583099365234 -4.846180438995361 0.3593
Pedestrian 1 1 1 826.1842041015625 126.82028198242188 952.2360229492188 350.1335754394531 0.8361122012138367 1.8558919429779053 0.6226049065589905 2.3968887329101562 1.4730191230773926 6.3923540115356445 -3.364041566848755 0.3372
Cyclist 1 1 1 462.109130859375 183.72059631347656 481.4295654296875 213.75604248046875 1.5485196113586426 1.6282371282577515 0.4149405360221863 -7.786433219909668 2.2498972415924072 40.49639892578125 -7.5778117179870605 0.3115
Pedestrian 1 1 1 294.7015380859375 179.71726989746094 329.2470397949219 238.87164306640625 0.7630334496498108 1.6380401849746704 0.6051916480064392 -8.507540702819824 1.83669114112854 20.496559143066406 -4.5755615234375 0.2770
Pedestrian 1 1 1 10.896015167236328 153.60208129882812 101.8634033203125 271.5139465332031 0.987433135509491 1.8389724493026733 0.6174864768981934 -8.912983894348145 1.5384165048599243 11.569302558898926 -6.268242835998535 0.2670
Pedestrian 1 1 1 482.89825439453125 195.89939880371094 499.0608215332031 224.38055419921875 0.693906307220459 1.6758637428283691 0.6769647598266602 -7.247284889221191 3.0874974727630615 43.72298049926758 -7.14060640335083 0.2505
Pedestrian 1 1 1 664.9392700195312 181.3632354736328 682.9955444335938 216.71524047851562 0.812900722026825 1.591892123222351 0.468443900346756 2.869699239730835 1.9824819564819336 32.881526947021484 -6.208616733551025 0.2429
Pedestrian 1 1 1 68.09616088867188 155.0211944580078 156.01022338867188 272.09979248046875 0.9744830131530762 1.792099118232727 0.5924391150474548 -7.8666229248046875 1.5188357830047607 11.344685554504395 -6.27488899230957 0.2334
Car 1 1 1 406.1372985839844 187.3602294921875 476.79327392578125 220.8779296875 4.121291160583496 1.5160491466522217 1.6967991590499878 -8.543477058410645 2.299570322036743 36.77083969116211 -4.426179885864258 0.2278
Car 1 1 1 321.0218200683594 182.30410766601562 437.7159118652344 228.5254364013672 3.7334558963775635 1.5689465999603271 1.7055290937423706 -8.441078186035156 1.9309625625610352 26.347042083740234 -2.873596668243408 0.2131
Pedestrian 1 1 1 855.728271484375 171.70767211914062 892.4987182617188 242.5354461669922 0.8429207801818848 1.7542142868041992 0.642297625541687 6.662674427032471 1.7255229949951172 18.332242965698242 -5.876455783843994 0.1956
Pedestrian 1 1 1 191.12803649902344 178.6170654296875 220.66842651367188 230.90090942382812 0.7227437496185303 1.6345552206039429 0.5854818820953369 -12.989951133728027 1.8224366903305054 23.108739852905273 -5.633890628814697 0.1704
Car 1 1 1 297.0074157714844 154.0760040283203 356.31207275390625 195.71507263183594 4.70011568069458 2.441107749938965 1.78189218044281 -17.476516723632812 1.3399397134780884 44.66066360473633 -7.842414379119873 0.1627
Pedestrian 1 1 1 823.1349487304688 149.21510314941406 843.3379516601562 201.9832000732422 0.5661758184432983 1.8562581539154053 0.5812463164329529 7.897402286529541 1.0243972539901733 25.68989372253418 -7.764663219451904 0.1502
Cyclist 1 1 1 62.98367691040039 160.76133728027344 127.8134994506836 232.86756896972656 1.7496808767318726 1.7233887910842896 0.4362834393978119 -12.940052032470703 1.4340659379959106 18.1275577545166 -7.890956401824951 0.1499
Pedestrian 1 1 1 669.4952392578125 164.09329223632812 686.9176025390625 193.86471557617188 1.0097824335098267 1.866823673248291 0.5230932831764221 4.2817583084106445 1.3171813488006592 45.645999908447266 -5.976396083831787 0.1456
