Car 1 1 1 475.0113220214844 177.8076629638672 524.1083374023438 213.62815856933594 4.116652011871338 1.8858956098556519 1.6296335458755493 -6.2066755294799805 2.1800243854522705 40.734378814697266 -4.573284149169922 0.8686
Car 1 1 1 444.9072570800781 183.3467559814453 499.0888671875 215.87576293945312 3.6338579654693604 1.477222204208374 1.5142349004745483 -6.8458333015441895 2.026970863342285 35.912269592285156 -4.557483673095703 0.8062
Car 1 1 1 957.75048828125 161.71347045898438 1057.1796875 192.89747619628906 3.888474225997925 1.4601839780807495 1.5751707553863525 19.039867401123047 0.9382312297821045 34.76018142700195 -3.0434389114379883 0.7634
Cyclist 1 1 1 0.0 181.03440856933594 138.3394775390625 348.4581298828125 1.8087925910949707 1.688933253288269 0.5375792980194092 -6.315826416015625 1.7927523851394653 8.27553939819336 -4.72645902633667 0.6410
Car 1 1 1 659.8198852539062 175.5450439453125 689.8499145507812 203.26953125 4.141561508178711 1.6142030954360962 1.7622705698013306 3.9862356185913086 1.788156270980835 44.57453918457031 -7.755259990692139 0.6251
Car 1 1 1 614.9361572265625 177.64540100097656 638.9876098632812 200.21273803710938 3.703322172164917 1.4835387468338013 1.5657310485839844 1.1769301891326904 1.828652262687683 50.125587463378906 -7.8014349937438965 0.6156
Cyclist 1 1 1 765.5445556640625 162.54884338378906 800.140625 246.48245239257812 1.747712254524231 1.821152925491333 0.5794987678527832 3.9359779357910156 1.5972566604614258 16.575862884521484 -7.505330562591553 0.4547
Car 1 1 1 638.927490234375 175.9943389892578 662.4752197265625 193.21804809570312 3.609375238418579 1.3746589422225952 1.5537294149398804 3.3970248699188232 1.6446664333343506 60.195892333984375 -7.680936336517334 0.3209
Car 1 1 1 1024.26416015625 148.09439086914062 1170.76904296875 193.595703125 4.04422664642334 1.567865252494812 1.6793575286865234 17.413419723510742 0.7144089341163635 26.013830184936523 -6.123043060302734 0.3158
Pedestrian 1 1 1 253.77001953125 153.01089477539062 280.49755859375 209.18455505371094 0.6357200741767883 1.8769491910934448 0.6156996488571167 -11.653388023376465 1.2136248350143433 24.437097549438477 -4.746335506439209 0.3024
Cyclist 1 1 1 1074.053955078125 151.4226837158203 1134.962890625 231.27171325683594 1.7106221914291382 1.6732516288757324 0.43631818890571594 10.875941276550293 1.2238545417785645 15.999731063842773 -7.68569803237915 0.2901
Car 1 1 1 381.7575988769531 181.62509155273438 450.9942932128906 209.04750061035156 3.712937831878662 1.545031189918518 1.5832496881484985 -11.670710563659668 2.093160629272461 43.42499542236328 -3.731612205505371 0.2448
Car 1 1 1 403.7855224609375 180.21461486816406 452.39569091796875 205.15286254882812 4.317615032196045 1.5777826309204102 1.6819860935211182 -12.379531860351562 2.1028921604156494 49.244178771972656 -4.562739849090576 0.2077
Pedestrian 1 1 1 968.3303833007812 157.49310302734375 995.1952514648438 218.47787475585938 0.4128352701663971 1.7845168113708496 0.583692729473114 11.011099815368652 1.3347315788269043 21.470762252807617 -3.7324910163879395 0.1880
Pedestrian 1 1 1 870.7108764648438 149.6366729736328 884.9470825195312 185.89747619628906 0.7041682004928589 1.9180189371109009 0.5934950113296509 14.271788597106934 0.6896358132362366 38.56312942504883 -7.683485507965088 0.1734
Pedestrian 1 1 1 1044.32177734375 162.155029296875 1108.77001953125 266.4732360839844 0.6427492499351501 1.6479543447494507 0.6594902276992798 7.595187664031982 1.4786385297775269 11.840897560119629 -6.775543212890625 0.1684
Car 1 1 1 738.0496215820312 175.41494750976562 891.896484375 233.57904052734375 3.8988382816314697 1.4888519048690796 1.6378157138824463 5.635528087615967 1.564842700958252 20.045860290527344 -6.6403374671936035 0.1583
Pedestrian 1 1 1 1150.300048828125 123.03617095947266 1212.8653564453125 227.2169952392578 0.747882068157196 1.8970974683761597 0.660549521446228 10.6806640625 0.9896317720413208 13.574599266052246 -4.498013019561768 0.1537
Car 1 1 1 679.4874267578125 175.36026000976562 703.5652465820312 195.70315551757812 3.752739429473877 1.5931179523468018 1.591209888458252 6.592759609222412 1.8038218021392822 58.85914993286133 -4.697506427764893 0.1466
Car 1 1 1 723.301513671875 179.16744995117188 762.4490966796875 201.9288787841797 3.926961898803711 1.4494160413742065 1.5927467346191406 9.071778297424316 1.8983573913574219 49.23004913330078 -7.388091564178467 0.1395
Pedestrian 1 1 1 829.2111206054688 165.95851135253906 856.813720703125 216.7181396484375 0.6855735778808594 1.716988444328308 0.6123160123825073 7.977603435516357 1.4834426641464233 24.852304458618164 -3.7364401817321777 0.1391
Pedestrian 1 1 1 803.80712890625 171.06996154785156 823.7587890625 204.74334716796875 0.6941946744918823 1.704161286354065 0.6978226900100708 10.406237602233887 1.613573670387268 36.991920471191406 -6.808534622192383 0.1326
Pedestrian 1 1 1 860.548583984375 162.28387451171875 887.6356201171875 213.7881317138672 0.6298514008522034 1.8048639297485352 0.6624366044998169 9.367219924926758 1.434154987335205 25.724740982055664 -5.248216152191162 0.1209
Pedestrian 1 1 1 1039.0047607421875 222.2335205078125 1151.1484375 374.0 0.5993945002555847 1.1612294912338257 0.35951969027519226 3.406750202178955 1.5379350185394287 5.186525821685791 -4.85579776763916 0.1155
Car 1 1 1 662.3358154296875 164.05686950683594 688.1815185546875 193.98794555664062 4.004799842834473 1.9549362659454346 1.6832739114761353 4.379516124725342 1.3800544738769531 49.185340881347656 -4.639456748962402 0.1014
Car 1 1 1 361.2738952636719 180.9691925048828 425.165771484375 214.06752014160156 3.886970281600952 1.4656693935394287 1.6135988235473633 -10.459216117858887 1.8810933828353882 34.950469970703125 -4.615616321563721 0.1009
