Cyclist 1 1 1 900.82373046875 172.39102172851562 1021.84423828125 272.58709716796875 1.9737693071365356 1.8369876146316528 0.6049813628196716 6.511053562164307 1.8281997442245483 13.535331726074219 -3.1373167037963867 0.9621
Car 1 1 1 589.6240234375 184.367919921875 670.3147583007812 249.46646118164062 3.3834598064422607 1.3390003442764282 1.6883052587509155 0.3311554789543152 1.64033043384552 17.176794052124023 -7.895493984222412 0.9542
Car 1 1 1 578.1654052734375 179.0620880126953 622.8426513671875 220.59747314453125 3.696418046951294 1.574686884880066 1.707779884338379 -0.37938347458839417 1.8467103242874146 29.78217315673828 -7.82936429977417 0.8881
Car 1 1 1 183.2657470703125 184.22024536132812 304.63421630859375 240.39378356933594 3.9455745220184326 1.554565668106079 1.6588718891143799 -11.45535659790039 1.9452805519104004 22.80340576171875 -4.6530890464782715 0.8529
Pedestrian 1 1 1 441.275390625 174.41552734375 472.8971252441406 256.5713806152344 0.5864824056625366 1.7165340185165405 0.6279829144477844 -3.3143622875213623 1.75034499168396 15.425042152404785 -6.364245891571045 0.8316
Car 1 1 1 409.4067077636719 180.95370483398438 516.8295288085938 231.42347717285156 3.627887487411499 1.5136839151382446 1.6818592548370361 -4.990837574005127 1.8042060136795044 24.068653106689453 -2.4090349674224854 0.7746
Car 1 1 1 323.4640197753906 175.765380859375 391.2742919921875 218.52737426757812 4.021312236785889 1.8055037260055542 1.6197233200073242 -11.419713973999023 1.9455668926239014 32.763484954833984 -4.6966872215271 0.7658
Car 1 1 1 449.2471618652344 181.5167999267578 546.0657348632812 220.6471710205078 4.022762298583984 1.5019365549087524 1.6409319639205933 -4.8019328117370605 1.8880053758621216 30.344594955444336 -2.5213799476623535 0.6331
Car 1 1 1 669.4618530273438 180.82839965820312 712.6690063476562 215.36492919921875 3.7443835735321045 1.4327974319458008 1.6195646524429321 3.5748305320739746 1.8147698640823364 32.69792175292969 -7.830406665802002 0.6041
Car 1 1 1 412.9505310058594 180.66580200195312 526.6752319335938 222.1437225341797 3.9196958541870117 1.447879672050476 1.6008081436157227 -5.303419589996338 1.75619637966156 27.10912322998047 -2.8090829849243164 0.4630
Car 1 1 1 497.07354736328125 178.72682189941406 558.6146240234375 209.26344299316406 3.5155324935913086 1.4934080839157104 1.5677155256271362 -4.387538433074951 1.816426396369934 37.86283874511719 -8.532936096191406 0.4211
Car 1 1 1 519.2261352539062 178.15797424316406 570.4287109375 200.25741577148438 3.5098490715026855 1.4893254041671753 1.5826576948165894 -4.670833587646484 1.8778661489486694 51.174739837646484 -2.4576363563537598 0.3878
Car 1 1 1 1169.0335693359375 175.04806518554688 1241.0 250.4669647216797 4.129884719848633 1.4662455320358276 1.5861905813217163 14.498769760131836 1.5155431032180786 15.201431274414062 -2.9830150604248047 0.2812
Car 1 1 1 661.6138305664062 176.41555786132812 693.5787963867188 204.46478271484375 3.791607141494751 1.468208909034729 1.5664281845092773 3.6841280460357666 1.67575204372406 40.1819953918457 -7.81489896774292 0.2534
Car 1 1 1 923.0958251953125 168.34109497070312 1064.77392578125 214.6127166748047 3.893369197845459 1.4749232530593872 1.6017011404037476 12.698823928833008 1.3307726383209229 24.17037010192871 -6.0834784507751465 0.2101
Cyclist 1 1 1 830.156005859375 160.49911499023438 849.9282836914062 197.53184509277344 1.6067169904708862 1.7085329294204712 0.4276668131351471 10.817237854003906 1.1382306814193726 34.09300994873047 -7.849462032318115 0.2028
Cyclist 1 1 1 703.3411865234375 158.61984252929688 774.1182861328125 223.20631408691406 1.8429551124572754 1.7568124532699585 0.5857824683189392 3.500675678253174 1.3693304061889648 19.96841049194336 -3.195265769958496 0.1807
Car 1 1 1 600.6771240234375 170.55677795410156 666.9772338867188 200.44580078125 4.1374921798706055 1.6511566638946533 1.6997451782226562 1.2968817949295044 1.5239512920379639 42.03840255737305 -8.471914291381836 0.1798
Car 1 1 1 470.6944885253906 179.0094451904297 529.6697387695312 201.79083251953125 3.8142483234405518 1.5267016887664795 1.6212576627731323 -7.549892425537109 1.9566593170166016 49.61568832397461 -6.287607192993164 0.1776
Car 1 1 1 503.88153076171875 181.92404174804688 580.3993530273438 211.6775665283203 4.06287145614624 1.6048972606658936 1.6993989944458008 -3.9389805793762207 2.1459083557128906 41.47481918334961 -5.874222278594971 0.1690
Car 1 1 1 818.3154907226562 154.51251220703125 904.6017456054688 183.9349822998047 4.310394763946533 1.6295570135116577 1.6560817956924438 14.170695304870605 0.6134176850318909 40.89244842529297 -6.331069469451904 0.1631
Car 1 1 1 603.31689453125 175.2777557373047 629.6277465820312 193.8743133544922 3.6608963012695312 1.4873312711715698 1.5600789785385132 0.5442952513694763 1.6956491470336914 60.1598014831543 -4.5218000411987305 0.1625
Car 1 1 1 454.6380920410156 181.74717712402344 488.9878234863281 210.193603515625 4.111032962799072 1.6214406490325928 1.7318944931030273 -8.524532318115234 2.1970455646514893 44.59309005737305 -4.813342094421387 0.1569
Cyclist 1 1 1 817.6242065429688 177.20179748535156 828.917236328125 214.8036346435547 1.708981990814209 1.6825922727584839 0.43767744302749634 9.81567668914795 1.8887051343917847 33.37313461303711 -7.603163242340088 0.1365
Car 1 1 1 643.7857055664062 170.56382751464844 676.6119384765625 194.74899291992188 4.12717342376709 1.6934962272644043 1.628884196281433 3.678926467895508 1.5328327417373657 52.728153228759766 -4.448592185974121 0.1351
Car 1 1 1 819.5578002929688 169.59982299804688 845.5713500976562 192.31455993652344 4.057189464569092 1.622195839881897 1.6689974069595337 16.570566177368164 1.3894946575164795 53.72063064575195 -4.3674821853637695 0.1273
Cyclist 1 1 1 1134.2042236328125 184.01260375976562 1204.7916259765625 257.3271484375 1.5670745372772217 1.6227309703826904 0.34827330708503723 13.09867000579834 1.8977464437484741 17.00741958618164 -7.934675693511963 0.1236
Pedestrian 1 1 1 336.04083251953125 179.67726135253906 389.21124267578125 299.0622253417969 0.5671269297599792 1.7291582822799683 0.611911952495575 -3.796957492828369 1.8359062671661377 10.908823013305664 -5.365963459014893 0.1057
