Car 1 1 1 568.2846069335938 175.65911865234375 635.8399047851562 239.63983154296875 3.619863748550415 1.5626552104949951 1.6656626462936401 -0.2332313507795334 1.6456091403961182 19.598344802856445 -7.846207141876221 0.9287
Car 1 1 1 107.05058288574219 200.51226806640625 224.54881286621094 253.13140869140625 3.65995717048645 1.5725470781326294 1.853957176208496 -15.49382209777832 2.6137402057647705 25.33259391784668 -4.704253196716309 0.9270
Car 1 1 1 0.0 210.70449829101562 110.44511413574219 262.7683410644531 3.805107593536377 1.3981653451919556 1.8996502161026 -19.089473724365234 2.7667605876922607 24.149961471557617 -4.665408134460449 0.8455
Pedestrian 1 1 1 649.8519287109375 167.71597290039062 665.3175048828125 198.8605194091797 0.8021880388259888 1.7478477954864502 0.5681197047233582 2.651076078414917 1.459199070930481 40.80504608154297 -6.354671955108643 0.4207
Car 1 1 1 254.5916748046875 176.86276245117188 319.745849609375 199.1526641845703 3.924469470977783 1.56740140914917 1.7108469009399414 -23.224775314331055 1.8604719638824463 51.92839050292969 -3.1519525051116943 0.3674
Car 1 1 1 481.377197265625 178.14964294433594 523.6289672851562 206.23028564453125 4.199427127838135 1.607230544090271 1.7021795511245728 -6.570068836212158 1.9476027488708496 44.26372528076172 -4.6433491706848145 0.3061
Cyclist 1 1 1 291.8623046875 171.65509033203125 330.6924743652344 261.0942687988281 1.8984651565551758 1.8139455318450928 0.5657061338424683 -6.530409336090088 1.789330005645752 15.601365089416504 -8.358843803405762 0.1761
Car 1 1 1 774.0927734375 173.29039001464844 806.360107421875 193.93820190429688 3.5830330848693848 1.43478262424469 1.5405693054199219 13.028635025024414 1.4672112464904785 52.168243408203125 -4.254062652587891 0.1328
Car 1 1 1 1102.10986328125 147.5750274658203 1179.484130859375 181.61138916015625 4.16071891784668 2.285594940185547 1.7455354928970337 37.17036819458008 0.5877718925476074 50.696510314941406 -8.148426055908203 0.1230
Car 1 1 1 728.9187622070312 171.78834533691406 751.0099487304688 188.04379272460938 4.053144454956055 1.4241536855697632 1.5810811519622803 11.780624389648438 1.3304893970489502 65.37995147705078 -4.435650825500488 0.1106
Pedestrian 1 1 1 0.0 201.5729217529297 16.26434326171875 240.49786376953125 0.6984798908233643 1.7023675441741943 0.6768213510513306 -27.457805633544922 3.025080919265747 32.75521469116211 -6.994544506072998 0.1032
Car 1 1 1 633.1788940429688 181.9684295654297 719.826171875 213.35903930664062 4.247568130493164 1.5620967149734497 1.6908587217330933 3.4749038219451904 2.0630342960357666 38.21769332885742 -6.598534107208252 0.1011
