Car 1 1 1 724.528076171875 159.7459716796875 914.87841796875 299.3422546386719 3.820716142654419 1.6296918392181396 1.5934487581253052 2.6976511478424072 1.4763644933700562 10.338851928710938 -7.860344409942627 0.9476
Car 1 1 1 427.760498046875 178.319580078125 499.32745361328125 223.93389892578125 3.7133216857910156 1.4307247400283813 1.5180151462554932 -5.029287815093994 1.6340998411178589 24.987567901611328 -4.649688720703125 0.9333
Car 1 1 1 839.6057739257812 173.9022216796875 1241.0 374.0 3.21572208404541 1.5522387027740479 1.4979355335235596 2.8414833545684814 1.5617074966430664 5.10922908782959 -7.863584041595459 0.9287
Car 1 1 1 0.0 195.094970703125 284.0728759765625 374.0 4.004921913146973 1.5147857666015625 1.6129963397979736 -5.084417343139648 1.7976683378219604 7.141702175140381 -4.655237674713135 0.9198
Cyclist 1 1 1 44.8859748840332 159.9330596923828 257.94024658203125 374.0 1.686753273010254 1.6723426580429077 0.5064145922660828 -3.452850818634033 1.5882341861724854 5.533435821533203 -4.669973373413086 0.8493
Car 1 1 1 337.00738525390625 177.65614318847656 454.50299072265625 252.34255981445312 3.7651314735412598 1.6024929285049438 1.5886030197143555 -5.14265775680542 1.7324552536010742 17.650484085083008 -4.65963888168335 0.8419
Car 1 1 1 188.6641387939453 185.94369506835938 400.58770751953125 306.1114807128906 4.368059158325195 1.6063567399978638 1.724485993385315 -5.113712310791016 1.8690577745437622 12.309565544128418 -4.716689109802246 0.8149
Car 1 1 1 529.6812133789062 168.62802124023438 559.3251953125 196.82308959960938 3.85434627532959 1.7809696197509766 1.6257257461547852 -4.306003570556641 1.5137312412261963 47.50849914550781 -4.718148708343506 0.7822
Pedestrian 1 1 1 659.4390258789062 160.1612091064453 681.65185546875 198.5793914794922 1.0049374103546143 1.9025648832321167 0.5007850527763367 2.9993815422058105 1.2736859321594238 36.24449920654297 -2.4550867080688477 0.4922
Car 1 1 1 684.50146484375 158.9940643310547 805.2496337890625 257.7621765136719 4.434535980224609 1.8358477354049683 1.7586771249771118 2.684823513031006 1.5779269933700562 15.634366989135742 -7.8603434562683105 0.3963
Car 1 1 1 684.807861328125 171.3942413330078 753.077392578125 228.8709716796875 3.9073805809020996 1.5208375453948975 1.620735764503479 3.040457010269165 1.481912612915039 21.089624404907227 -7.795539379119873 0.3648
Pedestrian 1 1 1 440.6431579589844 156.9014892578125 455.1441650390625 194.0264892578125 0.599361777305603 1.9812833070755005 0.7219523191452026 -8.779335021972656 1.1296310424804688 38.89778137207031 -5.004128456115723 0.3178
Pedestrian 1 1 1 605.6781005859375 168.89102172851562 618.9494018554688 193.9239959716797 0.9539979100227356 1.805230975151062 0.5561980605125427 0.14003373682498932 1.519142746925354 52.32014083862305 -3.122607707977295 0.3041
Pedestrian 1 1 1 651.5435791015625 161.67369079589844 674.1162719726562 200.2335968017578 1.0005336999893188 1.8696820735931396 0.4708048403263092 2.5536088943481445 1.3272740840911865 35.440025329589844 -5.758568286895752 0.2758
Car 1 1 1 748.8129272460938 151.23948669433594 791.2567138671875 179.6728973388672 3.640094041824341 1.685948133468628 1.6619596481323242 9.814083099365234 0.40402424335479736 44.641197204589844 -7.902095317840576 0.2430
Car 1 1 1 672.6781616210938 174.34664916992188 732.340087890625 201.95510864257812 4.198054790496826 1.515962839126587 1.5777658224105835 5.293787956237793 1.6073976755142212 42.10276794433594 -5.103462219238281 0.1766
Pedestrian 1 1 1 463.9610900878906 160.15789794921875 476.15179443359375 191.3427734375 0.7572740912437439 1.89193594455719 0.617693305015564 -8.597146987915039 1.1213834285736084 44.161582946777344 -7.881703853607178 0.1607
Pedestrian 1 1 1 459.22607421875 157.59771728515625 470.1541748046875 199.17022705078125 0.3266390264034271 1.8201090097427368 0.5149916410446167 -6.458366394042969 1.1518656015396118 31.865863800048828 -3.0168137550354004 0.1471
Pedestrian 1 1 1 668.916748046875 168.62632751464844 683.4891967773438 194.42013549804688 0.9306178092956543 1.8263567686080933 0.5344926714897156 4.69540548324585 1.526711344718933 51.49922180175781 -5.934858322143555 0.1435
Car 1 1 1 555.7185668945312 175.4924774169922 586.6879272460938 196.3385467529297 3.7409799098968506 1.5458918809890747 1.5555355548858643 -3.0022733211517334 1.7575879096984863 55.99165725708008 -4.525603294372559 0.1359
Car 1 1 1 619.8372802734375 174.7327117919922 640.6712646484375 192.35963439941406 3.916128396987915 1.4992784261703491 1.5789461135864258 1.7394226789474487 1.6702269315719604 63.78242492675781 -7.893184185028076 0.1261
Pedestrian 1 1 1 424.17706298828125 164.99917602539062 441.8822021484375 201.33714294433594 0.6191027164459229 1.7820682525634766 0.7182796597480774 -8.79270076751709 1.3965556621551514 35.699954986572266 -7.839657306671143 0.1162
Car 1 1 1 676.5805053710938 178.7273712158203 727.8389282226562 221.73939514160156 3.1585025787353516 1.4575303792953491 1.5486743450164795 3.4061217308044434 1.688010334968567 26.63506507873535 -7.619398593902588 0.1096
Car 1 1 1 427.8250427246094 171.55943298339844 502.6929931640625 198.47584533691406 3.918673038482666 1.4797099828720093 1.5929844379425049 -8.272343635559082 1.4082419872283936 41.076175689697266 -2.7978763580322266 0.1017
