Car 1 1 1 584.7576904296875 182.37608337402344 652.7014770507812 239.2339630126953 3.625565528869629 1.377915859222412 1.7085866928100586 0.11287953704595566 1.6650316715240479 19.940418243408203 -7.885214328765869 0.9459
Cyclist 1 1 1 787.4581909179688 160.58663940429688 833.1775512695312 230.7228240966797 1.950547456741333 1.8416800498962402 0.6102452874183655 5.455440521240234 1.5192561149597168 19.939233779907227 -7.917357921600342 0.9169
Cyclist 1 1 1 406.6914978027344 172.21563720703125 435.3035888671875 210.37562561035156 1.740062952041626 1.730024814605713 0.6648895144462585 -8.832198143005371 1.7007837295532227 33.6204948425293 -4.568107604980469 0.2950
Pedestrian 1 1 1 663.6075439453125 175.7624969482422 680.9814453125 208.6479949951172 0.8284965753555298 1.630440592765808 0.5556730031967163 3.073841094970703 1.7768338918685913 36.10762405395508 -6.268141746520996 0.2555
Car 1 1 1 507.0049743652344 177.17623901367188 550.736083984375 201.16954040527344 3.89082932472229 1.4913156032562256 1.6011759042739868 -5.343128681182861 1.7891143560409546 47.680824279785156 -4.462852954864502 0.2459
Pedestrian 1 1 1 642.212646484375 169.80699157714844 654.8674926757812 193.1881561279297 0.9805164337158203 1.894834280014038 0.4736531376838684 3.115330696105957 1.6476004123687744 58.7916145324707 -2.96915340423584 0.2380
Car 1 1 1 783.6328735351562 177.86526489257812 830.08935546875 203.88583374023438 4.123884201049805 1.503109097480774 1.6401716470718384 12.058967590332031 1.826813817024231 44.567264556884766 -4.740344524383545 0.2367
Car 1 1 1 138.26113891601562 169.85479736328125 350.6575012207031 277.3822021484375 3.404247283935547 1.438087821006775 1.5542933940887451 -5.569591999053955 1.39767587184906 11.372859954833984 -4.684812068939209 0.1810
Car 1 1 1 126.92030334472656 171.73439025878906 189.6805419921875 200.0948944091797 3.456103563308716 1.6792068481445312 1.7097021341323853 -27.787498474121094 1.6126149892807007 44.451534271240234 -7.855967998504639 0.1654
Cyclist 1 1 1 768.0136108398438 178.1761016845703 789.4942016601562 207.94004821777344 1.5874632596969604 1.6973828077316284 0.48489585518836975 9.840705871582031 2.0150249004364014 42.27470779418945 -5.0159912109375 0.1547
Car 1 1 1 483.24462890625 173.99334716796875 532.1130981445312 217.11944580078125 3.8873167037963867 1.4905197620391846 1.6362406015396118 -3.949403762817383 1.5362820625305176 27.1087646484375 -8.041496276855469 0.1503
Car 1 1 1 79.26300811767578 187.6316375732422 182.25123596191406 224.5028839111328 4.164798736572266 1.4711965322494507 1.67184579372406 -21.583045959472656 2.1833934783935547 32.64746856689453 -4.634471416473389 0.1460
Pedestrian 1 1 1 787.5289306640625 157.3215789794922 801.41015625 191.87147521972656 0.7181066274642944 1.9518046379089355 0.7168822288513184 10.486647605895996 1.074041724205017 41.178157806396484 -7.676193714141846 0.1426
Pedestrian 1 1 1 1188.518310546875 149.21128845214844 1241.0 241.04730224609375 0.8192283511161804 1.7590352296829224 0.6426435708999634 12.004422187805176 1.3058807849884033 14.225675582885742 -2.9145452976226807 0.1323
Car 1 1 1 202.04666137695312 160.83779907226562 455.7026672363281 293.3286437988281 4.241575717926025 1.5774731636047363 1.6588627099990845 -3.9200949668884277 1.4341050386428833 10.810301780700684 -4.565253257751465 0.1258
Cyclist 1 1 1 923.3236083984375 143.77906799316406 972.4519653320312 209.79949951171875 1.7001852989196777 1.734376072883606 0.4892145097255707 9.200485229492188 0.9702692031860352 19.814931869506836 -4.755886077880859 0.1256
Pedestrian 1 1 1 1192.6470947265625 171.26754760742188 1219.2679443359375 218.71788024902344 0.5118886828422546 1.8356188535690308 0.6240301728248596 23.28120231628418 1.7739468812942505 28.24778938293457 -3.2373569011688232 0.1239
Car 1 1 1 64.75756072998047 200.2510986328125 134.6792755126953 225.9915771484375 3.567939281463623 1.534942865371704 1.5843193531036377 -32.77284240722656 3.3337981700897217 46.327850341796875 -6.129924297332764 0.1094
Car 1 1 1 643.2396240234375 178.8746795654297 668.177001953125 203.82891845703125 3.9528870582580566 1.6033695936203003 1.6089754104614258 3.058661699295044 2.031491279602051 49.33636474609375 -4.6720781326293945 0.1029
