Car 1 1 1 554.2518310546875 181.19497680664062 598.9537353515625 219.8768768310547 3.6308252811431885 1.369089126586914 1.6344270706176758 -1.3938207626342773 1.716516375541687 28.211864471435547 -7.924302577972412 0.9447
Car 1 1 1 958.4246215820312 194.3257293701172 1049.866455078125 232.38768005371094 4.238364219665527 1.6653021574020386 1.5214169025421143 18.950815200805664 2.743884801864624 34.75695037841797 -3.524813175201416 0.8782
Car 1 1 1 501.2686462402344 179.9438934326172 536.296142578125 208.95481872558594 3.571441411972046 1.4912794828414917 1.6371393203735352 -5.025335311889648 1.8999592065811157 39.800899505615234 -7.89921236038208 0.8554
Pedestrian 1 1 1 319.80133056640625 183.84593200683594 346.2668151855469 247.81985473632812 0.5717622637748718 1.5316029787063599 0.5872517824172974 -6.884135723114014 1.8082571029663086 17.79353904724121 -3.5739078521728516 0.7123
Car 1 1 1 660.822021484375 175.9730682373047 781.1234741210938 220.18934631347656 3.7700321674346924 1.4291270971298218 1.6032274961471558 3.7544710636138916 1.5418816804885864 24.83026885986328 -6.583034515380859 0.6715
Car 1 1 1 832.8176879882812 188.9293670654297 911.9038696289062 228.35707092285156 3.4267051219940186 1.6245667934417725 1.5977857112884521 11.831282615661621 2.3864173889160156 32.6180534362793 -3.705350875854492 0.6688
Pedestrian 1 1 1 137.80206298828125 175.72216796875 159.65744018554688 211.19900512695312 0.8192712664604187 1.8006646633148193 0.48260048031806946 -23.655044555664062 1.9483277797698975 36.945037841796875 -6.191688060760498 0.3631
Pedestrian 1 1 1 995.4215087890625 178.5765380859375 1019.787109375 225.36387634277344 0.7082346081733704 1.6903069019317627 0.7284438610076904 14.633652687072754 1.9051333665847778 26.653593063354492 -5.895552158355713 0.2974
Car 1 1 1 0.0 188.75347900390625 72.2038803100586 240.919189453125 4.08220100402832 1.4088690280914307 1.6020326614379883 -19.339786529541016 1.9556052684783936 22.77955436706543 -4.718071460723877 0.1878
Car 1 1 1 1077.19140625 189.72048950195312 1137.7213134765625 211.391845703125 4.185965061187744 1.5621623992919922 1.5896632671356201 38.257591247558594 2.892421007156372 55.54023361206055 -3.442960739135742 0.1846
Car 1 1 1 46.16327667236328 183.45635986328125 132.06410217285156 213.8236846923828 3.480278730392456 1.472403645515442 1.5127476453781128 -26.504650115966797 2.02620792388916 36.69953536987305 -6.132082462310791 0.1457
Car 1 1 1 157.3718719482422 190.2425994873047 201.52096557617188 212.08172607421875 4.071454048156738 1.5307941436767578 1.680935263633728 -33.482112884521484 2.9363152980804443 56.17461395263672 -4.906907081604004 0.1359
Pedestrian 1 1 1 256.7803039550781 173.39027404785156 273.52056884765625 199.5057830810547 1.0669569969177246 1.8477144241333008 0.4419890344142914 -24.616025924682617 1.8859256505966187 51.44147872924805 -5.966627597808838 0.1352
Car 1 1 1 39.08063507080078 196.77955627441406 112.70230102539062 227.30076599121094 4.039938449859619 1.4898109436035156 1.696456789970398 -30.05466079711914 2.9097628593444824 40.69805908203125 -4.8804545402526855 0.1288
Car 1 1 1 34.313743591308594 181.9998779296875 153.29344177246094 224.45993041992188 4.345510959625244 1.4623569250106812 1.7006796598434448 -19.91039276123047 1.8453766107559204 28.02328109741211 -4.769323348999023 0.1235
Pedestrian 1 1 1 740.4931030273438 177.60691833496094 756.8836669921875 207.5691375732422 0.7217620015144348 1.8268135786056519 0.7611616253852844 8.554219245910645 2.1242856979370117 44.681575775146484 -5.597900867462158 0.1191
Car 1 1 1 417.35406494140625 179.83001708984375 453.7084655761719 200.08453369140625 3.900160551071167 1.5695351362228394 1.5456818342208862 -14.334888458251953 2.1629607677459717 59.36526107788086 -4.560612201690674 0.1187
Car 1 1 1 902.0065307617188 193.1292724609375 968.287353515625 221.06582641601562 4.007740497589111 1.5322818756103516 1.6515331268310547 19.71714973449707 2.8112969398498535 43.80271530151367 -6.812331199645996 0.1115
Car 1 1 1 986.2042236328125 186.18243408203125 1120.25146484375 232.0685272216797 3.8716886043548584 1.479009747505188 1.7175447940826416 16.170427322387695 2.009016990661621 26.596059799194336 -5.202273845672607 0.1105
Pedestrian 1 1 1 1152.8709716796875 190.70449829101562 1199.66259765625 270.7102966308594 0.7199519872665405 1.6888482570648193 0.5953243374824524 12.379006385803223 2.091599225997925 15.858135223388672 -2.6425328254699707 0.1007
