Car 1 1 1 307.642822265625 188.86497497558594 441.2874450683594 275.4637145996094 4.576251029968262 1.4919729232788086 1.744238257408142 -4.944182395935059 1.8911687135696411 15.651949882507324 -4.793696880340576 0.9252
Car 1 1 1 421.0677490234375 177.35549926757812 449.51513671875 202.73104858398438 3.8155899047851562 1.4823869466781616 1.650795817375183 -10.915791511535645 1.7751634120941162 44.92729568481445 -8.094289779663086 0.7984
Car 1 1 1 0.0 194.39306640625 92.9693374633789 374.0 3.820801019668579 1.6030093431472778 1.6062332391738892 -8.099785804748535 1.878841757774353 7.736001014709473 -3.5629093647003174 0.6675
Car 1 1 1 414.9527893066406 173.69229125976562 439.1878662109375 195.91415405273438 4.116623401641846 1.5767860412597656 1.6795467138290405 -13.624801635742188 1.6412824392318726 53.56801986694336 -8.110160827636719 0.4109
Pedestrian 1 1 1 0.0 171.89190673828125 53.256893157958984 286.92181396484375 0.615824282169342 1.6996376514434814 0.6782006621360779 -9.122342109680176 1.6851221323013306 11.030749320983887 -8.05561637878418 0.3676
Car 1 1 1 535.3152465820312 156.0365447998047 585.6475219726562 193.77137756347656 4.142626762390137 2.1362836360931396 1.7247886657714844 -3.0477523803710938 1.1838964223861694 43.09199523925781 -8.25933837890625 0.2924
Pedestrian 1 1 1 784.4188842773438 155.2399444580078 835.256591796875 265.0085754394531 0.9560994505882263 1.816288709640503 0.7068327069282532 3.42337703704834 1.5245373249053955 12.520877838134766 -4.281728744506836 0.2842
Cyclist 1 1 1 854.955810546875 142.70333862304688 920.9298095703125 260.29522705078125 1.7138298749923706 1.900113582611084 0.461576908826828 4.728938102722168 1.4126229286193848 12.519131660461426 -4.726714134216309 0.2602
Pedestrian 1 1 1 911.51513671875 145.71881103515625 951.3173828125 216.2554931640625 0.905792236328125 1.9045307636260986 0.7208822965621948 8.823614120483398 1.171565294265747 19.948997497558594 -4.672039985656738 0.2541
Pedestrian 1 1 1 74.4180679321289 187.16355895996094 110.9658432006836 239.06642150878906 0.7314177751541138 1.7110124826431274 0.7029991149902344 -17.487478256225586 2.200441360473633 24.33800506591797 -6.295101165771484 0.2465
Pedestrian 1 1 1 246.9593048095703 160.88275146484375 301.553466796875 257.2403869628906 0.9660592079162598 1.8219913244247437 0.7129509449005127 -6.626121997833252 1.5953316688537598 14.167643547058105 -4.839588642120361 0.2108
Car 1 1 1 669.6531982421875 170.80728149414062 782.441650390625 219.9991455078125 3.4777159690856934 1.5860248804092407 1.5694888830184937 3.90152645111084 1.51973557472229 24.610502243041992 -3.501574993133545 0.2051
Pedestrian 1 1 1 819.314208984375 174.71078491210938 849.0946044921875 259.4825439453125 0.5305986404418945 1.5215873718261719 0.46412816643714905 4.062387466430664 1.5562113523483276 13.267780303955078 -4.527471542358398 0.1980
Pedestrian 1 1 1 0.0 163.8754119873047 31.462390899658203 246.27365112304688 0.5697123408317566 1.6561830043792725 0.4800895154476166 -12.374773025512695 1.4754159450531006 14.779866218566895 -3.280386209487915 0.1742
Pedestrian 1 1 1 290.15728759765625 163.8708953857422 325.9906311035156 239.1949462890625 0.653201699256897 1.7254207134246826 0.6433196067810059 -7.159512519836426 1.5193482637405396 16.981525421142578 -8.485629081726074 0.1727
Car 1 1 1 109.4803237915039 185.51382446289062 201.3545684814453 219.71099853515625 3.519761800765991 1.5414739847183228 1.5357733964920044 -21.914493560791016 2.1762053966522217 34.85426330566406 -6.643366813659668 0.1437
Cyclist 1 1 1 527.5631103515625 170.90846252441406 534.0821533203125 198.06109619140625 1.6195745468139648 1.6626651287078857 0.37923040986061096 -4.97730827331543 1.5432318449020386 45.00972366333008 -7.978156566619873 0.1273
Car 1 1 1 479.39794921875 174.912353515625 498.5746765136719 190.6641845703125 3.768908977508545 1.4218612909317017 1.5354615449905396 -11.391520500183105 1.6203241348266602 67.66554260253906 -8.083674430847168 0.1268
Pedestrian 1 1 1 935.386474609375 173.98402404785156 979.741455078125 265.6673278808594 0.4435730576515198 1.649884581565857 0.5896929502487183 6.314824104309082 1.6706937551498413 13.234415054321289 -4.790027618408203 0.1245
Pedestrian 1 1 1 659.052001953125 150.74868774414062 676.8221435546875 193.33570861816406 0.5490811467170715 1.955655813217163 0.7031294107437134 2.650880813598633 0.9402487277984619 33.51163864135742 -7.507533550262451 0.1239
Pedestrian 1 1 1 628.2647705078125 162.63119506835938 639.7363891601562 201.7146759033203 0.4181060492992401 1.7812144756317139 0.5241548418998718 1.0601118803024292 1.315014123916626 33.181846618652344 -3.3393266201019287 0.1234
Pedestrian 1 1 1 934.1096801757812 160.57391357421875 975.032470703125 248.80589294433594 0.5275463461875916 1.7014682292938232 0.5345346927642822 6.722946643829346 1.464358925819397 14.204360008239746 -3.2328901290893555 0.1228
Pedestrian 1 1 1 356.0949401855469 159.77474975585938 371.4554748535156 194.10360717773438 0.7030577659606934 1.8351826667785645 0.6026411652565002 -13.320084571838379 1.1356804370880127 38.93191146850586 -7.880166530609131 0.1207
Pedestrian 1 1 1 633.0332641601562 160.5246124267578 651.1124267578125 200.82127380371094 0.4890923500061035 1.7968796491622925 0.7373020052909851 1.4040651321411133 1.2467962503433228 32.49531936645508 -7.627691745758057 0.1118
Pedestrian 1 1 1 883.6096801757812 150.51646423339844 918.6071166992188 215.92686462402344 0.9029083251953125 1.8840692043304443 0.712314784526825 8.516134262084961 1.2403628826141357 21.25847625732422 -4.641851425170898 0.1030
Pedestrian 1 1 1 875.9699096679688 149.4990234375 949.0975952148438 270.8946838378906 0.9017814993858337 1.8305587768554688 0.5550108551979065 4.660462379455566 1.4780826568603516 11.265239715576172 -3.404003620147705 0.1029
