Pedestrian 1 1 1 231.23590087890625 183.7804412841797 264.9407958984375 255.64088439941406 0.5905226469039917 1.6141690015792847 0.630293607711792 -8.42351245880127 1.8726965188980103 16.708099365234375 -5.054153919219971 0.6573
Cyclist 1 1 1 661.6906127929688 179.23251342773438 672.4463500976562 213.47598266601562 1.578988790512085 1.6277084350585938 0.4915327727794647 2.753227949142456 1.9474284648895264 35.39837646484375 -7.796355724334717 0.2612
Cyclist 1 1 1 435.7032775878906 182.211181640625 448.41363525390625 214.0587158203125 1.612504243850708 1.6630064249038696 0.34159255027770996 -9.099860191345215 2.1784775257110596 38.962059020996094 -7.873192310333252 0.2411
Car 1 1 1 889.2892456054688 163.18209838867188 947.2542724609375 197.23794555664062 3.973933458328247 1.5330857038497925 1.6839479207992554 14.649864196777344 1.097387433052063 34.58298873901367 -7.682193279266357 0.2095
Car 1 1 1 437.86181640625 179.3859405517578 494.5947265625 208.9259033203125 3.765465497970581 1.5064302682876587 1.6237457990646362 -7.8864617347717285 1.8839353322982788 39.71170425415039 -7.613877773284912 0.1646
Pedestrian 1 1 1 156.4088134765625 162.5397186279297 192.65960693359375 233.38711547851562 0.5858225226402283 1.7125784158706665 0.5400511026382446 -10.748437881469727 1.4629536867141724 17.736665725708008 -4.720508098602295 0.1430
Cyclist 1 1 1 364.5086975097656 184.39830017089844 382.0667724609375 214.74720764160156 1.5032411813735962 1.6058320999145508 0.4134882986545563 -12.992764472961426 2.2499184608459473 39.51566696166992 -4.6709794998168945 0.1278
Car 1 1 1 727.723388671875 166.64585876464844 792.5523071289062 190.10421752929688 3.7643816471099854 1.4487457275390625 1.5281723737716675 9.366019248962402 1.0650418996810913 45.34690475463867 -3.129908561706543 0.1253
Car 1 1 1 1020.5662231445312 157.91058349609375 1116.4501953125 194.42715454101562 3.5324018001556396 1.4452921152114868 1.479523777961731 19.169389724731445 0.8535457849502563 30.407390594482422 -4.847168922424316 0.1222
Car 1 1 1 1183.5048828125 174.80560302734375 1241.0 215.13742065429688 4.061934947967529 1.4296693801879883 1.57513427734375 23.61347198486328 1.510805368423462 27.947031021118164 -4.21644926071167 0.1132
Car 1 1 1 296.5876770019531 185.71380615234375 363.71905517578125 212.88772583007812 3.402864933013916 1.486549973487854 1.543749451637268 -16.26317596435547 2.2543728351593018 41.86716842651367 -5.9900221824646 0.1103
