Car 1 1 1 684.2520141601562 170.72645568847656 757.5768432617188 227.26625061035156 4.201657295227051 1.6758222579956055 1.7436621189117432 3.4559550285339355 1.6124625205993652 23.488128662109375 -7.852667331695557 0.9095
Car 1 1 1 494.1221618652344 183.76097106933594 554.5369262695312 228.40802001953125 3.80739164352417 1.6224720478057861 1.6758272647857666 -3.429807424545288 2.0926856994628906 29.15503692626953 -4.62244987487793 0.9035
Car 1 1 1 563.1129150390625 178.9200439453125 609.5928344726562 210.03131103515625 4.581736087799072 1.5845903158187866 1.7781606912612915 -1.2826982736587524 1.9414396286010742 40.08357620239258 -4.561896800994873 0.8997
Car 1 1 1 793.1556396484375 152.19818115234375 1151.962158203125 368.7558898925781 4.098304271697998 1.696487307548523 1.6926883459091187 3.319931983947754 1.5343722105026245 7.72370719909668 -4.739406108856201 0.8393
Pedestrian 1 1 1 967.5123291015625 149.37542724609375 1006.8858642578125 243.29873657226562 0.7429401874542236 1.7803738117218018 0.6563117504119873 7.33256196975708 1.3350231647491455 14.153582572937012 -4.268523693084717 0.5472
Car 1 1 1 669.8508911132812 183.23275756835938 756.2349853515625 215.67333984375 3.9111907482147217 1.518715739250183 1.6510742902755737 5.001609802246094 2.0451159477233887 35.541656494140625 -6.414709568023682 0.3615
Pedestrian 1 1 1 345.67083740234375 165.17408752441406 375.7928161621094 220.3329315185547 0.8030754923820496 1.756809115409851 0.6164146661758423 -8.159966468811035 1.5119038820266724 23.479068756103516 -2.4044911861419678 0.1964
Pedestrian 1 1 1 851.5857543945312 151.93446350097656 865.7552490234375 188.01319885253906 0.6917809844017029 1.8628978729248047 0.5978186726570129 12.932204246520996 0.7824339866638184 37.648704528808594 -7.6789374351501465 0.1957
Pedestrian 1 1 1 316.57220458984375 162.19004821777344 342.9840393066406 225.42156982421875 0.925045907497406 1.7802969217300415 0.6718869209289551 -8.161358833312988 1.4797512292861938 20.87369155883789 -5.126823902130127 0.1860
Car 1 1 1 736.6976318359375 181.9561767578125 768.4904174804688 208.2176971435547 3.970797061920166 1.5235544443130493 1.6357558965682983 8.883454322814941 2.121458053588867 45.3555908203125 -4.5999555587768555 0.1781
Pedestrian 1 1 1 270.78857421875 175.71229553222656 307.1264953613281 242.26406860351562 0.6260599493980408 1.6280981302261353 0.570013165473938 -8.09615707397461 1.7010339498519897 18.08664321899414 -2.6372549533843994 0.1655
Pedestrian 1 1 1 937.98583984375 161.86668395996094 974.4334716796875 230.73158264160156 0.7447787523269653 1.7362900972366333 0.6484018564224243 8.865517616271973 1.4589672088623047 18.604263305664062 -4.579206466674805 0.1521
Pedestrian 1 1 1 821.9698486328125 154.90525817871094 845.1630249023438 202.18051147460938 0.7436063885688782 1.8440361022949219 0.7507458329200745 8.796732902526855 1.1436212062835693 28.55626106262207 -7.741207599639893 0.1520
Pedestrian 1 1 1 388.94854736328125 166.0126953125 406.8673095703125 213.0297393798828 0.44501930475234985 1.7978376150131226 0.5305792093276978 -8.246822357177734 1.535940170288086 27.910064697265625 -2.836304187774658 0.1364
Pedestrian 1 1 1 1152.3494873046875 139.6391143798828 1241.0 301.9754638671875 0.893009603023529 1.8138047456741333 0.6051976680755615 6.917620658874512 1.4423905611038208 8.381143569946289 -6.245258331298828 0.1274
Pedestrian 1 1 1 982.3309936523438 156.79959106445312 1034.820556640625 254.95700073242188 0.5737641453742981 1.735849380493164 0.6184639930725098 7.2102885246276855 1.451637625694275 13.161216735839844 -6.7179436683654785 0.1251
Pedestrian 1 1 1 477.8506164550781 178.60292053222656 492.4833679199219 207.48660278320312 0.8243085145950317 1.8307478427886963 0.5835373997688293 -8.049670219421387 2.202909231185913 46.324432373046875 -6.65881872177124 0.1183
Cyclist 1 1 1 982.4048461914062 154.21820068359375 1046.5704345703125 225.2640838623047 1.5982481241226196 1.6639000177383423 0.4612483084201813 9.85257625579834 1.2271482944488525 17.725997924804688 -8.034276962280273 0.1177
Pedestrian 1 1 1 858.8488159179688 147.1641082763672 878.9231567382812 193.8160400390625 0.6559423804283142 1.972292423248291 0.6992732882499695 11.032323837280273 0.885906994342804 30.883445739746094 -7.695092678070068 0.1173
Cyclist 1 1 1 490.54949951171875 169.54083251953125 508.654052734375 204.38278198242188 1.799687385559082 1.726932168006897 0.5278653502464294 -5.6407623291015625 1.5624161958694458 36.67892074584961 -4.642435550689697 0.1098
Pedestrian 1 1 1 1108.37744140625 152.75868225097656 1200.2625732421875 288.8243103027344 0.7583312392234802 1.7496671676635742 0.6158886551856995 7.174544811248779 1.4909615516662598 9.609004020690918 -6.344933032989502 0.1084
Cyclist 1 1 1 417.4532470703125 181.45355224609375 433.57489013671875 210.42176818847656 1.5760546922683716 1.6333860158920288 0.5221559405326843 -10.752167701721191 2.1424083709716797 41.94386672973633 -4.70335054397583 0.1070
