Car 1 1 1 16.125816345214844 187.18743896484375 198.9250030517578 257.4912109375 4.609454154968262 1.6216328144073486 1.8272384405136108 -13.608997344970703 2.0622434616088867 19.889266967773438 -4.711051940917969 0.9139
Car 1 1 1 392.4833679199219 182.6605224609375 428.2088317871094 203.7413330078125 4.075356483459473 1.636833906173706 1.6861457824707031 -16.586050033569336 2.4805619716644287 60.027549743652344 -4.667024612426758 0.6904
Pedestrian 1 1 1 685.7703247070312 181.08340454101562 709.0125732421875 238.7628936767578 0.6534737944602966 1.655383586883545 0.6667242050170898 2.5134756565093994 1.9007378816604614 21.1750431060791 -7.736937999725342 0.5057
Car 1 1 1 0.0 190.5518341064453 45.638282775878906 235.28684997558594 4.111452102661133 1.461979627609253 1.6272337436676025 -23.9468936920166 2.184166669845581 27.350801467895508 -4.646444320678711 0.2107
Cyclist 1 1 1 749.0275268554688 171.0249481201172 767.1493530273438 205.54025268554688 1.5858640670776367 1.662505865097046 0.39347442984580994 7.249341011047363 1.5741050243377686 35.56510925292969 -7.9728007316589355 0.1729
Car 1 1 1 674.0738525390625 180.04881286621094 703.2964477539062 209.193359375 3.7440199851989746 1.5259206295013428 1.5628949403762817 4.392547130584717 1.9506726264953613 40.68216323852539 -4.605774402618408 0.1526
Car 1 1 1 0.0 181.11688232421875 78.18769836425781 216.1123046875 4.437819480895996 1.595726490020752 1.708896517753601 -28.733882904052734 2.0394320487976074 36.39700698852539 -5.030109882354736 0.1463
Car 1 1 1 270.47357177734375 193.0486297607422 325.0985107421875 217.98507690429688 4.416116237640381 1.4830958843231201 1.748666763305664 -21.02944564819336 2.9083216190338135 48.71738815307617 -4.703784465789795 0.1387
Car 1 1 1 132.9746856689453 195.6552734375 220.61447143554688 230.6698455810547 4.12850284576416 1.4169851541519165 1.7577447891235352 -20.3370361328125 2.5577118396759033 34.01557540893555 -4.7449493408203125 0.1373
Pedestrian 1 1 1 138.31561279296875 155.81793212890625 160.14553833007812 200.31126403808594 0.6296114921569824 1.9028857946395874 0.6473715305328369 -19.994396209716797 1.1739890575408936 31.251895904541016 -8.139616012573242 0.1261
Car 1 1 1 11.165228843688965 187.18939208984375 113.4869384765625 222.768798828125 3.812979221343994 1.485385775566101 1.5178241729736328 -25.529542922973633 2.1953277587890625 33.74348831176758 -4.548345565795898 0.1075
Pedestrian 1 1 1 1060.3924560546875 140.27133178710938 1122.3033447265625 243.10067749023438 0.6800550818443298 1.7877097129821777 0.6302595734596252 8.553446769714355 1.2209532260894775 12.921993255615234 -4.8420257568359375 0.1018
