Pedestrian 1 1 1 856.4945678710938 141.77734375 936.1287231445312 289.78814697265625 0.7234868407249451 1.8481413125991821 0.6342361569404602 3.740406036376953 1.3650357723236084 9.234184265136719 -3.4248859882354736 0.7544
Pedestrian 1 1 1 63.65699768066406 152.93446350097656 127.80238342285156 249.84837341308594 0.675844669342041 1.7416439056396484 0.6927736401557922 -9.45306396484375 1.2466322183609009 13.078063011169434 -3.0636391639709473 0.1740
Car 1 1 1 0.0 180.07342529296875 31.020475387573242 261.4739074707031 4.179169178009033 1.5204259157180786 1.6130245923995972 -14.946401596069336 1.5128233432769775 15.311249732971191 -4.731666088104248 0.1598
Cyclist 1 1 1 963.9879150390625 155.34300231933594 1018.3710327148438 260.903564453125 1.6606587171554565 1.598323106765747 0.5008436441421509 6.237653732299805 1.2178022861480713 11.572408676147461 -4.385457992553711 0.1566
Pedestrian 1 1 1 473.37994384765625 183.6771697998047 515.2401123046875 265.28521728515625 0.7750113010406494 1.6749547719955444 0.6202967166900635 -2.405003786087036 1.7451153993606567 15.043652534484863 -5.281371593475342 0.1459
Pedestrian 1 1 1 833.523193359375 170.36021423339844 869.8067016601562 235.73048400878906 0.7725464701652527 1.6161400079727173 0.6301827430725098 6.232914447784424 1.3657804727554321 17.978540420532227 -3.9976754188537598 0.1321
Pedestrian 1 1 1 646.330078125 169.99940490722656 687.6629028320312 265.699951171875 0.7725375890731812 1.682729959487915 0.6202540397644043 1.0904951095581055 1.4984674453735352 12.887567520141602 -7.582334041595459 0.1262
Pedestrian 1 1 1 1121.912841796875 137.5260772705078 1188.2432861328125 249.28431701660156 0.6773324012756348 1.7706650495529175 0.53739994764328 8.9073486328125 1.0901825428009033 11.525527954101562 -3.315493106842041 0.1219
Cyclist 1 1 1 851.802001953125 144.26812744140625 894.8773803710938 252.0417938232422 1.698769450187683 1.7538408041000366 0.3414466977119446 4.620108604431152 1.164607286453247 12.371150016784668 -7.710372447967529 0.1142
Car 1 1 1 0.0 185.0733184814453 116.87556457519531 236.5965118408203 4.293737411499023 1.5238968133926392 1.6501308679580688 -18.806640625 1.6910196542739868 23.554893493652344 -4.5651936531066895 0.1078
Pedestrian 1 1 1 993.019287109375 162.81863403320312 1028.0947265625 230.8339385986328 0.6929531097412109 1.6647449731826782 0.5574472546577454 10.098249435424805 1.232302188873291 17.694894790649414 -4.540100574493408 0.1073
Car 1 1 1 0.0 184.9315948486328 33.141300201416016 230.77426147460938 3.9241273403167725 1.4280226230621338 1.613318681716919 -22.38978385925293 1.5946072340011597 24.481128692626953 -4.566001892089844 0.1033
