Car 1 1 1 40.049537658691406 180.11451721191406 146.890625 225.38719177246094 3.3122825622558594 1.622877597808838 1.6979362964630127 -20.04326820373535 1.9224083423614502 28.1024227142334 -7.8069376945495605 0.9686
Car 1 1 1 376.818115234375 181.98863220214844 495.1003723144531 254.94667053222656 4.365499496459961 1.4855008125305176 1.755876898765564 -4.079007625579834 1.7337031364440918 17.434856414794922 -4.69916296005249 0.9449
Car 1 1 1 584.7892456054688 175.08958435058594 624.3847045898438 213.83822631835938 4.614863395690918 1.685862421989441 1.65465247631073 -0.23410578072071075 1.7981523275375366 34.000335693359375 -7.81472635269165 0.9017
Car 1 1 1 506.3865966796875 175.35159301757812 549.26025390625 208.90968322753906 4.284664630889893 1.563717007637024 1.6792129278182983 -4.086418628692627 1.695764422416687 36.08769989013672 -4.717329502105713 0.8066
Car 1 1 1 269.2151184082031 177.09519958496094 320.0733947753906 203.71258544921875 3.4151220321655273 1.625133991241455 1.6792503595352173 -20.230304718017578 1.907460331916809 46.34479522705078 -7.817049503326416 0.8053
Car 1 1 1 307.95172119140625 176.95590209960938 349.9405212402344 199.32032775878906 4.26399040222168 1.5101503133773804 1.2935922145843506 -20.08685302734375 1.8156371116638184 51.648048400878906 -4.698034286499023 0.6645
Car 1 1 1 543.7949829101562 177.67587280273438 571.1058349609375 196.50599670410156 4.025998592376709 1.454816222190857 1.644449234008789 -4.27736759185791 1.861804485321045 58.876163482666016 -4.635791778564453 0.5540
Car 1 1 1 782.1055908203125 174.8951416015625 812.4144287109375 199.4912567138672 3.572680950164795 1.518082618713379 1.5675462484359741 12.05582046508789 1.6553303003311157 46.73502731323242 -4.553049564361572 0.1819
Cyclist 1 1 1 800.92431640625 184.48147583007812 843.338623046875 224.60574340820312 1.687719702720642 1.7588157653808594 0.683011531829834 9.414112091064453 2.2831878662109375 32.19767379760742 -6.305962562561035 0.1511
Pedestrian 1 1 1 424.7375183105469 173.59596252441406 434.324462890625 194.91172790527344 0.6109438538551331 1.7844306230545044 0.593243420124054 -15.219924926757812 1.8469480276107788 60.75779342651367 -3.0186879634857178 0.1454
Car 1 1 1 651.3095092773438 177.5211181640625 725.466796875 206.42713928222656 3.8834543228149414 1.5298659801483154 1.642868995666504 4.310264587402344 1.7956966161727905 39.87128448486328 -6.035386562347412 0.1078
