Pedestrian 1 1 1 37.114898681640625 144.64962768554688 192.6722412109375 337.4587707519531 1.1968320608139038 1.913504958152771 0.5905730724334717 -5.108291149139404 1.5581363439559937 7.341310024261475 -3.190704345703125 0.8058
Pedestrian 1 1 1 58.30335998535156 157.0845184326172 122.00894165039062 255.011474609375 0.659808337688446 1.7411972284317017 0.6761511564254761 -9.474066734313965 1.3252277374267578 12.962274551391602 -6.107499599456787 0.1944
Pedestrian 1 1 1 657.8489379882812 169.73455810546875 709.1388549804688 266.33233642578125 0.8044853210449219 1.722611665725708 0.6374844908714294 1.4142510890960693 1.5310041904449463 13.121092796325684 -7.240306377410889 0.1745
Car 1 1 1 0.0 184.1342315673828 117.95648193359375 235.75892639160156 4.279488563537598 1.5379914045333862 1.6430267095565796 -18.785221099853516 1.671069622039795 23.61035919189453 -4.57446813583374 0.1607
Pedestrian 1 1 1 1122.16015625 132.55943298339844 1190.17626953125 245.58213806152344 0.6682887077331543 1.7887145280838013 0.567358136177063 8.915027618408203 1.0303839445114136 11.51485538482666 -3.2728934288024902 0.1415
Car 1 1 1 0.0 176.4555206298828 30.359081268310547 256.91790771484375 4.120189666748047 1.5082112550735474 1.6107673645019531 -14.954683303833008 1.432765007019043 15.325965881347656 -4.728527545928955 0.1243
Pedestrian 1 1 1 792.6083984375 155.49337768554688 844.7571411132812 262.1465759277344 0.8309230804443359 1.77384352684021 0.5913660526275635 3.624063491821289 1.3583149909973145 12.200433731079102 -4.80439567565918 0.1111
Pedestrian 1 1 1 55.186710357666016 186.7159881591797 91.38163757324219 249.9078826904297 0.8144175410270691 1.7556160688400269 0.7065801620483398 -15.287717819213867 1.9388282299041748 20.27693748474121 -3.808072090148926 0.1068
Pedestrian 1 1 1 211.9381103515625 158.81814575195312 263.4860534667969 249.9157257080078 0.7153254747390747 1.7657335996627808 0.6234128475189209 -7.354184627532959 1.3458373546600342 14.090733528137207 -4.615715026855469 0.1064
Pedestrian 1 1 1 838.0064086914062 172.36830139160156 866.64208984375 237.9846954345703 0.6066603064537048 1.637953519821167 0.6040744781494141 6.249288082122803 1.435288906097412 18.004093170166016 -4.524837493896484 0.1025
Car 1 1 1 0.0 180.48403930664062 13.984550476074219 216.89492797851562 3.904400110244751 1.4338380098342896 1.5722334384918213 -27.560150146484375 1.4334375858306885 29.87860870361328 -4.586506366729736 0.1017
