Car 1 1 1 747.7612915039062 181.9666748046875 949.0047607421875 311.58526611328125 3.589531898498535 1.4533321857452393 1.5508320331573486 3.055375337600708 1.6043671369552612 10.164231300354004 -7.88562536239624 0.9542
Car 1 1 1 696.172607421875 174.0560760498047 815.314697265625 262.7928466796875 3.5675816535949707 1.557065725326538 1.5830286741256714 2.7332684993743896 1.583956003189087 14.515228271484375 -7.882286548614502 0.9379
Car 1 1 1 509.146728515625 179.8185272216797 557.9418334960938 219.53976440429688 3.726724624633789 1.4682416915893555 1.6154104471206665 -3.0749170780181885 1.7678245306015015 29.197582244873047 -4.721782207489014 0.9247
Car 1 1 1 392.4976501464844 181.12448120117188 457.0157470703125 205.0907440185547 3.9616901874542236 1.5496952533721924 1.5398463010787964 -12.363595962524414 2.112121820449829 48.18751525878906 -6.3530354499816895 0.8703
Car 1 1 1 652.0713500976562 178.6048126220703 706.7881469726562 218.3785400390625 4.015811443328857 1.4184467792510986 1.5739563703536987 2.610255718231201 1.660536527633667 28.36762237548828 -7.903384685516357 0.8023
Car 1 1 1 304.697998046875 182.77862548828125 377.6726379394531 205.9615936279297 4.282062530517578 1.495337963104248 1.5920886993408203 -17.93954849243164 2.169510841369629 48.16182327270508 -6.246728897094727 0.7673
Pedestrian 1 1 1 764.0899047851562 158.23550415039062 794.6270751953125 228.0313262939453 0.6820397973060608 1.8089479207992554 0.6811712384223938 4.416165828704834 1.4297701120376587 19.06260871887207 -7.790313243865967 0.7107
Car 1 1 1 592.3267822265625 176.25173950195312 623.9652709960938 198.4149169921875 3.7901008129119873 1.4906820058822632 1.5957558155059814 -0.12452671676874161 1.740696907043457 51.15082931518555 -7.677570819854736 0.6267
Car 1 1 1 682.7222290039062 170.11141967773438 756.7269897460938 238.07603454589844 2.426732301712036 1.6325162649154663 1.4155569076538086 2.7148590087890625 1.566339373588562 18.582141876220703 -7.909451007843018 0.6243
Car 1 1 1 639.8135375976562 176.25836181640625 670.8154907226562 203.0457763671875 3.893235445022583 1.5134881734848022 1.6157028675079346 2.7239768505096436 1.7271558046340942 43.31645584106445 -7.727701663970947 0.5407
Car 1 1 1 646.9852294921875 176.4738311767578 689.6829223632812 210.9584197998047 3.783304214477539 1.4844409227371216 1.6340932846069336 2.5992512702941895 1.661012053489685 33.356956481933594 -7.862675189971924 0.4589
Pedestrian 1 1 1 252.88572692871094 205.6420440673828 285.392333984375 267.8619079589844 0.37354347109794617 1.155877709388733 0.4253324568271637 -6.6142425537109375 1.7977309226989746 13.893224716186523 -4.433638095855713 0.3032
Pedestrian 1 1 1 701.6640014648438 160.2978515625 721.0825805664062 194.3192596435547 0.9681543707847595 1.8595727682113647 0.48621055483818054 5.561830520629883 1.1729674339294434 39.8532600402832 -5.876418590545654 0.2939
Pedestrian 1 1 1 307.88922119140625 203.14064025878906 333.4647216796875 254.17477416992188 0.3590627610683441 1.1278971433639526 0.4110885560512543 -6.633310317993164 1.8258357048034668 16.41869354248047 -4.517864227294922 0.2451
Car 1 1 1 628.4116821289062 174.04563903808594 647.9265747070312 193.97296142578125 3.878509998321533 1.6496444940567017 1.6065186262130737 2.4197866916656494 1.7549296617507935 61.95009994506836 -7.796835422515869 0.2316
Pedestrian 1 1 1 186.52198791503906 207.54229736328125 224.10398864746094 281.777099609375 0.3765442371368408 1.1571590900421143 0.3771688640117645 -6.595653533935547 1.7283129692077637 11.668705940246582 -4.5396857261657715 0.1896
Car 1 1 1 405.0963439941406 175.4497528076172 462.7648620605469 213.07423400878906 4.112627029418945 1.537432312965393 1.6475543975830078 -7.731407642364502 1.6591858863830566 31.84882354736328 -4.739901542663574 0.1608
Pedestrian 1 1 1 50.69797134399414 179.3809051513672 88.87601470947266 244.1377410888672 0.7659234404563904 1.8138184547424316 0.6836113929748535 -15.64098834991455 2.0065577030181885 20.826818466186523 -3.9760665893554688 0.1154
Car 1 1 1 264.789306640625 180.51724243164062 327.859619140625 200.80303955078125 3.874647617340088 1.4200149774551392 1.5164021253585815 -22.538923263549805 1.9785337448120117 51.85093688964844 -6.279674530029297 0.1049
Car 1 1 1 44.23381805419922 162.02597045898438 153.868896484375 195.75125122070312 4.33734655380249 1.674865484237671 1.7450147867202759 -25.97344207763672 1.1368236541748047 36.71721267700195 -6.28857421875 0.1043
