Car 1 1 1 421.21331787109375 185.33290100097656 544.5252685546875 273.4398193359375 3.766451120376587 1.432792067527771 1.5414073467254639 -2.4010322093963623 1.711635947227478 14.210288047790527 -4.646368980407715 0.9158
Car 1 1 1 845.3046264648438 198.86631774902344 1241.0 374.0 4.088203430175781 1.4735922813415527 1.6339634656906128 2.5113823413848877 1.671102523803711 3.4287402629852295 -7.8363566398620605 0.8654
Car 1 1 1 623.3460083007812 178.4580078125 670.4716186523438 207.42140197753906 4.057028770446777 1.529431939125061 1.727747917175293 2.122400999069214 1.8657300472259521 41.14427185058594 -4.408988952636719 0.8149
Car 1 1 1 502.15899658203125 168.52239990234375 585.0488891601562 247.16188049316406 4.329302787780762 1.9163511991500854 1.6768652200698853 -1.7489309310913086 1.8104952573776245 19.785839080810547 -4.663800239562988 0.7902
Car 1 1 1 557.4049072265625 174.47515869140625 616.12939453125 228.97061157226562 4.3114142417907715 1.7611078023910522 1.6702533960342407 -0.7873471975326538 1.823409914970398 25.655820846557617 -4.645251274108887 0.7842
Car 1 1 1 651.9808959960938 176.4423828125 694.2193603515625 202.5657501220703 4.056525230407715 1.6094415187835693 1.626948356628418 4.1437788009643555 1.8549405336380005 47.239036560058594 -4.3240742683410645 0.7274
Car 1 1 1 689.0971069335938 177.29331970214844 725.6114501953125 201.68113708496094 3.6239559650421143 1.6753486394882202 1.54574716091156 7.05203104019165 2.0086193084716797 52.24974822998047 -4.253278732299805 0.6507
Cyclist 1 1 1 876.5929565429688 163.31646728515625 964.1453247070312 240.05569458007812 1.8468496799468994 1.7081893682479858 0.5849817395210266 7.057877063751221 1.4955872297286987 16.541858673095703 -3.354098320007324 0.5300
Pedestrian 1 1 1 959.2279663085938 135.91600036621094 1004.269287109375 215.89488220214844 0.9447876811027527 1.9553112983703613 0.6955500841140747 9.27872085571289 1.0519568920135498 18.13871192932129 -4.632400035858154 0.3393
Car 1 1 1 583.0491943359375 176.96157836914062 626.0240478515625 215.38499450683594 3.8962202072143555 1.6109075546264648 1.6133301258087158 -0.23380032181739807 1.808106541633606 32.686134338378906 -4.632091045379639 0.2936
Pedestrian 1 1 1 958.4454345703125 171.20901489257812 995.407958984375 250.83399963378906 0.36272406578063965 1.7538187503814697 0.6389893889427185 8.117827415466309 1.717286467552185 16.075334548950195 -4.708019733428955 0.2854
Cyclist 1 1 1 1104.4278564453125 164.974609375 1193.3853759765625 278.9307556152344 1.598000407218933 1.6090787649154663 0.3929155170917511 8.116025924682617 1.4975206851959229 11.008413314819336 -7.692599773406982 0.2527
Car 1 1 1 849.4194946289062 169.7864532470703 965.7045288085938 209.88746643066406 3.8509154319763184 1.4777719974517822 1.6032447814941406 11.27942180633545 1.364428997039795 27.671966552734375 -2.990438222885132 0.2417
Pedestrian 1 1 1 991.2141723632812 154.51173400878906 1029.9033203125 248.0169219970703 0.6468376517295837 1.795937418937683 0.6389418244361877 7.88901948928833 1.4433410167694092 14.301863670349121 -4.155402660369873 0.2266
Car 1 1 1 860.5353393554688 174.3432159423828 996.2493286132812 224.46910095214844 3.50549578666687 1.4411790370941162 1.5410103797912598 9.508246421813965 1.4882813692092896 21.88802146911621 -6.098766803741455 0.2144
Pedestrian 1 1 1 103.16136169433594 148.0434112548828 217.78289794921875 319.231689453125 0.9217832684516907 1.8295247554779053 0.5618896484375 -5.020477771759033 1.5640689134597778 8.001096725463867 -6.263694763183594 0.1824
Pedestrian 1 1 1 1112.9906005859375 83.45626831054688 1241.0 374.0 0.6639453768730164 1.8717730045318604 0.6607076525688171 3.9241881370544434 1.3062139749526978 4.955041885375977 -4.505392551422119 0.1711
Cyclist 1 1 1 756.4857177734375 140.1314697265625 806.0687866210938 200.935546875 1.5233399868011475 1.7355870008468628 0.5402205586433411 5.010590076446533 0.8012576699256897 21.391904830932617 -5.223996639251709 0.1367
Car 1 1 1 0.0 188.1826171875 106.60557556152344 374.0 4.301814079284668 1.54764723777771 1.616776704788208 -7.177780628204346 1.7021269798278809 6.222549915313721 -3.2630980014801025 0.1318
Pedestrian 1 1 1 898.2781982421875 143.1062774658203 916.34423828125 188.99143981933594 0.4824993312358856 1.9471923112869263 0.7077251076698303 12.71471118927002 0.6845118403434753 30.97274398803711 -7.481818675994873 0.1263
Pedestrian 1 1 1 758.3399658203125 158.70858764648438 771.8980712890625 192.65980529785156 0.6982854008674622 1.8705558776855469 0.6776131987571716 8.588465690612793 1.0909090042114258 40.14142990112305 -7.731173992156982 0.1217
Car 1 1 1 733.71484375 181.5028076171875 779.1085205078125 219.8302459716797 4.287580966949463 1.4393762350082397 1.605555772781372 6.042426586151123 1.8295202255249023 30.339317321777344 -4.574141502380371 0.1192
Pedestrian 1 1 1 161.9562530517578 197.0240936279297 211.44635009765625 290.16064453125 0.47677189111709595 1.3742893934249878 0.4654029905796051 -6.51948356628418 1.7520004510879517 11.031368255615234 -4.646456718444824 0.1038
