Car 1 1 1 805.49169921875 155.44821166992188 872.4924926757812 200.22303771972656 4.688625812530518 2.0521860122680664 1.9825584888458252 11.101301193237305 1.2541180849075317 35.456050872802734 -7.810176372528076 0.8453
Car 1 1 1 332.7508239746094 174.15771484375 475.0584411621094 230.3990478515625 3.8570480346679688 1.6277185678482056 1.667871117591858 -6.195803165435791 1.668514609336853 21.83462905883789 -3.1813549995422363 0.8413
Car 1 1 1 382.4697265625 177.33592224121094 498.45758056640625 217.90403747558594 3.9334025382995605 1.4558358192443848 1.604508399963379 -6.3531646728515625 1.6295993328094482 27.06364631652832 -3.060678482055664 0.7806
Car 1 1 1 262.66571044921875 170.9401092529297 446.5721130371094 247.7828826904297 3.8217296600341797 1.7551140785217285 1.7188608646392822 -6.120140075683594 1.7111001014709473 17.424230575561523 -3.096832036972046 0.7731
Car 1 1 1 405.4789123535156 168.33473205566406 513.8367919921875 208.15438842773438 4.4307122230529785 1.7156612873077393 1.7370773553848267 -6.646607875823975 1.5206451416015625 31.993942260742188 -3.1246609687805176 0.7287
Car 1 1 1 859.3280639648438 164.43267822265625 915.1644287109375 195.198974609375 3.625279188156128 1.4671542644500732 1.5758198499679565 13.821015357971191 1.0652663707733154 36.260066986083984 -7.800686359405518 0.5486
Car 1 1 1 915.0957641601562 159.44384765625 969.4080810546875 188.24501037597656 3.7964649200439453 1.5613431930541992 1.6102306842803955 18.803119659423828 0.834063708782196 41.074615478515625 -7.769729137420654 0.5292
Pedestrian 1 1 1 892.4970092773438 149.64633178710938 929.450927734375 221.38546752929688 0.9453054666519165 1.8408455848693848 0.7426288723945618 7.927285671234131 1.2450307607650757 19.11369514465332 -4.132407188415527 0.4323
Car 1 1 1 906.0418090820312 165.4841766357422 980.8929443359375 210.72207641601562 3.338762044906616 1.4169938564300537 1.5000604391098022 11.126570701599121 1.1858479976654053 24.37664794921875 -4.534392356872559 0.3840
Car 1 1 1 401.5071105957031 170.31509399414062 497.3409118652344 208.97149658203125 3.573411226272583 1.5538721084594727 1.5904605388641357 -6.6615142822265625 1.4515161514282227 29.932069778442383 -3.0657100677490234 0.3805
Car 1 1 1 450.1224060058594 176.93626403808594 531.1436767578125 205.22842407226562 4.007143497467041 1.4458891153335571 1.6422004699707031 -6.272672176361084 1.6652127504348755 37.96904373168945 -3.1557083129882812 0.3724
Pedestrian 1 1 1 1044.1112060546875 167.3026123046875 1085.5208740234375 237.0682373046875 0.8077357411384583 1.6642956733703613 0.5320473313331604 11.050518035888672 1.5315643548965454 17.631582260131836 -4.653098106384277 0.3433
Car 1 1 1 469.6777038574219 170.8757781982422 540.9277954101562 197.0830841064453 3.7079477310180664 1.4386992454528809 1.5602818727493286 -5.888313293457031 1.3298004865646362 40.53643035888672 -3.0613341331481934 0.2792
Car 1 1 1 0.0 185.67982482910156 290.391357421875 297.8822021484375 3.4717633724212646 1.4854917526245117 1.571656584739685 -6.86768913269043 1.6918418407440186 10.695387840270996 -3.226398468017578 0.2530
Car 1 1 1 761.9169311523438 168.7826385498047 785.5999755859375 190.65843200683594 3.865579605102539 1.5624921321868896 1.621093988418579 12.09978199005127 1.2713923454284668 53.59126663208008 -7.654689311981201 0.2367
Pedestrian 1 1 1 1176.548828125 151.5703887939453 1233.1336669921875 240.24459838867188 0.682358980178833 1.6712325811386108 0.48982828855514526 11.375777244567871 1.2698028087615967 13.877098083496094 -3.0396475791931152 0.2031
Pedestrian 1 1 1 285.3368225097656 160.54808044433594 306.7651062011719 206.4580078125 0.6243681311607361 1.7790117263793945 0.6699120998382568 -12.40561580657959 1.3018568754196167 28.405963897705078 -8.449666976928711 0.1906
Pedestrian 1 1 1 717.7665405273438 151.1531524658203 731.8619384765625 191.48121643066406 0.9036425948143005 1.9854718446731567 0.6443737149238586 5.697329044342041 0.9167739748954773 36.033782958984375 -4.49663782119751 0.1890
Pedestrian 1 1 1 642.9825439453125 167.42955017089844 656.267578125 192.62371826171875 0.8271398544311523 1.7847696542739868 0.600843608379364 2.800328493118286 1.4001978635787964 51.522735595703125 -2.8437113761901855 0.1861
Cyclist 1 1 1 693.3858032226562 135.6359100341797 729.6156005859375 197.08470153808594 1.5840229988098145 1.791667103767395 0.5190013647079468 3.0100488662719727 0.7061964273452759 21.869720458984375 -4.966036796569824 0.1817
Cyclist 1 1 1 298.8161315917969 179.9741973876953 317.2278747558594 212.6096954345703 1.4995795488357544 1.5953973531723022 0.36052605509757996 -15.247604370117188 1.9613680839538574 36.35978317260742 -7.897349834442139 0.1778
Car 1 1 1 756.1193237304688 172.78065490722656 781.6405639648438 195.7611083984375 3.6839683055877686 1.4405148029327393 1.5684553384780884 10.380990982055664 1.4356167316436768 47.201377868652344 -4.482387542724609 0.1613
Pedestrian 1 1 1 1033.648681640625 151.47007751464844 1072.86474609375 219.1142120361328 0.7384540438652039 1.7175055742263794 0.5655856132507324 11.422032356262207 1.174261212348938 18.691967010498047 -4.7028703689575195 0.1390
Pedestrian 1 1 1 262.927490234375 181.0494842529297 310.32830810546875 272.1962585449219 0.4785480499267578 1.6018425226211548 0.6267231106758118 -5.939310073852539 1.7552651166915894 13.142402648925781 -2.60866379737854 0.1272
Car 1 1 1 15.82094955444336 171.13795471191406 143.5588836669922 210.0928497314453 4.109286785125732 1.4700071811676025 1.6743026971817017 -20.880380630493164 1.4049501419067383 28.405607223510742 -2.969003438949585 0.1149
Pedestrian 1 1 1 413.47210693359375 156.50599670410156 427.78985595703125 189.95114135742188 0.6843602061271667 1.8619312047958374 0.5838834047317505 -10.672492027282715 0.9515184164047241 40.53397750854492 -7.771372318267822 0.1117
Car 1 1 1 546.1505126953125 167.41720581054688 571.1348876953125 188.88482666015625 3.9417881965637207 1.6527447700500488 1.6305168867111206 -4.088629245758057 1.2338770627975464 57.53789520263672 -7.831996440887451 0.1066
Car 1 1 1 219.99853515625 170.70677185058594 305.966064453125 210.7698974609375 4.243032455444336 1.7539161443710327 1.6992069482803345 -16.164440155029297 1.6596128940582275 33.776100158691406 -4.624301433563232 0.1062
Car 1 1 1 762.9959106445312 163.14443969726562 785.271240234375 183.67811584472656 4.095109939575195 1.6122034788131714 1.6512517929077148 13.320588111877441 0.849555253982544 58.820350646972656 -7.659010410308838 0.1061
