Car 1 1 1 756.5664672851562 184.55780029296875 1055.371826171875 366.97088623046875 3.7969753742218018 1.4389854669570923 1.633025050163269 2.773223638534546 1.5970736742019653 7.851048469543457 -7.872867107391357 0.9518
Car 1 1 1 694.7782592773438 177.2216033935547 826.6116333007812 270.96307373046875 4.062990665435791 1.485913634300232 1.608641266822815 2.615675926208496 1.5806864500045776 13.666766166687012 -7.864049434661865 0.9166
Car 1 1 1 458.54266357421875 177.37355041503906 536.23828125 238.86126708984375 4.078470230102539 1.6034536361694336 1.704788088798523 -3.242703676223755 1.748611569404602 21.169849395751953 -7.869442462921143 0.9149
Car 1 1 1 672.6787719726562 178.15451049804688 743.4214477539062 233.52902221679688 4.228124618530273 1.4911792278289795 1.6561453342437744 2.8320796489715576 1.6679067611694336 21.968048095703125 -7.834237575531006 0.8619
Car 1 1 1 648.5023193359375 177.34591674804688 697.2347412109375 214.96353149414062 3.626875162124634 1.4509204626083374 1.5272043943405151 2.521332025527954 1.649696707725525 30.124996185302734 -7.908975124359131 0.8161
Car 1 1 1 498.49053955078125 181.79039001464844 545.49169921875 219.83531188964844 4.274683952331543 1.4724094867706299 1.6057592630386353 -3.765594720840454 1.8839163780212402 31.093839645385742 -4.7365264892578125 0.8099
Car 1 1 1 909.3497314453125 193.3966522216797 1241.0 374.0 3.77229380607605 1.52287757396698 1.6154667139053345 2.541287899017334 1.6546564102172852 2.7018351554870605 -7.785078525543213 0.7532
Cyclist 1 1 1 1048.3153076171875 132.4778289794922 1142.94921875 259.896728515625 1.749646544456482 1.747133731842041 0.44902491569519043 7.148339748382568 1.193206548690796 10.790788650512695 -7.71726655960083 0.4438
Pedestrian 1 1 1 170.45889282226562 164.5156707763672 220.90162658691406 245.368408203125 0.9256939888000488 1.6974363327026367 0.6212263703346252 -9.05112361907959 1.5220803022384644 15.669928550720215 -2.521044969558716 0.3921
Car 1 1 1 482.6425476074219 171.6625213623047 541.4931640625 195.3715057373047 3.7169570922851562 1.5409489870071411 1.6438820362091064 -6.4821248054504395 1.4632095098495483 47.78164291381836 -3.176206588745117 0.3398
Pedestrian 1 1 1 737.66552734375 163.5634765625 756.6165771484375 206.404052734375 0.8323516845703125 1.7581690549850464 0.6661108136177063 5.683566093444824 1.3765878677368164 30.113414764404297 -7.523945331573486 0.3231
Car 1 1 1 634.3906860351562 176.3602752685547 664.038330078125 204.09173583984375 3.484311819076538 1.4638352394104004 1.5194882154464722 2.1895875930786133 1.6683892011642456 40.34977340698242 -7.759706020355225 0.3147
Pedestrian 1 1 1 793.6046142578125 149.88795471191406 810.4888916015625 192.7142791748047 0.5176214575767517 2.0285606384277344 0.7160216569900513 9.15739917755127 0.9404246807098389 34.55516052246094 -4.311598777770996 0.3143
Pedestrian 1 1 1 622.2811279296875 168.74093627929688 635.4113159179688 194.03961181640625 0.8661096692085266 1.8714494705200195 0.5164526104927063 1.3757426738739014 1.5668880939483643 53.755775451660156 -2.8238582611083984 0.2845
Cyclist 1 1 1 1014.647705078125 157.07127380371094 1084.4495849609375 239.8390655517578 1.7099050283432007 1.6008853912353516 0.4189511835575104 8.930235862731934 1.2953178882598877 14.8147554397583 -7.834604740142822 0.2757
Cyclist 1 1 1 874.1500854492188 176.73974609375 893.8973999023438 227.10992431640625 1.6182317733764648 1.564466953277588 0.4968741834163666 8.839759826660156 1.694594144821167 23.37942123413086 -7.427317142486572 0.2251
Cyclist 1 1 1 939.3826293945312 153.72645568847656 1000.9762573242188 249.02061462402344 1.7345386743545532 1.6495729684829712 0.45367488265037537 6.585891246795654 1.3181689977645874 13.3773832321167 -7.740865230560303 0.1832
Car 1 1 1 796.0751953125 164.19638061523438 890.8869018554688 197.4835662841797 4.202154159545898 1.6238712072372437 1.664671540260315 11.614672660827637 1.2012207508087158 36.15962219238281 -6.34490442276001 0.1816
Pedestrian 1 1 1 209.54090881347656 162.60299682617188 255.4932098388672 235.71250915527344 0.7391250133514404 1.7176696062088013 0.6646959781646729 -9.096646308898926 1.4765278100967407 17.307830810546875 -6.218092441558838 0.1746
Car 1 1 1 782.92041015625 180.3583984375 891.0042114257812 218.21826171875 3.8499255180358887 1.4641730785369873 1.5713852643966675 9.031126976013184 1.7742520570755005 29.033761978149414 -3.153607130050659 0.1362
Cyclist 1 1 1 444.15032958984375 181.9808349609375 465.2689514160156 221.5466766357422 1.7303552627563477 1.7386574745178223 0.5921078324317932 -7.12556266784668 2.1663670539855957 32.97157287597656 -4.711400985717773 0.1291
Cyclist 1 1 1 831.75048828125 175.22915649414062 871.4462280273438 213.89166259765625 1.6977289915084839 1.7457778453826904 0.6634586453437805 11.057413101196289 1.856539011001587 33.1931037902832 -6.013982772827148 0.1276
Cyclist 1 1 1 983.11279296875 159.04769897460938 1028.111572265625 252.96514892578125 1.76719069480896 1.6231610774993896 0.48363223671913147 7.255054473876953 1.3842488527297974 13.3825044631958 -7.495628833770752 0.1244
Car 1 1 1 439.1968994140625 190.55357360839844 490.2154235839844 218.7010955810547 3.335691452026367 1.432894229888916 1.831567645072937 -8.187370300292969 2.4755942821502686 40.74209213256836 -4.576290607452393 0.1084
Cyclist 1 1 1 267.62542724609375 159.8871307373047 311.6573791503906 223.46751403808594 1.7252100706100464 1.729580283164978 0.4835923910140991 -9.121203422546387 1.376542091369629 20.49094009399414 -7.852695941925049 0.1069
