Car 1 1 1 125.17608642578125 194.09385681152344 284.2441711425781 270.50628662109375 3.3976221084594727 1.418670892715454 1.4714072942733765 -8.922676086425781 1.9441454410552979 16.114124298095703 -4.6410722732543945 0.9395
Car 1 1 1 419.6702575683594 179.7630615234375 474.3305358886719 212.5303955078125 3.7691359519958496 1.499366283416748 1.5675228834152222 -8.055631637573242 1.8603543043136597 35.783836364746094 -4.623367786407471 0.8930
Car 1 1 1 375.65960693359375 182.1913604736328 447.5770263671875 223.31312561035156 4.067051410675049 1.569175124168396 1.6817158460617065 -8.350359916687012 1.9915003776550293 30.569854736328125 -4.641156196594238 0.8675
Car 1 1 1 0.0 181.8409423828125 155.58302307128906 317.9162902832031 3.938533306121826 1.6622456312179565 1.5993355512619019 -9.040475845336914 1.8242214918136597 11.05191421508789 -4.721884250640869 0.8075
Car 1 1 1 242.58580017089844 182.13172912597656 366.21173095703125 248.4962921142578 4.324838161468506 1.6689989566802979 1.6842650175094604 -8.732288360595703 1.96590256690979 20.934505462646484 -4.691842555999756 0.7837
Car 1 1 1 495.3380432128906 176.92327880859375 533.9022827148438 198.8529052734375 4.340829849243164 1.585572361946106 1.757614016532898 -7.284901142120361 1.9100210666656494 55.29938507080078 -4.551888942718506 0.7641
Cyclist 1 1 1 828.8336791992188 160.8095245361328 846.571533203125 194.13442993164062 1.7027480602264404 1.783164620399475 0.4530032277107239 12.405075073242188 1.1383832693099976 39.46276092529297 -7.840400218963623 0.5811
Car 1 1 1 253.10353088378906 156.1524658203125 324.3849182128906 194.48265075683594 3.396446704864502 1.7267225980758667 1.7243722677230835 -15.2095365524292 0.974041223526001 34.25028991699219 -4.653528690338135 0.4378
Pedestrian 1 1 1 957.332763671875 145.46900939941406 975.0281372070312 190.49337768554688 0.5606047511100769 1.9607534408569336 0.6746619939804077 15.657279968261719 0.7678722143173218 31.814285278320312 -7.440439701080322 0.1669
Pedestrian 1 1 1 1181.447509765625 141.65997314453125 1241.0 245.36256408691406 0.681186854839325 1.761207103729248 0.5542893409729004 10.451018333435059 1.2311311960220337 12.561161041259766 -3.0500922203063965 0.1529
Car 1 1 1 325.6534118652344 178.69546508789062 379.73809814453125 209.808349609375 3.7438459396362305 1.5329957008361816 1.543853759765625 -13.566819190979004 1.8566018342971802 38.13251495361328 -4.71811056137085 0.1502
Car 1 1 1 459.51678466796875 183.81394958496094 497.8834228515625 207.14508056640625 3.861706018447876 1.499632716178894 1.6636701822280884 -9.126697540283203 2.2929766178131104 50.25147247314453 -4.623105049133301 0.1478
Car 1 1 1 572.0517578125 175.78103637695312 597.9036254882812 194.82688903808594 3.8743655681610107 1.5283085107803345 1.5304206609725952 -2.092310905456543 1.7818249464035034 60.54436492919922 -4.5752787590026855 0.1404
Pedestrian 1 1 1 1086.7557373046875 150.1635284423828 1135.586669921875 235.24026489257812 0.7099773287773132 1.7301509380340576 0.5400525331497192 10.381220817565918 1.2684094905853271 15.040013313293457 -4.668222904205322 0.1301
Car 1 1 1 659.8311767578125 175.318115234375 683.7603149414062 196.19970703125 3.8708107471466064 1.5271128416061401 1.5574485063552856 4.664675235748291 1.721891164779663 55.175106048583984 -4.695998668670654 0.1292
Car 1 1 1 69.35916900634766 177.64585876464844 208.6211395263672 224.60008239746094 4.011340141296387 1.433754801750183 1.5994136333465576 -15.930307388305664 1.610944151878357 24.59619140625 -7.641214847564697 0.1272
