Car 1 1 1 582.1611328125 175.24900817871094 683.1249389648438 264.00360107421875 3.7088232040405273 1.599297046661377 1.6555932760238647 0.2947455048561096 1.6552616357803345 15.028046607971191 -7.946052074432373 0.9473
Car 1 1 1 548.1611328125 180.94564819335938 600.98388671875 222.0258331298828 3.932187080383301 1.369533658027649 1.550696611404419 -1.4346531629562378 1.694387674331665 26.93086051940918 -8.011433601379395 0.8016
Car 1 1 1 206.57406616210938 178.12530517578125 261.0234069824219 202.8304901123047 4.342601776123047 1.6137689352035522 1.7318700551986694 -26.17030906677246 1.9970862865447998 50.293575286865234 -4.768186092376709 0.6584
Car 1 1 1 137.8245849609375 180.8253936767578 202.13658142089844 210.32937622070312 3.5014548301696777 1.5783029794692993 1.546693205833435 -25.14242935180664 2.053571939468384 41.29553985595703 -4.712044715881348 0.4425
Cyclist 1 1 1 63.559532165527344 176.9592742919922 93.68021392822266 209.58444213867188 1.8061798810958862 1.7119618654251099 0.421443909406662 -28.747743606567383 1.9388251304626465 39.00921630859375 -7.93208646774292 0.3058
Pedestrian 1 1 1 728.3749389648438 156.97467041015625 759.5584716796875 216.23143005371094 0.7623476982116699 1.7573398351669312 0.5666958093643188 4.00955057144165 1.2861168384552002 21.856632232666016 -3.8087058067321777 0.2099
Pedestrian 1 1 1 849.1152954101562 159.3433380126953 885.2280883789062 222.9873046875 0.9308379292488098 1.7844374179840088 0.5732054710388184 7.3242316246032715 1.4053280353546143 20.683486938476562 -2.7161202430725098 0.1968
Car 1 1 1 395.98651123046875 187.38876342773438 467.6297302246094 213.8671875 4.165239334106445 1.5586544275283813 1.627484917640686 -11.033178329467773 2.4817588329315186 44.75313949584961 -6.418216705322266 0.1593
Pedestrian 1 1 1 641.3915405273438 158.27809143066406 656.7877197265625 199.8769989013672 0.725121259689331 1.8878215551376343 0.6980706453323364 1.7528918981552124 1.22604501247406 33.12598419189453 -7.798088550567627 0.1318
Cyclist 1 1 1 655.5206298828125 168.26356506347656 671.9035034179688 204.8064727783203 1.6398879289627075 1.6631131172180176 0.5322341322898865 2.4560859203338623 1.4538965225219727 33.67448425292969 -7.923328876495361 0.1229
Car 1 1 1 283.9429016113281 183.21908569335938 341.3520202636719 210.20407104492188 3.618208646774292 1.4991023540496826 1.5405575037002563 -17.877853393554688 2.150451183319092 43.45578384399414 -4.555887699127197 0.1135
Car 1 1 1 171.9914093017578 172.537353515625 210.8494110107422 190.2822723388672 3.713601589202881 1.6124142408370972 1.6208940744400024 -39.10355758666992 1.5833404064178467 67.45757293701172 -7.902867794036865 0.1068
Pedestrian 1 1 1 917.3560791015625 149.2528839111328 933.0740966796875 187.1143341064453 0.5948413610458374 1.8600578308105469 0.6329622864723206 15.602916717529297 0.7002816200256348 35.81702423095703 -7.591761112213135 0.1057
