Car 1 1 1 527.062255859375 178.08154296875 575.0125122070312 213.32089233398438 3.7685651779174805 1.4053380489349365 1.6456941366195679 -2.6633520126342773 1.6469541788101196 31.380889892578125 -8.053110122680664 0.8377
Car 1 1 1 430.69720458984375 172.49725341796875 461.6695861816406 203.0535430908203 3.9765419960021973 1.7889400720596313 1.639976143836975 -10.056991577148438 1.7677541971206665 44.340187072753906 -4.880000591278076 0.7903
Pedestrian 1 1 1 512.4606323242188 173.28799438476562 526.128173828125 201.0009765625 0.8282049298286438 1.7894660234451294 0.5735510587692261 -5.9261698722839355 1.817552089691162 46.89670181274414 -6.307374000549316 0.2993
Car 1 1 1 521.6317749023438 173.51995849609375 554.632080078125 200.20193481445312 3.7252964973449707 1.541909098625183 1.584027647972107 -4.342081069946289 1.5836365222930908 43.662330627441406 -7.84157133102417 0.2861
Pedestrian 1 1 1 754.7809448242188 175.1219482421875 785.3062133789062 239.13365173339844 0.5191644430160522 1.6300054788589478 0.6203026175498962 4.094033241271973 1.689475178718567 18.70541763305664 -4.889179706573486 0.2791
Car 1 1 1 1175.0679931640625 175.7772216796875 1224.9254150390625 204.46466064453125 3.909153938293457 1.6833033561706543 1.6641597747802734 36.463035583496094 1.8713797330856323 44.60969161987305 -3.8328728675842285 0.2581
Cyclist 1 1 1 1137.7537841796875 190.55227661132812 1177.95068359375 238.78656005859375 1.7278826236724854 1.9212740659713745 0.617012083530426 22.647197723388672 2.6700503826141357 29.881053924560547 -6.739892959594727 0.2390
Car 1 1 1 527.7388305664062 178.55445861816406 573.6951904296875 210.0472869873047 3.734644651412964 1.508984923362732 1.5992462635040283 -3.0435962677001953 1.818361759185791 37.23945617675781 -7.718896389007568 0.2336
Pedestrian 1 1 1 796.6705932617188 129.54725646972656 848.23388671875 236.86146545410156 0.8927175402641296 1.919636845588684 0.7595300078392029 3.9226815700531006 1.1446657180786133 13.479419708251953 -4.2224884033203125 0.1854
Car 1 1 1 1158.566162109375 188.7160186767578 1216.10205078125 224.0848846435547 4.1338934898376465 1.6636643409729004 1.676823616027832 30.392724990844727 2.5506041049957275 38.14307403564453 -4.213041305541992 0.1744
Pedestrian 1 1 1 416.3440246582031 162.42367553710938 437.86480712890625 202.84840393066406 0.9675310254096985 1.8773858547210693 0.473589688539505 -8.62777328491211 1.3926856517791748 33.867862701416016 -3.414848804473877 0.1528
Car 1 1 1 512.5418701171875 159.8335418701172 537.0713500976562 185.1554412841797 4.236697673797607 1.8779014348983765 1.7347513437271118 -6.566788196563721 0.9119887948036194 55.69255447387695 -7.936276912689209 0.1489
Pedestrian 1 1 1 1223.690673828125 162.7787322998047 1241.0 205.33363342285156 0.5130077600479126 1.778375506401062 0.6712411642074585 26.481090545654297 1.3570289611816406 30.533756256103516 -3.3453853130340576 0.1350
Cyclist 1 1 1 1089.108642578125 184.92657470703125 1141.6837158203125 251.59266662597656 1.6504018306732178 1.6125779151916504 0.4333699941635132 12.953431129455566 1.937861680984497 18.609891891479492 -4.552689075469971 0.1314
Pedestrian 1 1 1 313.5121154785156 157.89451599121094 329.8369140625 191.8894500732422 0.7288140654563904 1.9703575372695923 0.7071884870529175 -16.90079116821289 1.1030006408691406 42.214508056640625 -7.941526889801025 0.1060
