Car 1 1 1 554.6273193359375 177.801513671875 612.155517578125 234.78121948242188 4.509212493896484 1.6226025819778442 1.6706911325454712 -0.8888294696807861 1.7971522808074951 23.221315383911133 -7.883800983428955 0.9089
Car 1 1 1 903.7476196289062 190.18368530273438 975.5953979492188 216.09080505371094 4.2316389083862305 1.6691821813583374 1.4354993104934692 22.121849060058594 2.8560614585876465 48.54822540283203 -3.219930410385132 0.8679
Cyclist 1 1 1 838.06396484375 180.44223022460938 857.3919677734375 218.62890625 1.6049786806106567 1.6649184226989746 0.34509238600730896 10.68138313293457 2.0157008171081543 32.58042907714844 -7.8525519371032715 0.6279
Car 1 1 1 234.5731658935547 179.72323608398438 291.275146484375 203.95965576171875 4.127378463745117 1.4458359479904175 1.5063148736953735 -22.238849639892578 1.9065401554107666 46.32762908935547 -4.666797637939453 0.6132
Pedestrian 1 1 1 876.862548828125 184.35520935058594 896.5088500976562 221.75833129882812 0.8508456349372864 1.767920732498169 0.7789841294288635 13.366874694824219 2.333265781402588 34.957889556884766 -5.866687297821045 0.5349
Cyclist 1 1 1 956.978759765625 175.60113525390625 981.5758056640625 218.28997802734375 1.6391855478286743 1.6146321296691895 0.35166555643081665 13.999578475952148 1.7250112295150757 28.23423194885254 -7.719780445098877 0.4158
Car 1 1 1 314.995849609375 176.68019104003906 354.1707763671875 199.0112762451172 4.139376640319824 1.747626781463623 1.6232013702392578 -22.58660316467285 2.0725209712982178 59.25133514404297 -4.707759857177734 0.3313
Car 1 1 1 282.1039123535156 177.132568359375 326.0428161621094 199.73867797851562 3.962557315826416 1.5595734119415283 1.3786505460739136 -22.25070571899414 1.882786512374878 52.548065185546875 -4.669008255004883 0.3114
Car 1 1 1 569.3401489257812 172.6028594970703 594.4201049804688 196.29632568359375 4.271198749542236 1.7096823453903198 1.6814464330673218 -2.1046979427337646 1.6912596225738525 54.20832824707031 -7.844707012176514 0.2481
Car 1 1 1 939.1221923828125 182.116455078125 1018.1923828125 212.56349182128906 3.4469492435455322 1.5442183017730713 1.613617181777954 19.50395965576172 2.049312114715576 38.30601119995117 -6.43851375579834 0.2357
Car 1 1 1 799.8155517578125 189.2040557861328 825.5769653320312 212.9332275390625 4.064096450805664 1.5493552684783936 1.7304766178131104 14.631269454956055 2.783957004547119 52.31068801879883 -4.452071666717529 0.1620
Car 1 1 1 0.0 179.86473083496094 79.53790283203125 217.09886169433594 3.5672857761383057 1.5176283121109009 1.5761553049087524 -25.00423240661621 1.8284143209457397 30.91952896118164 -6.101638317108154 0.1447
Pedestrian 1 1 1 166.54849243164062 151.16680908203125 185.5756378173828 202.08197021484375 0.39235326647758484 1.869916558265686 0.5937078595161438 -16.168458938598633 1.0731300115585327 26.81516456604004 -5.220902919769287 0.1406
Car 1 1 1 823.6162109375 188.18470764160156 861.1751708984375 213.99241638183594 3.582273483276367 1.5651768445968628 1.6745165586471558 15.330536842346191 2.6213204860687256 47.85136032104492 -4.605813026428223 0.1324
Car 1 1 1 38.67920684814453 183.03985595703125 122.3770523071289 210.13043212890625 3.6745710372924805 1.4772539138793945 1.5090395212173462 -30.662961959838867 2.087902307510376 41.848995208740234 -6.6964640617370605 0.1283
Car 1 1 1 865.7134399414062 187.8852996826172 928.6410522460938 206.56800842285156 4.571042537689209 1.4854614734649658 1.5682717561721802 23.631086349487305 2.7422666549682617 59.51986312866211 -3.1591796875 0.1221
Pedestrian 1 1 1 820.2205200195312 149.54519653320312 836.84716796875 196.9158477783203 0.6841566562652588 1.9128954410552979 0.6276726722717285 8.900355339050293 0.9713524580001831 29.547813415527344 -4.453206539154053 0.1165
Car 1 1 1 75.40929412841797 175.64361572265625 126.42479705810547 198.3681182861328 3.656464099884033 1.6414357423782349 1.615212082862854 -38.4146614074707 1.8592448234558105 54.50111770629883 -4.834985256195068 0.1111
Car 1 1 1 1198.3074951171875 142.7985382080078 1241.0 176.55569458007812 3.984823226928711 1.5226579904556274 1.6127818822860718 29.87518310546875 0.16666960716247559 33.58503341674805 -6.403230667114258 0.1050
Car 1 1 1 224.89080810546875 176.09043884277344 279.7018737792969 199.5452117919922 3.969968557357788 1.5298497676849365 1.6337956190109253 -24.572423934936523 1.7613482475280762 49.650054931640625 -4.656098365783691 0.1015
Cyclist 1 1 1 443.377197265625 143.32281494140625 480.30804443359375 194.68923950195312 1.5676237344741821 1.7534997463226318 0.5332310795783997 -5.2577433586120605 0.7450911998748779 25.45890235900879 -4.36183500289917 0.1001
