Cyclist 1 1 1 570.90869140625 179.95223999023438 581.40625 214.03269958496094 1.5818085670471191 1.6339162588119507 0.33808180689811707 -1.7104111909866333 1.9929637908935547 35.72697830200195 -7.784017086029053 0.5266
Pedestrian 1 1 1 694.8167114257812 161.2664031982422 719.607177734375 216.42970275878906 0.5742897391319275 1.725753664970398 0.6615048050880432 3.0480363368988037 1.3629423379898071 22.962549209594727 -7.4725213050842285 0.3284
Cyclist 1 1 1 297.4327697753906 170.1392822265625 345.0582275390625 263.2746276855469 1.775262713432312 1.651808738708496 0.5156840085983276 -5.512984275817871 1.6033616065979004 13.717296600341797 -4.90308141708374 0.2961
Pedestrian 1 1 1 0.0 165.1141815185547 95.60580444335938 363.43359375 0.8527160882949829 1.739213466644287 0.6809809803962708 -5.5985894203186035 1.6710370779037476 6.832099914550781 -4.4298095703125 0.2728
Pedestrian 1 1 1 546.8474731445312 153.7263946533203 572.091064453125 221.1288604736328 0.9961739778518677 1.8952879905700684 0.6835470199584961 -1.515670657157898 1.3571394681930542 20.822446823120117 -4.82573938369751 0.2497
Pedestrian 1 1 1 167.45849609375 172.83348083496094 195.81092834472656 229.2489776611328 0.6129923462867737 1.9013559818267822 0.6953674554824829 -14.705822944641113 1.9003645181655884 24.703937530517578 -4.9745988845825195 0.2321
Pedestrian 1 1 1 694.6299438476562 146.44252014160156 772.0557861328125 277.0291748046875 1.0047186613082886 1.8936372995376587 0.5631318688392639 1.7996028661727905 1.510344386100769 10.887060165405273 -3.4583606719970703 0.2314
Car 1 1 1 595.0550537109375 187.1628875732422 615.3154296875 206.35299682617188 4.074094772338867 1.5041919946670532 1.6574081182479858 -0.46439263224601746 2.767869710922241 61.6805305480957 -4.736810684204102 0.2256
Car 1 1 1 644.4312133789062 185.55526733398438 691.86865234375 220.3723602294922 3.4344799518585205 1.4540255069732666 1.596073031425476 2.5818638801574707 2.069972276687622 33.22188186645508 -4.80872917175293 0.2246
Pedestrian 1 1 1 180.2431640625 156.2076416015625 202.5084991455078 212.142822265625 0.45459648966789246 1.9996212720870972 0.6932579278945923 -15.221010208129883 1.4042325019836426 26.163223266601562 -5.230043411254883 0.1785
Pedestrian 1 1 1 563.95263671875 193.32579040527344 584.0359497070312 238.73081970214844 0.777930498123169 1.736812710762024 0.7437864542007446 -1.4640663862228394 2.5521342754364014 28.351673126220703 -3.2036306858062744 0.1558
Pedestrian 1 1 1 137.27857971191406 173.67041015625 163.1529083251953 227.14862060546875 0.5459074974060059 1.7779473066329956 0.6326640844345093 -15.606497764587402 1.8057478666305542 24.418004989624023 -5.504648208618164 0.1546
Cyclist 1 1 1 250.04978942871094 149.43199157714844 306.3780822753906 245.73446655273438 1.7564513683319092 1.6904679536819458 0.4442724883556366 -6.255973815917969 1.2790242433547974 13.563984870910645 -7.97228479385376 0.1484
Pedestrian 1 1 1 114.77163696289062 148.34518432617188 141.3842315673828 204.22923278808594 0.5008346438407898 1.9658724069595337 0.7343485951423645 -17.251571655273438 1.103408932685852 25.770404815673828 -8.318480491638184 0.1421
Car 1 1 1 630.1445922851562 188.67562866210938 660.5718994140625 208.36843872070312 3.9305520057678223 1.5806512832641602 1.6720428466796875 3.0465705394744873 3.0165011882781982 63.393253326416016 -4.935854434967041 0.1187
Pedestrian 1 1 1 583.8601684570312 176.10269165039062 594.9304809570312 201.5269012451172 0.6944336891174316 1.807107925415039 0.6746811866760254 -1.511353611946106 2.0417494773864746 51.783897399902344 -6.473184108734131 0.1017
Pedestrian 1 1 1 553.299560546875 163.779052734375 572.1025390625 217.34779357910156 0.5196816325187683 1.8183335065841675 0.49271219968795776 -1.6755396127700806 1.5099941492080688 24.81627082824707 -3.5168561935424805 0.1012
