Car 1 1 1 337.11798095703125 182.54696655273438 413.17156982421875 225.0573272705078 4.110733985900879 1.4931625127792358 1.6631704568862915 -9.160964965820312 1.9012271165847778 28.340322494506836 -4.7155961990356445 0.9451
Car 1 1 1 586.3897094726562 172.89385986328125 611.7081298828125 197.96273803710938 3.921980381011963 1.5752084255218506 1.5914498567581177 -0.7577815651893616 1.5776299238204956 47.31916427612305 -7.871902942657471 0.7096
Car 1 1 1 447.8938903808594 178.63412475585938 481.0608825683594 199.98345947265625 4.13610315322876 1.426305890083313 1.5928648710250854 -10.351831436157227 1.8545207977294922 51.41150665283203 -4.728369235992432 0.6467
Car 1 1 1 550.9098510742188 176.67849731445312 575.1123657226562 193.47996520996094 3.512277126312256 1.4939123392105103 1.6150678396224976 -4.346293926239014 1.8576298952102661 66.8353500366211 -7.732254505157471 0.3346
Pedestrian 1 1 1 686.2219848632812 152.380859375 703.370361328125 199.89202880859375 0.8185455203056335 1.899878740310669 0.6749496459960938 3.3930513858795166 1.0808976888656616 29.29302406311035 -4.615050315856934 0.2538
Car 1 1 1 178.1676788330078 186.4745330810547 348.88623046875 266.85552978515625 4.0303239822387695 1.405753493309021 1.6092169284820557 -7.185863494873047 1.7335790395736694 15.345563888549805 -4.684732913970947 0.2159
Car 1 1 1 407.09326171875 177.2919464111328 450.9596862792969 199.45513916015625 3.76957368850708 1.5131171941757202 1.6648368835449219 -13.037548065185547 1.8453794717788696 52.066062927246094 -4.53265905380249 0.1976
Pedestrian 1 1 1 1184.8016357421875 119.29100799560547 1241.0 215.02816772460938 0.7739347815513611 1.9661322832107544 0.6984091401100159 12.72683048248291 0.8658211827278137 15.227398872375488 -7.787404537200928 0.1772
Car 1 1 1 580.317626953125 174.13009643554688 601.6244506835938 190.6808624267578 3.9238131046295166 1.4981091022491455 1.6167291402816772 -1.7766269445419312 1.6209957599639893 67.63735961914062 -7.780731678009033 0.1701
Car 1 1 1 93.59667205810547 186.84532165527344 149.3632049560547 216.18772888183594 3.8101589679718018 1.5446900129318237 1.5686893463134766 -28.381772994995117 2.3981504440307617 41.982357025146484 -4.987129211425781 0.1694
Pedestrian 1 1 1 150.46287536621094 170.0960235595703 170.94012451171875 200.20567321777344 0.9767869114875793 1.8499689102172852 0.4967939555644989 -27.865360260009766 1.68021559715271 44.70199203491211 -3.412320613861084 0.1550
Car 1 1 1 398.9310607910156 168.19883728027344 465.6737060546875 208.2126922607422 4.254901885986328 1.5779908895492554 1.7086228132247925 -7.481667995452881 1.3941094875335693 30.59884262084961 -4.692294120788574 0.1424
Cyclist 1 1 1 1061.084716796875 152.54605102539062 1103.4078369140625 270.83148193359375 1.7794798612594604 1.60398530960083 0.4865354001522064 6.910086154937744 1.328303575515747 10.66454792022705 -7.283753871917725 0.1389
Car 1 1 1 290.14715576171875 180.18289184570312 410.1661376953125 238.2512664794922 4.297107696533203 1.4269834756851196 1.6720551252365112 -7.2477030754089355 1.6568725109100342 20.473085403442383 -4.6601715087890625 0.1380
Car 1 1 1 281.1453552246094 185.912109375 331.7555847167969 208.91017150878906 4.015803337097168 1.5256708860397339 1.6376012563705444 -21.974428176879883 2.5099892616271973 52.320308685302734 -4.602375507354736 0.1357
Car 1 1 1 432.5660705566406 174.62156677246094 481.7225341796875 206.6041717529297 3.5806963443756104 1.4880743026733398 1.5602762699127197 -7.5195112228393555 1.5794012546539307 35.587623596191406 -4.6788105964660645 0.1208
Pedestrian 1 1 1 843.7197875976562 158.40855407714844 852.5330200195312 184.7738494873047 0.6750293970108032 1.9279170036315918 0.5908675193786621 17.5227108001709 0.871317982673645 53.180912017822266 -7.495645046234131 0.1196
Pedestrian 1 1 1 367.20965576171875 192.33982849121094 386.5476989746094 235.95843505859375 0.37127885222435 1.1422076225280762 0.3700006306171417 -6.279365539550781 1.6683350801467896 19.286108016967773 -4.589664459228516 0.1171
Pedestrian 1 1 1 1209.052978515625 177.9364471435547 1241.0 228.33364868164062 0.7499098181724548 1.8493770360946655 0.7693928480148315 23.026395797729492 2.041769027709961 26.956947326660156 -3.1028687953948975 0.1152
Pedestrian 1 1 1 838.7747802734375 151.01809692382812 876.1787719726562 220.74473571777344 0.971075713634491 1.8506494760513306 0.6823875904083252 6.672503471374512 1.270792007446289 19.637121200561523 -4.715012073516846 0.1113
Car 1 1 1 0.0 207.34886169433594 112.14112091064453 253.38064575195312 3.706063985824585 1.4295859336853027 1.7545652389526367 -21.072036743164062 2.821866273880005 27.20811653137207 -4.627357006072998 0.1090
Pedestrian 1 1 1 757.69775390625 149.9854278564453 773.6759033203125 193.12863159179688 0.634256899356842 1.9153331518173218 0.6699363589286804 6.956693649291992 0.8997881412506104 32.426246643066406 -7.589182376861572 0.1085
Car 1 1 1 213.71908569335938 184.1269073486328 245.98553466796875 203.59613037109375 3.8767826557159424 1.5318905115127563 1.5408589839935303 -32.239501953125 2.52054762840271 61.23274612426758 -4.955343246459961 0.1076
Pedestrian 1 1 1 799.4627685546875 156.4311981201172 814.597412109375 201.9734649658203 0.4799569547176361 1.8092801570892334 0.5729610323905945 7.870036602020264 1.1565436124801636 28.977859497070312 -4.4170427322387695 0.1071
