Car 1 1 1 189.10592651367188 193.4783172607422 455.80902099609375 349.9270935058594 4.174683094024658 1.4818669557571411 1.6927279233932495 -3.472684860229492 1.8144664764404297 9.52061653137207 -4.664045333862305 0.9526
Car 1 1 1 537.5636596679688 181.59825134277344 574.5943603515625 209.58367919921875 4.0925421714782715 1.5615730285644531 1.7466846704483032 -3.2462565898895264 2.1155641078948975 43.651493072509766 -4.663750648498535 0.7487
Car 1 1 1 470.38873291015625 183.0522918701172 509.1434631347656 204.86695861816406 3.3864967823028564 1.5535773038864136 1.5243130922317505 -9.149551391601562 2.356142044067383 54.9575309753418 -4.3986029624938965 0.3050
Car 1 1 1 699.3193359375 180.7138214111328 757.2874755859375 205.1441650390625 3.3619015216827393 1.4950066804885864 1.5572618246078491 7.614832878112793 2.0203840732574463 46.705379486083984 -5.723483562469482 0.3029
Pedestrian 1 1 1 200.86119079589844 167.2440948486328 227.4332275390625 219.74581909179688 0.5716690421104431 1.7751120328903198 0.6714053153991699 -13.619457244873047 1.5851380825042725 24.750925064086914 -4.944299221038818 0.3003
Car 1 1 1 889.194580078125 173.3800811767578 919.2733764648438 193.00534057617188 4.268425464630127 1.5151792764663696 1.6462854146957397 23.617712020874023 1.558892846107483 58.098182678222656 -4.468762397766113 0.2900
Pedestrian 1 1 1 1115.571533203125 150.3000030517578 1131.219482421875 193.7604522705078 0.2940135896205902 1.8224493265151978 0.5017385482788086 21.6645450592041 0.8763810396194458 30.51276206970215 -3.1787240505218506 0.2870
Cyclist 1 1 1 740.9408569335938 183.6389617919922 763.7496948242188 227.55348205566406 1.6963067054748535 1.7011724710464478 0.5813113451004028 5.743699073791504 2.151975393295288 29.2851619720459 -7.457705974578857 0.2832
Pedestrian 1 1 1 987.2425537109375 167.84414672851562 1035.029052734375 248.46641540527344 0.7506721019744873 1.602238655090332 0.5354078412055969 8.12292194366455 1.5023760795593262 14.728142738342285 -4.764351844787598 0.2646
Car 1 1 1 277.48980712890625 187.68690490722656 333.8779602050781 225.88880920410156 4.110160827636719 1.4717576503753662 1.6156824827194214 -13.318771362304688 2.167634963989258 31.679916381835938 -4.942598819732666 0.2626
Car 1 1 1 718.0390625 166.77154541015625 748.5623168945312 190.73594665527344 3.702174186706543 1.62541925907135 1.5873240232467651 8.611530303955078 1.2125678062438965 50.80678939819336 -4.691263675689697 0.2500
Car 1 1 1 650.5018310546875 179.35569763183594 696.6591186523438 212.53326416015625 3.5708541870117188 1.4576127529144287 1.6162656545639038 3.037811279296875 1.7845995426177979 34.389163970947266 -7.597270488739014 0.2375
Car 1 1 1 321.2794189453125 180.7386016845703 380.9605712890625 213.4696807861328 4.176531791687012 1.6257045269012451 1.6449434757232666 -13.930975914001465 2.0741512775421143 38.95924758911133 -4.6894145011901855 0.2276
Pedestrian 1 1 1 322.65789794921875 161.7440643310547 347.2482604980469 216.8942413330078 0.5555433630943298 1.77204430103302 0.5714613795280457 -8.9926176071167 1.4147679805755615 23.476795196533203 -4.6580400466918945 0.2146
Pedestrian 1 1 1 897.4459228515625 179.4027557373047 930.6364135742188 235.3235626220703 0.7889367341995239 1.5531156063079834 0.602047324180603 8.588159561157227 1.7425917387008667 20.520103454589844 -2.891453504562378 0.2024
Pedestrian 1 1 1 961.0595703125 147.7920379638672 978.025390625 187.23744201660156 0.6279729008674622 1.9270999431610107 0.6525793075561523 17.716957092285156 0.7024014592170715 35.64515686035156 -7.562324047088623 0.2009
Pedestrian 1 1 1 72.1380386352539 150.12672424316406 103.32575225830078 219.63851928710938 0.5215935111045837 1.869723916053772 0.5786234140396118 -14.342231750488281 1.25810706615448 19.755624771118164 -8.223881721496582 0.1971
Pedestrian 1 1 1 1053.255615234375 133.67315673828125 1079.2503662109375 194.1151885986328 0.5087081789970398 1.9923404455184937 0.7066563963890076 15.233644485473633 0.7005289196968079 24.17729949951172 -7.349911212921143 0.1925
Car 1 1 1 238.94529724121094 171.99053955078125 296.0914611816406 194.5058135986328 3.608022689819336 1.50583815574646 1.6130151748657227 -23.805561065673828 1.447789192199707 50.213226318359375 -7.575534343719482 0.1779
Pedestrian 1 1 1 373.2781982421875 152.27548217773438 398.6278076171875 203.71424865722656 0.8553053140640259 1.966245412826538 0.7132886648178101 -8.735600471496582 1.17933189868927 28.011669158935547 -4.7032151222229 0.1722
Pedestrian 1 1 1 1024.494140625 155.94741821289062 1053.5435791015625 216.71383666992188 0.6671854853630066 1.7244338989257812 0.5640698075294495 12.352781295776367 1.2443580627441406 20.871829986572266 -4.44650411605835 0.1721
Car 1 1 1 423.9096984863281 177.5728302001953 459.7182312011719 200.1988983154297 4.237330436706543 1.4627822637557983 1.5573923587799072 -11.687179565429688 1.8031021356582642 49.83431625366211 -5.151455402374268 0.1597
Car 1 1 1 730.4541015625 177.82351684570312 818.2766723632812 211.20571899414062 3.6287527084350586 1.468554139137268 1.5144190788269043 7.480938911437988 1.7038648128509521 33.135257720947266 -6.4654951095581055 0.1561
Cyclist 1 1 1 291.702880859375 184.1959686279297 341.4596862792969 230.02725219726562 1.7376230955123901 1.7635011672973633 0.650820791721344 -11.806222915649414 2.2306575775146484 28.946577072143555 -6.946683406829834 0.1560
Car 1 1 1 226.78587341308594 179.26922607421875 268.0761413574219 208.587158203125 4.0125274658203125 1.542762041091919 1.6140464544296265 -20.680017471313477 1.9259138107299805 41.0113525390625 -8.443031311035156 0.1529
Cyclist 1 1 1 395.0289611816406 175.32888793945312 404.5390625 206.5634307861328 1.592047929763794 1.6485453844070435 0.4048897922039032 -11.40517807006836 1.7849481105804443 39.033729553222656 -4.938901901245117 0.1487
Cyclist 1 1 1 868.4273681640625 166.276123046875 885.41455078125 209.1160888671875 1.5908689498901367 1.632047414779663 0.35167762637138367 10.41539192199707 1.3811542987823486 28.302001953125 -7.6751275062561035 0.1485
Car 1 1 1 638.424560546875 178.9693603515625 661.62451171875 198.23574829101562 3.9833414554595947 1.573754906654358 1.5470002889633179 3.3985278606414795 2.1184184551239014 62.26441955566406 -4.772695541381836 0.1443
Car 1 1 1 786.8820190429688 173.4285888671875 835.4205932617188 202.28472900390625 4.170751094818115 1.706152081489563 1.6704610586166382 12.405832290649414 1.7432762384414673 44.87112045288086 -4.762730598449707 0.1406
Pedestrian 1 1 1 0.0 169.53448486328125 13.214974403381348 248.94302368164062 0.6711127161979675 1.7317792177200317 0.4798765480518341 -13.724202156066895 1.659085988998413 16.1474552154541 -5.391479969024658 0.1374
Pedestrian 1 1 1 336.00128173828125 170.58111572265625 359.8295593261719 218.7470703125 0.5861560106277466 1.717047929763794 0.6415942907333374 -9.492627143859863 1.6357227563858032 26.01958656311035 -4.697606563568115 0.1364
Car 1 1 1 724.9649658203125 174.83152770996094 746.7256469726562 192.71908569335938 4.027644634246826 1.559014916419983 1.5959959030151367 11.430559158325195 1.744166374206543 65.51414489746094 -4.450489521026611 0.1325
Cyclist 1 1 1 12.773612022399902 179.99325561523438 36.886905670166016 226.70835876464844 1.772417664527893 1.706598162651062 0.5327988266944885 -22.348411560058594 1.9873714447021484 27.51885223388672 -5.2890944480896 0.1248
Car 1 1 1 459.96502685546875 186.32894897460938 495.0055847167969 213.27735900878906 3.796558380126953 1.5388553142547607 1.6024760007858276 -8.393987655639648 2.4232239723205566 45.31489181518555 -5.047093868255615 0.1225
Car 1 1 1 355.2300720214844 164.0997314453125 410.2020263671875 191.3923797607422 4.093334674835205 1.8233262300491333 1.6670150756835938 -15.842137336730957 1.2381840944290161 50.40202713012695 -7.5683207511901855 0.1102
Pedestrian 1 1 1 26.955841064453125 164.3907470703125 54.90193176269531 231.2342987060547 0.37831664085388184 1.790915608406067 0.49924126267433167 -15.540974617004395 1.5638628005981445 19.643857955932617 -5.723740577697754 0.1080
Pedestrian 1 1 1 1093.6988525390625 133.20835876464844 1157.05859375 259.26611328125 0.4671960771083832 1.8046221733093262 0.5971877574920654 7.487277984619141 1.2367618083953857 10.575414657592773 -7.811734676361084 0.1078
Pedestrian 1 1 1 6.4305033683776855 182.54248046875 24.798852920532227 226.94410705566406 0.3037150204181671 1.7780181169509888 0.4895779490470886 -24.172317504882812 2.174777030944824 29.292524337768555 -5.993473529815674 0.1043
Pedestrian 1 1 1 932.4703369140625 182.04635620117188 953.6781005859375 222.21124267578125 0.7768027782440186 1.7317816019058228 0.7586193680763245 14.637810707092285 2.1430225372314453 31.81787872314453 -2.8089818954467773 0.1025
