Car 1 1 1 267.2177429199219 191.7394561767578 465.0261535644531 309.82305908203125 4.359710693359375 1.4889636039733887 1.7566169500350952 -3.811854839324951 1.860004186630249 11.993651390075684 -4.696212291717529 0.9510
Car 1 1 1 38.748897552490234 202.22528076171875 296.4096374511719 318.29638671875 4.039500713348389 1.371390461921692 1.634649634361267 -6.794347763061523 1.9248439073562622 11.57708740234375 -4.704075813293457 0.9393
Car 1 1 1 645.11279296875 178.4462127685547 683.5614013671875 212.83815002441406 3.6428489685058594 1.450986623764038 1.6189674139022827 2.3859009742736816 1.720003366470337 32.89629364013672 -7.813896656036377 0.9274
Car 1 1 1 421.389404296875 188.75379943847656 503.0606994628906 248.9497833251953 3.5250465869903564 1.4424946308135986 1.5078648328781128 -4.046130180358887 1.9218645095825195 19.99673080444336 -4.701223850250244 0.8891
Car 1 1 1 756.0689697265625 168.35328674316406 899.705322265625 214.59701538085938 4.662970542907715 1.6080845594406128 1.7845627069473267 7.72674560546875 1.4512760639190674 26.059844970703125 -3.1084630489349365 0.8233
Car 1 1 1 725.5863037109375 170.91758728027344 809.328857421875 202.42254638671875 3.852911949157715 1.4896165132522583 1.6170752048492432 7.570611476898193 1.3977594375610352 35.15449905395508 -3.018610715866089 0.6062
Car 1 1 1 488.7563171386719 183.09133911132812 517.1974487304688 207.88404846191406 3.545464277267456 1.5453563928604126 1.5864213705062866 -7.160040855407715 2.2560465335845947 48.293460845947266 -4.773611068725586 0.5323
Car 1 1 1 382.9357604980469 184.6502227783203 457.91595458984375 231.0215301513672 3.8375437259674072 1.4919108152389526 1.533274531364441 -6.823734760284424 1.951399564743042 26.16681480407715 -4.658918380737305 0.4692
Pedestrian 1 1 1 0.0 144.8605499267578 53.69932174682617 244.60940551757812 0.7279717326164246 1.8345246315002441 0.6273856163024902 -11.168204307556152 1.3193849325180054 13.641505241394043 -4.688445091247559 0.3733
Car 1 1 1 457.90283203125 175.0351104736328 483.1643371582031 193.63206481933594 3.5348126888275146 1.4606859683990479 1.4936741590499878 -11.376791000366211 1.643804907798767 58.885223388671875 -7.888438701629639 0.3238
Car 1 1 1 748.2305297851562 162.8955535888672 851.9465942382812 203.0081787109375 3.752642869949341 1.5684012174606323 1.5490010976791382 7.6120734214782715 1.1787270307540894 29.209484100341797 -3.263767957687378 0.2958
Car 1 1 1 678.9634399414062 174.5406951904297 702.8364868164062 196.6344757080078 4.068302154541016 1.6394401788711548 1.5288074016571045 6.28261137008667 1.775078296661377 56.009883880615234 -4.52204704284668 0.2829
Car 1 1 1 680.0509033203125 172.86776733398438 728.1420288085938 191.26222229003906 3.891042947769165 1.535427212715149 1.66484797000885 7.91609525680542 1.5363095998764038 61.11875534057617 -3.112330436706543 0.2646
Pedestrian 1 1 1 370.919921875 172.08848571777344 384.563720703125 197.17630004882812 0.9220653772354126 1.8766231536865234 0.49525967240333557 -17.504764556884766 1.8190604448318481 54.300148010253906 -3.324934482574463 0.2262
Pedestrian 1 1 1 682.6351928710938 163.3426513671875 703.0933227539062 196.8260955810547 1.0959237813949585 1.8777031898498535 0.48278722167015076 4.653378009796143 1.3440207242965698 40.830989837646484 -2.894251823425293 0.1999
Car 1 1 1 972.794921875 149.65467834472656 1068.4207763671875 180.0626220703125 4.3061604499816895 1.5859150886535645 1.6211044788360596 21.916810989379883 0.3756627142429352 38.6501579284668 -6.381816387176514 0.1907
Pedestrian 1 1 1 485.06634521484375 159.68222045898438 499.725830078125 192.7128143310547 0.8024134635925293 1.9828060865402222 0.6947051882743835 -7.162073612213135 1.19181227684021 43.74687194824219 -7.75549840927124 0.1590
Car 1 1 1 686.16552734375 173.23316955566406 734.8469848632812 199.3231201171875 3.9816365242004395 1.5673227310180664 1.6482435464859009 6.251190662384033 1.5920748710632324 45.54111862182617 -8.106528282165527 0.1407
Car 1 1 1 370.2783203125 177.18202209472656 411.89715576171875 205.4317169189453 3.726468324661255 1.494668960571289 1.498582124710083 -12.325045585632324 1.7499088048934937 40.68290710449219 -4.795365810394287 0.1225
Car 1 1 1 999.362548828125 149.32095336914062 1104.5091552734375 182.39566040039062 4.4805779457092285 1.5822159051895142 1.667188048362732 21.825885772705078 0.45615002512931824 35.7487907409668 -6.468513011932373 0.1207
Pedestrian 1 1 1 202.1411895751953 171.3981170654297 237.75685119628906 232.00811767578125 0.7589909434318542 1.8256456851959229 0.6869637370109558 -11.995498657226562 1.7814929485321045 22.117441177368164 -4.725205898284912 0.1188
Pedestrian 1 1 1 0.0 184.81109619140625 34.12614440917969 246.4744873046875 0.6719858050346375 1.8248366117477417 0.7111719250679016 -18.111988067626953 2.1928281784057617 21.85923957824707 -6.311298370361328 0.1028
Car 1 1 1 517.4534912109375 174.4606475830078 539.31787109375 192.1197052001953 4.150187969207764 1.5697073936462402 1.6165250539779663 -7.52367639541626 1.7223666906356812 66.60520935058594 -7.870320796966553 0.1021
Car 1 1 1 860.9437255859375 153.9965362548828 897.5068969726562 182.21336364746094 4.625129699707031 2.326355218887329 1.7680553197860718 23.0002498626709 0.771338164806366 61.868892669677734 -7.766085147857666 0.1001
