Car 1 1 1 442.93505859375 174.89486694335938 520.6280517578125 207.9202423095703 3.7000231742858887 1.5056577920913696 1.5605474710464478 -6.2207794189453125 1.6101925373077393 35.10094451904297 -7.242619037628174 0.9400
Car 1 1 1 579.924072265625 175.36729431152344 635.3267211914062 201.50140380859375 3.762708902359009 1.5403826236724854 1.5990484952926636 -0.1402464210987091 1.7035259008407593 44.918434143066406 -7.254537105560303 0.8654
Car 1 1 1 220.3837890625 176.60704040527344 343.618896484375 218.9407196044922 3.8299288749694824 1.4118411540985107 1.625112771987915 -11.980674743652344 1.559815526008606 26.46582794189453 -7.257010459899902 0.8440
Pedestrian 1 1 1 863.8400268554688 163.75880432128906 897.6424560546875 239.04241943359375 0.8195196986198425 1.729153037071228 0.6118415594100952 6.3280205726623535 1.519950032234192 17.031038284301758 -7.671873569488525 0.8339
Car 1 1 1 0.0 177.96998596191406 84.90058898925781 224.9520263671875 4.159017562866211 1.4564648866653442 1.6622745990753174 -20.98280906677246 1.6485437154769897 24.984088897705078 -4.045754909515381 0.6271
Pedestrian 1 1 1 1047.6502685546875 145.05816650390625 1074.042236328125 191.30770874023438 0.7770201563835144 2.0100483894348145 0.6609624624252319 19.833831787109375 0.8017154932022095 31.815048217773438 -6.686063289642334 0.3563
Car 1 1 1 420.32293701171875 168.25880432128906 489.4069519042969 200.87808227539062 4.181781768798828 1.8156921863555908 1.7285829782485962 -9.085927963256836 1.5596091747283936 42.4190673828125 -4.244686603546143 0.3215
Car 1 1 1 1177.0546875 164.14523315429688 1241.0 200.74794006347656 3.914620876312256 1.4497123956680298 1.619003176689148 25.71409797668457 1.1044869422912598 29.595745086669922 -6.392403602600098 0.2996
Car 1 1 1 784.2355346679688 173.2431182861328 804.60009765625 190.322265625 3.7932956218719482 1.4898176193237305 1.5443898439407349 16.57254409790039 1.5256738662719727 65.03901672363281 -4.524058818817139 0.2872
Car 1 1 1 1204.8173828125 166.84153747558594 1241.0 207.89837646484375 3.811314582824707 1.4523581266403198 1.6046314239501953 24.283016204833984 1.2393715381622314 26.49368667602539 -6.372875213623047 0.2744
Car 1 1 1 0.0 168.6251983642578 105.45938110351562 223.06419372558594 3.561025381088257 1.5433100461959839 1.5992748737335205 -18.090818405151367 1.4231265783309937 22.397735595703125 -7.334629535675049 0.2409
Car 1 1 1 316.8751220703125 176.75856018066406 351.0069274902344 201.5264892578125 3.9073987007141113 1.5833344459533691 1.6251932382583618 -18.76905632019043 1.8589835166931152 48.89115524291992 -5.218907833099365 0.2168
Car 1 1 1 768.109375 173.33450317382812 802.1394653320312 199.55926513671875 4.091161251068115 1.596173644065857 1.6146795749664307 11.109236717224121 1.627999186515808 46.11808776855469 -4.599036693572998 0.2150
Pedestrian 1 1 1 887.7362060546875 164.9036865234375 903.7191162109375 191.29287719726562 1.0293009281158447 1.8776687383651733 0.5071797966957092 20.45168113708496 1.3116793632507324 51.7341194152832 -2.840963840484619 0.1893
Car 1 1 1 757.7294921875 179.01502990722656 848.6624145507812 211.78646850585938 4.011427879333496 1.4560739994049072 1.6409047842025757 9.088116645812988 1.7593185901641846 34.080078125 -5.926615238189697 0.1731
Car 1 1 1 388.6520080566406 183.71389770507812 446.0289611816406 213.69625854492188 3.6546363830566406 1.3859277963638306 1.4596480131149292 -9.761881828308105 1.9663200378417969 36.66237258911133 -4.55487585067749 0.1620
Car 1 1 1 1211.3453369140625 167.41004943847656 1241.0 226.18507385253906 4.212167739868164 1.5086383819580078 1.6303482055664062 19.773439407348633 1.3686031103134155 20.649829864501953 -7.883713245391846 0.1599
Car 1 1 1 127.39388275146484 170.64088439941406 258.64019775390625 211.83889770507812 4.110028266906738 1.4268275499343872 1.5967795848846436 -15.619766235351562 1.3498798608779907 27.189111709594727 -7.417094707489014 0.1598
Pedestrian 1 1 1 1052.277099609375 143.15538024902344 1098.0390625 220.2819061279297 0.6963679194450378 1.8244608640670776 0.6480486392974854 11.171842575073242 1.1216274499893188 17.425962448120117 -4.742176055908203 0.1569
Car 1 1 1 0.0 183.5261688232422 71.85521697998047 228.4033660888672 3.8615760803222656 1.510113000869751 1.5800484418869019 -22.940139770507812 1.942312240600586 27.236907958984375 -4.042540073394775 0.1564
Pedestrian 1 1 1 824.0686645507812 166.2120361328125 838.4715576171875 190.40362548828125 0.9886728525161743 1.8674508333206177 0.5032842755317688 17.14168930053711 1.3544281721115112 55.99812316894531 -3.0419363975524902 0.1369
Car 1 1 1 358.4424743652344 189.23098754882812 425.9053955078125 248.0315399169922 3.7900612354278564 1.3846583366394043 1.5468051433563232 -6.211122512817383 1.888762354850769 20.176923751831055 -5.074533939361572 0.1311
Car 1 1 1 339.30865478515625 174.9241180419922 372.8689270019531 198.62269592285156 3.566408157348633 1.586620807647705 1.6147111654281616 -17.863319396972656 1.7370784282684326 50.59701156616211 -8.369709014892578 0.1301
Pedestrian 1 1 1 553.7261962890625 157.70318603515625 580.1260375976562 207.5229949951172 0.836368978023529 1.8564199209213257 0.7262133955955505 -1.686350703239441 1.291560173034668 27.424217224121094 -5.1861395835876465 0.1237
Cyclist 1 1 1 765.1727905273438 171.20079040527344 778.5897827148438 207.98362731933594 1.652443766593933 1.6278449296951294 0.3851763606071472 7.302742004394531 1.5543817281723022 32.77252197265625 -7.7616963386535645 0.1221
Pedestrian 1 1 1 149.65933227539062 178.53182983398438 190.65292358398438 263.0443420410156 0.6421375870704651 1.6879130601882935 0.5279625654220581 -9.079861640930176 1.807142972946167 14.824851036071777 -8.04328727722168 0.1154
Car 1 1 1 1152.2939453125 173.81813049316406 1203.5433349609375 196.28652954101562 3.7704107761383057 1.5064641237258911 1.590430736541748 39.47795486450195 1.575439691543579 50.18278121948242 -3.690789222717285 0.1117
Car 1 1 1 34.27467727661133 185.75413513183594 143.45584106445312 222.68031311035156 3.7821273803710938 1.460321307182312 1.628522276878357 -22.674253463745117 2.0539710521698 31.48457908630371 -3.738645076751709 0.1112
Car 1 1 1 398.9125061035156 179.7310333251953 500.6603698730469 225.2713623046875 4.106277942657471 1.435963749885559 1.63577401638031 -5.617866516113281 1.7009336948394775 25.624980926513672 -7.52671480178833 0.1110
Car 1 1 1 164.74484252929688 164.57275390625 203.87144470214844 189.48641967773438 4.506908893585205 2.0502657890319824 1.758374810218811 -36.410465240478516 1.3684618473052979 61.784000396728516 -8.119242668151855 0.1082
