Car 1 1 1 266.5997619628906 185.8024444580078 312.9746398925781 217.24012756347656 4.4507246017456055 1.558225393295288 1.7664817571640015 -17.761255264282227 2.3204729557037354 40.109222412109375 -4.9927849769592285 0.8931
Car 1 1 1 551.8018188476562 169.0212860107422 630.4281616210938 246.0320587158203 3.5334653854370117 1.5546599626541138 1.5951073169708252 -0.5640331506729126 1.4769870042800903 16.387182235717773 -7.928328990936279 0.5383
Car 1 1 1 360.89874267578125 185.5204315185547 390.4975280761719 205.1178436279297 4.390781402587891 1.6152589321136475 1.7102419137954712 -20.986093521118164 2.79082989692688 64.70148468017578 -4.83176326751709 0.4476
Car 1 1 1 317.65875244140625 190.07200622558594 361.5375061035156 213.1907958984375 3.4531028270721436 1.4118194580078125 1.773170828819275 -18.135770797729492 2.6097073554992676 48.449337005615234 -4.754032135009766 0.3930
Car 1 1 1 392.7895812988281 184.49124145507812 423.7402648925781 208.31387329101562 3.781283140182495 1.5611240863800049 1.6421202421188354 -14.307150840759277 2.418886423110962 51.213836669921875 -4.855132579803467 0.3889
Pedestrian 1 1 1 468.8343811035156 174.4302978515625 484.79229736328125 202.60977172851562 0.9116198420524597 1.7927680015563965 0.5234829187393188 -8.562206268310547 1.894047498703003 46.216312408447266 -6.2406511306762695 0.3580
Car 1 1 1 247.4883575439453 182.38406372070312 290.3072814941406 206.6257781982422 3.7220451831817627 1.5207940340042114 1.531162977218628 -23.013158798217773 2.189805746078491 48.733333587646484 -4.836460590362549 0.2688
Car 1 1 1 0.0 178.2117156982422 41.501426696777344 217.22914123535156 3.124579668045044 1.5404330492019653 1.5601757764816284 -26.068965911865234 1.777890920639038 30.46637725830078 -6.916098117828369 0.1931
Car 1 1 1 277.0494689941406 182.8947296142578 320.6685791015625 206.42465209960938 3.757261037826538 1.450251817703247 1.8307417631149292 -20.75057029724121 2.1483662128448486 48.18521499633789 -4.877736568450928 0.1698
Pedestrian 1 1 1 774.649658203125 161.78651428222656 801.5933837890625 215.38739013671875 0.7788025736808777 1.7599610090255737 0.605373740196228 5.903351306915283 1.3962650299072266 24.13022232055664 -4.899265289306641 0.1659
Cyclist 1 1 1 531.5577392578125 180.1458740234375 538.0535888671875 207.72479248046875 1.5477186441421509 1.6586835384368896 0.3489755392074585 -4.686619758605957 2.117137908935547 44.60386276245117 -7.989939212799072 0.1529
Pedestrian 1 1 1 32.26094055175781 182.06004333496094 41.60859680175781 220.64138793945312 0.22396257519721985 1.6905614137649536 0.4441569149494171 -25.416767120361328 2.100742816925049 31.947772979736328 -7.196879863739014 0.1528
Cyclist 1 1 1 541.2130126953125 175.82521057128906 550.93994140625 206.9420928955078 1.7237735986709595 1.7143203020095825 0.4566459357738495 -3.6579430103302 1.8857022523880005 40.806190490722656 -4.85353422164917 0.1515
Car 1 1 1 326.93206787109375 183.13644409179688 387.2279357910156 211.96910095214844 4.1221747398376465 1.530673623085022 1.6646225452423096 -14.670948028564453 2.15922212600708 41.98155212402344 -4.592460632324219 0.1512
Pedestrian 1 1 1 976.2872314453125 152.20559692382812 1027.86669921875 247.52633666992188 0.7094424962997437 1.7057697772979736 0.5450656414031982 7.149420738220215 1.3359655141830444 13.279006958007812 -4.759068965911865 0.1428
Pedestrian 1 1 1 1181.0294189453125 141.41419982910156 1241.0 261.948974609375 0.6669337153434753 1.7260570526123047 0.5475583076477051 8.915694236755371 1.2755393981933594 10.644170761108398 -3.2616848945617676 0.1352
Car 1 1 1 387.7872314453125 185.15318298339844 410.47344970703125 207.1440887451172 3.9672954082489014 1.5801992416381836 1.6232404708862305 -16.463537216186523 2.5767335891723633 56.35311508178711 -4.9764862060546875 0.1288
Pedestrian 1 1 1 896.0064697265625 133.93075561523438 1005.8683471679688 311.4165344238281 0.9396820068359375 1.8811545372009277 0.6280034780502319 3.7551190853118896 1.468310832977295 8.092602729797363 -3.4593992233276367 0.1188
Pedestrian 1 1 1 857.8912963867188 146.1905059814453 894.4984741210938 234.18084716796875 0.7993280291557312 1.831261396408081 0.6658430099487305 5.678989410400391 1.2760390043258667 15.52125072479248 -4.263433456420898 0.1106
Cyclist 1 1 1 40.542694091796875 184.9580841064453 69.74472045898438 223.6529083251953 1.720444917678833 1.7663812637329102 0.5889881253242493 -26.488021850585938 2.3586690425872803 34.41556167602539 -5.044654369354248 0.1085
Cyclist 1 1 1 0.0 187.35845947265625 44.726261138916016 233.48875427246094 1.6656298637390137 1.8564499616622925 0.6952272653579712 -24.355966567993164 2.459099769592285 29.630252838134766 -3.121782064437866 0.1062
