Car 1 1 1 241.58424377441406 194.56968688964844 444.319580078125 331.3495788574219 3.701148748397827 1.4394968748092651 1.5123034715652466 -3.5134706497192383 1.7977302074432373 10.049102783203125 -4.730164527893066 0.9369
Car 1 1 1 389.1703186035156 183.69728088378906 485.9698791503906 220.08267211914062 4.083059310913086 1.534745216369629 1.6869210004806519 -7.909265995025635 2.0525624752044678 32.919708251953125 -3.5320653915405273 0.9118
Car 1 1 1 507.5616455078125 183.02313232421875 549.0963134765625 214.0283660888672 4.312478065490723 1.5867578983306885 1.7727842330932617 -4.703393936157227 2.193241834640503 40.74657440185547 -4.957947254180908 0.7289
Pedestrian 1 1 1 918.0333251953125 120.94026947021484 1029.6961669921875 293.45233154296875 0.9673598408699036 1.908933401107788 0.6252056360244751 4.108055591583252 1.334181785583496 8.305965423583984 -3.1606976985931396 0.3672
Pedestrian 1 1 1 310.5563049316406 166.29830932617188 346.3765869140625 238.3231658935547 0.9869699478149414 1.7731951475143433 0.6865012049674988 -7.183501243591309 1.611499547958374 18.314876556396484 -4.909631729125977 0.3612
Cyclist 1 1 1 367.3982238769531 178.32395935058594 377.12847900390625 197.80067443847656 1.5488508939743042 1.6120784282684326 0.32557591795921326 -20.096303939819336 2.0795907974243164 60.93301010131836 -7.8631415367126465 0.2521
Pedestrian 1 1 1 206.74618530273438 158.6358642578125 234.2129669189453 214.41537475585938 0.5348600745201111 1.8840590715408325 0.7243808507919312 -13.387151718139648 1.4035143852233887 24.723236083984375 -8.115314483642578 0.2270
Pedestrian 1 1 1 1051.521728515625 147.87966918945312 1137.817138671875 292.2450866699219 0.6118124723434448 1.740382194519043 0.669434666633606 6.03016996383667 1.4390068054199219 9.080184936523438 -8.114341735839844 0.2264
Cyclist 1 1 1 704.75341796875 161.2601318359375 723.5301513671875 206.24749755859375 1.6897727251052856 1.7103221416473389 0.4275694191455841 4.026540756225586 1.2692484855651855 28.283946990966797 -7.893350124359131 0.1958
Pedestrian 1 1 1 305.4156494140625 152.2628631591797 326.453857421875 198.79307556152344 0.48915010690689087 1.9697227478027344 0.7654690742492676 -12.658526420593262 1.097756266593933 30.95337677001953 -8.406967163085938 0.1950
Pedestrian 1 1 1 0.0 153.590087890625 64.84313201904297 323.6817626953125 0.939793050289154 1.7986125946044922 0.5217559933662415 -6.7935004234313965 1.5946087837219238 8.057782173156738 -3.5559282302856445 0.1750
Car 1 1 1 1018.9732666015625 117.4973373413086 1241.0 374.0 4.103546619415283 1.7686469554901123 1.6512489318847656 4.519501686096191 1.5712103843688965 4.642312526702881 -4.686101913452148 0.1714
Car 1 1 1 633.0037841796875 165.15794372558594 663.0272827148438 187.1719970703125 3.991642951965332 1.9004621505737305 1.9323948621749878 3.3321738243103027 1.2357643842697144 64.40359497070312 -4.856075763702393 0.1680
Pedestrian 1 1 1 765.794921875 170.497802734375 804.868408203125 248.3936309814453 0.8767126202583313 1.7839607000350952 0.6618227362632751 4.063842296600342 1.7296996116638184 16.983346939086914 -7.918493747711182 0.1674
Pedestrian 1 1 1 278.9584045410156 148.33535766601562 301.5094909667969 203.985595703125 0.5345122218132019 1.9533363580703735 0.7280312776565552 -11.441225051879883 1.0924261808395386 25.717628479003906 -5.128015041351318 0.1535
Car 1 1 1 459.429931640625 176.8185272216797 508.2847595214844 207.5680389404297 3.7837040424346924 1.5169836282730103 1.571205496788025 -6.6324944496154785 1.736611247062683 38.06422424316406 -4.61004638671875 0.1486
Cyclist 1 1 1 685.4651489257812 182.8234100341797 717.0828857421875 216.1350860595703 1.7261015176773071 1.8364344835281372 0.6439316868782043 5.137874603271484 2.4106695652008057 40.88764190673828 -6.780060291290283 0.1365
Pedestrian 1 1 1 692.6016845703125 182.36253356933594 711.560791015625 216.97792053222656 0.8485862016677856 1.660129427909851 0.5575141310691833 4.426948547363281 2.1252353191375732 35.03716278076172 -6.284430980682373 0.1215
Car 1 1 1 414.65985107421875 172.91873168945312 452.359130859375 199.17076110839844 3.9384114742279053 1.5226422548294067 1.5216889381408691 -10.71278190612793 1.526457667350769 43.8662109375 -4.7649102210998535 0.1201
Pedestrian 1 1 1 729.4402465820312 143.46644592285156 753.4834594726562 198.2829132080078 0.7458643317222595 1.9263207912445068 0.6970102190971375 4.637789726257324 0.893304705619812 25.742544174194336 -4.753029823303223 0.1196
Car 1 1 1 468.2600402832031 174.24249267578125 502.3652038574219 201.73085021972656 4.131645679473877 1.5154807567596436 1.658892273902893 -7.266546726226807 1.6003652811050415 42.13108825683594 -4.808231830596924 0.1168
Pedestrian 1 1 1 294.927001953125 168.3267364501953 329.744384765625 230.3970947265625 0.8764542937278748 1.7290217876434326 0.613625705242157 -8.515134811401367 1.6026111841201782 20.545516967773438 -4.684941291809082 0.1148
Pedestrian 1 1 1 234.31524658203125 174.9962921142578 270.93499755859375 240.90370178222656 0.7980133891105652 1.748559832572937 0.6070787906646729 -9.785778045654297 1.8080497980117798 19.6558837890625 -3.7817530632019043 0.1146
Pedestrian 1 1 1 0.020954396575689316 152.36463928222656 38.48675537109375 228.9540252685547 0.48304039239883423 1.848426103591919 0.6263576149940491 -14.583541870117188 1.3536312580108643 17.760967254638672 -8.268543243408203 0.1099
Pedestrian 1 1 1 673.5531616210938 171.54098510742188 693.594482421875 205.30686950683594 0.9865414500236511 1.735111951828003 0.5011021494865417 3.7787790298461914 1.6673402786254883 37.42448806762695 -2.9332525730133057 0.1056
Pedestrian 1 1 1 347.6668701171875 158.4303436279297 367.1725158691406 203.8170623779297 0.5184051394462585 1.9593586921691895 0.7413836121559143 -11.087593078613281 1.3363853693008423 31.548614501953125 -8.326892852783203 0.1013
