Car 1 1 1 559.41357421875 172.11231994628906 667.5007934570312 272.6915588378906 3.6367783546447754 1.564928650856018 1.6584898233413696 0.138639435172081 1.5530887842178345 13.11292839050293 -7.762704372406006 0.9479
Car 1 1 1 806.7681884765625 155.70669555664062 1094.441162109375 306.8564147949219 4.079385757446289 1.5401091575622559 1.6906070709228516 4.4389424324035645 1.365090250968933 9.274008750915527 -6.9465765953063965 0.8322
Pedestrian 1 1 1 715.7112426757812 162.236572265625 744.3673095703125 215.6497802734375 0.9149015545845032 1.8127925395965576 0.6624119281768799 4.1249189376831055 1.452147364616394 25.052701950073242 -7.262330055236816 0.7391
Car 1 1 1 0.0 166.6757049560547 191.0431365966797 266.2869873046875 4.349826812744141 1.6548175811767578 1.686653733253479 -10.190293312072754 1.5518789291381836 14.255112648010254 -4.846945285797119 0.7312
Car 1 1 1 341.3685302734375 183.72836303710938 424.7283630371094 211.44000244140625 4.289822101593018 1.4671962261199951 1.6883543729782104 -13.065747261047363 2.1201438903808594 41.4977912902832 -3.6957902908325195 0.7079
Car 1 1 1 775.5478515625 172.57424926757812 982.2849731445312 267.18072509765625 4.0132222175598145 1.4457377195358276 1.595149278640747 4.83635139465332 1.4411625862121582 12.889456748962402 -6.945789813995361 0.6006
Pedestrian 1 1 1 504.64337158203125 160.1908416748047 527.9391479492188 215.4357147216797 0.9658004641532898 1.901462435722351 0.7543057799339294 -3.3493709564208984 1.4653116464614868 25.380048751831055 -4.902904510498047 0.5287
Car 1 1 1 988.679931640625 175.05868530273438 1241.0 374.0 3.9565486907958984 1.407727837562561 1.5813355445861816 4.417060852050781 1.431666612625122 5.91665506362915 -7.144598484039307 0.5164
Pedestrian 1 1 1 895.073974609375 157.99227905273438 908.069091796875 197.8311309814453 0.3749750852584839 1.8122541904449463 0.52483069896698 13.32697582244873 1.1359001398086548 33.08919906616211 -3.164998769760132 0.3653
Pedestrian 1 1 1 959.1080932617188 150.9663848876953 974.4008178710938 196.09446716308594 0.3670291304588318 1.8138824701309204 0.5479990243911743 14.43167781829834 0.933829665184021 29.283756256103516 -3.095249891281128 0.3485
Cyclist 1 1 1 792.2166137695312 166.09219360351562 808.2424926757812 204.4564666748047 1.7266945838928223 1.6799236536026 0.41284018754959106 8.509391784667969 1.383533000946045 32.473567962646484 -7.764597415924072 0.3159
Car 1 1 1 470.1379699707031 175.45635986328125 492.8670959472656 194.03125 3.820986032485962 1.5266358852386475 1.5787098407745361 -11.078683853149414 1.7570867538452148 61.92764663696289 -4.9794087409973145 0.2772
Pedestrian 1 1 1 251.77781677246094 189.56626892089844 280.590087890625 240.7005157470703 0.5473657250404358 1.4010615348815918 0.5268460512161255 -9.697068214416504 1.8767565488815308 20.25644302368164 -4.630873203277588 0.2674
Car 1 1 1 708.3252563476562 174.29013061523438 771.7776489257812 207.58480834960938 3.4658308029174805 1.4610291719436646 1.5834192037582397 5.968839645385742 1.5315533876419067 33.70402526855469 -8.118236541748047 0.2546
Cyclist 1 1 1 757.1900634765625 167.00474548339844 767.855712890625 196.19140625 1.6092456579208374 1.620195984840393 0.3735644817352295 8.596001625061035 1.2951951026916504 40.8695182800293 -7.782823085784912 0.2366
Car 1 1 1 1067.26318359375 164.2154541015625 1179.86181640625 201.45156860351562 3.778900623321533 1.5665589570999146 1.619223952293396 22.14501190185547 1.2028270959854126 31.25251579284668 -3.188183307647705 0.2363
Car 1 1 1 0.0 186.76614379882812 34.479087829589844 332.0580749511719 3.6106107234954834 1.3757978677749634 1.4814807176589966 -9.192235946655273 1.5885509252548218 9.125332832336426 -4.935362815856934 0.1891
Pedestrian 1 1 1 167.4408721923828 165.58187866210938 198.0054931640625 217.392822265625 0.6187393069267273 1.771643877029419 0.7511609196662903 -14.872695922851562 1.5226781368255615 25.049699783325195 -8.051828384399414 0.1871
Pedestrian 1 1 1 1008.6376342773438 143.18096923828125 1029.0694580078125 189.52989196777344 0.6170186400413513 1.920856237411499 0.6669027805328369 17.155080795288086 0.6908057928085327 30.35099220275879 -7.19590950012207 0.1863
Car 1 1 1 540.2626953125 174.66903686523438 568.9390258789062 198.5270538330078 3.7734999656677246 1.5057241916656494 1.63583505153656 -3.659189224243164 1.6302205324172974 47.71826934814453 -7.861304759979248 0.1785
Car 1 1 1 672.2012939453125 174.3894805908203 726.8936157226562 201.00672912597656 3.9030778408050537 1.5131921768188477 1.620090126991272 5.289312362670898 1.6096924543380737 43.375274658203125 -8.218491554260254 0.1757
Car 1 1 1 0.0 187.85853576660156 73.47676849365234 268.56903076171875 3.9218482971191406 1.5069353580474854 1.5830832719802856 -14.655535697937012 1.889162540435791 16.319236755371094 -4.52091121673584 0.1650
Car 1 1 1 513.651123046875 178.979736328125 545.630615234375 201.41476440429688 3.6579411029815674 1.4750322103500366 1.5582324266433716 -5.600246429443359 1.9182178974151611 50.35262680053711 -4.633578777313232 0.1576
Pedestrian 1 1 1 188.53321838378906 175.43353271484375 214.67237854003906 223.37924194335938 0.6783806085586548 1.7188576459884644 0.6509495377540588 -14.980816841125488 1.814566969871521 26.38652229309082 -5.548826694488525 0.1453
Car 1 1 1 772.3310546875 169.2893524169922 808.2142944335938 189.9070281982422 3.817223072052002 1.481008768081665 1.5413248538970947 13.359956741333008 1.2246519327163696 53.775978088378906 -7.90659761428833 0.1393
Car 1 1 1 671.4077758789062 177.28762817382812 721.3622436523438 213.68771362304688 3.610607624053955 1.4518165588378906 1.5758957862854004 3.745595932006836 1.6552871465682983 31.20824432373047 -7.569940090179443 0.1358
Pedestrian 1 1 1 211.1824951171875 190.7269744873047 243.27340698242188 248.72608947753906 0.48078423738479614 1.438212275505066 0.5459581613540649 -9.764291763305664 1.8982253074645996 18.318906784057617 -4.621889114379883 0.1346
Car 1 1 1 654.0814208984375 172.94622802734375 715.3986206054688 197.040771484375 3.7063615322113037 1.4921369552612305 1.6083954572677612 4.779845714569092 1.4979736804962158 46.353328704833984 -6.835520267486572 0.1330
Car 1 1 1 527.8263549804688 173.95628356933594 548.895751953125 191.24159240722656 3.907961368560791 1.5315459966659546 1.6495323181152344 -6.561596393585205 1.6353329420089722 66.15886688232422 -7.881356716156006 0.1155
Car 1 1 1 198.42701721191406 190.7906494140625 280.9686584472656 218.16383361816406 3.9466018676757812 1.5098395347595215 1.6144484281539917 -21.459754943847656 2.571667432785034 41.84178924560547 -6.322633266448975 0.1110
Car 1 1 1 565.1695556640625 172.40231323242188 592.4048461914062 191.11387634277344 4.091440200805664 1.58040189743042 1.6589056253433228 -2.716555595397949 1.5419516563415527 63.084102630615234 -7.712728023529053 0.1079
Car 1 1 1 188.23065185546875 172.39654541015625 247.95164489746094 199.71737670898438 3.401548147201538 1.633494257926941 1.6499525308609009 -24.361984252929688 1.6058430671691895 44.911582946777344 -4.617457866668701 0.1055
Car 1 1 1 727.1416015625 171.05551147460938 750.1591186523438 191.728759765625 4.043418884277344 1.5205574035644531 1.5642770528793335 9.844980239868164 1.3879749774932861 55.21397018432617 -4.493058681488037 0.1047
