Car 1 1 1 385.65484619140625 186.1385498046875 462.17822265625 239.83309936523438 3.958186149597168 1.4348527193069458 1.6590471267700195 -5.700159072875977 1.8833563327789307 22.334087371826172 -4.797204494476318 0.9521
Car 1 1 1 433.22589111328125 183.4158935546875 479.7945251464844 220.70448303222656 3.5891506671905518 1.429479956626892 1.50615656375885 -6.485489368438721 1.9037131071090698 30.56422233581543 -4.80001163482666 0.7998
Car 1 1 1 637.7219848632812 167.2132110595703 728.355712890625 231.05078125 4.078090667724609 1.7401459217071533 1.6719433069229126 2.0433311462402344 1.5860841274261475 21.82254981994629 -4.888946056365967 0.7555
Pedestrian 1 1 1 1150.099609375 160.62152099609375 1222.4598388671875 271.0896301269531 0.6265684962272644 1.6806375980377197 0.6461833119392395 8.964975357055664 1.4942353963851929 11.315094947814941 -3.0935022830963135 0.6071
Car 1 1 1 538.3672485351562 176.8820037841797 564.28662109375 198.893310546875 4.0212507247924805 1.5465917587280273 1.6798555850982666 -4.340944766998291 1.8561002016067505 53.46821212768555 -7.875402927398682 0.4829
Pedestrian 1 1 1 278.78643798828125 196.01333618164062 311.09759521484375 261.4583435058594 0.46928390860557556 1.4288753271102905 0.4991854727268219 -7.118805408477783 1.9566514492034912 16.194290161132812 -4.613600730895996 0.3763
Pedestrian 1 1 1 528.4246826171875 174.58302307128906 541.7815551757812 199.4014892578125 0.9527499079704285 1.8112726211547852 0.5158611536026001 -5.526850700378418 1.938615083694458 52.98245620727539 -6.339697360992432 0.3487
Cyclist 1 1 1 599.0635986328125 179.58921813964844 607.8633422851562 211.7675018310547 1.543986439704895 1.6108441352844238 0.3707144260406494 -0.38133060932159424 1.9653658866882324 37.229652404785156 -7.916772365570068 0.2187
Pedestrian 1 1 1 930.17431640625 163.10604858398438 996.6829833984375 281.58209228515625 0.8517895936965942 1.7643038034439087 0.5518258810043335 5.413211345672607 1.6188405752182007 11.200884819030762 -7.9745917320251465 0.1820
Pedestrian 1 1 1 701.9769287109375 153.01406860351562 717.8739624023438 190.7205047607422 0.6070687174797058 2.0002033710479736 0.6981523036956787 5.322049140930176 0.9474601745605469 38.69723892211914 -4.2792792320251465 0.1741
Pedestrian 1 1 1 899.1290893554688 162.89425659179688 945.3233642578125 254.4393310546875 0.6917881965637207 1.7563248872756958 0.6395267248153687 6.08348274230957 1.5649439096450806 14.209312438964844 -4.645966529846191 0.1695
Car 1 1 1 697.873046875 159.4959259033203 775.3504028320312 205.0476531982422 4.058924198150635 1.5780463218688965 1.658568024635315 4.613535404205322 1.114983081817627 27.127309799194336 -4.863377571105957 0.1681
Car 1 1 1 556.1602783203125 176.12806701660156 581.9094848632812 194.98928833007812 3.438936471939087 1.5844833850860596 1.514682412147522 -3.6331369876861572 1.8790651559829712 63.123680114746094 -4.9952778816223145 0.1166
Car 1 1 1 240.6376953125 169.4202423095703 379.63092041015625 221.32298278808594 3.681199073791504 1.5650486946105957 1.604235053062439 -9.3482027053833 1.4612090587615967 22.564388275146484 -3.144519805908203 0.1145
Car 1 1 1 609.659912109375 168.45211791992188 698.1201782226562 204.3863525390625 3.8466694355010986 1.600823998451233 1.6759203672409058 1.9343910217285156 1.404426097869873 33.15375900268555 -6.3746724128723145 0.1103
Car 1 1 1 456.587890625 180.08534240722656 489.81695556640625 213.1708526611328 3.8525872230529785 1.5606229305267334 1.5865763425827026 -7.001062393188477 1.9510209560394287 36.952877044677734 -4.878003120422363 0.1080
