Car 1 1 1 278.0258483886719 180.88677978515625 332.69476318359375 207.20069885253906 3.6117656230926514 1.5014269351959229 1.5755491256713867 -18.622516632080078 2.0137693881988525 44.17913818359375 -4.623634338378906 0.8488
Car 1 1 1 320.07000732421875 179.2782745361328 369.1372985839844 201.7692413330078 4.199888706207275 1.445265531539917 1.5438534021377563 -18.264379501342773 1.9071916341781616 49.75664520263672 -4.627311706542969 0.5710
Car 1 1 1 361.8856201171875 178.28187561035156 401.0927734375 197.71726989746094 3.739262819290161 1.459972620010376 1.5073398351669312 -18.1103572845459 1.905043601989746 57.24875259399414 -4.575000762939453 0.3517
Car 1 1 1 388.8449401855469 177.29547119140625 421.43841552734375 195.44773864746094 3.84736704826355 1.5060231685638428 1.5030893087387085 -17.81256675720215 1.904456377029419 62.80255126953125 -4.63901424407959 0.2748
Car 1 1 1 379.8741760253906 177.05006408691406 428.2540588378906 204.3711700439453 4.298565864562988 1.5649935007095337 1.5938555002212524 -12.707112312316895 1.8349310159683228 44.24196243286133 -5.306466102600098 0.2438
Car 1 1 1 414.1312255859375 178.57997131347656 440.9125061035156 195.10836791992188 3.6663787364959717 1.4838507175445557 1.5634231567382812 -17.156997680664062 2.0369391441345215 67.89266967773438 -4.70271110534668 0.2347
Pedestrian 1 1 1 1132.5611572265625 147.9443359375 1198.2166748046875 257.2476806640625 0.614631712436676 1.711970329284668 0.5699362754821777 8.852394104003906 1.321521282196045 11.58890438079834 -3.150771141052246 0.1559
Pedestrian 1 1 1 844.5592041015625 173.37718200683594 869.6094970703125 216.6760711669922 0.7592989802360535 1.593027949333191 0.5927428603172302 9.211776733398438 1.612672209739685 27.03197479248047 -7.014246463775635 0.1546
Car 1 1 1 0.0 184.1766815185547 28.738433837890625 224.61782836914062 4.1380486488342285 1.4605474472045898 1.6368108987808228 -26.113750457763672 1.952821969985962 29.306957244873047 -4.728989124298096 0.1423
Cyclist 1 1 1 1148.2198486328125 146.04457092285156 1241.0 255.05003356933594 1.7530750036239624 1.698596715927124 0.43673136830329895 9.867156982421875 1.2805341482162476 12.122103691101074 -7.863691806793213 0.1317
Pedestrian 1 1 1 19.816152572631836 191.06878662109375 50.5537109375 233.1726531982422 0.7732747197151184 1.7967737913131714 0.7608707547187805 -25.202762603759766 2.6048874855041504 31.593494415283203 -6.421121120452881 0.1256
Pedestrian 1 1 1 722.8361206054688 151.34732055664062 737.4891967773438 191.22715759277344 0.7509724497795105 1.9854421615600586 0.6809084415435791 6.006198406219482 0.9144189357757568 36.33021545410156 -7.7525858879089355 0.1155
Pedestrian 1 1 1 731.7437133789062 152.08802795410156 749.5719604492188 197.8115692138672 0.7946338653564453 1.960739254951477 0.6261987090110779 5.627281665802002 1.0699427127838135 31.340394973754883 -4.71798849105835 0.1064
Car 1 1 1 655.8657836914062 174.6121063232422 682.740234375 199.98471069335938 3.6078829765319824 1.400869369506836 1.4907498359680176 3.4199156761169434 1.5073425769805908 41.957847595214844 -7.766303539276123 0.1056
Pedestrian 1 1 1 1043.40966796875 151.87608337402344 1076.0213623046875 229.18948364257812 0.45938950777053833 1.7875853776931763 0.5748206377029419 10.536819458007812 1.3022489547729492 17.000198364257812 -7.488126277923584 0.1040
Cyclist 1 1 1 806.078125 176.97732543945312 816.1856689453125 208.57095336914062 1.5056408643722534 1.6042886972427368 0.36970633268356323 10.440616607666016 1.8233642578125 37.61457824707031 -7.674257755279541 0.1039
Pedestrian 1 1 1 1023.4598999023438 104.54871368408203 1100.747314453125 285.6338806152344 0.6989192366600037 1.902003288269043 0.6580194234848022 4.953876972198486 1.1842681169509888 8.036718368530273 -4.25982666015625 0.1039
Car 1 1 1 511.8992004394531 178.620361328125 566.9993896484375 206.21865844726562 4.091036319732666 1.5419999361038208 1.6397377252578735 -4.327610969543457 1.9057791233062744 43.388675689697266 -8.415056228637695 0.1013
