Car 1 1 1 571.92041015625 177.28668212890625 608.9108276367188 210.7888641357422 4.1883955001831055 1.5466814041137695 1.6752147674560547 -0.9401497840881348 1.1807833909988403 35.32600021362305 -7.9114766120910645 0.9022
Car 1 1 1 0.0 197.53872680664062 266.65069580078125 375.0 3.616941452026367 1.4811428785324097 1.5592352151870728 -3.8424487113952637 1.5938544273376465 4.713516712188721 -7.9144415855407715 0.8391
Car 1 1 1 321.78118896484375 182.5296173095703 411.2096252441406 231.35183715820312 4.142902851104736 1.541886568069458 1.6888847351074219 -8.230071067810059 1.4572134017944336 24.77556037902832 -7.852273464202881 0.7763
Car 1 1 1 0.0 184.78884887695312 128.6711883544922 262.5924072265625 4.0736541748046875 1.4285591840744019 1.5890778303146362 -12.357441902160645 1.4208791255950928 15.236547470092773 -7.853062152862549 0.7215
Car 1 1 1 0.0 202.13352966308594 91.16084289550781 363.5468444824219 3.9227383136749268 1.4306740760803223 1.5880745649337769 -8.519552230834961 1.6839549541473389 8.771450996398926 -4.742020130157471 0.4711
Cyclist 1 1 1 650.8692016601562 177.0487518310547 659.97998046875 204.16159057617188 1.789164423942566 1.7433669567108154 0.5306553244590759 3.093005657196045 1.2183860540390015 47.12495040893555 -4.682080268859863 0.4354
Car 1 1 1 386.7855529785156 179.2459716796875 423.7347106933594 203.2851104736328 3.3073620796203613 1.520794153213501 1.5741335153579712 -13.265434265136719 1.1432873010635376 47.15182113647461 -7.8814377784729 0.3830
Car 1 1 1 322.1697998046875 184.67327880859375 410.37103271484375 220.0662384033203 4.089076995849609 1.523459553718567 1.6495767831802368 -11.072287559509277 1.5002691745758057 33.14645004272461 -4.354694843292236 0.2398
Pedestrian 1 1 1 1029.7626953125 144.4447021484375 1158.17578125 329.6118469238281 0.907812774181366 1.8298228979110718 0.6358422636985779 4.955222129821777 1.4270808696746826 7.4576239585876465 -3.0599355697631836 0.2087
Car 1 1 1 398.3607177734375 184.19790649414062 446.88787841796875 218.6838836669922 3.892263174057007 1.426383137702942 1.5861130952835083 -8.14933967590332 1.3844441175460815 31.760698318481445 -7.975474834442139 0.2052
Cyclist 1 1 1 405.5833740234375 185.513671875 447.1138610839844 256.5191345214844 1.8582414388656616 1.83962881565094 0.6389550566673279 -4.958612442016602 1.8482831716537476 19.565704345703125 -7.839816570281982 0.1969
Cyclist 1 1 1 427.22686767578125 160.9456787109375 504.9189147949219 230.17047119140625 1.896117091178894 1.7351654767990112 0.6385408639907837 -3.6573681831359863 1.1269785165786743 18.419048309326172 -6.370189666748047 0.1961
Pedestrian 1 1 1 673.5240478515625 174.04672241210938 694.2702026367188 210.1407470703125 0.8373185992240906 1.641371726989746 0.6798821687698364 3.4845545291900635 1.133621335029602 33.221073150634766 -7.345568656921387 0.1604
Car 1 1 1 610.836181640625 174.801025390625 630.8370971679688 193.81295776367188 3.805330514907837 1.6259822845458984 1.6096082925796509 1.1664619445800781 0.7354323267936707 63.42721939086914 -7.793948650360107 0.1550
Car 1 1 1 650.0781860351562 181.46401977539062 731.583984375 212.37246704101562 3.806180715560913 1.522534966468811 1.6150745153427124 4.194027423858643 1.3378866910934448 36.71183776855469 -6.562765598297119 0.1546
Pedestrian 1 1 1 58.91025161743164 150.50369262695312 90.32996368408203 209.57876586914062 0.6342818140983582 1.81447434425354 0.6663497090339661 -16.726102828979492 0.7484620213508606 22.50386619567871 -5.126576900482178 0.1456
Pedestrian 1 1 1 511.7465515136719 170.2168426513672 534.041259765625 206.8670654296875 0.9618507623672485 1.7242261171340942 0.4638652205467224 -4.062190532684326 1.018755555152893 34.122314453125 -2.9865293502807617 0.1422
Car 1 1 1 0.0 170.71546936035156 53.4843635559082 237.86207580566406 3.5930023193359375 1.466352939605713 1.5130250453948975 -15.83603286743164 1.149853229522705 17.559551239013672 -4.615748882293701 0.1181
Pedestrian 1 1 1 765.1712036132812 147.78675842285156 802.8054809570312 226.60971069335938 0.731199324131012 1.9063694477081299 0.7836754322052002 4.297976493835449 1.0012906789779663 17.773670196533203 -4.654106140136719 0.1140
Car 1 1 1 586.7111206054688 174.53564453125 617.9434814453125 196.6103973388672 4.161798000335693 1.6603937149047852 1.6776102781295776 -0.40294313430786133 0.8572311401367188 56.27032470703125 -7.66774320602417 0.1135
Car 1 1 1 1064.1695556640625 188.24273681640625 1240.0 375.0 3.874385356903076 1.4668701887130737 1.5874278545379639 6.491004467010498 1.500144362449646 6.6912431716918945 -6.489267826080322 0.1063
