Car 1 1 1 266.3585510253906 192.0391082763672 330.05718994140625 222.82418823242188 4.0611066818237305 1.4974126815795898 1.734129786491394 -17.08928680419922 2.60591197013855 39.66659164428711 -4.707760810852051 0.8800
Pedestrian 1 1 1 921.89990234375 166.55506896972656 936.3749389648438 198.73863220214844 0.5847646594047546 1.7474950551986694 0.7142620086669922 17.475671768188477 1.4051772356033325 39.59405517578125 -7.416247844696045 0.2279
Car 1 1 1 1012.9476928710938 183.53048706054688 1055.4600830078125 210.12620544433594 3.8721978664398193 1.5886842012405396 1.6388911008834839 27.46727180480957 2.313119649887085 46.88181686401367 -4.381906509399414 0.2036
Car 1 1 1 477.4533386230469 180.52078247070312 549.2147216796875 208.166259765625 3.8687169551849365 1.542588710784912 1.6870425939559937 -5.590760707855225 1.9957571029663086 41.73125076293945 -3.0881333351135254 0.1580
Car 1 1 1 313.23724365234375 190.77796936035156 371.3398132324219 215.62245178222656 4.091039657592773 1.531855821609497 1.7016401290893555 -18.459428787231445 2.8246378898620605 49.85631561279297 -4.445946216583252 0.1556
Car 1 1 1 658.8666381835938 175.9617919921875 688.4130859375 202.39944458007812 3.8660836219787598 1.5927761793136597 1.5269159078598022 4.058218955993652 1.7993357181549072 45.98817825317383 -4.531765937805176 0.1544
Pedestrian 1 1 1 34.16616439819336 178.39549255371094 53.76945495605469 220.34878540039062 0.6982119083404541 1.8507359027862549 0.6358779668807983 -25.46843147277832 2.103001117706299 32.41941452026367 -5.29167366027832 0.1512
Pedestrian 1 1 1 273.6497497558594 174.4789581298828 288.6023864746094 199.277099609375 1.0270527601242065 1.9067436456680298 0.46096721291542053 -25.516080856323242 2.0332939624786377 55.928951263427734 -3.503586530685425 0.1415
Car 1 1 1 1031.059326171875 184.91378784179688 1097.224609375 214.87306213378906 3.792044162750244 1.5951446294784546 1.6458179950714111 26.26540756225586 2.3281915187835693 41.93014907836914 -4.6465959548950195 0.1390
Car 1 1 1 69.36447143554688 194.37249755859375 178.46685791015625 234.75083923339844 3.976747989654541 1.4893298149108887 1.754648208618164 -20.695602416992188 2.4710843563079834 30.869247436523438 -4.621101379394531 0.1168
Car 1 1 1 1152.579833984375 191.28958129882812 1241.0 227.71319580078125 3.879260540008545 1.4556339979171753 1.7689685821533203 26.9033203125 2.3471429347991943 32.889366149902344 -4.617751121520996 0.1139
Pedestrian 1 1 1 833.5467529296875 161.71507263183594 848.8961791992188 198.1993865966797 0.5558927059173584 1.6864073276519775 0.6744458675384521 10.758917808532715 1.1712344884872437 33.71554946899414 -7.558670520782471 0.1020
Cyclist 1 1 1 0.0 182.05296325683594 20.793245315551758 215.6470947265625 1.6060997247695923 1.6492345333099365 0.3346845209598541 -30.681629180908203 2.127180337905884 36.69185256958008 -8.047181129455566 0.1017
