Car 1 1 1 728.4310302734375 174.84095764160156 1037.7105712890625 374.0 4.252817630767822 1.652902603149414 1.701970100402832 2.50838303565979 1.6804685592651367 7.969237327575684 -7.882594585418701 0.9612
Car 1 1 1 209.3504638671875 190.40028381347656 418.8736267089844 262.9458923339844 3.9732444286346436 1.4702913761138916 1.6570707559585571 -6.477474212646484 1.881442666053772 15.99519157409668 -3.1904091835021973 0.9244
Car 1 1 1 0.0 210.004150390625 397.45050048828125 374.0 3.6678903102874756 1.4555888175964355 1.5095418691635132 -2.6589131355285645 1.7741378545761108 4.347303867340088 -4.696854591369629 0.9160
Car 1 1 1 0.0 194.48081970214844 339.3042297363281 298.21893310546875 4.357835292816162 1.4118404388427734 1.6452522277832031 -6.7420806884765625 1.7771722078323364 11.214420318603516 -3.2168779373168945 0.8748
Car 1 1 1 641.5036010742188 178.7691192626953 676.4144897460938 209.02413940429688 4.204287528991699 1.6257071495056152 1.6805508136749268 2.7428030967712402 1.9846489429473877 41.7088508605957 -4.724564552307129 0.8723
Car 1 1 1 410.1300048828125 185.00958251953125 512.2426147460938 219.52200317382812 4.1004958152771 1.4337586164474487 1.5827984809875488 -6.492042541503906 1.9793047904968262 31.503742218017578 -6.231177806854248 0.6208
Car 1 1 1 730.794677734375 178.3732147216797 809.9694213867188 205.72348022460938 4.398942470550537 1.5926077365875244 1.6665188074111938 9.533899307250977 1.9301800727844238 43.27388381958008 -3.1125681400299072 0.6009
Car 1 1 1 443.3358154296875 184.01641845703125 530.4052734375 215.1967010498047 4.121784687042236 1.4775152206420898 1.6676336526870728 -6.101513385772705 2.0471131801605225 35.86348342895508 -3.2109780311584473 0.5604
Car 1 1 1 492.0387268066406 179.40122985839844 550.46533203125 202.4188232421875 3.833503007888794 1.5488851070404053 1.688754677772522 -6.132692813873291 2.0088789463043213 49.88069152832031 -3.142483711242676 0.4759
Car 1 1 1 260.849853515625 186.57630920410156 417.6303405761719 249.9828643798828 3.4487574100494385 1.4997478723526 1.565877079963684 -6.85320520401001 1.866943359375 18.395700454711914 -3.227318286895752 0.4707
Car 1 1 1 451.4510803222656 168.73745727539062 535.0704956054688 205.17933654785156 4.200827598571777 1.882318139076233 1.740260362625122 -6.168515205383301 1.6693880558013916 38.230445861816406 -6.326927661895752 0.4318
Pedestrian 1 1 1 932.8644409179688 158.3655548095703 974.4636840820312 223.68267822265625 1.1713556051254272 1.811556339263916 0.6219920516014099 9.745194435119629 1.4094226360321045 20.59986686706543 -7.862076282501221 0.4301
Car 1 1 1 379.6851501464844 188.52993774414062 500.81536865234375 232.37881469726562 3.986764669418335 1.4957770109176636 1.5934497117996216 -6.103294372558594 2.0786521434783936 26.021446228027344 -3.129305362701416 0.3313
Car 1 1 1 406.3885803222656 187.49729919433594 513.510009765625 225.03660583496094 3.9280378818511963 1.4120001792907715 1.5567394495010376 -5.926238536834717 2.0077719688415527 28.568477630615234 -3.1539225578308105 0.3309
Cyclist 1 1 1 812.6036987304688 162.83200073242188 849.1949462890625 223.0817108154297 1.750226616859436 1.6433430910110474 0.4866609573364258 6.222204685211182 1.3696876764297485 20.558277130126953 -7.865899562835693 0.2819
Cyclist 1 1 1 212.13888549804688 168.32093811035156 258.11273193359375 208.63516235351562 1.7670272588729858 1.802572250366211 0.587853193283081 -17.051549911499023 1.599584937095642 32.76990509033203 -6.538776874542236 0.2661
Car 1 1 1 519.6130981445312 175.2701416015625 542.790283203125 195.57383728027344 3.8616650104522705 1.5202820301055908 1.6101980209350586 -6.163049221038818 1.7156883478164673 56.47045135498047 -7.911587238311768 0.2644
Car 1 1 1 809.46142578125 150.79527282714844 871.9998168945312 191.42198181152344 4.079600811004639 1.7615162134170532 1.7121275663375854 10.534342765808105 0.8047812581062317 33.35397720336914 -7.818197727203369 0.2643
Car 1 1 1 388.01239013671875 186.95204162597656 470.5068054199219 239.4736328125 3.991135358810425 1.4412047863006592 1.6535780429840088 -5.66453742980957 1.9270703792572021 22.878358840942383 -4.7221856117248535 0.2359
Pedestrian 1 1 1 1089.1807861328125 155.313720703125 1112.6798095703125 210.3022003173828 0.484953373670578 1.759102702140808 0.563056230545044 15.908321380615234 1.1976826190948486 23.451719284057617 -3.959223747253418 0.2329
Cyclist 1 1 1 1064.3955078125 143.7794952392578 1184.5086669921875 267.96160888671875 1.7636053562164307 1.768742322921753 0.529475748538971 7.65285062789917 1.35433030128479 10.807960510253906 -3.464674949645996 0.2168
Cyclist 1 1 1 949.4093627929688 169.04421997070312 993.3893432617188 211.31100463867188 1.80238676071167 1.796828031539917 0.5962216258049011 15.601726531982422 1.634568691253662 31.23538589477539 -6.596889972686768 0.2119
Pedestrian 1 1 1 149.07176208496094 180.03598022460938 155.8703155517578 217.587158203125 0.22910915315151215 1.7414554357528687 0.42970407009124756 -21.47050666809082 2.079914093017578 33.79343795776367 -3.8016390800476074 0.2018
Cyclist 1 1 1 777.0677490234375 157.52438354492188 802.7622680664062 208.73292541503906 1.6796449422836304 1.671590805053711 0.4582037627696991 6.0204291343688965 1.1708890199661255 24.39419174194336 -7.848018169403076 0.1998
Cyclist 1 1 1 763.7975463867188 182.1184844970703 806.3450317382812 223.64697265625 1.6763479709625244 1.7797578573226929 0.6787071228027344 7.6047163009643555 2.190089702606201 31.548198699951172 -6.397450923919678 0.1997
Pedestrian 1 1 1 71.82762145996094 167.16160583496094 93.8366470336914 200.40086364746094 0.9411496520042419 1.9142305850982666 0.43685704469680786 -30.6439208984375 1.5861079692840576 41.89968490600586 -6.580532073974609 0.1961
Car 1 1 1 1009.168701171875 177.78013610839844 1168.096435546875 241.73477172851562 3.712843894958496 1.4496409893035889 1.5588467121124268 11.923048973083496 1.5825331211090088 18.044641494750977 -3.5583596229553223 0.1958
Pedestrian 1 1 1 963.0213623046875 176.0135040283203 1002.271728515625 244.3029022216797 0.7814658284187317 1.6338218450546265 0.6207563877105713 9.09203052520752 1.712999939918518 17.72621726989746 -2.796725273132324 0.1879
Pedestrian 1 1 1 681.6551513671875 177.9286346435547 690.636474609375 200.3281707763672 0.691545307636261 1.7406139373779297 0.7074886560440063 5.946044921875 2.1412787437438965 56.627166748046875 -3.049201250076294 0.1806
Cyclist 1 1 1 302.1064758300781 174.7648468017578 311.8586730957031 207.56837463378906 1.6803611516952515 1.7098982334136963 0.39124175906181335 -16.229562759399414 1.8140053749084473 38.567283630371094 -8.1974515914917 0.1748
Pedestrian 1 1 1 16.684898376464844 149.04364013671875 49.463016510009766 207.5280303955078 0.49103879928588867 1.8796024322509766 0.7025507688522339 -18.85061264038086 1.1140724420547485 23.52545738220215 -5.004561424255371 0.1714
Car 1 1 1 279.35595703125 176.49049377441406 349.7003479003906 205.0767364501953 3.955704927444458 1.5507075786590576 1.6189405918121338 -17.078874588012695 1.7718729972839355 41.8125114440918 -7.5488505363464355 0.1667
Car 1 1 1 709.548828125 176.4449920654297 748.8564453125 206.53688049316406 3.732142210006714 1.5045775175094604 1.5488461256027222 6.255273818969727 1.704797387123108 38.408058166503906 -4.690858840942383 0.1654
Car 1 1 1 630.2296752929688 175.49932861328125 682.0943603515625 195.16046142578125 3.898212432861328 1.496990442276001 1.6569950580596924 3.527984857559204 1.7052568197250366 56.02885055541992 -3.1577420234680176 0.1618
Car 1 1 1 1125.1827392578125 154.46893310546875 1213.1529541015625 191.4133758544922 3.4137275218963623 1.6962370872497559 1.726117730140686 26.883174896240234 0.8518199324607849 34.87998580932617 -7.798779010772705 0.1612
Pedestrian 1 1 1 1077.7432861328125 153.22894287109375 1104.720458984375 207.13174438476562 0.5819035768508911 1.771607518196106 0.6405138373374939 16.020551681518555 1.1262966394424438 24.102523803710938 -7.479385852813721 0.1584
Pedestrian 1 1 1 911.19580078125 149.8708953857422 936.3353881835938 208.46385192871094 0.7925901412963867 1.8441107273101807 0.6433324813842773 10.023386001586914 1.1204577684402466 23.179088592529297 -4.431384563446045 0.1583
Pedestrian 1 1 1 61.58811950683594 170.02285766601562 83.98758697509766 207.09732055664062 0.8639253973960876 1.7990233898162842 0.46778881549835205 -26.426616668701172 1.6613433361053467 35.44866180419922 -3.73887300491333 0.1561
Cyclist 1 1 1 90.49512481689453 174.8313446044922 136.45506286621094 219.68771362304688 1.8116862773895264 1.843619465827942 0.6126407980918884 -20.878246307373047 1.9278564453125 30.276826858520508 -5.969438076019287 0.1547
Car 1 1 1 927.728515625 167.3200225830078 1056.558349609375 210.61647033691406 3.685852289199829 1.4392013549804688 1.516985535621643 13.151062965393066 1.2549484968185425 25.108951568603516 -2.932459831237793 0.1469
Pedestrian 1 1 1 690.228271484375 181.07861328125 703.021240234375 207.9886474609375 0.7253744602203369 1.741614818572998 0.6904469132423401 5.640435695648193 2.284423589706421 47.28316116333008 -6.334120273590088 0.1469
Pedestrian 1 1 1 929.43505859375 163.53575134277344 940.9125366210938 205.22145080566406 0.2096911519765854 1.79297935962677 0.4143589735031128 14.013591766357422 1.3918843269348145 31.191640853881836 -4.98620080947876 0.1442
Car 1 1 1 417.8255310058594 173.38714599609375 442.86114501953125 196.7591094970703 3.9654300212860107 1.5296542644500732 1.5888227224349976 -12.372023582458496 1.5674527883529663 49.44112014770508 -8.116695404052734 0.1426
Pedestrian 1 1 1 423.449951171875 156.8893280029297 436.553466796875 192.2998046875 0.741905152797699 1.918061375617981 0.6341344714164734 -9.887917518615723 1.0530110597610474 39.49915313720703 -8.011038780212402 0.1305
Car 1 1 1 516.9138793945312 182.65565490722656 558.8009643554688 198.57667541503906 3.8576576709747314 1.4386299848556519 1.7153860330581665 -6.802446365356445 2.37227725982666 67.65193939208984 -3.271104335784912 0.1269
Pedestrian 1 1 1 538.1702270507812 159.26705932617188 549.6619262695312 190.32350158691406 0.7432117462158203 1.9688037633895874 0.6435048580169678 -4.255523681640625 1.1071678400039673 46.12405776977539 -7.819045543670654 0.1225
Car 1 1 1 848.300537109375 145.63978576660156 918.665771484375 184.79815673828125 3.78033447265625 1.6721473932266235 1.6829952001571655 12.268671035766602 0.5097413063049316 32.72060775756836 -7.877429485321045 0.1223
Pedestrian 1 1 1 1173.41357421875 145.2047882080078 1241.0 273.0791015625 0.6596014499664307 1.6981384754180908 0.6176148653030396 8.24618148803711 1.330664038658142 9.899465560913086 -3.168687343597412 0.1216
Car 1 1 1 135.3547821044922 176.1732635498047 171.18565368652344 206.85089111328125 4.173671722412109 1.6779611110687256 1.6781713962554932 -26.745769500732422 1.8816733360290527 42.145164489746094 -8.439702987670898 0.1200
Car 1 1 1 711.6275024414062 180.2095184326172 730.6873168945312 198.1905517578125 3.9439175128936768 1.5570509433746338 1.589647650718689 10.151448249816895 2.252640962600708 66.21138000488281 -4.594394683837891 0.1163
Car 1 1 1 890.695068359375 149.44496154785156 987.85400390625 184.1398468017578 4.435500621795654 1.6997162103652954 1.754027247428894 16.744869232177734 0.5525979399681091 36.994415283203125 -5.8980255126953125 0.1149
Pedestrian 1 1 1 822.956298828125 150.19728088378906 837.5910034179688 187.95260620117188 0.6456199288368225 1.9442726373672485 0.6661339998245239 11.436197280883789 0.7772274613380432 37.58378219604492 -7.454179286956787 0.1102
Pedestrian 1 1 1 708.927734375 184.15106201171875 724.0936279296875 210.5379638671875 0.8570477366447449 1.547917127609253 0.4239286184310913 6.275088310241699 2.221015691757202 42.77067947387695 -6.219122409820557 0.1052
Car 1 1 1 546.0971069335938 185.63169860839844 574.44873046875 207.78741455078125 4.251701354980469 1.5282704830169678 1.6331700086593628 -3.739609718322754 2.53031063079834 54.4348258972168 -4.659709453582764 0.1052
Pedestrian 1 1 1 72.42277526855469 151.17855834960938 102.46864318847656 207.23155212402344 0.5293423533439636 1.8791171312332153 0.6909573674201965 -17.81252670288086 1.152171015739441 24.54031753540039 -4.998970031738281 0.1017
