Car 1 1 1 591.9580688476562 173.2034149169922 624.9947509765625 202.79124450683594 4.288061618804932 1.5659936666488647 1.7275654077529907 -0.07428663223981857 1.5863101482391357 40.406715393066406 -7.826741695404053 0.8435
Car 1 1 1 421.35345458984375 179.7716827392578 450.1038513183594 198.69691467285156 3.736772298812866 1.4280517101287842 1.5551437139511108 -13.934185981750488 1.9995343685150146 57.737335205078125 -4.75769567489624 0.4530
Car 1 1 1 302.7079162597656 174.76654052734375 385.0341796875 208.2719268798828 3.61938214302063 1.657983422279358 1.6825653314590454 -13.5558443069458 1.7578184604644775 36.797096252441406 -6.361645221710205 0.2164
Car 1 1 1 171.4667205810547 196.6924285888672 238.9287567138672 222.9754180908203 3.320338249206543 1.4091559648513794 1.8589311838150024 -24.528230667114258 2.9149861335754395 43.77760696411133 -4.515810489654541 0.1803
Cyclist 1 1 1 754.77197265625 141.74270629882812 788.2340087890625 191.83786010742188 1.6301299333572388 1.8105876445770264 0.5162889957427979 5.9660234451293945 0.685833215713501 26.932767868041992 -4.978260040283203 0.1667
Pedestrian 1 1 1 596.1564331054688 150.9786376953125 683.10791015625 321.5594177246094 0.8050969243049622 1.7959208488464355 0.5443607568740845 0.27429914474487305 1.565311074256897 8.037933349609375 -5.738424777984619 0.1565
Cyclist 1 1 1 973.7632446289062 180.82827758789062 1023.1890258789062 224.79293823242188 1.6838487386703491 1.7930530309677124 0.6784196496009827 16.041221618652344 2.1269783973693848 29.89700698852539 -6.289802074432373 0.1512
Pedestrian 1 1 1 1084.270751953125 140.7788848876953 1121.8673095703125 206.1990966796875 0.8678127527236938 1.8612093925476074 0.6247110366821289 14.301166534423828 0.9483703374862671 21.018667221069336 -7.637486934661865 0.1491
Car 1 1 1 553.7838745117188 170.06637573242188 585.3869018554688 190.56349182128906 3.943291187286377 1.5058679580688477 1.653213381767273 -3.073593854904175 1.3007678985595703 55.080387115478516 -7.707873821258545 0.1485
Cyclist 1 1 1 245.25343322753906 183.23294067382812 267.5496826171875 211.05007934570312 1.5069737434387207 1.608071208000183 0.5085670351982117 -21.123937606811523 2.2381539344787598 43.054534912109375 -4.642963886260986 0.1359
Car 1 1 1 401.31591796875 178.15890502929688 433.2576599121094 197.98927307128906 3.815110921859741 1.5439345836639404 1.4081053733825684 -15.786293029785156 1.9929101467132568 59.16244888305664 -4.654693126678467 0.1300
Car 1 1 1 1163.8492431640625 172.90765380859375 1241.0 206.9011688232422 3.538623571395874 1.4472872018814087 1.5387543439865112 26.878868103027344 1.4494478702545166 31.903030395507812 -2.89398455619812 0.1165
Pedestrian 1 1 1 1000.7021484375 154.17083740234375 1063.6488037109375 264.48748779296875 0.6820151209831238 1.7652475833892822 0.6665645837783813 6.8991265296936035 1.4659862518310547 11.912406921386719 -7.7737603187561035 0.1091
Pedestrian 1 1 1 738.0825805664062 160.6709747314453 759.663818359375 213.208251953125 0.6718186736106873 1.7677438259124756 0.7186856269836426 4.695807933807373 1.3575164079666138 24.673250198364258 -3.0270819664001465 0.1090
Car 1 1 1 121.74333953857422 182.02554321289062 210.94552612304688 215.67039489746094 4.277137279510498 1.4967244863510132 1.699609637260437 -21.690523147583008 1.9740591049194336 35.423946380615234 -4.695974826812744 0.1010
