Pedestrian 1 1 1 88.49690246582031 139.16806030273438 230.0640869140625 325.24224853515625 1.1385600566864014 1.8613805770874023 0.5305389165878296 -4.658695697784424 1.448341727256775 7.34383487701416 -6.273244857788086 0.8551
Cyclist 1 1 1 843.6878051757812 152.45494079589844 895.7550659179688 257.80328369140625 1.7111544609069824 1.7307862043380737 0.42961934208869934 4.595094203948975 1.270409107208252 12.488415718078613 -7.758365154266357 0.2884
Pedestrian 1 1 1 836.2068481445312 172.824951171875 868.94921875 238.33834838867188 0.5371727347373962 1.6389915943145752 0.6255468130111694 6.247359275817871 1.4473029375076294 17.976184844970703 -4.774434566497803 0.1750
Pedestrian 1 1 1 57.038421630859375 182.47244262695312 96.58988189697266 244.524169921875 0.856353759765625 1.7419676780700684 0.7324103713035583 -15.308971405029297 1.8008452653884888 20.4425048828125 -3.869269847869873 0.1581
Car 1 1 1 0.0 182.71583557128906 119.4898452758789 234.19964599609375 4.3240838050842285 1.5391651391983032 1.6411532163619995 -18.79227066040039 1.6205143928527832 23.60604476928711 -4.534899711608887 0.1572
Car 1 1 1 1157.8167724609375 167.40711975097656 1223.0 286.1063232421875 4.001713275909424 1.5014437437057495 1.6463228464126587 11.367301940917969 1.3362349271774292 11.106531143188477 -8.2679443359375 0.1329
Car 1 1 1 0.0 183.018310546875 45.936920166015625 261.5729064941406 3.794154405593872 1.516055941581726 1.5454851388931274 -14.692697525024414 1.578991413116455 15.673203468322754 -4.723725318908691 0.1316
Car 1 1 1 0.0 186.28147888183594 29.170988082885742 226.34457397460938 3.699310064315796 1.383628249168396 1.641093134880066 -24.630094528198242 1.6213243007659912 27.022029876708984 -4.347522258758545 0.1235
Cyclist 1 1 1 881.7572021484375 143.29824829101562 944.2610473632812 256.6753845214844 1.7308191061019897 1.811477780342102 0.3501938283443451 5.21230411529541 1.2174714803695679 12.165507316589355 -7.834473133087158 0.1101
Cyclist 1 1 1 659.43017578125 166.754638671875 703.9341430664062 211.02249145507812 1.6718595027923584 1.7542859315872192 0.6315385699272156 3.0667788982391357 1.2097986936569214 28.553281784057617 -6.562106132507324 0.1080
Car 1 1 1 522.2579345703125 153.74359130859375 612.4719848632812 186.7874755859375 3.935157537460327 1.4812949895858765 1.6063183546066284 -1.7352555990219116 0.2820478081703186 32.78391647338867 -2.9915659427642822 0.1037
Pedestrian 1 1 1 788.7750244140625 156.37843322753906 848.2481689453125 262.66229248046875 0.7840363383293152 1.758858323097229 0.6175538897514343 3.620976209640503 1.3600572347640991 12.18497371673584 -5.135520935058594 0.1005
