Car 1 1 1 496.2681579589844 175.20941162109375 541.6685180664062 208.00119018554688 3.766226053237915 1.5282922983169556 1.6486046314239502 -4.4749226570129395 1.0620969533920288 35.541133880615234 -8.136202812194824 0.9273
Car 1 1 1 439.4270324707031 175.4373016357422 480.8749694824219 199.48736572265625 3.770266056060791 1.5102958679199219 1.61038339138031 -9.75047492980957 0.8963897228240967 47.18191146850586 -8.359781265258789 0.7663
Car 1 1 1 337.20794677734375 176.13848876953125 472.51971435546875 221.89395141601562 4.088973045349121 1.476386547088623 1.5817805528640747 -6.819297790527344 1.1836503744125366 24.19556427001953 -3.0368432998657227 0.3633
Cyclist 1 1 1 428.8718566894531 180.21633911132812 435.47784423828125 208.9235382080078 1.5441666841506958 1.6034694910049438 0.31722038984298706 -10.02721118927002 1.3243825435638428 40.940608978271484 -8.06139850616455 0.2914
Cyclist 1 1 1 750.4727172851562 160.36761474609375 800.79443359375 242.615478515625 1.7468253374099731 1.7456417083740234 0.49207884073257446 3.6938066482543945 1.2184193134307861 16.157175064086914 -8.001253128051758 0.1954
Cyclist 1 1 1 414.51983642578125 184.1981201171875 449.0986022949219 254.60401916503906 1.5857877731323242 1.6273479461669922 0.5188664197921753 -4.2937211990356445 1.60398530960083 17.419445037841797 -4.758245468139648 0.1884
Car 1 1 1 330.6544189453125 176.76217651367188 380.6472473144531 193.89938354492188 3.8541879653930664 1.4939690828323364 1.6566003561019897 -22.352909088134766 0.7571746110916138 63.75468444824219 -3.002760648727417 0.1856
Car 1 1 1 339.2220153808594 176.04258728027344 372.9200439453125 197.27764892578125 3.972036600112915 1.6846688985824585 1.6299642324447632 -20.650121688842773 0.9570845365524292 59.06868362426758 -4.78326940536499 0.1167
Pedestrian 1 1 1 1089.130615234375 139.7751007080078 1179.2896728515625 299.5155944824219 0.6402637362480164 1.8554975986480713 0.6084675192832947 6.263609886169434 1.3278305530548096 8.655890464782715 -6.278045177459717 0.1126
Car 1 1 1 483.67938232421875 173.58822631835938 505.33807373046875 194.14083862304688 3.9300122261047363 1.6564877033233643 1.629794955253601 -9.43505859375 0.7195016145706177 59.98381423950195 -4.8279242515563965 0.1119
Pedestrian 1 1 1 0.0 168.5 46.4521369934082 316.99334716796875 0.5702068209648132 1.7229915857315063 0.5758411884307861 -7.272972106933594 1.5291938781738281 8.745807647705078 -3.8783979415893555 0.1088
