Cyclist 1 1 1 667.9122924804688 152.7983856201172 707.7106323242188 216.9268798828125 1.612143635749817 1.6874480247497559 0.42710378766059875 2.068082332611084 1.1594136953353882 19.817174911499023 -8.19665241241455 0.4891
Pedestrian 1 1 1 596.7810668945312 182.16697692871094 608.0582885742188 203.73269653320312 0.6664489507675171 1.796112298965454 0.753400981426239 -0.6645757555961609 2.589621067047119 61.010013580322266 -5.770615100860596 0.2875
Pedestrian 1 1 1 489.21124267578125 157.24697875976562 505.0499572753906 194.89431762695312 0.5287243723869324 1.9642647504806519 0.751335084438324 -5.986807346343994 1.1496621370315552 38.013118743896484 -5.023287296295166 0.2540
Pedestrian 1 1 1 558.24462890625 155.8896942138672 578.8491821289062 203.0415496826172 0.5516158938407898 1.9318137168884277 0.7116563320159912 -1.7606656551361084 1.2364853620529175 29.9240779876709 -7.576808452606201 0.2255
Pedestrian 1 1 1 674.2793579101562 173.2573699951172 711.3395385742188 239.14154052734375 0.7169284820556641 1.5994120836257935 0.5788502097129822 2.0110466480255127 1.6094093322753906 17.970409393310547 -6.946568012237549 0.2243
Pedestrian 1 1 1 586.0365600585938 189.7366485595703 601.8109130859375 218.7606201171875 0.6972192525863647 1.755262851715088 0.7271531224250793 -1.0293068885803223 2.812295436859131 44.69788360595703 -5.7449049949646 0.1843
Pedestrian 1 1 1 305.1358947753906 166.0736846923828 321.5192565917969 204.3926544189453 0.479108065366745 1.809972882270813 0.5690992474555969 -14.18907642364502 1.4894094467163086 34.41524124145508 -6.04008150100708 0.1827
Pedestrian 1 1 1 371.90447998046875 168.7303924560547 383.8740234375 205.07691955566406 0.438904732465744 1.715112566947937 0.5248874425888062 -11.103474617004395 1.520228624343872 34.38523483276367 -6.814429759979248 0.1590
Pedestrian 1 1 1 432.12725830078125 164.40960693359375 466.6549072265625 220.8143768310547 0.9157578349113464 1.7688566446304321 0.6004999279975891 -5.193173885345459 1.5037399530410767 23.117595672607422 -5.754796504974365 0.1567
Car 1 1 1 116.34637451171875 181.2895965576172 337.2824401855469 288.9673156738281 4.588197708129883 1.5005130767822266 1.654937744140625 -6.469360828399658 1.6765501499176025 12.751520156860352 -4.760775089263916 0.1440
Pedestrian 1 1 1 701.9036865234375 146.2166290283203 778.7470092773438 277.6119384765625 0.9707409143447876 1.8608680963516235 0.5513598918914795 1.8509145975112915 1.4833201169967651 10.60105037689209 -3.3796753883361816 0.1414
Cyclist 1 1 1 1009.218994140625 66.10519409179688 1241.0 374.0 1.7523915767669678 1.930589199066162 0.5347948670387268 2.4905247688293457 1.5349818468093872 3.586087226867676 -7.623354434967041 0.1369
Pedestrian 1 1 1 302.0035095214844 153.41285705566406 329.2110900878906 212.75367736816406 0.8481730818748474 1.8089826107025146 0.6271894574165344 -9.207542419433594 1.216026782989502 22.470287322998047 -8.038734436035156 0.1348
Pedestrian 1 1 1 583.2085571289062 176.13319396972656 593.2258911132812 214.57293701171875 0.26069965958595276 1.799810767173767 0.4331951439380646 -1.0706619024276733 1.955512285232544 34.07594680786133 -3.83851957321167 0.1250
Pedestrian 1 1 1 347.73907470703125 178.4544677734375 381.7955017089844 254.01608276367188 0.40625524520874023 1.6654261350631714 0.621963620185852 -5.533231258392334 1.7920055389404297 16.14015007019043 -4.701818943023682 0.1130
Pedestrian 1 1 1 589.27490234375 171.0920867919922 603.2265014648438 195.6119842529297 1.0278643369674683 1.8569107055664062 0.5127900242805481 -1.073054552078247 1.7231792211532593 54.92589569091797 -3.0885627269744873 0.1093
Pedestrian 1 1 1 595.362548828125 157.47711181640625 609.6632080078125 194.00552368164062 0.638744592666626 1.9180978536605835 0.7006367444992065 -0.4327128231525421 1.1103615760803223 38.23564529418945 -7.769250392913818 0.1052
Pedestrian 1 1 1 392.4013366699219 156.90817260742188 409.6535339355469 195.3644561767578 0.7555702328681946 1.938803791999817 0.7221543788909912 -10.689820289611816 1.1345820426940918 36.78963088989258 -4.814857006072998 0.1005
