Pedestrian 1 1 1 334.3449401855469 161.08457946777344 444.25738525390625 327.4812927246094 0.9508096575737 1.6743686199188232 0.6338638663291931 -2.3063323497772217 1.4794228076934814 7.454395294189453 -3.0928804874420166 0.7132
Cyclist 1 1 1 848.0738525390625 143.78744506835938 900.7031860351562 254.07260131835938 1.712202548980713 1.7937005758285522 0.37650272250175476 4.6308159828186035 1.1969811916351318 12.36663818359375 -7.784986972808838 0.1674
Cyclist 1 1 1 649.1337280273438 171.2871551513672 683.902099609375 270.7610778808594 1.588951826095581 1.6900323629379272 0.4958564341068268 1.0467478036880493 1.5338852405548096 12.80804443359375 -4.708283424377441 0.1561
Pedestrian 1 1 1 822.6978149414062 163.8247528076172 855.429931640625 254.73301696777344 0.7751713991165161 1.749574065208435 0.5992446541786194 4.599314212799072 1.4290120601654053 14.065731048583984 -4.415861129760742 0.1502
Car 1 1 1 0.0 187.74610900878906 29.614885330200195 245.0926513671875 3.8576810359954834 1.4772238731384277 1.6678345203399658 -19.470394134521484 1.7108749151229858 20.748130798339844 -4.5768327713012695 0.1386
Pedestrian 1 1 1 392.49127197265625 152.68482971191406 446.1125183105469 243.0825653076172 1.1288453340530396 1.8478193283081055 0.850186824798584 -4.0355706214904785 1.279603123664856 15.153434753417969 -5.2280659675598145 0.1339
Pedestrian 1 1 1 58.447105407714844 181.60409545898438 94.75720977783203 244.45510864257812 0.8032932281494141 1.7667816877365112 0.7378093004226685 -15.310463905334473 1.7998284101486206 20.4349422454834 -3.83538818359375 0.1227
Cyclist 1 1 1 1151.5880126953125 172.18997192382812 1223.0 271.48663330078125 1.579316258430481 1.5988863706588745 0.37893933057785034 10.11518383026123 1.4654595851898193 12.188139915466309 -7.766862392425537 0.1096
Pedestrian 1 1 1 1131.201416015625 132.8510284423828 1196.697265625 244.67161560058594 0.6895286440849304 1.7556043863296509 0.5990778803825378 9.053417205810547 1.0078914165496826 11.521956443786621 -3.5998263359069824 0.1066
Pedestrian 1 1 1 206.05255126953125 154.73599243164062 252.52352905273438 245.6416473388672 0.6432176828384399 1.762453317642212 0.609534502029419 -7.50201940536499 1.2633085250854492 14.051812171936035 -4.788093090057373 0.1047
Car 1 1 1 659.148193359375 152.50839233398438 733.5055541992188 181.02496337890625 4.008769989013672 1.599895715713501 1.6261411905288696 5.1905903816223145 0.02956969663500786 40.57181930541992 -6.3287224769592285 0.1038
Pedestrian 1 1 1 838.1729125976562 171.8400421142578 867.7363891601562 237.83489990234375 0.6610933542251587 1.6418354511260986 0.624360978603363 6.254688739776611 1.4267151355743408 17.97638511657715 -4.511298179626465 0.1007
Pedestrian 1 1 1 261.16241455078125 171.04281616210938 307.3208312988281 261.525634765625 0.4757845103740692 1.7051925659179688 0.6638376712799072 -6.270437717437744 1.5273313522338867 13.730877876281738 -2.622906446456909 0.1003
