Pedestrian 1 1 1 544.4053955078125 158.26023864746094 630.3890380859375 324.16253662109375 0.8690068125724792 1.6704208850860596 0.6127727031707764 -0.2228439301252365 1.4469175338745117 7.44113826751709 -3.1050214767456055 0.8008
Pedestrian 1 1 1 812.96533203125 162.35714721679688 862.4476318359375 253.70472717285156 0.7682092189788818 1.7574713230133057 0.6071270704269409 4.586398601531982 1.4087754487991333 14.077264785766602 -3.791203022003174 0.1948
Pedestrian 1 1 1 546.0064697265625 160.69631958007812 579.0359497070312 233.6988067626953 0.8372556567192078 1.7698551416397095 0.6250700354576111 -1.108414888381958 1.2900677919387817 17.637834548950195 -5.036081790924072 0.1632
Car 1 1 1 0.0 179.26406860351562 48.911808013916016 258.0740051269531 3.870422124862671 1.525744080543518 1.5628952980041504 -14.698349952697754 1.502177357673645 15.649625778198242 -4.677494049072266 0.1534
Pedestrian 1 1 1 837.2870483398438 169.9519500732422 867.7584228515625 236.37445068359375 0.7967974543571472 1.6395500898361206 0.6157310009002686 6.246614456176758 1.3795111179351807 17.949026107788086 -7.363332271575928 0.1436
Car 1 1 1 1145.4713134765625 164.10159301757812 1223.0 279.69415283203125 4.191039085388184 1.4730502367019653 1.6729925870895386 11.38733196258545 1.264482021331787 11.262445449829102 -8.294255256652832 0.1387
Car 1 1 1 0.0 182.68356323242188 19.47521209716797 231.1507568359375 4.061392307281494 1.4800704717636108 1.6083202362060547 -22.635271072387695 1.5610167980194092 23.959354400634766 -4.4380269050598145 0.1249
Pedestrian 1 1 1 660.3629150390625 168.59915161132812 709.1359252929688 263.74395751953125 0.7957408428192139 1.7007590532302856 0.6504172682762146 1.441568374633789 1.488396406173706 13.143628120422363 -7.357075214385986 0.1225
Pedestrian 1 1 1 17.230146408081055 167.63796997070312 72.78523254394531 258.0997619628906 0.7624722123146057 1.7702043056488037 0.6438266634941101 -11.395837783813477 1.5188724994659424 14.33481216430664 -4.028286933898926 0.1200
Car 1 1 1 0.0 187.36709594726562 29.01409149169922 245.61993408203125 3.986572504043579 1.489807367324829 1.6646299362182617 -19.48050880432129 1.711046814918518 20.662694931030273 -4.575586318969727 0.1126
Pedestrian 1 1 1 844.9010620117188 154.0275115966797 894.2347412109375 259.62738037109375 0.6538977026939392 1.7969163656234741 0.7484456896781921 4.630206108093262 1.3468292951583862 12.492274284362793 -4.242661476135254 0.1124
Car 1 1 1 1136.559326171875 177.015380859375 1223.0 243.57504272460938 3.6041016578674316 1.5082495212554932 1.6149818897247314 15.536831855773926 1.4296268224716187 17.83005142211914 -7.861697673797607 0.1067
Pedestrian 1 1 1 962.1857299804688 155.34352111816406 1018.0595703125 263.7877502441406 0.5441221594810486 1.7260792255401611 0.6127035617828369 6.257464408874512 1.3260533809661865 11.598222732543945 -3.294870615005493 0.1044
Pedestrian 1 1 1 259.9526672363281 169.99990844726562 303.31060791015625 259.5079040527344 0.45496320724487305 1.7028521299362183 0.6820992827415466 -6.323060512542725 1.5034551620483398 13.742512702941895 -4.914093494415283 0.1027
Car 1 1 1 581.0560913085938 172.46432495117188 618.3654174804688 193.78135681152344 3.7205073833465576 1.5192242860794067 1.6741269826889038 -0.3489534258842468 0.9465547800064087 52.418312072753906 -7.538013935089111 0.1020
