Car 1 1 1 724.8037109375 176.4741668701172 819.675048828125 217.86257934570312 3.526514768600464 1.4773465394973755 1.610747218132019 6.182569980621338 1.62729811668396 28.01946449279785 -8.390090942382812 0.9579
Car 1 1 1 625.2164306640625 175.08615112304688 666.298828125 203.5415802001953 3.41857647895813 1.5041747093200684 1.645294427871704 1.9118309020996094 1.6339607238769531 40.23765563964844 -8.002692222595215 0.8997
Car 1 1 1 0.0 183.18202209472656 361.1506042480469 304.60052490234375 4.307487964630127 1.4517818689346313 1.6341838836669922 -5.806830883026123 1.6010922193527222 9.61123275756836 -6.272121429443359 0.8804
Car 1 1 1 0.0 165.744140625 172.2619171142578 374.0 3.8680062294006348 1.6984655857086182 1.6477775573730469 -6.678125381469727 1.64030921459198 6.865907192230225 -3.2315993309020996 0.8486
Car 1 1 1 47.197208404541016 184.5981903076172 335.2849426269531 282.2519226074219 3.827273368835449 1.445165753364563 1.5173777341842651 -6.771816253662109 1.655095100402832 11.917122840881348 -3.2707862854003906 0.8420
Car 1 1 1 260.36212158203125 176.31011962890625 419.8799133300781 241.04856872558594 3.6022732257843018 1.6337261199951172 1.6947323083877563 -7.134772300720215 1.7295137643814087 19.181367874145508 -3.12398624420166 0.8204
Car 1 1 1 925.7951049804688 183.015625 1241.0 374.0 3.6462762355804443 1.4982069730758667 1.5880794525146484 2.8219528198242188 1.5653749704360962 2.963364839553833 -7.848743915557861 0.7820
Car 1 1 1 420.3479919433594 176.25889587402344 506.7394714355469 209.2034454345703 4.0008111000061035 1.5856304168701172 1.6736326217651367 -7.261802673339844 1.7589178085327148 35.8528938293457 -3.189864158630371 0.5923
Car 1 1 1 304.6790771484375 179.6582489013672 449.5008544921875 235.44898986816406 3.7393574714660645 1.5441584587097168 1.6434673070907593 -6.77347993850708 1.7517024278640747 21.11785125732422 -3.1960973739624023 0.5534
Car 1 1 1 348.3046875 163.7776641845703 482.5052185058594 220.1216278076172 3.951936721801758 1.775650978088379 1.7258821725845337 -6.341297626495361 1.489315152168274 23.650102615356445 -3.166156768798828 0.4293
Car 1 1 1 610.2863159179688 174.85067749023438 635.131591796875 197.7130126953125 3.859840154647827 1.5043048858642578 1.559510588645935 0.8776628971099854 1.647250771522522 49.79281234741211 -7.795322895050049 0.3855
Car 1 1 1 451.5190734863281 177.11317443847656 519.758056640625 203.18948364257812 3.688385009765625 1.5026499032974243 1.6011866331100464 -7.444940567016602 1.7635619640350342 43.10265350341797 -2.9430031776428223 0.3325
Car 1 1 1 478.3631896972656 177.5858917236328 535.3751831054688 198.08509826660156 3.920731544494629 1.477294683456421 1.6440645456314087 -7.6336493492126465 1.833381175994873 53.390804290771484 -3.0739197731018066 0.3268
Car 1 1 1 456.6591796875 175.34178161621094 519.2565307617188 199.53317260742188 3.7954204082489014 1.5645657777786255 1.6766210794448853 -8.101173400878906 1.7327773571014404 47.87256622314453 -3.053786277770996 0.3175
Pedestrian 1 1 1 754.4970703125 155.12583923339844 766.5789184570312 185.67124938964844 0.7852931022644043 1.9152042865753174 0.618622899055481 9.484817504882812 0.8033440113067627 45.641761779785156 -7.825943470001221 0.2927
Pedestrian 1 1 1 744.288330078125 155.0478057861328 758.465576171875 191.23095703125 0.5289912819862366 1.9298996925354004 0.6675635576248169 7.575305461883545 0.9798711538314819 38.85150909423828 -7.485945224761963 0.2729
Car 1 1 1 1074.8502197265625 179.4728546142578 1241.0 374.0 3.6425936222076416 1.5583078861236572 1.5602896213531494 5.7010416984558105 1.6249125003814697 5.3148369789123535 -5.169919490814209 0.2700
Pedestrian 1 1 1 1065.0968017578125 144.28842163085938 1178.9510498046875 315.5018310546875 0.8017182350158691 1.7838952541351318 0.6706228256225586 5.569443225860596 1.4859668016433716 7.9523820877075195 -6.5685133934021 0.2599
Car 1 1 1 179.9180145263672 183.22018432617188 310.4432373046875 236.34506225585938 3.2827627658843994 1.3945059776306152 1.4023250341415405 -10.772603988647461 1.7275431156158447 21.418914794921875 -4.263083457946777 0.1446
Pedestrian 1 1 1 341.107177734375 193.61358642578125 372.47381591796875 269.2216796875 0.5465299487113953 1.4025847911834717 0.5151657462120056 -4.948282718658447 1.8136260509490967 13.939197540283203 -5.159014701843262 0.1188
Pedestrian 1 1 1 837.1368408203125 174.95384216308594 865.3993530273438 239.73135375976562 0.40556177496910095 1.5733946561813354 0.5363835096359253 5.889945030212402 1.6255207061767578 17.77763557434082 -4.846027851104736 0.1120
Pedestrian 1 1 1 525.8139038085938 172.27719116210938 536.0810546875 193.7831268310547 0.7813616394996643 1.8594605922698975 0.6644545793533325 -6.8961310386657715 1.8092868328094482 62.74525451660156 -6.211924076080322 0.1014
Pedestrian 1 1 1 835.443359375 154.26846313476562 879.810791015625 242.93258666992188 0.6364859938621521 1.7868585586547852 0.7043680548667908 5.0392279624938965 1.4120022058486938 14.867239952087402 -4.690125465393066 0.1005
