Pedestrian 1 1 1 346.9852600097656 173.40065002441406 404.4945373535156 304.6127624511719 0.7942338585853577 1.6207244396209717 0.6351494193077087 -3.1202874183654785 1.6279246807098389 9.408098220825195 -8.270216941833496 0.8263
Cyclist 1 1 1 472.4061279296875 174.94552612304688 487.2897033691406 209.6363067626953 2.0498688220977783 1.7087833881378174 0.5263829827308655 -6.650352478027344 1.817903995513916 36.7073974609375 -4.781772613525391 0.7743
Pedestrian 1 1 1 1086.4615478515625 111.85778045654297 1241.0 374.0 0.733512818813324 1.8506104946136475 0.7008388638496399 4.025935649871826 1.4379887580871582 5.2736968994140625 -4.800758361816406 0.6833
Pedestrian 1 1 1 437.4501647949219 170.30084228515625 467.5511169433594 228.334716796875 0.6820274591445923 1.6593787670135498 0.6682328581809998 -4.626672267913818 1.5860756635665894 20.998153686523438 -6.181438446044922 0.6419
Pedestrian 1 1 1 21.152395248413086 156.9749755859375 213.9464111328125 374.0 0.6930129528045654 1.5619330406188965 0.5999710559844971 -2.496267557144165 1.49028742313385 3.6494810581207275 -4.9508209228515625 0.6391
Pedestrian 1 1 1 606.4395751953125 171.07516479492188 630.3159790039062 221.4324493408203 0.5328635573387146 1.7631115913391113 0.698116660118103 0.2536761164665222 1.7005313634872437 25.701488494873047 -2.4628875255584717 0.6295
Pedestrian 1 1 1 431.704833984375 180.57196044921875 453.5118713378906 222.5010986328125 0.7316381931304932 1.699178695678711 0.5962181687355042 -6.9779863357543945 2.0235812664031982 29.8847713470459 -8.598456382751465 0.4534
Cyclist 1 1 1 991.400390625 159.7189483642578 1096.1866455078125 303.6736755371094 1.8052805662155151 1.753130555152893 0.6074126958847046 5.724642753601074 1.592867374420166 9.729225158691406 -7.676425457000732 0.3562
Pedestrian 1 1 1 795.0192260742188 177.59300231933594 828.7415161132812 243.2943878173828 0.6415521502494812 1.6958129405975342 0.5980384349822998 5.274605751037598 1.8230750560760498 19.04962730407715 -3.405580997467041 0.3437
Pedestrian 1 1 1 855.2846069335938 139.40679931640625 898.7359008789062 228.1410369873047 0.7954813838005066 1.8428077697753906 0.6369096636772156 5.628635883331299 1.147885799407959 15.38538646697998 -4.703065395355225 0.3004
Pedestrian 1 1 1 749.0505981445312 153.93626403808594 773.4337158203125 201.63870239257812 0.8013700842857361 1.878339409828186 0.6463540196418762 6.020127296447754 1.1331312656402588 28.92572021484375 -3.9918594360351562 0.2951
Pedestrian 1 1 1 512.3348999023438 173.0121612548828 529.2915649414062 202.84909057617188 0.8888882994651794 1.6976417303085327 0.5657634139060974 -5.162419319152832 1.7065147161483765 41.45265197753906 -6.563683986663818 0.2744
Pedestrian 1 1 1 578.2215576171875 171.4102325439453 588.8834228515625 195.3697967529297 0.6099456548690796 1.8471107482910156 0.7017161250114441 -2.081063985824585 1.735506296157837 56.0589714050293 -2.795010805130005 0.2600
Car 1 1 1 638.7713012695312 174.16380310058594 672.554443359375 203.0301513671875 3.005221128463745 1.5031723976135254 1.5009835958480835 2.4115920066833496 1.576918125152588 39.2512321472168 -7.904510021209717 0.2546
Pedestrian 1 1 1 349.1732177734375 143.33004760742188 389.5179443359375 216.46852111816406 0.9490332007408142 1.9472949504852295 0.7544240951538086 -6.6086835861206055 1.1609268188476562 19.702308654785156 -4.665896415710449 0.2337
Car 1 1 1 554.9994506835938 179.52304077148438 583.323486328125 203.24127197265625 3.579782485961914 1.494942307472229 1.570901870727539 -2.732821464538574 1.9580230712890625 48.317054748535156 -4.676146030426025 0.2301
Car 1 1 1 151.5095977783203 177.344970703125 265.9740295410156 212.2803497314453 4.051633358001709 1.4645222425460815 1.6417207717895508 -17.485963821411133 1.666585087776184 31.508996963500977 -3.233588933944702 0.2298
Cyclist 1 1 1 480.98309326171875 174.17080688476562 491.4286193847656 200.85963439941406 1.8618346452713013 1.7971580028533936 0.6064074039459229 -8.541730880737305 1.8892018795013428 49.64055633544922 -4.826426982879639 0.2095
Cyclist 1 1 1 630.6524047851562 174.9621124267578 642.5923461914062 202.36709594726562 1.5111347436904907 1.5871316194534302 0.4810323119163513 1.5328631401062012 1.713818073272705 42.68511962890625 -4.8279948234558105 0.1873
Cyclist 1 1 1 383.3989562988281 170.7261962890625 426.732666015625 252.888916015625 1.8606154918670654 1.7894777059555054 0.5597251057624817 -4.7549543380737305 1.7428351640701294 16.658018112182617 -4.762495994567871 0.1860
Pedestrian 1 1 1 921.087158203125 174.2057342529297 979.3949584960938 276.1783752441406 0.6961889863014221 1.6542332172393799 0.744482696056366 5.649583339691162 1.6774436235427856 12.132707595825195 -6.145005226135254 0.1820
Pedestrian 1 1 1 202.68881225585938 195.0085906982422 266.0093688964844 350.12652587890625 0.5237864255905151 1.4156849384307861 0.5020147562026978 -3.6975083351135254 1.6412818431854248 7.019338130950928 -5.103044033050537 0.1775
Car 1 1 1 671.905517578125 171.59567260742188 769.0303344726562 206.15748596191406 4.0667595863342285 1.5230926275253296 1.6736459732055664 4.965012073516846 1.4673398733139038 32.93254852294922 -6.435338020324707 0.1627
Car 1 1 1 551.9909057617188 177.11500549316406 582.5565795898438 198.82626342773438 3.7676591873168945 1.491153359413147 1.5679420232772827 -3.089035749435425 1.8112525939941406 52.29091262817383 -7.734206676483154 0.1611
Pedestrian 1 1 1 862.880859375 159.70269775390625 893.60986328125 231.6787872314453 0.9104924201965332 1.8174587488174438 0.6435071229934692 6.904237270355225 1.4850770235061646 18.7374210357666 -7.617451190948486 0.1531
Pedestrian 1 1 1 278.97259521484375 142.93788146972656 354.7535705566406 270.95501708984375 0.9401156306266785 1.8814740180969238 0.7545202970504761 -4.606998443603516 1.4414955377578735 11.199286460876465 -2.4093401432037354 0.1527
Car 1 1 1 563.8471069335938 177.03553771972656 609.2890625 203.49351501464844 3.858619451522827 1.5252771377563477 1.6302709579467773 -1.4244099855422974 1.7940043210983276 44.33807373046875 -7.556379795074463 0.1519
Pedestrian 1 1 1 596.2078857421875 172.50738525390625 606.878662109375 192.8399200439453 0.8531772494316101 1.8578828573226929 0.5635203719139099 -0.7978619337081909 1.8259104490280151 66.32109069824219 -5.9972310066223145 0.1498
Pedestrian 1 1 1 525.1373901367188 172.31118774414062 537.1986694335938 193.99072265625 0.8986276984214783 1.8518990278244019 0.5706705451011658 -6.797133445739746 1.8052295446395874 62.00519943237305 -2.9377946853637695 0.1459
Pedestrian 1 1 1 1155.9674072265625 98.75253295898438 1241.0 303.505126953125 0.9466085433959961 1.9891650676727295 0.6800658106803894 6.299270153045654 1.2689718008041382 7.464015960693359 -2.870657444000244 0.1332
Cyclist 1 1 1 698.9315185546875 155.8271026611328 730.5438232421875 264.165283203125 1.7067731618881226 1.755276083946228 0.4620967507362366 1.787837266921997 1.479109287261963 12.57213020324707 -7.660282611846924 0.1189
Pedestrian 1 1 1 630.7722778320312 188.60060119628906 647.11474609375 231.62045288085938 0.38525089621543884 1.2458107471466064 0.42973753809928894 0.8019610643386841 1.7142857313156128 21.26595115661621 -4.817848205566406 0.1188
Car 1 1 1 1091.199951171875 168.46070861816406 1241.0 374.0 4.018353462219238 1.54940664768219 1.6222847700119019 4.089347839355469 1.5406376123428345 2.3496809005737305 -6.208528995513916 0.1094
Pedestrian 1 1 1 399.0391845703125 149.16932678222656 428.3973693847656 206.71456909179688 0.8833184242248535 1.8646113872528076 0.6789782047271729 -6.526167869567871 1.0968681573867798 23.846355438232422 -7.776199817657471 0.1080
Pedestrian 1 1 1 738.9976806640625 186.27157592773438 757.4854736328125 226.49908447265625 0.7414560914039612 1.4277093410491943 0.5278377532958984 5.0048298835754395 1.9255785942077637 26.346410751342773 -7.466805934906006 0.1053
Car 1 1 1 1020.9406127929688 143.8706817626953 1231.2359619140625 251.8861083984375 3.5569918155670166 1.6123713254928589 1.584637999534607 8.80043888092041 1.179430603981018 12.340641975402832 -3.660545825958252 0.1046
Car 1 1 1 593.0166015625 180.49888610839844 667.0814208984375 217.65957641601562 3.683746337890625 1.4363287687301636 1.6134165525436401 0.871757984161377 1.782619833946228 30.711790084838867 -7.337991237640381 0.1037
Car 1 1 1 580.4349365234375 178.626953125 645.18896484375 211.09246826171875 3.608400344848633 1.4538639783859253 1.5839802026748657 0.14862583577632904 1.749043583869934 34.96992492675781 -7.341836452484131 0.1016
