Car 1 1 1 693.875244140625 179.45693969726562 831.353759765625 273.4995422363281 4.135894775390625 1.4636106491088867 1.6110410690307617 2.6306111812591553 1.6070059537887573 13.61263656616211 -7.882003307342529 0.9640
Car 1 1 1 0.0 195.55563354492188 263.957275390625 336.3495788574219 4.1540021896362305 1.3989214897155762 1.6117744445800781 -6.469809532165527 1.683098554611206 8.23542308807373 -3.1417717933654785 0.9462
Car 1 1 1 219.0358428955078 181.011962890625 411.16351318359375 253.12281799316406 3.641000747680664 1.4923542737960815 1.5408958196640015 -6.511424541473389 1.6831364631652832 16.01642417907715 -6.219929218292236 0.9194
Car 1 1 1 661.918701171875 176.3104705810547 709.2847290039062 214.68382263183594 3.5790395736694336 1.4118651151657104 1.557220697402954 2.9005463123321533 1.5575491189956665 28.673059463500977 -7.8387770652771 0.9022
Car 1 1 1 28.042455673217773 192.30621337890625 365.5740966796875 299.1092834472656 4.23553466796875 1.4047800302505493 1.568015217781067 -6.091050148010254 1.7210087776184082 10.789032936096191 -3.0610227584838867 0.8981
Car 1 1 1 411.17083740234375 178.1947479248047 507.652099609375 212.2858123779297 3.9976084232330322 1.464455008506775 1.6271947622299194 -6.696286678314209 1.7088565826416016 32.167022705078125 -3.181276798248291 0.8309
Car 1 1 1 376.71356201171875 177.96652221679688 504.5715637207031 221.89952087402344 4.0624165534973145 1.467227816581726 1.6532648801803589 -5.956511497497559 1.654386043548584 25.399629592895508 -6.166976451873779 0.7276
Car 1 1 1 442.537841796875 176.7492218017578 519.6751098632812 206.5692596435547 3.8035430908203125 1.5064479112625122 1.6545041799545288 -6.713956832885742 1.7145291566848755 37.64940643310547 -3.207376480102539 0.6087
Car 1 1 1 128.9024658203125 187.6634063720703 367.9039001464844 277.7942810058594 3.611504316329956 1.5094184875488281 1.5445598363876343 -6.552906513214111 1.7994768619537354 13.26071548461914 -6.347075939178467 0.5104
Pedestrian 1 1 1 965.6024780273438 145.5899658203125 1003.59423828125 232.75613403320312 0.6965033411979675 1.8088083267211914 0.6880629062652588 7.947405815124512 1.242745041847229 15.432929039001465 -7.423138618469238 0.5097
Car 1 1 1 654.20166015625 172.12240600585938 694.6435546875 208.79470825195312 3.4791440963745117 1.624699592590332 1.6017740964889526 2.9194772243499756 1.5919878482818604 33.71193313598633 -7.846503734588623 0.4858
Car 1 1 1 519.7323608398438 175.56573486328125 554.568603515625 201.17835998535156 4.004528522491455 1.5441339015960693 1.5927351713180542 -4.629263401031494 1.7243255376815796 45.97943878173828 -4.65283203125 0.3513
Cyclist 1 1 1 55.5140495300293 183.00025939941406 93.52951049804688 225.55784606933594 1.5259768962860107 1.6229431629180908 0.5521110892295837 -21.314573287963867 2.03722882270813 28.688648223876953 -4.852287769317627 0.3359
Car 1 1 1 460.217529296875 178.5988311767578 534.8092041015625 205.61878967285156 3.854342222213745 1.4405499696731567 1.6001758575439453 -6.173591613769531 1.7622146606445312 39.62580871582031 -3.147864818572998 0.2757
Car 1 1 1 478.14404296875 174.1550750732422 538.7637939453125 200.2574462890625 3.2966065406799316 1.4967468976974487 1.5616556406021118 -5.959130764007568 1.5742378234863281 42.299224853515625 -3.1045427322387695 0.2729
Pedestrian 1 1 1 140.48631286621094 142.22708129882812 172.0682373046875 209.08853149414062 0.5337505340576172 1.9996235370635986 0.7322189807891846 -13.851900100708008 1.0833652019500732 21.964008331298828 -8.239652633666992 0.2453
Car 1 1 1 632.3892211914062 166.83197021484375 669.38232421875 194.71978759765625 4.134959697723389 1.7447656393051147 1.7131026983261108 2.696361780166626 1.367705225944519 47.352806091308594 -4.475683212280273 0.2252
Pedestrian 1 1 1 707.1864013671875 173.06309509277344 719.3046875 201.31021118164062 0.7232722640037537 1.724727988243103 0.6961911916732788 6.329923152923584 1.7374305725097656 44.46509552001953 -6.117300510406494 0.2044
Pedestrian 1 1 1 778.0220336914062 151.96743774414062 804.546142578125 199.80194091796875 0.9014970064163208 1.9599735736846924 0.6294055581092834 7.471233367919922 1.1038659811019897 29.930255889892578 -3.2604587078094482 0.1857
Car 1 1 1 916.6263427734375 169.52154541015625 943.98779296875 194.1229248046875 3.5489611625671387 1.6251623630523682 1.6280879974365234 22.017902374267578 1.4047211408615112 49.61676788330078 -4.268233776092529 0.1760
Pedestrian 1 1 1 927.7517700195312 164.65060424804688 943.8927612304688 190.53285217285156 1.0307773351669312 1.8653764724731445 0.47217369079589844 23.625638961791992 1.2738440036773682 52.39583969116211 -2.8041772842407227 0.1610
Pedestrian 1 1 1 837.0364990234375 153.90660095214844 876.9990844726562 221.35574340820312 0.8999314308166504 1.843659520149231 0.6345252990722656 6.875825881958008 1.3254503011703491 20.2548828125 -8.20994758605957 0.1538
Car 1 1 1 304.23834228515625 173.15618896484375 446.70794677734375 223.09458923339844 3.7912981510162354 1.441711664199829 1.582021951675415 -7.097996234893799 1.450990080833435 21.856443405151367 -3.0208826065063477 0.1434
Car 1 1 1 127.22964477539062 174.99703979492188 252.0160369873047 216.967041015625 3.6290814876556396 1.481986403465271 1.589644193649292 -15.368788719177246 1.562740683555603 26.428016662597656 -3.178953170776367 0.1372
Car 1 1 1 214.6591339111328 179.0762939453125 325.95550537109375 229.5928955078125 3.5256428718566895 1.4496700763702393 1.4678257703781128 -10.762850761413574 1.663960337638855 23.023998260498047 -4.546237945556641 0.1333
Car 1 1 1 530.9695434570312 171.66586303710938 555.0599365234375 193.60696411132812 4.180569648742676 1.55351722240448 1.6787256002426147 -5.007201671600342 1.469091773033142 53.2599983215332 -7.968050479888916 0.1310
Pedestrian 1 1 1 870.2093505859375 172.77392578125 894.207275390625 216.59205627441406 0.7387487292289734 1.7922701835632324 0.734276294708252 11.228439331054688 1.7886954545974731 29.896329879760742 -3.0958476066589355 0.1275
Pedestrian 1 1 1 735.8220825195312 168.62416076660156 751.4815673828125 207.15208435058594 0.6973106861114502 1.7186068296432495 0.6571098566055298 5.987111568450928 1.5296272039413452 32.57318115234375 -7.726115703582764 0.1243
Car 1 1 1 0.0 185.76708984375 34.15045928955078 217.37820434570312 3.819096803665161 1.5094105005264282 1.785274863243103 -32.59556198120117 2.229884624481201 38.207801818847656 -4.951199531555176 0.1232
Car 1 1 1 712.5863647460938 178.14622497558594 750.1640014648438 207.00076293945312 3.8620858192443848 1.4871890544891357 1.6077975034713745 6.619406223297119 1.7938352823257446 39.8798828125 -7.803819179534912 0.1131
Car 1 1 1 204.775634765625 158.12388610839844 296.8685302734375 189.50576782226562 4.080171585083008 1.576190710067749 1.6672056913375854 -18.631908416748047 0.8360538482666016 37.410423278808594 -2.969642162322998 0.1122
Car 1 1 1 696.6678466796875 171.56771850585938 728.2728271484375 192.74969482421875 3.7390623092651367 1.5639857053756714 1.6515291929244995 7.859433650970459 1.468711256980896 55.31494903564453 -7.5011162757873535 0.1038
Car 1 1 1 0.0 147.78465270996094 87.2346420288086 193.24644470214844 4.182129859924316 1.4978222846984863 1.5400397777557373 -20.56898307800293 0.671566903591156 24.629528045654297 -3.1835927963256836 0.1010
