Car 1 1 1 336.53875732421875 185.35830688476562 383.865478515625 212.07177734375 4.119835376739502 1.6409766674041748 1.7139618396759033 -16.69611358642578 2.514012336730957 48.326560974121094 -4.703260898590088 0.7339
Cyclist 1 1 1 684.36767578125 168.97433471679688 693.3292236328125 198.26583862304688 1.6660276651382446 1.6958013772964478 0.4445183575153351 4.615790367126465 1.4708921909332275 42.617576599121094 -7.793870449066162 0.3751
Pedestrian 1 1 1 1106.5899658203125 153.97914123535156 1167.680419921875 284.3713073730469 0.7869457602500916 1.7335073947906494 0.5459624528884888 7.2768635749816895 1.4822744131088257 10.064536094665527 -7.417288303375244 0.3156
Pedestrian 1 1 1 1025.0196533203125 172.00714111328125 1060.46923828125 257.90740966796875 0.7477646470069885 1.6076463460922241 0.5188726186752319 8.303635597229004 1.5914971828460693 13.952938079833984 -4.267087459564209 0.2415
Pedestrian 1 1 1 134.2111053466797 188.3743896484375 148.3824462890625 220.47836303710938 0.6104826331138611 1.7924658060073853 0.6930211782455444 -26.796422958374023 2.6881608963012695 41.193172454833984 -6.962100505828857 0.2001
Car 1 1 1 797.5415649414062 173.39393615722656 933.6538696289062 220.96200561523438 3.9079947471618652 1.4313981533050537 1.5474567413330078 7.956809997558594 1.4491170644760132 22.909284591674805 -6.069493770599365 0.1738
Car 1 1 1 275.24285888671875 192.07327270507812 328.2936096191406 216.88055419921875 4.031262397766113 1.435138463973999 1.8877629041671753 -20.029857635498047 2.7411863803863525 46.98643112182617 -4.758562088012695 0.1713
Pedestrian 1 1 1 1009.2129516601562 150.5359649658203 1053.3890380859375 233.3791046142578 0.5657358169555664 1.7837913036346436 0.6312991380691528 9.183438301086426 1.3029359579086304 15.831985473632812 -7.895496845245361 0.1547
Car 1 1 1 98.96056365966797 198.2484130859375 196.51853942871094 235.80433654785156 3.512346029281616 1.4134029150009155 1.780129075050354 -20.102149963378906 2.5859766006469727 31.484540939331055 -4.606225967407227 0.1335
Car 1 1 1 1083.46142578125 145.42262268066406 1237.8704833984375 193.93698120117188 3.8339333534240723 1.5228958129882812 1.6409746408462524 17.836421966552734 0.6615078449249268 23.53891372680664 -3.177828311920166 0.1278
Cyclist 1 1 1 839.0443725585938 162.22239685058594 864.2861938476562 208.28521728515625 1.7169382572174072 1.6946194171905518 0.4296850860118866 9.119681358337402 1.3031902313232422 27.409326553344727 -7.824425220489502 0.1161
Car 1 1 1 662.3391723632812 181.93084716796875 695.1996459960938 214.1970977783203 4.00446891784668 1.4553403854370117 1.5327162742614746 3.41033935546875 1.931420087814331 35.79082489013672 -4.59614372253418 0.1052
Cyclist 1 1 1 864.5507202148438 166.6618194580078 892.4761352539062 213.0995635986328 1.6183003187179565 1.6555930376052856 0.38717907667160034 9.81431770324707 1.4345303773880005 26.537927627563477 -7.879085063934326 0.1033
