Car 1 1 1 577.607177734375 176.99618530273438 617.772216796875 210.4545135498047 3.6518607139587402 1.5466101169586182 1.678799033164978 -0.47786447405815125 1.166821002960205 35.106170654296875 -7.7883219718933105 0.8940
Car 1 1 1 206.76187133789062 185.70184326171875 353.9782409667969 253.22494506835938 4.2120184898376465 1.4573978185653687 1.679869294166565 -7.875699996948242 1.470923900604248 17.657115936279297 -7.8478102684021 0.8795
Car 1 1 1 336.4257507324219 185.48828125 418.2331237792969 232.20399475097656 3.6612164974212646 1.454683542251587 1.6023927927017212 -7.709869861602783 1.4647284746170044 24.240192413330078 -7.858585834503174 0.5121
Car 1 1 1 152.72239685058594 179.9861602783203 289.228271484375 230.55148315429688 3.511461019515991 1.5639982223510742 1.650105357170105 -12.407275199890137 1.4024046659469604 23.112171173095703 -3.1113429069519043 0.4093
Car 1 1 1 0.0 167.66024780273438 270.697998046875 299.21954345703125 4.428785800933838 1.664296269416809 1.6894177198410034 -7.226773738861084 1.4423675537109375 11.314729690551758 -7.861657619476318 0.3576
Pedestrian 1 1 1 430.01507568359375 165.99563598632812 466.1702880859375 263.351318359375 0.6940569877624512 1.7468770742416382 0.6292191743850708 -3.0161936283111572 1.4021639823913574 13.313516616821289 -4.966196060180664 0.1762
Car 1 1 1 638.016845703125 175.53099060058594 677.0904541015625 208.1350555419922 4.262429714202881 1.559831976890564 1.6468591690063477 2.4383699893951416 1.0966575145721436 36.53035354614258 -7.863684177398682 0.1686
Car 1 1 1 138.38084411621094 154.2079315185547 247.78448486328125 190.51014709472656 3.7445783615112305 1.5010637044906616 1.613973617553711 -17.62723731994629 0.2190784066915512 30.588525772094727 -3.1106679439544678 0.1684
Pedestrian 1 1 1 562.41796875 173.009765625 572.2709350585938 194.71153259277344 0.5449065566062927 1.7269790172576904 0.7162164449691772 -3.260064125061035 0.7558149695396423 57.6479377746582 -6.75704288482666 0.1642
Car 1 1 1 495.6114196777344 179.95896911621094 567.9259033203125 245.38084411621094 3.4955620765686035 1.4750134944915771 1.5469037294387817 -2.0381267070770264 1.3566515445709229 18.06566047668457 -8.034396171569824 0.1536
Car 1 1 1 940.6832885742188 162.0985870361328 1240.0 375.0 3.9932329654693604 1.6069860458374023 1.6009107828140259 4.92701530456543 1.4783486127853394 5.777736186981201 -5.695875644683838 0.1499
Cyclist 1 1 1 673.0829467773438 178.07118225097656 685.6251220703125 207.2124786376953 1.4492605924606323 1.5830752849578857 0.527693510055542 3.9238059520721436 1.195113182067871 39.77971267700195 -4.727395534515381 0.1399
Pedestrian 1 1 1 392.160888671875 159.26724243164062 429.17706298828125 259.84954833984375 0.8114296793937683 1.7854394912719727 0.620026171207428 -3.6907799243927 1.3249849081039429 13.242103576660156 -5.026606559753418 0.1196
Car 1 1 1 413.556640625 181.9218292236328 505.19915771484375 213.67559814453125 3.9456591606140137 1.4457741975784302 1.6710704565048218 -7.0657830238342285 1.2959595918655396 34.119022369384766 -2.8368873596191406 0.1121
Car 1 1 1 646.35302734375 174.8799591064453 674.84765625 190.2361602783203 3.7625105381011963 1.4207957983016968 1.5353928804397583 5.057104587554932 0.4646643400192261 68.54142761230469 -4.2958574295043945 0.1072
Pedestrian 1 1 1 499.50347900390625 167.1632080078125 517.6021728515625 215.181640625 0.7212792038917542 1.905110478401184 0.6989874839782715 -4.025892734527588 1.1890430450439453 28.915586471557617 -4.817407131195068 0.1055
