Car 1 1 1 477.132080078125 184.29412841796875 528.4813842773438 220.65660095214844 3.864020347595215 1.5912363529205322 1.6915305852890015 -5.295155048370361 2.179348945617676 35.00575637817383 -8.21219539642334 0.9515
Car 1 1 1 177.36404418945312 171.9830780029297 321.9136657714844 235.39540100097656 3.393214464187622 1.680092453956604 1.6089204549789429 -10.083451271057129 1.6567178964614868 20.334253311157227 -6.545783996582031 0.8416
Car 1 1 1 105.201171875 184.76222229003906 302.0143127441406 254.42156982421875 3.808488368988037 1.5547147989273071 1.620982050895691 -9.722776412963867 1.8576964139938354 17.405967712402344 -3.2272000312805176 0.8402
Car 1 1 1 9.103638648986816 185.5532989501953 265.37286376953125 275.9420166015625 3.8163416385650635 1.5612585544586182 1.6655323505401611 -9.015158653259277 1.8285809755325317 14.003157615661621 -3.345776081085205 0.7742
Car 1 1 1 244.932373046875 181.0991973876953 330.36083984375 215.4300537109375 3.510934591293335 1.5027905702590942 1.5757805109024048 -14.95071029663086 1.9009947776794434 33.54723358154297 -3.4799551963806152 0.6964
Car 1 1 1 295.86309814453125 171.46510314941406 357.83319091796875 193.29251098632812 4.082339763641357 1.5373048782348633 1.6517890691757202 -20.466075897216797 1.4391835927963257 52.22975158691406 -6.594753742218018 0.6376
Car 1 1 1 0.0 164.19168090820312 209.68060302734375 302.5737609863281 3.8186774253845215 1.9115121364593506 1.7297505140304565 -8.651241302490234 1.79155695438385 11.209598541259766 -3.3509364128112793 0.6321
Car 1 1 1 277.8099670410156 174.7509002685547 331.0834045410156 211.98681640625 3.1829733848571777 1.4545631408691406 1.502038836479187 -12.717719078063965 1.5378526449203491 30.078075408935547 -8.07481575012207 0.4146
Car 1 1 1 328.559326171875 176.75465393066406 372.4131774902344 218.5971221923828 2.9174273014068604 1.5109288692474365 1.5219404697418213 -10.073040008544922 1.6706950664520264 27.983291625976562 -8.17978286743164 0.3927
Pedestrian 1 1 1 318.5401306152344 178.00733947753906 337.6778259277344 210.76649475097656 0.8152333498001099 1.6179735660552979 0.4102894365787506 -14.091754913330078 1.876457929611206 35.9755859375 -3.2756075859069824 0.2642
Car 1 1 1 172.83987426757812 162.0640411376953 223.0546875 183.8960723876953 3.518043279647827 1.8409348726272583 1.7153446674346924 -35.8338737487793 0.9307959079742432 62.788883209228516 -7.501846790313721 0.2105
Car 1 1 1 0.0 155.9460906982422 57.04795837402344 193.92044067382812 3.8581924438476562 1.5683906078338623 1.6642683744430542 -25.906600952148438 0.8697717189788818 31.89360809326172 -8.347309112548828 0.1802
Pedestrian 1 1 1 1130.364501953125 162.55723571777344 1147.275634765625 218.49053955078125 0.16802814602851868 1.7764956951141357 0.40428048372268677 16.905847549438477 1.4491606950759888 23.134599685668945 -3.633260726928711 0.1565
Pedestrian 1 1 1 992.8070678710938 166.4183807373047 1037.964111328125 246.4911651611328 0.6328908801078796 1.7085133790969849 0.5867913365364075 8.800335884094238 1.5708967447280884 15.770484924316406 -4.942533016204834 0.1383
Car 1 1 1 522.6458740234375 184.49964904785156 571.6259765625 216.10748291015625 3.8495066165924072 1.430743932723999 1.6206638813018799 -3.254091739654541 2.0495235919952393 36.27556228637695 -5.02802038192749 0.1182
