Pedestrian 1 1 1 932.4774169921875 150.2436065673828 1055.8157958984375 314.1632080078125 1.0301249027252197 1.7624942064285278 0.6373953223228455 4.277548789978027 1.437589406967163 7.921321868896484 -3.1421713829040527 0.6265
Pedestrian 1 1 1 64.65885162353516 155.08200073242188 130.2437286376953 251.2122344970703 0.6920416355133057 1.7258843183517456 0.7063685059547424 -9.422709465026855 1.2699095010757446 13.080426216125488 -3.040379047393799 0.1678
Pedestrian 1 1 1 516.2340087890625 164.07177734375 574.9523315429688 268.62054443359375 0.9013701677322388 1.832684874534607 0.6582571268081665 -1.1404938697814941 1.5450797080993652 12.948980331420898 -5.451862335205078 0.1426
Pedestrian 1 1 1 58.6898078918457 183.21693420410156 95.14706420898438 245.48602294921875 0.7994335293769836 1.7498737573623657 0.730758011341095 -15.314970970153809 1.8308265209197998 20.45352554321289 -3.847684860229492 0.1306
Cyclist 1 1 1 839.1394653320312 156.38919067382812 896.8585205078125 261.6365966796875 1.7119938135147095 1.7323293685913086 0.4175545275211334 4.565361976623535 1.3358551263809204 12.498340606689453 -7.830835819244385 0.1252
Pedestrian 1 1 1 471.3260803222656 186.5455780029297 514.6331176757812 264.0608215332031 0.7666536569595337 1.5874252319335938 0.5633948445320129 -2.4273486137390137 1.72023344039917 15.022431373596191 -2.3639280796051025 0.1236
Pedestrian 1 1 1 833.6911010742188 170.85488891601562 870.0698852539062 237.4425506591797 0.7703896760940552 1.6474095582962036 0.6212453246116638 6.2409868240356445 1.4091103076934814 17.986650466918945 -7.114426136016846 0.1176
Pedestrian 1 1 1 786.955078125 152.3480987548828 847.676513671875 261.1540222167969 0.8159052133560181 1.8014965057373047 0.6297208070755005 3.60463809967041 1.3357654809951782 12.20363998413086 -5.102527141571045 0.1125
Cyclist 1 1 1 887.1924438476562 148.66900634765625 955.9005737304688 255.12249755859375 1.6701325178146362 1.6731246709823608 0.40998518466949463 5.259317398071289 1.1732230186462402 11.947890281677246 -7.854771137237549 0.1037
Pedestrian 1 1 1 662.9594116210938 152.3743133544922 676.8931274414062 186.84466552734375 0.6711410284042358 1.9242496490478516 0.628556489944458 3.6525075435638428 0.35429954528808594 39.894378662109375 -7.495263576507568 0.1035
