Car 1 1 1 1105.206298828125 161.5283660888672 1241.0 206.58497619628906 4.181241512298584 1.391501784324646 1.5379809141159058 18.93437957763672 1.0414278507232666 24.391633987426758 -7.877455234527588 0.9416
Car 1 1 1 568.310791015625 173.5253143310547 623.3707275390625 224.2247314453125 3.2314341068267822 1.5638892650604248 1.6671298742294312 -0.4567272663116455 1.5873905420303345 23.94099998474121 -7.8229804039001465 0.9354
Car 1 1 1 298.8223571777344 183.2660675048828 415.34759521484375 255.85235595703125 3.579908847808838 1.575900673866272 1.654281497001648 -6.205531597137451 1.8607673645019531 17.970272064208984 -4.713990688323975 0.8275
Car 1 1 1 501.6183166503906 176.94503784179688 538.2775268554688 200.8134307861328 4.222167491912842 1.4963833093643188 1.5772331953048706 -5.99075174331665 1.781414270401001 48.15207290649414 -4.624614715576172 0.7848
Car 1 1 1 1109.59814453125 150.11106872558594 1205.8660888671875 191.00491333007812 3.4492855072021484 1.9079607725143433 1.9436906576156616 26.78066062927246 0.8465567231178284 35.474639892578125 -4.808898448944092 0.2423
Car 1 1 1 889.6398315429688 159.0327606201172 935.0099487304688 190.3017578125 4.791294097900391 2.1194570064544678 1.8501160144805908 21.4321231842041 1.18233323097229 51.411956787109375 -7.707396984100342 0.1952
Car 1 1 1 873.3854370117188 173.82533264160156 907.0613403320312 193.25555419921875 3.751701831817627 1.5146653652191162 1.61441171169281 22.69154930114746 1.595705270767212 58.43404006958008 -4.076080322265625 0.1773
Pedestrian 1 1 1 33.4815788269043 152.39353942871094 73.45295715332031 222.86309814453125 0.6252087950706482 1.8570233583450317 0.5935693383216858 -14.953919410705566 1.3175468444824219 19.333757400512695 -4.736605644226074 0.1689
Car 1 1 1 816.0650024414062 172.7736358642578 846.0496215820312 190.16664123535156 3.9166524410247803 1.5149853229522705 1.5315821170806885 19.79400634765625 1.5076851844787598 64.81534576416016 -4.700714588165283 0.1522
Pedestrian 1 1 1 256.57598876953125 188.9100341796875 281.7808837890625 228.9921875 0.8331378102302551 1.7558878660202026 0.7554784417152405 -15.330740928649902 2.485729694366455 32.382144927978516 -6.415765285491943 0.1438
Car 1 1 1 778.8143310546875 171.4507598876953 810.4791259765625 190.98072814941406 3.92417573928833 1.437791109085083 1.6022815704345703 14.033495903015137 1.3341844081878662 55.12122344970703 -7.800947666168213 0.1434
Car 1 1 1 214.82220458984375 164.9072723388672 282.6307373046875 200.3452606201172 4.095983505249023 1.8953125476837158 1.7492223978042603 -20.291629791259766 1.470001459121704 40.64360809326172 -4.705525875091553 0.1428
Cyclist 1 1 1 367.4947204589844 150.76185607910156 401.9383850097656 195.3443603515625 1.5762711763381958 1.7418221235275269 0.5296267867088318 -9.089485168457031 0.8783901333808899 29.021270751953125 -4.418952941894531 0.1412
Pedestrian 1 1 1 767.8912353515625 169.29119873046875 778.18505859375 190.88914489746094 0.6731272339820862 1.8152374029159546 0.6774356365203857 13.783522605895996 1.5154945850372314 61.10625457763672 -2.602996587753296 0.1394
Pedestrian 1 1 1 83.43394470214844 161.24281311035156 142.8080596923828 257.276611328125 0.723683774471283 1.7554426193237305 0.5983908772468567 -9.386788368225098 1.5428967475891113 13.572881698608398 -4.636122703552246 0.1265
Pedestrian 1 1 1 203.78775024414062 162.38845825195312 224.701171875 212.1661376953125 0.39074215292930603 1.8207650184631348 0.5640340447425842 -14.699424743652344 1.4376572370529175 26.721694946289062 -2.8198938369750977 0.1115
Car 1 1 1 1222.017578125 166.85101318359375 1241.0 229.28103637695312 3.9969513416290283 1.5121246576309204 1.6268373727798462 19.41938591003418 1.3664257526397705 19.634063720703125 -5.091649055480957 0.1078
Car 1 1 1 700.1104125976562 173.65380859375 722.7452392578125 190.38294982910156 3.8527121543884277 1.4778516292572021 1.544311761856079 9.205305099487305 1.5526922941207886 65.8563232421875 -4.706258296966553 0.1072
