Car 1 1 1 493.2611083984375 181.55908203125 550.662841796875 228.93743896484375 3.9183545112609863 1.5994610786437988 1.7152055501937866 -3.2678394317626953 1.9492511749267578 27.049869537353516 -7.864450931549072 0.9424
Car 1 1 1 315.0662841796875 188.0465545654297 387.60601806640625 230.8763427734375 4.384322643280029 1.5128737688064575 1.6920547485351562 -10.448234558105469 2.1777307987213135 29.337570190429688 -4.792203426361084 0.9071
Car 1 1 1 388.6324462890625 185.7982635498047 429.4273986816406 213.09414672851562 4.033890724182129 1.7021334171295166 1.725143313407898 -13.611475944519043 2.6166720390319824 48.959651947021484 -4.734177112579346 0.6891
Car 1 1 1 578.46240234375 179.96929931640625 605.4708251953125 204.91868591308594 3.486194610595703 1.5194272994995117 1.5796245336532593 -1.168783187866211 1.99711012840271 46.7087516784668 -7.829538822174072 0.6654
Pedestrian 1 1 1 645.6398315429688 176.21395874023438 667.9816284179688 211.3496856689453 0.9558863043785095 1.5864133834838867 0.7618287801742554 2.109304666519165 1.7435299158096313 33.24491500854492 -8.113633155822754 0.3616
Pedestrian 1 1 1 934.3135375976562 140.23590087890625 967.2215576171875 204.2279052734375 0.7553367018699646 1.9457136392593384 0.678865909576416 10.488253593444824 0.9536415338516235 22.3293399810791 -7.81511926651001 0.3307
Pedestrian 1 1 1 505.0874938964844 142.1647491455078 597.95068359375 309.2628479003906 0.9909189343452454 1.8702149391174316 0.516764223575592 -0.7252432107925415 1.5264310836791992 8.396416664123535 -6.152510643005371 0.2873
Pedestrian 1 1 1 264.3108825683594 180.8909454345703 284.2950439453125 216.93359375 0.8180938959121704 1.7351778745651245 0.5196832418441772 -16.50002670288086 2.1338794231414795 35.37785720825195 -3.731800079345703 0.2757
Pedestrian 1 1 1 207.04750061035156 172.7677764892578 223.91629028320312 199.6541748046875 0.8851074576377869 1.8449608087539673 0.5108236074447632 -27.252609252929688 1.838743805885315 49.7894401550293 -3.091890811920166 0.2744
Cyclist 1 1 1 465.0139465332031 169.94668579101562 492.6356201171875 208.287841796875 1.7361901998519897 1.776931881904602 0.6626778244972229 -6.273087978363037 1.641891598701477 34.36021423339844 -4.485783100128174 0.2702
Car 1 1 1 190.85467529296875 177.0251007080078 242.17308044433594 197.3251190185547 4.067268371582031 1.581571340560913 1.5924466848373413 -32.24879837036133 1.9358391761779785 59.211341857910156 -4.574641704559326 0.2689
Cyclist 1 1 1 622.3580322265625 179.58155822753906 643.0499877929688 215.05633544921875 1.7067233324050903 1.7415432929992676 0.6137970685958862 1.1031301021575928 2.0915234088897705 36.66604995727539 -8.094724655151367 0.2593
Cyclist 1 1 1 696.2056274414062 141.3778076171875 737.5458374023438 197.59849548339844 1.4767210483551025 1.751010775566101 0.5479496717453003 3.381335735321045 0.7703748941421509 23.253128051757812 -5.200532913208008 0.2397
Car 1 1 1 686.2526245117188 182.4440460205078 730.766845703125 225.04733276367188 3.845402479171753 1.4708380699157715 1.5834282636642456 3.7001888751983643 1.8667148351669312 27.808929443359375 -7.742738246917725 0.2254
Car 1 1 1 414.32672119140625 181.0072021484375 464.0622253417969 214.9631805419922 3.531313419342041 1.4284577369689941 1.5287121534347534 -7.791715621948242 1.8212001323699951 32.997257232666016 -4.739870071411133 0.2117
Cyclist 1 1 1 574.854248046875 141.6112823486328 600.9906005859375 197.2747039794922 1.5486464500427246 1.7432702779769897 0.5237489342689514 -0.77665776014328 0.7645093202590942 23.41213607788086 -4.961360931396484 0.2108
Car 1 1 1 315.67535400390625 177.04623413085938 381.5348205566406 199.3452606201172 3.9443182945251465 1.4996503591537476 1.6934984922409058 -18.026227951049805 1.7939417362213135 49.78626251220703 -3.177394390106201 0.2011
Car 1 1 1 80.74647521972656 187.37059020996094 307.48468017578125 287.62469482421875 4.194570541381836 1.4409561157226562 1.612931489944458 -7.2808685302734375 1.7469128370285034 13.10330867767334 -4.684481620788574 0.1986
Pedestrian 1 1 1 1070.2208251953125 140.9702911376953 1108.052001953125 201.176025390625 0.797767162322998 1.8067946434020996 0.6726984977722168 14.606474876403809 0.8496537208557129 22.086475372314453 -7.745752811431885 0.1887
Pedestrian 1 1 1 383.31427001953125 182.69676208496094 394.2893371582031 204.31300354003906 0.6253936886787415 1.7986913919448853 0.6262551546096802 -18.678037643432617 2.634223699569702 60.848472595214844 -5.792607307434082 0.1767
Car 1 1 1 633.875244140625 180.4351348876953 712.946044921875 211.35391235351562 3.888507604598999 1.4836170673370361 1.65800940990448 3.256878614425659 1.8934379816055298 37.262245178222656 -6.873709201812744 0.1711
Pedestrian 1 1 1 831.9892578125 128.12974548339844 888.34375 248.66734313964844 0.8444027900695801 1.914138913154602 0.6975002288818359 4.05709171295166 1.2036172151565552 11.910926818847656 -4.618957996368408 0.1508
Car 1 1 1 697.3992309570312 185.25328063964844 727.9024658203125 208.0050506591797 3.8368828296661377 1.5056792497634888 1.5768903493881226 7.2970170974731445 2.42854642868042 51.788639068603516 -4.730284690856934 0.1475
Pedestrian 1 1 1 942.95361328125 150.1174774169922 986.2649536132812 225.94961547851562 0.899704098701477 1.8077353239059448 0.6717861890792847 8.622238159179688 1.265427589416504 17.67768669128418 -7.767414569854736 0.1437
Car 1 1 1 460.37628173828125 180.4025421142578 501.6316223144531 205.31468200683594 3.8263020515441895 1.5346497297286987 1.6058906316757202 -8.502715110778809 2.0539042949676514 47.66171646118164 -4.583039283752441 0.1380
Car 1 1 1 665.5833129882812 180.3577880859375 693.4309692382812 202.5295867919922 4.570247650146484 1.60043466091156 1.6407641172409058 5.316782474517822 2.205779790878296 55.93788528442383 -4.729483127593994 0.1280
Cyclist 1 1 1 631.8090209960938 170.44049072265625 649.21826171875 209.84457397460938 1.7525428533554077 1.8446277379989624 0.6300937533378601 1.4360018968582153 1.7313438653945923 34.69327926635742 -4.548945903778076 0.1267
Car 1 1 1 319.0655822753906 180.04400634765625 414.79058837890625 232.48455810546875 4.138045787811279 1.4654713869094849 1.5998448133468628 -7.595686435699463 1.7131611108779907 22.809795379638672 -4.702686786651611 0.1264
Car 1 1 1 192.46926879882812 189.78665161132812 267.4059143066406 223.31396484375 3.766127347946167 1.4756314754486084 1.6435797214508057 -18.685937881469727 2.354991912841797 35.58154296875 -4.6877641677856445 0.1261
Car 1 1 1 452.74945068359375 183.92076110839844 492.1740417480469 210.8961639404297 3.719665288925171 1.4838749170303345 1.5400195121765137 -8.205174446105957 2.173828125 43.11993408203125 -4.68015718460083 0.1247
Pedestrian 1 1 1 951.9359130859375 148.15284729003906 971.64453125 203.13209533691406 0.4579823613166809 1.8136988878250122 0.5722275972366333 11.71120834350586 0.9985380172729492 24.126583099365234 -7.444767475128174 0.1233
Car 1 1 1 784.4505615234375 179.1591796875 881.8858642578125 214.72584533691406 3.8269097805023193 1.4475175142288208 1.604214072227478 9.613068580627441 1.7324100732803345 31.24717903137207 -6.619760990142822 0.1192
Car 1 1 1 0.0 197.34877014160156 148.4764862060547 357.6025390625 4.004243850708008 1.4675776958465576 1.6093199253082275 -7.9995903968811035 1.8024837970733643 8.457447052001953 -6.617255687713623 0.1192
Car 1 1 1 654.70166015625 181.18553161621094 724.8638916015625 209.21261596679688 3.77484393119812 1.5438146591186523 1.6313555240631104 4.64373254776001 2.053781032562256 42.47704315185547 -5.7057390213012695 0.1129
Car 1 1 1 182.11988830566406 194.34312438964844 274.8251647949219 232.87489318847656 4.047074317932129 1.412805438041687 1.635960578918457 -16.221233367919922 2.392481803894043 30.834619522094727 -4.6509690284729 0.1115
Pedestrian 1 1 1 1028.866455078125 149.73133850097656 1078.5438232421875 240.930419921875 0.5966960191726685 1.7373178005218506 0.5837214589118958 8.588542938232422 1.2965373992919922 14.06866455078125 -4.803129196166992 0.1108
Car 1 1 1 354.3064270019531 178.82760620117188 380.2702331542969 200.60165405273438 3.680997371673584 1.5283938646316528 1.574357271194458 -18.061397552490234 1.9891557693481445 53.71179962158203 -4.96513032913208 0.1098
Pedestrian 1 1 1 1208.062255859375 127.69439697265625 1241.0 201.20306396484375 0.6995401978492737 1.8912252187728882 0.6822337508201599 16.274181365966797 0.7290626764297485 19.0117130279541 -7.491270542144775 0.1095
Pedestrian 1 1 1 574.0897827148438 145.05711364746094 594.8936157226562 205.9248809814453 0.6855052709579468 1.7882713079452515 0.5754756331443787 -0.8060849905014038 0.9713097810745239 21.550745010375977 -4.678703784942627 0.1087
Car 1 1 1 295.798095703125 172.61915588378906 359.3072814941406 207.6451873779297 4.471158027648926 2.0597281455993652 1.7379964590072632 -17.462905883789062 2.0456182956695557 44.758487701416016 -7.726410388946533 0.1081
Car 1 1 1 102.92025756835938 199.53392028808594 191.51390075683594 228.0467071533203 3.8289384841918945 1.4691407680511475 1.7144545316696167 -25.98274803161621 3.012411117553711 40.56503677368164 -6.459452152252197 0.1064
Pedestrian 1 1 1 1217.0958251953125 164.98497009277344 1235.950927734375 212.14419555664062 0.23248755931854248 1.7662460803985596 0.4935370981693268 23.275062561035156 1.4712289571762085 27.295162200927734 -3.677116870880127 0.1002
