Car 1 1 1 193.75408935546875 188.14474487304688 292.50213623046875 231.873779296875 4.289016246795654 1.5479466915130615 1.7098009586334229 -14.76308536529541 2.2131659984588623 29.232418060302734 -4.678790092468262 0.9115
Cyclist 1 1 1 832.8775024414062 170.36561584472656 857.067138671875 210.40383911132812 1.6903533935546875 1.679254412651062 0.3718814551830292 10.077123641967773 1.5745882987976074 31.119342803955078 -7.932277202606201 0.3039
Car 1 1 1 1014.2194213867188 194.82867431640625 1082.5703125 234.9508819580078 3.456617832183838 1.4204391241073608 1.7521858215332031 17.834537506103516 2.379472255706787 29.575767517089844 -4.362600326538086 0.2017
Car 1 1 1 351.6039123535156 187.6941375732422 399.13677978515625 209.5691375732422 4.055937767028809 1.4555824995040894 1.6427834033966064 -17.21685028076172 2.59014630317688 53.043121337890625 -4.548496246337891 0.1906
Cyclist 1 1 1 741.5912475585938 175.5238800048828 749.058837890625 200.14027404785156 1.5428699254989624 1.5787603855133057 0.31792551279067993 8.820023536682129 1.7561018466949463 47.22661209106445 -7.774634838104248 0.1818
Car 1 1 1 292.14093017578125 191.77944946289062 348.9581298828125 216.7203369140625 4.098750591278076 1.4644404649734497 1.766910433769226 -19.10710334777832 2.772242546081543 47.7380485534668 -4.602787971496582 0.1625
Pedestrian 1 1 1 849.394775390625 166.42506408691406 871.1870727539062 216.2074737548828 0.5242871046066284 1.8812311887741089 0.6707362532615662 9.554677963256836 1.637987732887268 27.673778533935547 -4.097929954528809 0.1437
Pedestrian 1 1 1 765.359375 189.59689331054688 784.2528076171875 231.09690856933594 0.426873117685318 1.2355061769485474 0.4247218072414398 4.958193778991699 1.7498743534088135 21.930795669555664 -4.897643089294434 0.1372
Pedestrian 1 1 1 718.044189453125 167.0146026611328 730.6906127929688 192.570068359375 0.8345025181770325 1.8413199186325073 0.5124270915985107 8.270547866821289 1.4202797412872314 52.36268615722656 -5.963022708892822 0.1238
Car 1 1 1 331.7669677734375 191.3710174560547 369.6437072753906 211.56594848632812 3.6127452850341797 1.364741325378418 1.7384499311447144 -19.39576530456543 2.7986457347869873 54.02704620361328 -4.776714324951172 0.1204
Pedestrian 1 1 1 772.027587890625 154.9053192138672 787.734375 191.28762817382812 0.8585163950920105 1.8549426794052124 0.6132957935333252 8.747246742248535 0.9395339488983154 37.308048248291016 -7.395687580108643 0.1125
Car 1 1 1 297.9937438964844 189.0054168701172 349.54632568359375 210.99986267089844 4.368442058563232 1.5174851417541504 1.7899439334869385 -21.93670082092285 2.808622360229492 55.4121208190918 -4.584217071533203 0.1111
Pedestrian 1 1 1 864.5247192382812 177.56832885742188 888.4481811523438 227.7473602294922 0.5688208937644958 1.8115978240966797 0.65289306640625 9.763792991638184 1.9876632690429688 26.56177520751953 -3.946300983428955 0.1033
Cyclist 1 1 1 898.447021484375 167.84115600585938 915.7156372070312 222.51211547851562 1.7653216123580933 1.6811985969543457 0.4930630624294281 9.467529296875 1.5267475843429565 23.097362518310547 -4.31419038772583 0.1015
