Car 1 1 1 441.2818908691406 182.1873779296875 523.090087890625 248.5459747314453 4.204463481903076 1.482811689376831 1.6703771352767944 -3.2735137939453125 1.7546392679214478 18.88323974609375 -7.9220757484436035 0.9451
Car 1 1 1 643.7166748046875 170.32403564453125 725.3230590820312 242.76101684570312 3.655726432800293 1.7260836362838745 1.600663185119629 1.8170080184936523 1.665497899055481 19.059616088867188 -7.904948711395264 0.8884
Car 1 1 1 497.2669982910156 177.63906860351562 541.8463134765625 217.4984130859375 3.6083438396453857 1.6605085134506226 1.50900399684906 -4.036458492279053 1.8864727020263672 32.306034088134766 -4.701569557189941 0.7406
Car 1 1 1 0.0 217.10296630859375 249.72344970703125 374.0 3.905919313430786 1.545850396156311 1.6485542058944702 -3.0103442668914795 1.7994385957717896 2.1457579135894775 -4.658916473388672 0.5760
Car 1 1 1 622.8463745117188 182.5599365234375 676.1296997070312 221.25344848632812 4.056888103485107 1.3987566232681274 1.6222337484359741 1.4823799133300781 1.8195455074310303 29.21693992614746 -7.933907985687256 0.4737
Pedestrian 1 1 1 372.91265869140625 182.30270385742188 396.1819152832031 234.2061767578125 0.43229761719703674 1.6189475059509277 0.5745961666107178 -7.185291290283203 1.9211894273757935 22.850534439086914 -4.578034400939941 0.3926
Car 1 1 1 605.7289428710938 176.97239685058594 626.7474975585938 195.7543487548828 3.956342935562134 1.473787784576416 1.6088230609893799 0.5169792771339417 1.8246196508407593 59.508541107177734 -7.813023090362549 0.3343
Car 1 1 1 527.2868041992188 179.095458984375 550.9259643554688 202.77845764160156 3.8285462856292725 1.6667102575302124 1.6235796213150024 -5.2807230949401855 2.1485393047332764 53.77446746826172 -4.775551795959473 0.3107
Pedestrian 1 1 1 429.6341552734375 187.05580139160156 449.6235656738281 227.0496063232422 0.688062310218811 1.4997704029083252 0.5303939580917358 -6.583136558532715 2.0522680282592773 27.706253051757812 -4.565140247344971 0.3107
Pedestrian 1 1 1 74.20307159423828 146.4449462890625 109.66899108886719 211.59088134765625 0.5799375772476196 1.9472612142562866 0.731754720211029 -15.801712989807129 1.1575747728347778 21.953258514404297 -8.157052040100098 0.2956
Car 1 1 1 481.86376953125 183.47015380859375 530.868408203125 225.0489959716797 3.8386752605438232 1.467160701751709 1.6101305484771729 -4.061397075653076 1.9140750169754028 28.429737091064453 -4.774535179138184 0.2645
Pedestrian 1 1 1 389.22601318359375 191.09234619140625 412.2999267578125 235.9493865966797 0.5110412240028381 1.3720405101776123 0.5013623833656311 -6.610369682312012 1.951904296875 22.63847541809082 -4.4389424324035645 0.1827
Pedestrian 1 1 1 223.52159118652344 177.40432739257812 258.8561096191406 244.17843627929688 0.599801778793335 1.7258583307266235 0.6037797331809998 -9.764554977416992 1.847535490989685 19.017452239990234 -4.628139972686768 0.1584
Pedestrian 1 1 1 381.08795166015625 168.13365173339844 406.07391357421875 220.85409545898438 0.6116976141929626 1.741269588470459 0.6394088864326477 -7.285198211669922 1.5850646495819092 24.14765739440918 -4.67868709564209 0.1276
Pedestrian 1 1 1 1009.1376342773438 118.28889465332031 1145.3909912109375 304.9049072265625 1.082945704460144 1.9062272310256958 0.5619217753410339 4.897524833679199 1.3485610485076904 7.699349880218506 -3.0504908561706543 0.1201
Pedestrian 1 1 1 379.8205871582031 154.77633666992188 398.5410461425781 203.6226806640625 0.6464275121688843 1.9302942752838135 0.6634669303894043 -8.88365364074707 1.2156070470809937 28.898637771606445 -4.921896934509277 0.1157
Pedestrian 1 1 1 245.02435302734375 166.88018798828125 277.7228698730469 225.1976318359375 0.8939916491508484 1.759617567062378 0.6075868010520935 -10.780335426330566 1.5790694952011108 22.232702255249023 -4.762588977813721 0.1154
Pedestrian 1 1 1 418.7944030761719 159.28140258789062 439.15838623046875 204.41073608398438 0.866291344165802 1.9055476188659668 0.6893154978752136 -7.7931342124938965 1.3321565389633179 30.915180206298828 -7.90099573135376 0.1139
Car 1 1 1 641.8613891601562 181.53868103027344 693.0982666015625 229.42530822753906 3.5757741928100586 1.4580639600753784 1.5238593816757202 1.8347117900848389 1.7735060453414917 24.42815589904785 -7.832028865814209 0.1048
Pedestrian 1 1 1 101.79095458984375 155.22103881835938 136.3604278564453 222.82366943359375 0.5527469515800476 1.747717022895813 0.5275673866271973 -12.927693367004395 1.2915558815002441 18.935678482055664 -4.69117546081543 0.1030
Pedestrian 1 1 1 0.0 124.11540222167969 104.1795654296875 316.87591552734375 0.9866471290588379 1.8743274211883545 0.5847416520118713 -5.917842388153076 1.400112509727478 7.3951416015625 -6.095711708068848 0.1008
