Car 1 1 1 408.90826416015625 180.81695556640625 485.9799499511719 217.4242706298828 4.543869495391846 1.4795289039611816 1.7098597288131714 -7.275947570800781 1.8654013872146606 32.59758377075195 -4.518259525299072 0.9563
Car 1 1 1 614.8973388671875 174.279541015625 685.2085571289062 239.40240478515625 3.603689670562744 1.5680981874465942 1.7025374174118042 1.011297583580017 1.6095683574676514 19.298290252685547 -7.802032947540283 0.9305
Car 1 1 1 27.545671463012695 188.07144165039062 333.7350158691406 322.6597900390625 4.651180267333984 1.5368624925613403 1.7505600452423096 -6.210804462432861 1.8218737840652466 11.152280807495117 -4.6497721672058105 0.9223
Car 1 1 1 672.0150146484375 172.31028747558594 720.0902709960938 196.62586975097656 3.8043527603149414 1.4613466262817383 1.5638792514801025 5.420016288757324 1.4283696413040161 45.39491653442383 -7.306215763092041 0.8903
Car 1 1 1 520.9349975585938 172.69027709960938 571.5880737304688 208.52122497558594 3.9224300384521484 1.685802698135376 1.5797154903411865 -3.1582021713256836 1.6777993440628052 36.012977600097656 -4.544759273529053 0.8484
Car 1 1 1 826.7102661132812 176.2278289794922 1068.1162109375 312.32183837890625 3.693511724472046 1.4714686870574951 1.6389509439468384 4.601468563079834 1.5253180265426636 9.736676216125488 -7.015223026275635 0.7992
Car 1 1 1 0.0 189.68484497070312 164.8029022216797 253.1692657470703 3.8943405151367188 1.3665460348129272 1.5252565145492554 -13.656038284301758 1.8477585315704346 18.622514724731445 -4.600964546203613 0.7178
Car 1 1 1 190.49176025390625 184.76393127441406 340.4706726074219 247.34825134277344 4.177020072937012 1.4746623039245605 1.5754737854003906 -9.42227840423584 1.8415166139602661 20.0413761138916 -4.516541481018066 0.7169
Car 1 1 1 308.85906982421875 177.43675231933594 364.3183898925781 213.79689025878906 4.144822120666504 1.5165846347808838 1.6085890531539917 -12.396492004394531 1.738608717918396 32.82448959350586 -4.884774684906006 0.5079
Pedestrian 1 1 1 938.7201538085938 162.7884063720703 959.7583618164062 202.0243682861328 0.7391956448554993 1.828340768814087 0.701839804649353 15.953269958496094 1.35899817943573 34.032188415527344 -7.732011318206787 0.4219
Pedestrian 1 1 1 256.111328125 181.84817504882812 340.8316650390625 339.3489074707031 0.6015151739120483 1.5931206941604614 0.6765129566192627 -3.3491742610931396 1.6925685405731201 7.66920804977417 -7.953370571136475 0.3398
Car 1 1 1 0.0 183.21673583984375 33.41102600097656 327.8021240234375 3.6858630180358887 1.4952948093414307 1.5238703489303589 -9.846611022949219 1.661253571510315 9.656757354736328 -4.829806804656982 0.2719
Car 1 1 1 962.3929443359375 177.3192596435547 1057.7601318359375 208.2850341796875 4.102831840515137 1.502219796180725 1.649031639099121 20.36328887939453 1.740258812904358 36.97935104370117 -2.7571983337402344 0.2334
Car 1 1 1 708.96142578125 169.20713806152344 731.5030517578125 188.21961975097656 3.940481662750244 1.6784217357635498 1.6314001083374023 10.05863094329834 1.3561760187149048 65.81002044677734 -4.456043720245361 0.2318
Car 1 1 1 914.4675903320312 170.83743286132812 938.2259521484375 187.6149139404297 4.057769298553467 1.4908668994903564 1.5795866250991821 29.00615692138672 1.311370849609375 66.2895736694336 -4.4043097496032715 0.1897
Pedestrian 1 1 1 1023.600830078125 173.74607849121094 1037.6976318359375 211.30059814453125 0.24919746816158295 1.6890974044799805 0.5020116567611694 19.040414810180664 1.7296003103256226 32.733924865722656 -3.8936996459960938 0.1798
Pedestrian 1 1 1 1022.4059448242188 175.2963104248047 1036.7591552734375 214.32928466796875 0.25109073519706726 1.7427932024002075 0.5066313147544861 18.86883544921875 1.8534985780715942 32.522438049316406 -3.874769687652588 0.1549
Car 1 1 1 814.3421630859375 173.9014892578125 843.9852905273438 191.3883514404297 3.751960277557373 1.4768918752670288 1.6327269077301025 19.201189041137695 1.5713049173355103 63.211612701416016 -4.174900531768799 0.1477
Pedestrian 1 1 1 942.240234375 172.80018615722656 955.9202880859375 212.14804077148438 0.29728493094444275 1.7215020656585693 0.47324660420417786 14.919318199157715 1.7188475131988525 31.841537475585938 -3.4987192153930664 0.1390
Pedestrian 1 1 1 854.0155639648438 144.8822479248047 872.9893798828125 192.10032653808594 0.5296964645385742 2.0599441528320312 0.7625401020050049 11.155220031738281 0.8393437266349792 31.868690490722656 -7.460576057434082 0.1378
Pedestrian 1 1 1 1212.6783447265625 129.39068603515625 1240.843994140625 190.9573974609375 0.44726452231407166 1.9143593311309814 0.6411813497543335 19.437374114990234 0.5626083016395569 22.804288864135742 -7.23038911819458 0.1352
Pedestrian 1 1 1 97.262451171875 143.46885681152344 125.33944702148438 199.37619018554688 0.5528587698936462 1.9689980745315552 0.6915165781974792 -17.856107711791992 0.933783769607544 25.7780704498291 -8.153982162475586 0.1273
Cyclist 1 1 1 359.6327209472656 180.13853454589844 377.9442443847656 212.04307556152344 1.5175011157989502 1.6196478605270386 0.515430212020874 -12.649476051330566 2.008246421813965 37.75069046020508 -4.758965015411377 0.1268
Pedestrian 1 1 1 378.14581298828125 159.02394104003906 396.76702880859375 200.0857391357422 0.7494945526123047 1.8236417770385742 0.6416877508163452 -10.042305946350098 1.2091197967529297 32.4386100769043 -4.773319721221924 0.1224
Cyclist 1 1 1 0.0 165.8494873046875 43.76298522949219 222.70115661621094 1.7582893371582031 1.7380387783050537 0.4584645628929138 -19.017499923706055 1.523600697517395 22.949840545654297 -7.79362154006958 0.1203
Car 1 1 1 954.1005249023438 168.65631103515625 979.3637084960938 188.03094482421875 3.695540189743042 1.547162652015686 1.5741585493087769 29.41862678527832 1.211655616760254 59.6262321472168 -4.334577560424805 0.1195
Car 1 1 1 1025.6651611328125 165.50927734375 1093.6949462890625 185.29193115234375 4.20811653137207 1.473081111907959 1.6041468381881714 34.34025955200195 0.9258687496185303 55.262611389160156 -2.756009101867676 0.1040
Car 1 1 1 373.612060546875 178.16012573242188 441.4554443359375 210.28334045410156 3.752537250518799 1.4431616067886353 1.5278090238571167 -9.807929992675781 1.7155953645706177 35.08238220214844 -4.470947742462158 0.1019
