Car 1 1 1 860.0478515625 163.1088104248047 1168.68798828125 277.5330505371094 3.612090826034546 1.5539872646331787 1.6021114587783813 5.798379421234131 1.3181976079940796 10.406280517578125 -6.281611919403076 0.9573
Cyclist 1 1 1 658.1880493164062 158.16610717773438 702.6875 252.4771728515625 1.717498540878296 1.8279602527618408 0.5912368297576904 1.4842991828918457 1.3954397439956665 14.585460662841797 -7.941298007965088 0.8530
Pedestrian 1 1 1 698.6766357421875 160.80799865722656 720.998779296875 218.8487091064453 0.8398185968399048 1.811411738395691 0.562926709651947 3.293370246887207 1.1971198320388794 22.494436264038086 -7.882989406585693 0.8424
Car 1 1 1 710.5978393554688 166.6355743408203 826.785888671875 205.28097534179688 4.3617448806762695 1.5382612943649292 1.7022684812545776 6.632411956787109 0.9866199493408203 29.047672271728516 -6.307503700256348 0.7931
Pedestrian 1 1 1 284.3453063964844 173.19354248046875 334.7776184082031 267.4208984375 0.7172905802726746 1.6416139602661133 0.6781110763549805 -5.348959922790527 1.514695405960083 12.72022533416748 -3.3365964889526367 0.7774
Cyclist 1 1 1 558.4113159179688 164.75479125976562 574.8029174804688 198.6039276123047 1.7259373664855957 1.7706938982009888 0.6422384977340698 -2.0624496936798096 0.9471831321716309 37.87431716918945 -4.625330924987793 0.7019
Pedestrian 1 1 1 179.0759735107422 184.84735107421875 198.9966583251953 217.4447021484375 0.6300738453865051 1.7552156448364258 0.7003085017204285 -22.71247673034668 1.9951122999191284 38.58818817138672 -6.072951793670654 0.4140
Pedestrian 1 1 1 1166.4693603515625 160.66156005859375 1214.158203125 241.93809509277344 0.7030442953109741 1.6280862092971802 0.5674349665641785 12.03109073638916 1.23104989528656 14.590767860412598 -6.846218585968018 0.3593
Pedestrian 1 1 1 472.7806396484375 164.41162109375 490.3687744140625 199.29751586914062 0.888569176197052 1.8202720880508423 0.526360809803009 -6.5201334953308105 0.9809579849243164 37.24605178833008 -3.3613762855529785 0.3475
Car 1 1 1 1005.53076171875 159.19488525390625 1081.8338623046875 182.55035400390625 3.846736192703247 1.4546222686767578 1.5678914785385132 27.789846420288086 0.12777626514434814 44.87364196777344 -3.1137027740478516 0.3441
Pedestrian 1 1 1 1035.7021484375 143.44407653808594 1062.26953125 184.54824829101562 0.8927206993103027 1.8236640691757202 0.7095258235931396 19.974172592163086 0.17980316281318665 31.860788345336914 -7.7149786949157715 0.2641
Pedestrian 1 1 1 266.0965881347656 151.0322265625 286.6736755371094 199.33084106445312 0.5644975900650024 1.8403704166412354 0.6704844832420349 -12.720734596252441 0.717767059803009 27.318931579589844 -8.192300796508789 0.2608
Car 1 1 1 201.92860412597656 184.86256408691406 253.0325469970703 206.850830078125 3.982603073120117 1.5778533220291138 1.7021678686141968 -28.507923126220703 1.920502781867981 53.5349235534668 -4.697314739227295 0.2562
Pedestrian 1 1 1 148.85403442382812 188.79159545898438 161.81027221679688 217.86216735839844 0.6089667677879333 1.6871283054351807 0.7141320109367371 -26.562774658203125 2.182307481765747 41.75698471069336 -6.7955756187438965 0.2274
Pedestrian 1 1 1 844.6848754882812 166.50454711914062 864.4290771484375 212.40509033203125 0.7201204895973206 1.6426154375076294 0.5816683173179626 9.062277793884277 1.1420204639434814 25.756685256958008 -7.371139049530029 0.2035
Car 1 1 1 101.85521697998047 183.36427307128906 162.4327392578125 209.6912384033203 3.6962461471557617 1.6678509712219238 1.6157629489898682 -31.182762145996094 1.862821102142334 46.618675231933594 -5.856441497802734 0.2002
Cyclist 1 1 1 1020.1633911132812 139.96151733398438 1098.9107666015625 226.19842529296875 1.6754345893859863 1.6020694971084595 0.3999025523662567 8.896659851074219 0.8493301868438721 13.982962608337402 -7.910847187042236 0.2000
Pedestrian 1 1 1 284.8167724609375 169.4025115966797 305.9995422363281 210.37428283691406 0.7770635485649109 1.8172101974487305 0.644939124584198 -13.927092552185059 1.3252012729644775 31.767248153686523 -4.774131774902344 0.1751
Car 1 1 1 1133.6175537109375 162.8625946044922 1196.3389892578125 186.02293395996094 3.849339723587036 1.442289113998413 1.517074465751648 36.37873458862305 0.34401217103004456 46.05252456665039 -4.550727844238281 0.1539
Pedestrian 1 1 1 500.6957092285156 188.72314453125 523.9247436523438 232.2260284423828 0.8277072310447693 1.6820378303527832 0.6907774209976196 -3.6954660415649414 2.0123753547668457 27.944204330444336 -6.542529106140137 0.1493
Pedestrian 1 1 1 857.4230346679688 161.86419677734375 881.4608764648438 210.7568359375 0.6602360606193542 1.656692385673523 0.5680142045021057 9.090975761413574 1.0254957675933838 24.393022537231445 -7.104836940765381 0.1492
Cyclist 1 1 1 1165.1492919921875 152.89212036132812 1223.0 214.21754455566406 1.7107088565826416 1.765745997428894 0.6531503200531006 17.68080711364746 0.9711291790008545 20.89147186279297 -6.0260539054870605 0.1433
Pedestrian 1 1 1 1083.2293701171875 173.0042724609375 1113.4310302734375 234.288818359375 0.427225261926651 1.3183115720748901 0.37359029054641724 10.720291137695312 1.1574150323867798 15.435431480407715 -4.644060134887695 0.1386
Pedestrian 1 1 1 1139.482421875 162.835205078125 1205.8841552734375 265.7975158691406 0.6282885074615479 1.5866607427597046 0.5316106081008911 8.916854858398438 1.3148311376571655 11.185388565063477 -6.204479694366455 0.1361
Car 1 1 1 147.89559936523438 181.30419921875 204.50022888183594 204.47708129882812 4.062334060668945 1.6677545309066772 1.734056830406189 -31.96388816833496 1.7296079397201538 52.70105743408203 -5.809717178344727 0.1360
Pedestrian 1 1 1 861.030029296875 138.41146850585938 903.1687622070312 229.4099884033203 0.8549752235412598 1.8980412483215332 0.6963253617286682 5.910163402557373 1.0205121040344238 15.231894493103027 -4.527132511138916 0.1347
Car 1 1 1 816.5849609375 163.50076293945312 850.11328125 180.90016174316406 3.962219476699829 1.4293560981750488 1.611958384513855 19.368288040161133 0.032818641513586044 60.07600021362305 -4.698533058166504 0.1343
Car 1 1 1 434.3243408203125 176.2972412109375 485.4486083984375 208.05699157714844 3.5808186531066895 1.4482486248016357 1.5579588413238525 -6.950229644775391 1.2567894458770752 34.07195281982422 -7.799148082733154 0.1278
Pedestrian 1 1 1 160.1392364501953 180.85006713867188 177.37643432617188 216.7095947265625 0.6649184823036194 1.7845890522003174 0.6947689652442932 -22.00933074951172 1.8026173114776611 35.65129470825195 -6.7202839851379395 0.1265
Cyclist 1 1 1 297.5500183105469 175.09242248535156 312.4208984375 208.3603057861328 1.561249852180481 1.5917662382125854 0.36671608686447144 -14.706159591674805 1.333202600479126 34.631629943847656 -8.053314208984375 0.1261
Cyclist 1 1 1 1037.1568603515625 142.3243408203125 1100.286865234375 224.34942626953125 1.6393616199493408 1.5767741203308105 0.3879455327987671 9.379801750183105 0.8432823419570923 14.428709983825684 -7.733530521392822 0.1201
Pedestrian 1 1 1 215.06759643554688 155.18931579589844 237.3402557373047 202.9973907470703 0.5838561654090881 1.8195298910140991 0.6457759737968445 -14.6370267868042 0.8564661145210266 27.277185440063477 -8.124356269836426 0.1193
Pedestrian 1 1 1 524.171630859375 181.81996154785156 539.668701171875 213.95726013183594 0.7367882132530212 1.5259214639663696 0.585403323173523 -3.542880058288574 1.5904898643493652 34.0528450012207 -8.193520545959473 0.1176
Cyclist 1 1 1 319.38677978515625 147.98321533203125 378.2603759765625 209.51370239257812 1.5733891725540161 1.7404457330703735 0.5490939021110535 -7.4890899658203125 0.8209805488586426 20.57356834411621 -3.5658388137817383 0.1164
Pedestrian 1 1 1 3.0267045497894287 156.25582885742188 29.87139129638672 195.15219116210938 0.7971231341362 1.794594407081604 0.594041109085083 -27.502614974975586 0.6762043237686157 33.022911071777344 -7.862864017486572 0.1016
