Pedestrian 1 1 1 66.56206512451172 153.3710479736328 169.61048889160156 301.4756774902344 1.0118120908737183 1.8475896120071411 0.4943277835845947 -6.313305377960205 1.509564995765686 9.11202335357666 -6.193134784698486 0.5647
Pedestrian 1 1 1 58.93862533569336 153.4137725830078 121.95918273925781 252.376953125 0.6698185801506042 1.7638407945632935 0.6560443639755249 -9.45707893371582 1.281448245048523 12.948151588439941 -6.22713565826416 0.1520
Car 1 1 1 0.0 179.15113830566406 52.30545425415039 259.3348083496094 3.916473388671875 1.542737364768982 1.5764273405075073 -14.736994743347168 1.5171465873718262 15.643908500671387 -4.589202404022217 0.1346
Pedestrian 1 1 1 58.79240417480469 182.87387084960938 94.80418395996094 244.52249145507812 0.7995567321777344 1.732647180557251 0.7343169450759888 -15.316604614257812 1.8034064769744873 20.450727462768555 -3.8319764137268066 0.1337
Pedestrian 1 1 1 260.11053466796875 172.2467803955078 304.8775634765625 263.1146240234375 0.49008914828300476 1.713497519493103 0.6606194376945496 -6.3121137619018555 1.5582302808761597 13.740028381347656 -2.362004041671753 0.1332
Car 1 1 1 0.0 187.5602569580078 29.03968048095703 245.4025421142578 3.9044442176818848 1.4870303869247437 1.66552734375 -19.473112106323242 1.7145391702651978 20.715557098388672 -4.587484836578369 0.1316
Cyclist 1 1 1 849.7218017578125 148.12428283691406 905.1867065429688 258.360107421875 1.7577139139175415 1.7684643268585205 0.41806647181510925 4.631226539611816 1.2494577169418335 12.236174583435059 -7.7699761390686035 0.1315
Car 1 1 1 0.0 183.52835083007812 22.878318786621094 224.62301635742188 3.940502166748047 1.4336453676223755 1.6194146871566772 -24.94649314880371 1.5587244033813477 27.063215255737305 -4.51807165145874 0.1172
Pedestrian 1 1 1 839.086669921875 172.7657470703125 866.8650512695312 237.19320678710938 0.559322714805603 1.6053415536880493 0.6569440960884094 6.266643047332764 1.4129507541656494 17.99075698852539 -4.372457027435303 0.1171
Pedestrian 1 1 1 663.09228515625 152.48095703125 676.8753662109375 186.931396484375 0.6737475395202637 1.9232951402664185 0.6276936531066895 3.6559338569641113 0.35917073488235474 39.89568328857422 -7.512054920196533 0.1137
Pedestrian 1 1 1 781.6416015625 153.86846923828125 830.6570434570312 261.7867736816406 0.7990996837615967 1.8094977140426636 0.6280206441879272 3.424581289291382 1.3633369207382202 12.258153915405273 -4.701797008514404 0.1100
Pedestrian 1 1 1 469.0248107910156 184.37913513183594 514.389404296875 263.6402282714844 0.7753793597221375 1.6264615058898926 0.5826126337051392 -2.45322847366333 1.7118169069290161 15.024940490722656 -2.4628593921661377 0.1082
Cyclist 1 1 1 887.3135375976562 146.6661376953125 941.58203125 255.21292114257812 1.7245124578475952 1.7267142534255981 0.4151112139225006 5.226356029510498 1.1888835430145264 12.130897521972656 -7.705524921417236 0.1062
Pedestrian 1 1 1 964.7650146484375 159.24557495117188 1013.2708129882812 266.2076110839844 0.5131157040596008 1.7028907537460327 0.5827511548995972 6.225220680236816 1.364892840385437 11.57327938079834 -3.036468744277954 0.1047
