Car 1 1 1 586.2233276367188 172.7690887451172 659.1802368164062 239.8128662109375 3.5854129791259766 1.499769926071167 1.6321172714233398 0.23410220444202423 1.4975707530975342 17.9345645904541 -7.852694034576416 0.9222
Car 1 1 1 82.34268951416016 174.91883850097656 266.41876220703125 253.46083068847656 4.570326328277588 1.751510500907898 1.8010603189468384 -10.959678649902344 1.8109335899353027 18.541261672973633 -4.661096572875977 0.7569
Car 1 1 1 665.0438232421875 169.8663330078125 745.3626098632812 200.79054260253906 4.059865474700928 1.5230772495269775 1.6761388778686523 4.920156955718994 1.375629186630249 37.38688659667969 -6.893132209777832 0.6465
Car 1 1 1 432.3091125488281 176.36746215820312 477.94189453125 200.99398803710938 4.161511421203613 1.5423688888549805 1.6246109008789062 -10.271468162536621 1.7863267660140991 47.986454010009766 -4.568894863128662 0.6373
Car 1 1 1 1024.0650634765625 145.0506134033203 1241.0 374.0 4.107941150665283 1.5403889417648315 1.626953125 5.03736686706543 1.390136957168579 5.789401054382324 -6.939604759216309 0.5894
Car 1 1 1 695.4356689453125 166.2920379638672 827.2045288085938 228.43211364746094 4.2838568687438965 1.5364865064620972 1.648292899131775 4.236559867858887 1.3739343881607056 19.985214233398438 -7.12230920791626 0.4775
Car 1 1 1 654.8250732421875 172.55149841308594 705.191162109375 196.25791931152344 3.7911810874938965 1.527239203453064 1.5857843160629272 4.705165863037109 1.5074506998062134 48.46652603149414 -7.192526340484619 0.3986
Car 1 1 1 594.9661254882812 172.86361694335938 632.78173828125 208.30886840820312 3.7422196865081787 1.456294298171997 1.5529069900512695 0.17477813363075256 1.4564402103424072 31.54157066345215 -4.679492950439453 0.3307
Car 1 1 1 175.4971923828125 175.0638885498047 277.123779296875 223.31533813476562 3.7684223651885986 1.4706143140792847 1.507212519645691 -12.716809272766113 1.549916386604309 24.078229904174805 -4.751096725463867 0.2068
Car 1 1 1 439.0458679199219 178.8234405517578 484.7088317871094 201.53073120117188 4.11597204208374 1.5428428649902344 1.6608129739761353 -10.724624633789062 1.9939985275268555 52.373600006103516 -4.477123737335205 0.2004
Pedestrian 1 1 1 472.49273681640625 175.21542358398438 489.70343017578125 220.34234619140625 0.48496800661087036 1.713723063468933 0.6292731761932373 -4.9925456047058105 1.8050379753112793 27.711658477783203 -7.984487056732178 0.1994
Cyclist 1 1 1 647.2996826171875 174.3568115234375 657.8187255859375 196.93267822265625 1.585755467414856 1.6623764038085938 0.3836410641670227 3.1538257598876953 1.776357650756836 54.05441665649414 -8.060206413269043 0.1786
Pedestrian 1 1 1 0.0 152.25527954101562 22.21160316467285 196.59072875976562 0.7021668553352356 1.9121588468551636 0.621282160282135 -26.28974151611328 1.0234497785568237 31.51700782775879 -8.01984977722168 0.1594
Car 1 1 1 752.9337768554688 138.07859802246094 987.15087890625 269.5133361816406 4.812423229217529 1.8776476383209229 1.860147476196289 4.651982307434082 1.380553960800171 12.627570152282715 -7.032431125640869 0.1546
Car 1 1 1 546.3423461914062 176.6234130859375 579.2352294921875 199.7659454345703 4.304297924041748 1.5697283744812012 1.7341938018798828 -3.3780291080474854 1.8520578145980835 51.882259368896484 -4.626551151275635 0.1518
Car 1 1 1 606.5578002929688 159.00978088378906 629.5341796875 178.20370483398438 3.7814700603485107 1.7100114822387695 1.674599528312683 0.7453684210777283 0.4763111174106598 66.26624298095703 -7.723693370819092 0.1277
