Car 1 1 1 435.4008483886719 186.06582641601562 501.7943115234375 213.57200622558594 3.580428123474121 1.5136665105819702 1.6319812536239624 -8.136378288269043 2.2914159297943115 41.550838470458984 -3.2125205993652344 0.7219
Cyclist 1 1 1 272.8443298339844 187.74461364746094 309.02069091796875 236.56161499023438 1.8967039585113525 1.7922606468200684 0.520943284034729 -12.41586685180664 2.390113115310669 28.02862548828125 -4.683988571166992 0.7052
Pedestrian 1 1 1 777.1917114257812 168.91993713378906 795.5670166015625 200.55470275878906 0.9458872079849243 1.7899932861328125 0.5415765643119812 10.0150728225708 1.567091941833496 41.13767623901367 -3.054692268371582 0.4998
Pedestrian 1 1 1 0.0 147.20240783691406 20.10373306274414 205.77523803710938 0.47678518295288086 1.9338533878326416 0.6455854177474976 -20.291765213012695 1.0866349935531616 24.173349380493164 -5.140564918518066 0.4815
Car 1 1 1 0.0 215.13275146484375 66.96508026123047 374.0 4.048109531402588 1.5130075216293335 1.6236717700958252 -7.657463073730469 1.9785404205322266 6.486629962921143 -6.637327194213867 0.3542
Car 1 1 1 455.89141845703125 183.57980346679688 513.2305297851562 207.29168701171875 3.377608299255371 1.4901845455169678 1.5948076248168945 -8.233241081237793 2.208129405975342 47.29412078857422 -3.00295352935791 0.3031
Pedestrian 1 1 1 489.138427734375 157.29537963867188 504.9410400390625 193.92343139648438 0.8394735455513 1.918182611465454 0.7343446016311646 -6.01757287979126 1.1030900478363037 38.21976852416992 -7.892014980316162 0.2808
Pedestrian 1 1 1 839.5576171875 173.72486877441406 856.82080078125 210.80213928222656 0.6645467877388 1.7487287521362305 0.6712756156921387 11.317814826965332 1.7904279232025146 34.4228401184082 -6.158613204956055 0.2725
Pedestrian 1 1 1 319.6896057128906 169.12353515625 336.6316833496094 199.3173370361328 0.9658121466636658 1.771484613418579 0.6606490015983582 -16.75987434387207 1.552316665649414 42.82973861694336 -7.897312641143799 0.2192
Car 1 1 1 483.091796875 179.3014678955078 533.6029663085938 199.91387939453125 3.65150785446167 1.5524042844772339 1.670303225517273 -7.853029251098633 2.057904005050659 55.74260330200195 -3.1270360946655273 0.1915
Car 1 1 1 753.4345703125 172.36312866210938 791.5006713867188 193.78253173828125 3.8935954570770264 1.5389751195907593 1.532662034034729 12.052285194396973 1.5034053325653076 53.870426177978516 -4.839505195617676 0.1804
Car 1 1 1 348.01092529296875 181.19134521484375 398.8147277832031 210.5343780517578 3.7413220405578613 1.6855705976486206 1.5828901529312134 -14.562532424926758 2.2218880653381348 44.4964485168457 -4.606256008148193 0.1731
Car 1 1 1 384.92340087890625 180.77435302734375 426.5368957519531 205.12403869628906 3.9711313247680664 1.6308494806289673 1.6516193151474 -14.605588912963867 2.2201437950134277 51.679656982421875 -4.6518049240112305 0.1704
Car 1 1 1 822.0853881835938 168.454345703125 901.7033081054688 196.602783203125 4.020342826843262 1.596474528312683 1.7272478342056274 14.51705265045166 1.3466427326202393 41.83185577392578 -6.2605299949646 0.1661
Pedestrian 1 1 1 503.6211853027344 180.58349609375 516.7103271484375 205.75363159179688 0.7865106463432312 1.7047326564788818 0.6038678884506226 -6.8875322341918945 2.239548444747925 49.537811279296875 -6.618790149688721 0.1285
Car 1 1 1 672.2490234375 182.8367919921875 711.925048828125 209.2174835205078 4.049508094787598 1.604932188987732 1.661075234413147 5.331883907318115 2.292710781097412 47.61594009399414 -4.845676422119141 0.1152
Car 1 1 1 528.0121459960938 178.8551788330078 568.587646484375 202.5740203857422 4.246395111083984 1.5667287111282349 1.6900618076324463 -4.3434553146362305 2.0098066329956055 51.054832458496094 -4.499532222747803 0.1091
Pedestrian 1 1 1 690.7216186523438 168.90159606933594 705.080078125 194.24855041503906 1.0281084775924683 1.8755736351013184 0.48795923590660095 6.505124568939209 1.5828107595443726 53.660926818847656 -3.0902657508850098 0.1056
Pedestrian 1 1 1 426.5628662109375 195.4853973388672 446.5401916503906 233.5865478515625 0.5148946642875671 1.3174816370010376 0.4797617793083191 -6.228835105895996 2.134922981262207 25.719524383544922 -3.947606086730957 0.1038
Pedestrian 1 1 1 0.0 157.50979614257812 32.190185546875 220.3476104736328 0.5753435492515564 1.8688342571258545 0.7047960758209229 -18.083524703979492 1.4121885299682617 21.874631881713867 -8.321773529052734 0.1010
Car 1 1 1 460.2481689453125 179.8550262451172 505.5904235839844 201.6719512939453 3.6643848419189453 1.4748075008392334 1.6074743270874023 -9.15279769897461 1.9989497661590576 52.05336380004883 -4.363572597503662 0.1005
Pedestrian 1 1 1 1128.0712890625 101.36405944824219 1230.6116943359375 281.40478515625 0.7000300288200378 1.9199414253234863 0.6672672033309937 6.31192684173584 1.1572779417037964 8.109082221984863 -4.491309642791748 0.1002
