Car 1 1 1 91.60018920898438 182.37655639648438 280.8016357421875 274.0557556152344 3.621189594268799 1.5373715162277222 1.5870226621627808 -8.21651840209961 1.7498342990875244 14.299629211425781 -4.698156356811523 0.8909
Car 1 1 1 360.6654968261719 182.72293090820312 433.7450256347656 224.36758422851562 4.1145920753479 1.4525398015975952 1.573378086090088 -8.264841079711914 1.8666061162948608 28.22223472595215 -4.6919355392456055 0.8816
Car 1 1 1 578.9104614257812 177.68724060058594 613.3558349609375 210.6788787841797 4.079627513885498 1.5112053155899048 1.6066312789916992 -0.6809667944908142 1.7636710405349731 35.69180679321289 -7.8503241539001465 0.8460
Pedestrian 1 1 1 884.142578125 147.35691833496094 907.4564819335938 194.5351104736328 0.6109840273857117 2.0312998294830322 0.7211840152740479 12.418464660644531 0.9331996440887451 31.46780014038086 -5.023970127105713 0.3807
Car 1 1 1 359.2503356933594 181.20408630371094 439.66510009765625 229.10496520996094 3.8888936042785645 1.3867172002792358 1.5697907209396362 -6.805680274963379 1.6814749240875244 23.534236907958984 -4.735295295715332 0.2651
Pedestrian 1 1 1 932.8888549804688 173.95315551757812 961.36376953125 229.9728546142578 0.8192427754402161 1.7640068531036377 0.6761564612388611 10.802738189697266 1.7998169660568237 23.221818923950195 -5.834259510040283 0.2551
Pedestrian 1 1 1 1204.1356201171875 131.60379028320312 1239.5411376953125 197.2550506591797 0.5691943764686584 1.9524071216583252 0.6588617563247681 18.458782196044922 0.7253646850585938 21.836896896362305 -7.509899616241455 0.2066
Pedestrian 1 1 1 818.5179443359375 151.41305541992188 848.433349609375 209.19239807128906 0.9222094416618347 1.870453953742981 0.6862066984176636 7.322551250457764 1.1760601997375488 23.826475143432617 -4.734533309936523 0.1716
Car 1 1 1 285.62860107421875 179.79493713378906 414.6842346191406 240.6138458251953 4.226465225219727 1.4074902534484863 1.6548805236816406 -6.843362331390381 1.6144309043884277 19.368925094604492 -4.629428386688232 0.1475
Cyclist 1 1 1 683.369140625 177.2678985595703 690.2745361328125 200.7079620361328 1.4938297271728516 1.5986756086349487 0.41494008898735046 5.315549373626709 1.9104448556900024 50.25522232055664 -4.64834451675415 0.1204
Cyclist 1 1 1 691.0457763671875 173.94068908691406 700.2734985351562 202.07435607910156 1.5545170307159424 1.621686577796936 0.33661597967147827 4.996086597442627 1.6864640712738037 42.43071746826172 -7.867569446563721 0.1190
Cyclist 1 1 1 1175.92822265625 167.00306701660156 1216.6923828125 208.4695281982422 1.7974720001220703 1.7599759101867676 0.561433732509613 25.573123931884766 1.5113428831100464 31.556529998779297 -4.551883697509766 0.1087
Car 1 1 1 234.5636749267578 187.37583923339844 300.2054443359375 213.89169311523438 4.0043625831604 1.444769024848938 1.6461795568466187 -20.70903778076172 2.3665904998779297 43.71616744995117 -4.566153049468994 0.1065
Car 1 1 1 484.84210205078125 179.61135864257812 518.5863647460938 205.45083618164062 3.8924880027770996 1.6171770095825195 1.5698646306991577 -7.214540004730225 2.086271047592163 48.1539192199707 -4.684721946716309 0.1044
