Car 1 1 1 928.7706909179688 183.22996520996094 1104.150634765625 265.6893005371094 3.289008140563965 1.3627851009368896 1.478696584701538 7.641341209411621 1.5879055261611938 14.00973892211914 -7.883826732635498 0.9690
Car 1 1 1 740.2373657226562 183.47528076171875 867.2970581054688 263.87713623046875 3.3205838203430176 1.3642466068267822 1.527650237083435 3.6641931533813477 1.60044527053833 14.377577781677246 -7.892562389373779 0.9592
Car 1 1 1 237.36468505859375 174.19906616210938 287.310791015625 190.4329833984375 3.8890225887298584 1.480928897857666 1.5931265354156494 -32.226356506347656 1.6070184707641602 66.88687896728516 -3.080552101135254 0.2738
Pedestrian 1 1 1 959.6531372070312 171.7534637451172 978.3402099609375 206.01123046875 0.783395528793335 1.7463324069976807 0.701032817363739 18.51502227783203 1.6899313926696777 37.29006576538086 -5.696408271789551 0.2648
Car 1 1 1 0.0 185.0018310546875 98.05911254882812 220.28659057617188 3.727022409439087 1.4462229013442993 1.5658513307571411 -25.908794403076172 2.0349676609039307 32.97367477416992 -7.368264675140381 0.1861
Car 1 1 1 23.264144897460938 176.85879516601562 86.60037994384766 201.57838439941406 3.7659897804260254 1.6105437278747559 1.666150450706482 -38.089202880859375 1.8962219953536987 49.58188247680664 -4.790802955627441 0.1775
Pedestrian 1 1 1 969.5308837890625 143.8595428466797 1001.2637939453125 200.2908172607422 0.7933780550956726 1.8855078220367432 0.6829386353492737 12.699904441833496 0.9164316654205322 24.51805877685547 -4.673376083374023 0.1467
Car 1 1 1 318.66375732421875 178.92295837402344 348.5152893066406 200.2043914794922 3.9501264095306396 1.4742425680160522 1.5682950019836426 -20.47576332092285 1.9399967193603516 53.29841995239258 -5.205658912658691 0.1434
Pedestrian 1 1 1 361.1177062988281 152.4836883544922 434.9775085449219 308.4476318359375 0.9814028143882751 1.825365424156189 0.5764483213424683 -2.714596748352051 1.586656093597412 9.010110855102539 -5.357333660125732 0.1401
Cyclist 1 1 1 1109.6458740234375 174.2943115234375 1164.9898681640625 248.4326629638672 1.555317759513855 1.569291353225708 0.35468465089797974 11.683878898620605 1.6027220487594604 16.10067367553711 -7.673190593719482 0.1377
Car 1 1 1 317.37628173828125 178.11863708496094 386.2154541015625 203.8544158935547 3.7806344032287598 1.5315581560134888 1.5860211849212646 -16.270299911499023 1.8757312297821045 45.438140869140625 -3.789651870727539 0.1298
Pedestrian 1 1 1 291.34588623046875 157.99417114257812 312.0748291015625 198.98184204101562 0.707223117351532 1.8235734701156616 0.6981935501098633 -13.922908782958984 1.162148356437683 32.50027847290039 -7.992763042449951 0.1030
