Car 1 1 1 86.9144515991211 191.84402465820312 287.7117614746094 294.4161376953125 3.994210720062256 1.4208521842956543 1.5801640748977661 -6.965330600738525 1.5538330078125 12.316349983215332 -7.995649814605713 0.9738
Car 1 1 1 541.3715209960938 175.89625549316406 616.29443359375 239.22470092773438 3.8100550174713135 1.5790549516677856 1.6680271625518799 -0.9411855340003967 1.3468377590179443 19.932119369506836 -8.003303527832031 0.9623
Car 1 1 1 251.512451171875 185.06591796875 352.5286865234375 241.02462768554688 4.665555953979492 1.4435944557189941 1.6410521268844604 -8.797812461853027 1.4398876428604126 20.97791290283203 -8.012919425964355 0.9262
Car 1 1 1 443.2570495605469 178.7164306640625 499.0982360839844 231.326171875 3.6964333057403564 1.6256691217422485 1.7067564725875854 -4.6031413078308105 1.42499577999115 24.17970848083496 -8.025354385375977 0.9150
Car 1 1 1 345.912353515625 182.87319946289062 398.51885986328125 217.91368103027344 4.519854545593262 1.476048231124878 1.7101978063583374 -10.65221881866455 1.3775304555892944 32.66117477416992 -8.04221248626709 0.8984
Car 1 1 1 0.0 168.32298278808594 103.4607162475586 280.03338623046875 4.386804580688477 1.7184842824935913 1.670383334159851 -11.488044738769531 1.4587743282318115 13.362593650817871 -8.026365280151367 0.8314
Car 1 1 1 0.0 202.14512634277344 75.1406478881836 375.0 3.8131914138793945 1.5107139348983765 1.574951410293579 -6.267421245574951 1.692672610282898 5.716033935546875 -8.005489349365234 0.6564
Car 1 1 1 379.48455810546875 181.59521484375 416.5396423339844 208.9398651123047 3.6356570720672607 1.4994820356369019 1.57453191280365 -12.04166030883789 1.3011054992675781 41.33417510986328 -8.003250122070312 0.5460
Car 1 1 1 340.03594970703125 177.1940155029297 370.5313415527344 199.0003662109375 3.6565678119659424 1.5936957597732544 1.632463812828064 -19.114105224609375 1.0075962543487549 54.48221206665039 -8.034907341003418 0.4935
Car 1 1 1 227.6715850830078 167.57040405273438 300.19512939453125 211.42010498046875 4.457268238067627 1.7575607299804688 1.703568696975708 -14.821855545043945 1.0504683256149292 31.155263900756836 -8.02800178527832 0.4567
Car 1 1 1 504.24884033203125 178.98744201660156 528.1922607421875 198.4935302734375 3.6631269454956055 1.54258394241333 1.624219536781311 -7.53270149230957 1.0501972436904907 58.8112907409668 -8.068860054016113 0.4566
Car 1 1 1 146.3043670654297 179.16799926757812 262.5384826660156 231.53997802734375 4.397562503814697 1.4426608085632324 1.598251223564148 -12.253179550170898 1.2762255668640137 22.086074829101562 -7.984669208526611 0.3864
Car 1 1 1 412.5509033203125 177.31336975097656 437.62493896484375 197.87744140625 3.556968927383423 1.5475772619247437 1.6598104238510132 -14.215617179870605 0.953034520149231 55.997440338134766 -8.03532600402832 0.3692
Car 1 1 1 439.3658752441406 181.61642456054688 486.17364501953125 216.09779357910156 3.655198335647583 1.4814362525939941 1.6389219760894775 -6.584651947021484 1.3269569873809814 32.76520538330078 -7.924371242523193 0.2872
Car 1 1 1 278.7859191894531 175.5043487548828 327.29022216796875 195.0264434814453 3.7902870178222656 1.512840986251831 1.6168253421783447 -24.341663360595703 0.7604296803474426 57.36067199707031 -2.6130216121673584 0.1508
Pedestrian 1 1 1 784.5315551757812 146.13136291503906 816.448974609375 208.81698608398438 0.7982791066169739 1.9041019678115845 0.6855607032775879 5.921998500823975 0.7170565128326416 22.285974502563477 -4.878867149353027 0.1446
Car 1 1 1 461.3271789550781 168.20877075195312 488.19378662109375 194.28475952148438 4.137370586395264 1.6612149477005005 1.6886097192764282 -8.867809295654297 0.5779175758361816 47.97636795043945 -8.021326065063477 0.1434
Cyclist 1 1 1 653.8789672851562 183.57711791992188 673.8548583984375 227.40493774414062 1.7101455926895142 1.8243260383605957 0.6778727769851685 2.352248430252075 1.7562779188156128 30.785865783691406 -7.879980564117432 0.1415
Car 1 1 1 642.1455078125 178.64224243164062 725.460693359375 210.0548095703125 3.8155369758605957 1.4333351850509644 1.6071993112564087 3.6357669830322266 1.1335501670837402 34.51156234741211 -6.857095718383789 0.1320
Pedestrian 1 1 1 189.54039001464844 161.4589385986328 210.69081115722656 200.48001098632812 0.8543124198913574 1.916750431060791 0.5281116962432861 -20.283096313476562 0.7499544620513916 35.71690368652344 -6.671175956726074 0.1201
Car 1 1 1 568.0840454101562 179.1203155517578 633.5542602539062 204.62753295898438 3.677811861038208 1.5127321481704712 1.6144050359725952 -0.45362988114356995 1.1513969898223877 44.10274887084961 -2.733819007873535 0.1103
Car 1 1 1 292.51531982421875 181.75868225097656 348.1912841796875 209.5271453857422 4.038462162017822 1.5887064933776855 1.6617376804351807 -17.208940505981445 1.391079068183899 43.16380310058594 -4.691467761993408 0.1034
