Car 1 1 1 245.84207153320312 188.05874633789062 467.8221130371094 311.9809875488281 4.583001136779785 1.491542100906372 1.7678215503692627 -3.77618145942688 1.7846145629882812 11.589398384094238 -4.662785530090332 0.9274
Car 1 1 1 359.5067443847656 181.3765411376953 475.8900146484375 221.5702362060547 4.370593070983887 1.5984615087509155 1.7354944944381714 -8.011788368225098 1.96571946144104 30.11855125427246 -6.221988201141357 0.8871
Car 1 1 1 66.27476501464844 195.77462768554688 176.35780334472656 237.11492919921875 3.3862087726593018 1.5307873487472534 1.5923519134521484 -19.444828033447266 2.472795009613037 28.71611213684082 -3.0500693321228027 0.6588
Car 1 1 1 785.8179931640625 164.309814453125 835.0387573242188 181.4997100830078 3.9346985816955566 1.523826003074646 1.6772968769073486 17.984909057617188 0.7661123275756836 64.91492462158203 -6.342101573944092 0.2780
Car 1 1 1 819.998291015625 152.6781463623047 867.4837036132812 187.13046264648438 3.602858781814575 1.7135169506072998 1.636648178100586 12.131670951843262 0.70975261926651 37.76048278808594 -7.753907680511475 0.2646
Car 1 1 1 316.2012939453125 179.37828063964844 366.7344665527344 208.79898071289062 4.188388824462891 1.5504786968231201 1.6741552352905273 -15.27525806427002 1.9418110847473145 41.14820098876953 -4.80626916885376 0.2371
Car 1 1 1 635.3099365234375 175.07977294921875 664.7828979492188 192.58914184570312 4.115926265716553 1.4779399633407593 1.610601782798767 3.47049617767334 1.6806468963623047 63.63359069824219 -4.9108991622924805 0.2221
Pedestrian 1 1 1 226.80491638183594 155.39669799804688 246.54873657226562 194.9480743408203 0.5932179093360901 1.924455165863037 0.6268361806869507 -18.389795303344727 1.0747337341308594 35.470123291015625 -7.615731716156006 0.1666
Car 1 1 1 119.72154235839844 208.01800537109375 205.1731414794922 240.71694946289062 3.253061532974243 1.4498200416564941 1.7103112936019897 -22.022537231445312 3.2334864139556885 35.494056701660156 -2.9760279655456543 0.1616
Pedestrian 1 1 1 427.0405578613281 156.58523559570312 443.78533935546875 194.4728546142578 0.772798478603363 2.045917272567749 0.7222508192062378 -9.55547046661377 1.1671098470687866 39.35187911987305 -7.846466541290283 0.1569
Pedestrian 1 1 1 242.66513061523438 180.86610412597656 281.3465881347656 241.32371520996094 0.7754589915275574 1.6461937427520752 0.6318161487579346 -9.826921463012695 1.876623272895813 20.278833389282227 -4.069756031036377 0.1553
Pedestrian 1 1 1 924.37744140625 149.474609375 939.8078002929688 195.6542205810547 0.30912214517593384 1.842895746231079 0.5037465691566467 12.917530059814453 0.9095913767814636 29.03776741027832 -5.129024028778076 0.1522
Pedestrian 1 1 1 110.0604248046875 158.9616241455078 143.0364990234375 222.3624725341797 0.5875533819198608 1.8018832206726074 0.5753989219665527 -13.99248218536377 1.4067550897598267 20.82027816772461 -4.784797191619873 0.1438
Car 1 1 1 530.6934204101562 176.90623474121094 559.3758544921875 193.52549743652344 3.5652689933776855 1.449755072593689 1.4975757598876953 -5.914783954620361 1.8296719789505005 65.78816986083984 -4.4601874351501465 0.1348
Car 1 1 1 62.9055290222168 154.18539428710938 162.62796020507812 194.63211059570312 4.01896858215332 2.0379393100738525 1.8337417840957642 -26.51418685913086 1.0970075130462646 38.56401824951172 -7.426072597503662 0.1309
Pedestrian 1 1 1 661.029296875 161.31558227539062 680.7935180664062 196.4075164794922 0.9706029295921326 1.8230080604553223 0.4394330382347107 3.144587755203247 1.2232933044433594 37.74227523803711 -6.365237712860107 0.1259
Pedestrian 1 1 1 1203.351806640625 156.50262451171875 1241.0 256.37506103515625 0.6647731065750122 1.7267005443572998 0.5649999380111694 10.98727798461914 1.4437006711959839 12.906732559204102 -3.869171142578125 0.1204
Pedestrian 1 1 1 313.9864196777344 185.03482055664062 334.4505920410156 219.40423583984375 0.7771174311637878 1.764771819114685 0.6835740804672241 -14.955674171447754 2.4066073894500732 37.672401428222656 -6.222107410430908 0.1153
Pedestrian 1 1 1 378.7118225097656 160.09007263183594 391.9878845214844 190.0872802734375 0.7634182572364807 1.9383362531661987 0.591528594493866 -14.671065330505371 1.113267183303833 47.02418899536133 -7.787878513336182 0.1150
Car 1 1 1 738.096435546875 171.586669921875 759.7838134765625 190.43093872070312 3.7897746562957764 1.4194746017456055 1.579411268234253 10.852265357971191 1.3237109184265137 56.37005615234375 -7.640848636627197 0.1044
