Car 1 1 1 799.7092895507812 188.52479553222656 1151.861083984375 374.0 3.4762485027313232 1.3999240398406982 1.5222792625427246 2.8766767978668213 1.5817124843597412 6.632297515869141 -7.835779666900635 0.9552
Car 1 1 1 673.0530395507812 176.78067016601562 759.5806884765625 242.7905731201172 4.127866268157959 1.4859281778335571 1.575587272644043 2.5607638359069824 1.597912073135376 18.56063461303711 -7.864145755767822 0.9368
Car 1 1 1 0.0 191.07449340820312 316.7779541015625 374.0 3.889216423034668 1.475469708442688 1.6451774835586548 -4.428226470947266 1.6964154243469238 6.811895370483398 -4.71838903427124 0.9310
Car 1 1 1 440.59918212890625 179.87330627441406 506.07879638671875 228.09613037109375 3.9610204696655273 1.5153483152389526 1.7107107639312744 -4.742800235748291 1.780570387840271 25.277263641357422 -4.756977558135986 0.9241
Car 1 1 1 738.7727661132812 182.15811157226562 907.551025390625 299.2296142578125 3.3279786109924316 1.4679003953933716 1.5277513265609741 2.999509572982788 1.6310113668441772 10.993247032165527 -7.874517917633057 0.8517
Car 1 1 1 475.2187805175781 172.36106872558594 519.4332275390625 216.14955139160156 3.8714771270751953 1.7440928220748901 1.5805658102035522 -4.781378746032715 1.7241592407226562 30.731977462768555 -4.793139457702637 0.8323
Car 1 1 1 196.59249877929688 176.66502380371094 354.9317626953125 231.4695281982422 3.793886423110962 1.4858731031417847 1.548011064529419 -9.47300910949707 1.598314642906189 20.511825561523438 -6.251661777496338 0.8030
Car 1 1 1 497.00750732421875 173.7178955078125 539.2261352539062 211.39659118652344 4.121811389923096 1.7889220714569092 1.6403430700302124 -4.61725378036499 1.8347022533416748 36.4196891784668 -4.720475673675537 0.7459
Car 1 1 1 646.556396484375 172.9292755126953 695.6604614257812 209.4495849609375 4.261362552642822 1.5742582082748413 1.7321637868881226 2.70519757270813 1.5776559114456177 33.27660369873047 -4.753913879394531 0.6803
Car 1 1 1 660.9970703125 172.42787170410156 721.4835205078125 222.4385986328125 3.691354751586914 1.59188711643219 1.5787581205368042 2.672332286834717 1.5780233144760132 24.831575393676758 -7.878349781036377 0.5580
Pedestrian 1 1 1 736.6187744140625 169.99916076660156 760.1027221679688 214.28883361816406 0.7325820326805115 1.6190091371536255 0.605734646320343 5.0683794021606445 1.5143506526947021 26.694583892822266 -6.327421188354492 0.2840
Pedestrian 1 1 1 457.0113830566406 170.089599609375 476.1756896972656 207.96380615234375 0.8577305674552917 1.692665934562683 0.6616916656494141 -6.534377574920654 1.5688201189041138 32.69230651855469 -7.801929950714111 0.2419
Pedestrian 1 1 1 850.7867431640625 155.8599853515625 883.8145141601562 237.37281799316406 0.7290294766426086 1.7663590908050537 0.6658833026885986 5.672662734985352 1.3978040218353271 16.083141326904297 -4.4075727462768555 0.1818
Pedestrian 1 1 1 743.0442504882812 133.5171356201172 782.571044921875 224.3212890625 0.7050957083702087 1.8223236799240112 0.6108937859535217 3.0855166912078857 1.0325829982757568 14.861538887023926 -4.812079429626465 0.1808
Pedestrian 1 1 1 1146.843994140625 109.72151184082031 1241.0 316.0218200683594 0.9584138989448547 1.9166171550750732 0.5752847790718079 5.9261322021484375 1.3297897577285767 7.1309051513671875 -2.8112878799438477 0.1445
Pedestrian 1 1 1 671.499755859375 150.14389038085938 689.7293090820312 199.82467651367188 0.9252123236656189 1.955862045288086 0.6295089721679688 2.7910468578338623 1.0614972114562988 28.923572540283203 -4.50427770614624 0.1357
Pedestrian 1 1 1 284.4743347167969 160.173095703125 316.5859069824219 217.4723358154297 0.8515011072158813 1.7749289274215698 0.6685253977775574 -9.81203556060791 1.3818191289901733 22.787181854248047 -4.745186805725098 0.1319
Car 1 1 1 647.6402587890625 172.64535522460938 684.5896606445312 201.74032592773438 3.6587517261505127 1.5331968069076538 1.599247932434082 3.018282175064087 1.5219019651412964 39.88572692871094 -7.89882230758667 0.1264
Pedestrian 1 1 1 807.7047119140625 159.16661071777344 840.1083374023438 223.9012908935547 0.6820106506347656 1.7578167915344238 0.592803418636322 5.850779056549072 1.3858473300933838 19.923763275146484 -3.248182773590088 0.1095
Car 1 1 1 615.9815673828125 173.21185302734375 663.05517578125 189.24261474609375 4.198160171508789 1.4865390062332153 1.6177619695663452 2.7503504753112793 1.520577073097229 68.09724426269531 -6.445740699768066 0.1048
