Car 1 1 1 392.4942321777344 186.1210174560547 567.5368041992188 307.9868469238281 3.8900136947631836 1.4519075155258179 1.612414002418518 -1.8230526447296143 1.6920416355133057 11.056200981140137 -4.605368137359619 0.9462
Cyclist 1 1 1 741.156982421875 161.47210693359375 776.66650390625 219.1690673828125 1.8563051223754883 1.7930004596710205 0.5460478663444519 4.755237579345703 1.438995122909546 23.3785457611084 -7.985299587249756 0.9054
Car 1 1 1 321.29144287109375 187.9310760498047 449.0973205566406 280.6343078613281 3.5304529666900635 1.4161560535430908 1.5262455940246582 -4.0781450271606445 1.7345616817474365 13.43311595916748 -4.789944171905518 0.8003
Car 1 1 1 509.85052490234375 179.05308532714844 553.4007568359375 209.0070037841797 3.576356887817383 1.395172119140625 1.5140767097473145 -3.9222941398620605 1.7219030857086182 36.21804428100586 -4.626527786254883 0.7850
Pedestrian 1 1 1 36.05686950683594 162.17230224609375 121.14393615722656 285.68792724609375 0.8262224197387695 1.773746371269226 0.6022392511367798 -7.923264026641846 1.6200519800186157 10.703328132629395 -3.0394203662872314 0.5579
Car 1 1 1 568.2628784179688 180.2567138671875 616.5191040039062 199.64857482910156 3.673210620880127 1.491900086402893 1.5502843856811523 -1.4430922269821167 2.0903661251068115 57.329986572265625 -3.286055564880371 0.3115
Car 1 1 1 625.0635375976562 184.0556182861328 697.8045654296875 212.52642822265625 3.6932528018951416 1.4701558351516724 1.5172885656356812 2.7197351455688477 2.0915770530700684 39.04655838012695 -6.418485641479492 0.2444
Car 1 1 1 542.04638671875 177.84564208984375 571.6817626953125 204.1299591064453 3.772207260131836 1.5311641693115234 1.5408600568771362 -3.3673899173736572 1.854259967803955 44.765777587890625 -4.864294052124023 0.2357
Car 1 1 1 655.756591796875 179.21522521972656 707.6456298828125 198.5870361328125 4.053065776824951 1.494890570640564 1.5724972486495972 5.6894025802612305 2.009773015975952 57.3985595703125 -6.155780792236328 0.1670
Pedestrian 1 1 1 311.04302978515625 178.0702667236328 350.1807861328125 238.85633850097656 0.8896547555923462 1.7139400243759155 0.6323192715644836 -8.157032012939453 1.8689697980880737 20.96039581298828 -4.367399215698242 0.1475
Cyclist 1 1 1 463.543212890625 146.12576293945312 500.3296203613281 199.2838897705078 1.4598690271377563 1.7338675260543823 0.5646699070930481 -4.348267078399658 0.8617679476737976 24.317020416259766 -4.3619585037231445 0.1369
Pedestrian 1 1 1 0.0 154.40623474121094 62.53025817871094 295.162841796875 0.7608392834663391 1.77224600315094 0.5488560795783997 -7.778011798858643 1.5396729707717896 9.412276268005371 -6.135257244110107 0.1338
Pedestrian 1 1 1 322.962890625 172.451416015625 355.4637451171875 227.8313751220703 0.8828474879264832 1.691103458404541 0.5918652415275574 -8.489384651184082 1.6785099506378174 22.515193939208984 -4.556366443634033 0.1323
Car 1 1 1 629.7277221679688 171.81210327148438 659.3313598632812 189.48406982421875 3.9829015731811523 1.5204102993011475 1.5393099784851074 3.083087921142578 1.4304698705673218 64.2119140625 -4.368772983551025 0.1315
Pedestrian 1 1 1 256.6020202636719 162.09747314453125 288.3254089355469 232.90081787109375 0.8358705639839172 1.713620662689209 0.6574705243110657 -8.446799278259277 1.452985405921936 17.970808029174805 -5.077517986297607 0.1266
Car 1 1 1 422.9786071777344 168.87632751464844 502.3716125488281 226.8236083984375 3.869460105895996 1.48031747341156 1.6774723529815674 -4.327443599700928 1.378404140472412 20.536672592163086 -5.056911945343018 0.1212
Pedestrian 1 1 1 213.45396423339844 165.32662963867188 258.72735595703125 245.53921508789062 0.6174156069755554 1.682067632675171 0.6362438201904297 -8.053032875061035 1.5239180326461792 15.455928802490234 -4.659160614013672 0.1166
Car 1 1 1 603.310791015625 176.14370727539062 629.1019897460938 197.1998291015625 3.8471851348876953 1.482908844947815 1.4431697130203247 0.4625265598297119 1.73540461063385 53.44379806518555 -4.578532695770264 0.1127
Pedestrian 1 1 1 897.5081787109375 148.16213989257812 928.0745849609375 209.3594512939453 0.8106805086135864 1.872947096824646 0.6701236963272095 9.392379760742188 1.1169513463974 22.518997192382812 -7.755603313446045 0.1115
Pedestrian 1 1 1 1028.62939453125 145.93333435058594 1102.2196044921875 265.5531921386719 0.6907718181610107 1.6977777481079102 0.5970333218574524 6.601036548614502 1.31538987159729 10.56804084777832 -6.369495868682861 0.1090
Pedestrian 1 1 1 865.2191772460938 138.65126037597656 905.3416748046875 222.5476837158203 0.8637977838516235 1.892043948173523 0.6979856491088867 6.3251729011535645 1.1203991174697876 16.749860763549805 -4.567930221557617 0.1070
Pedestrian 1 1 1 238.06068420410156 166.27035522460938 279.7535095214844 241.24566650390625 0.7503687143325806 1.6963876485824585 0.6617466807365417 -8.18449878692627 1.5471265316009521 16.73784828186035 -4.833357334136963 0.1054
