Car 1 1 1 85.83988952636719 185.15977478027344 418.9931335449219 374.0 3.7605090141296387 1.557207465171814 1.597143292427063 -3.6184446811676025 1.7269237041473389 8.025691986083984 -4.6245622634887695 0.9376
Car 1 1 1 694.8640747070312 175.38088989257812 764.9296875 237.29763793945312 3.491487979888916 1.4178194999694824 1.6122545003890991 3.066927671432495 1.4889904260635376 18.5413875579834 -7.663759708404541 0.8951
Car 1 1 1 381.47479248046875 190.57125854492188 506.8744201660156 278.8822021484375 3.6442792415618896 1.4254181385040283 1.4866670370101929 -3.1724181175231934 1.8204840421676636 14.246015548706055 -4.664992809295654 0.8898
Car 1 1 1 447.23114013671875 183.16160583496094 539.7474365234375 246.8508758544922 4.115696430206299 1.4470040798187256 1.6240571737289429 -3.0153098106384277 1.7503434419631958 19.16265296936035 -4.667428970336914 0.8632
Car 1 1 1 887.3518676757812 164.884765625 1222.3311767578125 264.20758056640625 4.224168300628662 1.4319442510604858 1.5946972370147705 6.718143939971924 1.31675124168396 11.339208602905273 -6.216290473937988 0.8377
Car 1 1 1 946.9734497070312 129.48008728027344 1241.0 372.3509826660156 4.584784030914307 1.6784303188323975 1.7472734451293945 5.206968307495117 1.3783823251724243 7.320882320404053 -4.660677909851074 0.7907
Car 1 1 1 502.45703125 178.27716064453125 551.9082641601562 220.3505859375 3.208259344100952 1.5762524604797363 1.459816336631775 -3.3307628631591797 1.807003140449524 29.0980281829834 -4.65612268447876 0.7599
Car 1 1 1 893.6146850585938 162.66917419433594 970.1670532226562 191.29115295410156 3.9884095191955566 1.5506081581115723 1.682045578956604 18.09894561767578 0.9985407590866089 40.651512145996094 -3.5486984252929688 0.6437
Car 1 1 1 747.7183227539062 170.30270385742188 829.4029541015625 215.281005859375 3.258812189102173 1.5662802457809448 1.603248953819275 6.642362117767334 1.4771366119384766 26.87230110168457 -7.118730068206787 0.5554
Car 1 1 1 704.9343872070312 177.14791870117188 787.8692626953125 229.47198486328125 3.57973575592041 1.503797173500061 1.6158382892608643 4.372605800628662 1.6521461009979248 23.01862144470215 -7.367263317108154 0.5295
Pedestrian 1 1 1 473.96783447265625 159.54464721679688 494.2503356933594 198.623291015625 0.9153518080711365 1.895726203918457 0.6193455457687378 -6.224443435668945 1.2497824430465698 35.42937469482422 -6.571959018707275 0.4525
Car 1 1 1 527.4060668945312 179.06170654296875 564.8704833984375 212.59030151367188 3.939255714416504 1.4609863758087158 1.626776099205017 -3.0154995918273926 1.7721480131149292 34.193180084228516 -4.763780117034912 0.4506
Pedestrian 1 1 1 211.50021362304688 181.93775939941406 236.7093505859375 242.20416259765625 0.8864098787307739 1.6244293451309204 0.5893115401268005 -10.825224876403809 1.8843666315078735 20.13982391357422 -5.238802433013916 0.4388
Car 1 1 1 342.7634582519531 182.13681030273438 377.8935852050781 210.64125061035156 3.6489365100860596 1.4551931619644165 1.619598627090454 -13.863844871520996 1.996138572692871 40.095802307128906 -8.123826026916504 0.3895
Car 1 1 1 720.8983154296875 163.34597778320312 799.64453125 194.86593627929688 4.003422737121582 1.6148974895477295 1.6731064319610596 7.9348955154418945 1.1274619102478027 38.26073455810547 -2.898721218109131 0.3250
Car 1 1 1 413.6090393066406 174.9363250732422 438.6147766113281 193.19989013671875 4.185394287109375 1.4065594673156738 1.662838339805603 -14.922062873840332 1.581083059310913 58.32964324951172 -8.174837112426758 0.2819
Pedestrian 1 1 1 351.35333251953125 182.75564575195312 368.4133605957031 222.05833435058594 0.6872705817222595 1.6984739303588867 0.6021589636802673 -11.049276351928711 2.139406204223633 31.76485824584961 -3.4365499019622803 0.2557
Pedestrian 1 1 1 275.8018798828125 189.65647888183594 303.2219543457031 232.8515167236328 0.8278676271438599 1.8027894496917725 0.8114943504333496 -13.742167472839355 2.5308642387390137 30.859111785888672 -6.3157572746276855 0.2110
Car 1 1 1 395.6002197265625 181.54393005371094 438.4122314453125 218.7213897705078 3.5633490085601807 1.400179147720337 1.5484435558319092 -8.11440372467041 1.7845991849899292 30.011018753051758 -8.16358470916748 0.2084
Pedestrian 1 1 1 289.1760559082031 157.76657104492188 329.6590881347656 229.50271606445312 1.0791863203048706 1.898898720741272 0.8541675806045532 -8.24836540222168 1.4992254972457886 19.72147560119629 -4.939624786376953 0.1984
Car 1 1 1 551.2701416015625 174.23941040039062 605.2525024414062 190.41290283203125 4.693787574768066 1.4087058305740356 1.6083863973617554 -2.8005168437957764 1.5324978828430176 63.807952880859375 -3.134178876876831 0.1984
Cyclist 1 1 1 245.8932647705078 174.82334899902344 270.7740783691406 216.21380615234375 1.6802092790603638 1.7023422718048096 0.4642408788204193 -14.953895568847656 1.787986397743225 30.623340606689453 -8.000555038452148 0.1950
Car 1 1 1 932.6158447265625 160.30462646484375 1035.09326171875 195.80526733398438 3.780518054962158 1.4949769973754883 1.6440895795822144 16.278457641601562 0.9662066698074341 31.560070037841797 -6.47965145111084 0.1860
Car 1 1 1 545.05712890625 174.73704528808594 587.0670776367188 195.6179656982422 3.613086700439453 1.5152136087417603 1.61720871925354 -3.322230815887451 1.66281259059906 54.69316864013672 -4.261167526245117 0.1816
Pedestrian 1 1 1 399.8304748535156 162.6129608154297 422.8087463378906 214.26107788085938 0.7915489077568054 1.8562129735946655 0.7144914269447327 -7.301149368286133 1.48785400390625 26.373483657836914 -4.852235794067383 0.1665
Car 1 1 1 692.6782836914062 168.1578369140625 719.4854736328125 192.1668701171875 3.671485424041748 1.5131312608718872 1.6674320697784424 6.312136173248291 1.2168625593185425 47.41593933105469 -7.69946813583374 0.1541
Car 1 1 1 688.2068481445312 166.3497772216797 733.3175048828125 183.8896942138672 3.908705234527588 1.6243032217025757 1.6863622665405273 9.519463539123535 1.0216712951660156 68.32643127441406 -6.662979602813721 0.1479
Pedestrian 1 1 1 0.0 207.27952575683594 90.35626220703125 374.0 0.6137906312942505 1.3905668258666992 0.45203205943107605 -3.0526070594787598 1.5753732919692993 3.554453134536743 -3.5292649269104004 0.1457
Car 1 1 1 314.059326171875 179.12913513183594 349.568115234375 210.75453186035156 3.115253210067749 1.4484690427780151 1.437198281288147 -13.656251907348633 1.7710466384887695 35.423980712890625 -8.159607887268066 0.1339
Car 1 1 1 639.1451416015625 160.2154083251953 666.19287109375 187.67340087890625 4.849074840545654 2.3213484287261963 1.7471516132354736 3.6865851879119873 1.2525575160980225 63.482242584228516 -7.927462100982666 0.1120
Car 1 1 1 242.13897705078125 178.43748474121094 305.36669921875 210.63543701171875 3.9302995204925537 1.4957932233810425 1.6302412748336792 -16.844451904296875 1.791699767112732 36.2504768371582 -7.939290523529053 0.1073
Pedestrian 1 1 1 187.3272705078125 147.51321411132812 236.1413116455078 227.4837188720703 0.8018102049827576 1.8494784832000732 0.6550660729408264 -9.501992225646973 1.2631220817565918 17.141525268554688 -4.526562213897705 0.1070
Car 1 1 1 449.25335693359375 172.1237030029297 480.6534423828125 189.7122802734375 4.067541599273682 1.518034815788269 1.5914446115493774 -12.92330265045166 1.4547038078308105 64.38302612304688 -4.602898597717285 0.1055
Car 1 1 1 489.77301025390625 177.84832763671875 514.4979858398438 199.39927673339844 3.418025493621826 1.443500280380249 1.6169722080230713 -7.617001056671143 1.80825936794281 50.94990158081055 -4.827779769897461 0.1005
Cyclist 1 1 1 371.0108337402344 178.14306640625 381.740966796875 211.1449432373047 1.6407791376113892 1.6435606479644775 0.39634379744529724 -12.029084205627441 1.9210232496261597 37.048553466796875 -8.087772369384766 0.1002
