Car 1 1 1 511.8181457519531 178.10118103027344 555.1497802734375 214.30618286132812 4.021539688110352 1.5011944770812988 1.570237159729004 -3.430490493774414 1.752083420753479 32.521888732910156 -7.864627361297607 0.8992
Car 1 1 1 386.9967346191406 182.95233154296875 437.64508056640625 214.3972625732422 4.355837345123291 1.562066912651062 1.7060785293579102 -10.772425651550293 2.1449270248413086 39.463279724121094 -4.74457311630249 0.8466
Pedestrian 1 1 1 798.8193969726562 152.8600616455078 814.158203125 187.53860473632812 0.7697437405586243 1.946244716644287 0.6897716522216797 11.095386505126953 0.8238361477851868 40.8962516784668 -7.80353307723999 0.5478
Car 1 1 1 580.146484375 177.3169403076172 609.6595458984375 202.3134765625 3.5043301582336426 1.5332239866256714 1.59194815158844 -0.9763521552085876 1.8329883813858032 46.707183837890625 -7.7814202308654785 0.4884
Car 1 1 1 211.02377319335938 191.5575714111328 263.845947265625 217.3185272216797 3.809157133102417 1.5825459957122803 1.7133865356445312 -25.29102897644043 2.90383243560791 49.05485916137695 -4.7415008544921875 0.4449
Cyclist 1 1 1 630.982666015625 170.01541137695312 659.235107421875 204.58251953125 1.8042110204696655 1.8144258260726929 0.5619848370552063 1.8368316888809204 1.665128469467163 38.78194046020508 -8.43445110321045 0.3509
Car 1 1 1 426.822265625 182.01141357421875 448.0257873535156 202.18275451660156 3.792726516723633 1.5583434104919434 1.651881217956543 -14.295245170593262 2.3407204151153564 59.63121795654297 -4.951654434204102 0.3401
Car 1 1 1 0.0 172.5796356201172 203.83799743652344 293.43035888671875 3.9687929153442383 1.9576982259750366 1.667032241821289 -9.714204788208008 1.952953577041626 13.678860664367676 -4.705060005187988 0.3199
Pedestrian 1 1 1 786.8583374023438 153.06451416015625 803.3682250976562 193.87603759765625 0.7555798292160034 1.954886794090271 0.7063661217689514 8.931116104125977 1.0066629648208618 34.989967346191406 -7.698059558868408 0.2954
Pedestrian 1 1 1 300.54931640625 179.25460815429688 319.9371032714844 211.9813995361328 0.7633252143859863 1.8020051717758179 0.7052375078201294 -16.841670989990234 2.165142059326172 40.45123291015625 -4.019405841827393 0.2636
Pedestrian 1 1 1 247.13449096679688 174.5457305908203 256.2839050292969 197.68057250976562 0.4783872663974762 1.760436773300171 0.7463705539703369 -27.528470993041992 1.8909783363342285 55.38601303100586 -6.524472236633301 0.2487
Pedestrian 1 1 1 482.25360107421875 177.37014770507812 498.4526672363281 207.92103576660156 0.8014050722122192 1.6597384214401245 0.5186648368835449 -6.591007232666016 1.9085214138031006 39.53569412231445 -6.281859397888184 0.2354
Car 1 1 1 618.9246826171875 175.30288696289062 689.4573974609375 202.22227478027344 3.7440786361694336 1.4884828329086304 1.629351258277893 2.5145726203918457 1.6356362104415894 41.81904220581055 -5.772003650665283 0.2163
Pedestrian 1 1 1 496.61859130859375 184.4771728515625 510.6585998535156 212.31101989746094 0.7861694097518921 1.6073076725006104 0.4329467713832855 -6.25915002822876 2.2916259765625 42.20557403564453 -3.3521246910095215 0.2119
Car 1 1 1 378.5188293457031 174.1009521484375 448.9184875488281 217.1764678955078 4.160149574279785 1.5629774332046509 1.6231006383895874 -7.665215969085693 1.6153333187103271 28.38516616821289 -4.7077412605285645 0.2081
Pedestrian 1 1 1 629.3074951171875 171.1921844482422 644.1256713867188 202.67245483398438 0.8081372380256653 1.7424430847167969 0.6575812101364136 1.4574471712112427 1.6501611471176147 40.29232406616211 -3.0749192237854004 0.2073
Car 1 1 1 777.7487182617188 176.4761505126953 872.42626953125 208.8046417236328 3.9892630577087402 1.4111478328704834 1.5770008563995361 9.841658592224121 1.5843379497528076 33.1817626953125 -6.604278087615967 0.1823
Car 1 1 1 378.1097106933594 177.55398559570312 402.0243835449219 198.5045623779297 4.042782306671143 1.6323403120040894 1.6205406188964844 -18.07671546936035 2.032571792602539 59.3365592956543 -4.942234516143799 0.1698
Car 1 1 1 239.3297882080078 175.23095703125 382.4415588378906 242.81715393066406 4.5201921463012695 1.498340129852295 1.7391265630722046 -7.466261386871338 1.5662188529968262 18.425838470458984 -4.700636386871338 0.1561
Car 1 1 1 38.93798828125 162.6766815185547 123.77337646484375 187.35711669921875 4.205695629119873 1.5814697742462158 1.6629260778427124 -34.659664154052734 0.9290280342102051 47.350547790527344 -3.281158447265625 0.1409
Car 1 1 1 672.97705078125 176.72315979003906 739.2319946289062 214.50350952148438 4.141317367553711 1.466313362121582 1.582075595855713 3.949368476867676 1.6419517993927002 30.630115509033203 -4.894511699676514 0.1326
Car 1 1 1 470.0899353027344 180.44752502441406 507.39300537109375 205.18836975097656 3.60957407951355 1.5611259937286377 1.582472801208496 -8.14793586730957 2.091543674468994 48.55411148071289 -7.75386381149292 0.1294
Car 1 1 1 393.00677490234375 178.07705688476562 419.6573486328125 195.03369140625 3.5648646354675293 1.5222357511520386 1.5702837705612183 -19.092622756958008 2.024915933609009 67.68374633789062 -4.735989570617676 0.1236
Car 1 1 1 332.7224426269531 184.67288208007812 367.3399658203125 209.52099609375 4.053986549377441 1.579607367515564 1.703851342201233 -18.022811889648438 2.434924602508545 50.077884674072266 -8.057161331176758 0.1220
Pedestrian 1 1 1 725.1616821289062 167.67759704589844 736.0113525390625 198.19068908691406 0.5806673765182495 1.7523524761199951 0.6826506853103638 6.957088470458984 1.454774260520935 41.83528137207031 -2.9156389236450195 0.1199
Cyclist 1 1 1 449.4085693359375 185.9681854248047 475.0111083984375 225.53179931640625 1.815429449081421 1.8232028484344482 0.6455050706863403 -7.157561302185059 2.4728891849517822 34.818878173828125 -7.717745304107666 0.1157
Car 1 1 1 499.5553894042969 183.3611602783203 536.64306640625 209.73837280273438 4.172178268432617 1.4952728748321533 1.709790587425232 -5.6714606285095215 2.1760597229003906 44.672645568847656 -4.6977739334106445 0.1131
Pedestrian 1 1 1 909.0225830078125 151.6647186279297 948.0939331054688 219.6228485107422 0.8113130927085876 1.8032695055007935 0.6755821704864502 8.578883171081543 1.2407118082046509 19.568761825561523 -4.764678001403809 0.1103
Car 1 1 1 224.03085327148438 163.56948852539062 268.0196838378906 188.0914306640625 4.6378631591796875 2.1168606281280518 1.8189544677734375 -32.56425857543945 1.315072774887085 64.65287780761719 -7.909796237945557 0.1092
Car 1 1 1 632.8863525390625 176.2850341796875 656.22119140625 197.66221618652344 3.533531427383423 1.503625750541687 1.563119888305664 2.4840853214263916 1.7641992568969727 53.09052658081055 -7.84891939163208 0.1056
Pedestrian 1 1 1 176.0438995361328 169.24935913085938 226.571533203125 250.3634796142578 0.7549300789833069 1.7697702646255493 0.6385630965232849 -9.151262283325195 1.6908233165740967 16.08236312866211 -3.0863020420074463 0.1029
Car 1 1 1 281.9122619628906 188.82281494140625 322.07269287109375 208.68499755859375 4.2547760009765625 1.4944361448287964 1.729766845703125 -25.559053421020508 2.869166374206543 59.95640563964844 -4.769428730010986 0.1023
Car 1 1 1 394.6381530761719 178.7749786376953 440.2154235839844 201.81202697753906 4.482253074645996 1.637151837348938 1.6507503986358643 -14.596250534057617 2.1060187816619873 54.827911376953125 -4.549198627471924 0.1013
Pedestrian 1 1 1 1118.0859375 135.5829315185547 1144.4891357421875 194.8235321044922 0.4850405752658844 1.9289692640304565 0.6828403472900391 17.200071334838867 0.7150632739067078 23.88310432434082 -7.282345294952393 0.1004
