Car 1 1 1 599.2257080078125 178.80850219726562 700.0469360351562 257.4999084472656 4.278034210205078 1.5190448760986328 1.6379421949386597 0.9899049997329712 1.6739094257354736 16.536672592163086 -7.636337757110596 0.9375
Car 1 1 1 849.6375732421875 173.14178466796875 992.5673828125 284.016357421875 3.7828123569488525 1.6294023990631104 1.6647411584854126 5.196945667266846 1.634956955909729 12.646324157714844 -7.621954441070557 0.9350
Car 1 1 1 639.0585327148438 179.2716522216797 728.2492065429688 237.6543426513672 4.564627647399902 1.496490478515625 1.6907373666763306 2.259162425994873 1.7087169885635376 21.461959838867188 -7.533374309539795 0.8664
Car 1 1 1 827.0458374023438 174.14306640625 864.26953125 205.77310180664062 3.499237298965454 1.3567495346069336 1.4873427152633667 10.684125900268555 1.4187595844268799 32.9903678894043 -4.4336748123168945 0.6769
Car 1 1 1 816.73486328125 174.87965393066406 850.8428344726562 200.4332733154297 3.677372455596924 1.5252857208251953 1.5924571752548218 13.977584838867188 1.6577043533325195 45.32607650756836 -7.679876804351807 0.6581
Car 1 1 1 732.2769165039062 179.14881896972656 763.3310546875 204.243896484375 4.362453460693359 1.5433701276779175 1.7742054462432861 9.151796340942383 1.9811019897460938 47.877105712890625 -7.6067585945129395 0.6540
Car 1 1 1 842.3545532226562 182.3368682861328 935.160400390625 249.49713134765625 3.725449800491333 1.4297306537628174 1.5456650257110596 6.736493110656738 1.690685510635376 17.89893341064453 -7.652842998504639 0.5010
Pedestrian 1 1 1 627.7842407226562 167.59803771972656 653.7444458007812 225.53892517089844 0.7026105523109436 1.7833994626998901 0.7280446887016296 0.90904700756073 1.621322751045227 22.589656829833984 -7.9391188621521 0.4928
Car 1 1 1 621.0061645507812 179.3036346435547 728.5009155273438 223.81333923339844 3.7488958835601807 1.5230212211608887 1.619360327720642 2.3075709342956543 1.7649319171905518 26.045379638671875 -3.0084753036499023 0.3050
Pedestrian 1 1 1 875.7739868164062 153.1906280517578 893.2212524414062 191.32301330566406 0.7558913230895996 2.0608232021331787 0.6926942467689514 14.992452621459961 0.9978377819061279 39.506343841552734 -4.033566951751709 0.2677
Car 1 1 1 748.7496948242188 173.64242553710938 770.9851684570312 192.6689910888672 4.035411834716797 1.5573627948760986 1.6196705102920532 12.754668235778809 1.6265103816986084 61.3973503112793 -4.448645114898682 0.2538
Cyclist 1 1 1 921.8574829101562 139.35537719726562 970.2274169921875 196.26174926757812 1.5447556972503662 1.718403935432434 0.5426977276802063 10.454509735107422 0.7065448760986328 22.60134506225586 -4.933014869689941 0.2099
Car 1 1 1 806.9854125976562 165.7797393798828 832.4817504882812 185.31822204589844 4.220605373382568 1.6143535375595093 1.6462494134902954 17.910991668701172 1.0295464992523193 61.837379455566406 -7.6801066398620605 0.1280
Car 1 1 1 649.31640625 170.7168426513672 707.832763671875 193.6499481201172 3.718846321105957 1.5230903625488281 1.6317557096481323 4.658168315887451 1.3808521032333374 49.25626754760742 -2.837191104888916 0.1226
Pedestrian 1 1 1 930.7517700195312 160.45303344726562 970.9304809570312 231.1856231689453 0.6197559237480164 1.7329604625701904 0.6729545593261719 8.486920356750488 1.4288349151611328 18.08830451965332 -6.57055139541626 0.1098
Pedestrian 1 1 1 656.8595581054688 167.87158203125 669.9013061523438 199.0388641357422 0.6850680708885193 1.8054713010787964 0.6666653156280518 3.0787222385406494 1.5165472030639648 42.145973205566406 -6.328257083892822 0.1050
Car 1 1 1 792.7445678710938 174.59535217285156 822.4093017578125 197.34840393066406 3.7961642742156982 1.5507622957229614 1.5934818983078003 14.023995399475098 1.6795066595077515 51.47661209106445 -7.707377910614014 0.1038
