Car 1 1 1 355.7790832519531 188.3871612548828 524.1619262695312 312.6283264160156 3.7660160064697266 1.5097181797027588 1.5897032022476196 -2.468803882598877 1.7907981872558594 11.158222198486328 -4.673780918121338 0.9252
Car 1 1 1 539.292236328125 174.1957244873047 611.7189331054688 239.80604553222656 4.450878620147705 1.842170000076294 1.706777572631836 -1.022982120513916 1.8882273435592651 22.641075134277344 -4.629363059997559 0.8362
Car 1 1 1 618.1224975585938 183.74099731445312 668.1305541992188 216.5703125 3.8530733585357666 1.5659180879592896 1.7366068363189697 1.7562963962554932 2.1691088676452637 37.901283264160156 -4.419490814208984 0.8148
Car 1 1 1 473.4158020019531 169.33644104003906 576.2466430664062 265.54400634765625 4.122626304626465 1.9254592657089233 1.6406885385513306 -1.862228274345398 1.8547602891921997 16.547666549682617 -4.651946067810059 0.7833
Car 1 1 1 687.3764038085938 183.92100524902344 727.3250732421875 210.52589416503906 3.9523823261260986 1.6757988929748535 1.6200695037841797 6.6676154136657715 2.465273380279541 49.35740661621094 -4.280025959014893 0.6650
Car 1 1 1 872.4833984375 178.5735626220703 1023.1493530273438 224.54244995117188 4.341588497161865 1.4626835584640503 1.648371934890747 11.272473335266113 1.6655577421188354 24.442628860473633 -2.967212677001953 0.5792
Car 1 1 1 651.015869140625 184.88543701171875 694.2637939453125 213.49114990234375 3.94736385345459 1.5963438749313354 1.6258840560913086 3.8481500148773193 2.3685452938079834 44.19404983520508 -4.349537372589111 0.5443
Cyclist 1 1 1 962.0908813476562 157.32469177246094 1085.897216796875 258.5409240722656 1.8841620683670044 1.8038513660430908 0.6165929436683655 7.534917831420898 1.5267916917800903 13.2912015914917 -6.148359775543213 0.4862
Car 1 1 1 631.1226806640625 169.3968505859375 668.3001708984375 194.7195281982422 3.794938802719116 1.621161699295044 1.576025128364563 2.662659168243408 1.3995347023010254 48.24045181274414 -4.401966094970703 0.4701
Pedestrian 1 1 1 1037.9288330078125 141.0392608642578 1080.11328125 231.15240478515625 0.5785555243492126 1.8318489789962769 0.7209004163742065 9.351778984069824 1.1848088502883911 15.111101150512695 -7.2451019287109375 0.4690
Pedestrian 1 1 1 769.932861328125 170.65618896484375 781.0365600585938 206.4404754638672 0.28030362725257874 1.8244491815567017 0.4864048659801483 8.460442543029785 1.7120951414108276 37.06451416015625 -3.82322359085083 0.4499
Car 1 1 1 568.8449096679688 180.0873260498047 623.5094604492188 223.042724609375 3.969697952270508 1.5857961177825928 1.604265809059143 -0.5377472043037415 1.9012527465820312 29.41745376586914 -4.567627906799316 0.3230
Cyclist 1 1 1 686.2675170898438 173.02586364746094 690.7923583984375 194.8650665283203 1.5627124309539795 1.6468368768692017 0.33937758207321167 5.979752063751221 1.6598765850067139 55.21677017211914 -7.746711254119873 0.2431
Pedestrian 1 1 1 782.48681640625 162.92141723632812 817.4618530273438 234.4159698486328 0.7422663569450378 1.7823318243026733 0.7354590892791748 4.7796478271484375 1.5344164371490479 18.383392333984375 -4.642999649047852 0.1834
Pedestrian 1 1 1 338.60223388671875 161.29757690429688 375.07464599609375 228.8632049560547 0.8407593965530396 1.7992507219314575 0.6846948862075806 -6.931613922119141 1.4912071228027344 19.642549514770508 -4.689109802246094 0.1548
Pedestrian 1 1 1 361.96575927734375 149.74794006347656 380.78448486328125 198.13023376464844 0.5361200571060181 1.8756786584854126 0.6813588738441467 -9.420083999633789 0.979606032371521 28.342981338500977 -5.070667266845703 0.1484
Pedestrian 1 1 1 59.26146697998047 161.2241668701172 172.30172729492188 337.71038818359375 0.7902268767356873 1.7946141958236694 0.6443817019462585 -5.348386764526367 1.6760554313659668 7.765399932861328 -4.601332187652588 0.1426
Pedestrian 1 1 1 758.1554565429688 162.36463928222656 777.0131225585938 205.14564514160156 0.689301073551178 1.804229974746704 0.6981231570243835 6.678650856018066 1.361556053161621 30.800521850585938 -4.63485050201416 0.1313
Pedestrian 1 1 1 1060.5810546875 159.7679443359375 1121.61376953125 267.268798828125 0.48675355315208435 1.6649473905563354 0.7162333130836487 7.624756336212158 1.4619736671447754 11.540324211120605 -3.171879529953003 0.1268
Pedestrian 1 1 1 399.9222412109375 151.75875854492188 419.4010925292969 199.27284240722656 0.5541209578514099 1.8405025005340576 0.6602813601493835 -7.91454553604126 1.0230588912963867 28.337739944458008 -8.27775764465332 0.1138
Cyclist 1 1 1 826.1896362304688 179.32432556152344 848.0152587890625 222.88055419921875 1.4752775430679321 1.572289228439331 0.4762546718120575 8.449545860290527 1.8211312294006348 27.026859283447266 -4.621635437011719 0.1060
