Car 1 1 1 525.8892211914062 171.1376953125 560.678955078125 208.13198852539062 4.398598670959473 1.9355520009994507 1.8174371719360352 -3.770735740661621 1.8454543352127075 40.034706115722656 -4.81920051574707 0.7739
Pedestrian 1 1 1 493.3136291503906 180.37051391601562 510.53741455078125 212.41494750976562 0.8379737734794617 1.655853271484375 0.48616060614585876 -5.677013397216797 2.050539016723633 37.66033172607422 -6.31386137008667 0.2981
Pedestrian 1 1 1 733.7872924804688 151.1518096923828 765.4713134765625 213.28744506835938 0.8864962458610535 1.8928035497665405 0.7502358555793762 4.288094520568848 1.2314016819000244 22.455415725708008 -4.803727149963379 0.2586
Pedestrian 1 1 1 755.965087890625 162.98126220703125 784.5020141601562 228.14834594726562 0.6735550761222839 1.7559351921081543 0.6653648018836975 4.368245601654053 1.4896131753921509 19.87898063659668 -4.327455520629883 0.2254
Cyclist 1 1 1 709.047607421875 165.7934112548828 724.6497802734375 207.04478454589844 1.6994980573654175 1.64354407787323 0.4530718922615051 4.3307929039001465 1.3619352579116821 29.605737686157227 -7.814121723175049 0.2229
Car 1 1 1 555.7876586914062 174.6063690185547 574.447998046875 192.5557098388672 4.042738437652588 1.5366544723510742 1.6060117483139038 -3.9922807216644287 1.6973482370376587 64.23137664794922 -4.7612786293029785 0.1683
Car 1 1 1 946.5813598632812 159.31088256835938 1096.2022705078125 212.81190490722656 3.5404863357543945 1.5227149724960327 1.5759532451629639 12.11746883392334 1.1369587182998657 21.517173767089844 -6.171003818511963 0.1201
Pedestrian 1 1 1 888.175537109375 151.03445434570312 949.1864013671875 251.62489318847656 1.0676047801971436 1.8518736362457275 0.6709427237510681 5.889714241027832 1.4498751163482666 13.884000778198242 -3.841583251953125 0.1181
Pedestrian 1 1 1 1095.64306640625 125.38629150390625 1241.0 374.0 0.9130337834358215 1.8805500268936157 0.5756072402000427 4.407248020172119 1.5300909280776978 5.8157267570495605 -2.551774501800537 0.1157
Pedestrian 1 1 1 515.266845703125 172.38308715820312 528.3917236328125 198.3279571533203 0.7183572053909302 1.7293518781661987 0.6449657678604126 -5.964756488800049 1.697663426399231 48.53489303588867 -3.5614206790924072 0.1147
Pedestrian 1 1 1 680.9890747070312 157.72052001953125 702.7725219726562 195.21849060058594 1.0145024061203003 1.8740214109420776 0.5720357894897461 4.117051124572754 1.1174017190933228 36.61311721801758 -3.880779266357422 0.1076
Pedestrian 1 1 1 924.489013671875 145.1706085205078 992.3441162109375 271.8985595703125 0.7246074676513672 1.789350152015686 0.5542974472045898 5.057583332061768 1.398171305656433 10.615017890930176 -5.007081031799316 0.1041
Pedestrian 1 1 1 781.1965942382812 164.38623046875 805.293701171875 221.9494171142578 0.661983072757721 1.7646396160125732 0.6493704915046692 5.656440258026123 1.5047545433044434 22.487464904785156 -4.589778900146484 0.1009
Pedestrian 1 1 1 871.97119140625 158.7142791748047 907.0383911132812 243.93637084960938 0.821402370929718 1.792468786239624 0.6925455331802368 6.030520915985107 1.4947692155838013 15.687967300415039 -4.319821834564209 0.1008
