Car 1 1 1 551.1456909179688 180.7349853515625 718.0114135742188 325.1834716796875 3.7733893394470215 1.46090829372406 1.737311601638794 0.21982575953006744 1.5840142965316772 9.401383399963379 -7.841989994049072 0.8387
Car 1 1 1 437.5810852050781 178.34719848632812 469.419921875 199.10704040527344 4.07495641708374 1.5036585330963135 1.6407978534698486 -11.999731063842773 1.9407873153686523 55.40282440185547 -4.733059406280518 0.5601
Car 1 1 1 577.8355712890625 169.22671508789062 635.1986694335938 219.98419189453125 3.390460968017578 1.4630862474441528 1.500593900680542 -0.09259454160928726 1.3582297563552856 22.550434112548828 -4.628602981567383 0.5588
Cyclist 1 1 1 268.9500732421875 174.14620971679688 293.0522766113281 208.7749481201172 1.8419601917266846 1.7999589443206787 0.5701239109039307 -17.584365844726562 1.8703176975250244 38.51449203491211 -4.787280082702637 0.5024
Car 1 1 1 0.0 177.38381958007812 77.62574768066406 227.16175842285156 4.208835601806641 1.6191538572311401 1.6944586038589478 -21.585567474365234 1.7951956987380981 25.971933364868164 -4.7273054122924805 0.2015
Car 1 1 1 483.7978515625 172.82791137695312 552.3356323242188 207.34988403320312 3.8964717388153076 1.4856563806533813 1.6402978897094727 -4.321972846984863 1.4842331409454346 33.1381721496582 -8.412717819213867 0.1811
Pedestrian 1 1 1 635.6563720703125 170.5520477294922 646.4959106445312 191.11447143554688 0.970452606678009 1.8538728952407837 0.5122353434562683 2.789017915725708 1.6460318565368652 65.32030487060547 -6.259234428405762 0.1352
Car 1 1 1 803.3355712890625 173.41798400878906 877.1708984375 210.8773193359375 3.9655301570892334 1.4659830331802368 1.552905559539795 9.54076099395752 1.4909946918487549 30.34055519104004 -4.797280311584473 0.1320
Pedestrian 1 1 1 841.7060546875 144.9250946044922 867.784423828125 198.9835968017578 0.9631345868110657 1.9350625276565552 0.6925913691520691 8.878568649291992 0.9350277185440063 26.33810043334961 -7.765939235687256 0.1146
Car 1 1 1 659.5203857421875 180.0560760498047 696.7744750976562 203.34518432617188 4.043888092041016 1.5298550128936768 1.6448429822921753 4.722550868988037 2.0582621097564697 50.84089279174805 -4.873047828674316 0.1111
Car 1 1 1 217.6562957763672 180.32073974609375 279.6349792480469 208.143798828125 3.8843181133270264 1.5575847625732422 1.658563256263733 -21.704105377197266 2.0271661281585693 43.43001937866211 -4.6690192222595215 0.1092
Car 1 1 1 733.3355102539062 180.8686981201172 774.1464233398438 214.050537109375 4.39102840423584 1.5383108854293823 1.6675878763198853 7.231695175170898 1.972292423248291 36.822994232177734 -4.602055072784424 0.1092
Pedestrian 1 1 1 656.0940551757812 161.7072296142578 667.5330810546875 192.9732208251953 0.7229337096214294 1.8346813917160034 0.6532998085021973 3.0282607078552246 1.1802914142608643 42.714298248291016 -7.8127121925354 0.1006
