Car 1 1 1 578.7153930664062 178.33966064453125 619.8236694335938 213.04067993164062 3.5577869415283203 1.453690528869629 1.7232106924057007 -0.3709418773651123 1.1657980680465698 31.90485191345215 -7.8401618003845215 0.9474
Car 1 1 1 156.4244842529297 175.75523376464844 326.346923828125 260.2085266113281 3.964047431945801 1.605387806892395 1.634147047996521 -7.799378395080566 1.4257093667984009 15.65987777709961 -7.837764263153076 0.9448
Car 1 1 1 353.24078369140625 181.96905517578125 490.2415771484375 267.0694580078125 3.7629425525665283 1.4938769340515137 1.6901658773422241 -3.634326457977295 1.4370415210723877 14.527177810668945 -7.8211798667907715 0.9433
Car 1 1 1 487.18353271484375 179.9681854248047 547.2808837890625 221.46641540527344 4.255817413330078 1.4310818910598755 1.6192359924316406 -3.3461122512817383 1.2502774000167847 26.937427520751953 -4.687505722045898 0.8452
Car 1 1 1 2.8298819065093994 187.86911010742188 171.39553833007812 251.6658172607422 3.381645679473877 1.3446472883224487 1.4593441486358643 -12.175119400024414 1.4139297008514404 17.010692596435547 -4.675576210021973 0.8103
Car 1 1 1 0.0 199.65049743652344 137.60568237304688 344.7582092285156 4.14743709564209 1.391701340675354 1.6143754720687866 -8.379593849182129 1.622301459312439 9.392531394958496 -7.841563701629639 0.6988
Car 1 1 1 451.05853271484375 178.01976013183594 492.1503601074219 204.66668701171875 3.7368037700653076 1.4518824815750122 1.561350703239441 -7.753716945648193 1.0599627494812012 41.053829193115234 -7.830387592315674 0.6767
Car 1 1 1 311.7769775390625 187.54736328125 394.66265869140625 236.99281311035156 3.2690060138702393 1.3989872932434082 1.5199183225631714 -7.796855926513672 1.4764304161071777 22.161651611328125 -4.755270481109619 0.5028
Car 1 1 1 496.7107849121094 175.86566162109375 517.4404296875 194.08642578125 3.9472174644470215 1.4867602586746216 1.5111662149429321 -8.485677719116211 0.7239827513694763 60.685096740722656 -4.793859481811523 0.3880
Car 1 1 1 394.1856994628906 185.04737854003906 457.4483337402344 221.49769592285156 3.7467899322509766 1.4245946407318115 1.4930634498596191 -7.554988861083984 1.418173909187317 30.010953903198242 -4.650838851928711 0.3224
Car 1 1 1 441.0965270996094 174.12095642089844 473.4154968261719 194.7789306640625 3.86494779586792 1.5561506748199463 1.4822221994400024 -11.728153228759766 0.720549464225769 56.129093170166016 -4.6447367668151855 0.2741
Car 1 1 1 652.0896606445312 177.42449951171875 693.1780395507812 214.2128143310547 3.846435308456421 1.4746603965759277 1.5943708419799805 2.6825058460235596 1.1625075340270996 30.775653839111328 -7.804498195648193 0.2721
Car 1 1 1 284.0042724609375 178.29502868652344 347.32696533203125 214.21035766601562 3.455703020095825 1.438700556755066 1.5515756607055664 -12.387932777404785 1.1616290807724 30.585155487060547 -7.941652774810791 0.2562
Car 1 1 1 375.25274658203125 175.6570281982422 427.5445556640625 201.4510955810547 3.8566954135894775 1.4276901483535767 1.5676077604293823 -11.961177825927734 0.8987798690795898 41.79301452636719 -4.598995208740234 0.2547
Car 1 1 1 469.07696533203125 175.17327880859375 492.431396484375 196.91078186035156 3.5485315322875977 1.4801661968231201 1.4876799583435059 -9.031005859375 0.7965083122253418 50.84050750732422 -8.067618370056152 0.2268
Car 1 1 1 206.9730987548828 179.98431396484375 322.3416442871094 228.06309509277344 4.101884365081787 1.516494631767273 1.611786127090454 -11.733016014099121 1.3516440391540527 24.81478500366211 -4.57742166519165 0.2129
Pedestrian 1 1 1 1031.45751953125 155.18612670898438 1138.693115234375 304.0213928222656 0.9339116215705872 1.7461957931518555 0.5528280735015869 5.711547374725342 1.3940339088439941 8.716849327087402 -3.1556224822998047 0.1341
Car 1 1 1 375.2813720703125 171.45065307617188 407.3575744628906 190.97607421875 4.152059078216553 1.4929827451705933 1.664789080619812 -17.16619110107422 0.440616637468338 57.11246871948242 -7.949920177459717 0.1307
Car 1 1 1 527.6409912109375 178.9652099609375 577.1924438476562 204.8577117919922 4.0569376945495605 1.5189576148986816 1.645827293395996 -3.3848459720611572 1.1524368524551392 44.35360336303711 -7.5451836585998535 0.1285
