Car 1 1 1 0.794359564781189 172.27085876464844 115.83438873291016 222.42083740234375 3.7806544303894043 1.7628954648971558 1.5820586681365967 -20.756235122680664 1.7420963048934937 27.28770637512207 -7.89880895614624 0.9529
Car 1 1 1 184.67160034179688 177.14195251464844 251.03799438476562 207.96522521972656 3.4845619201660156 1.5402241945266724 1.571585774421692 -20.77747917175293 1.7780195474624634 38.304569244384766 -7.830844402313232 0.9300
Car 1 1 1 575.8095703125 178.4483642578125 613.5927734375 215.3141632080078 4.1755828857421875 1.5295723676681519 1.6032543182373047 -0.7826648950576782 1.7992607355117798 32.70119094848633 -7.897566318511963 0.8639
Pedestrian 1 1 1 1157.8221435546875 159.73130798339844 1200.291748046875 231.95616149902344 0.7744404673576355 1.8146696090698242 0.6543141007423401 14.609251976013184 1.4846584796905518 18.606082916259766 -4.354721546173096 0.2235
Pedestrian 1 1 1 1177.655517578125 195.68922424316406 1212.7373046875 252.00372314453125 0.8787466883659363 1.7775025367736816 0.7756854891777039 19.254352569580078 2.549144983291626 23.816268920898438 -5.628009796142578 0.2151
Pedestrian 1 1 1 146.3350830078125 188.35635375976562 171.93692016601562 225.13848876953125 0.8424639105796814 1.780661940574646 0.7138667106628418 -22.314329147338867 2.5549347400665283 35.657169342041016 -6.375787734985352 0.1836
Cyclist 1 1 1 1206.8721923828125 183.71827697753906 1241.0 251.3988800048828 1.5996891260147095 1.6024110317230225 0.4594685435295105 15.624299049377441 1.8883620500564575 18.180421829223633 -4.370795726776123 0.1368
Car 1 1 1 169.8568878173828 183.4103546142578 250.6171417236328 212.44305419921875 4.295102119445801 1.4884332418441772 1.4879438877105713 -22.590429306030273 2.119612693786621 40.89957809448242 -4.473049640655518 0.1240
Car 1 1 1 685.5352783203125 181.3811798095703 794.6953735351562 224.74822998046875 3.6831676959991455 1.3865468502044678 1.5863929986953735 4.555178642272949 1.7058486938476562 25.382909774780273 -6.852330684661865 0.1226
Car 1 1 1 364.9607238769531 177.44895935058594 390.1944274902344 194.13247680664062 3.316789388656616 1.520612359046936 1.5147098302841187 -22.02588653564453 1.9667980670928955 68.4068832397461 -4.777223110198975 0.1049
