Car 1 1 1 169.64845275878906 187.77896118164062 399.03265380859375 308.7793273925781 3.7119345664978027 1.409389615058899 1.5607374906539917 -4.407291889190674 1.453044056892395 10.325531005859375 -7.831456661224365 0.9713
Car 1 1 1 344.9357604980469 181.90280151367188 454.6565856933594 244.10777282714844 3.892240047454834 1.4158000946044922 1.6020288467407227 -5.2025628089904785 1.34055495262146 18.323944091796875 -7.8328537940979 0.9369
Car 1 1 1 573.1185913085938 175.63619995117188 613.0165405273438 210.12208557128906 3.840954542160034 1.5008195638656616 1.6830379962921143 -0.6632041335105896 1.0840787887573242 33.22345733642578 -7.831420421600342 0.9025
Car 1 1 1 0.0 201.27304077148438 117.35774230957031 371.9420166015625 4.29288387298584 1.4921770095825195 1.6585954427719116 -8.3726806640625 1.737764835357666 8.838431358337402 -7.8570990562438965 0.7199
Car 1 1 1 180.34942626953125 184.08270263671875 318.1597900390625 246.00877380371094 3.663059949874878 1.4065622091293335 1.5893199443817139 -8.941333770751953 1.380985140800476 18.17889404296875 -7.8286004066467285 0.7129
Car 1 1 1 347.5956726074219 173.43356323242188 425.0228271484375 214.3372344970703 3.6361420154571533 1.469101071357727 1.5749479532241821 -8.48244571685791 1.0460904836654663 27.704132080078125 -7.757286548614502 0.6288
Car 1 1 1 248.61376953125 178.2523193359375 342.4042663574219 217.80789184570312 4.266200542449951 1.413544774055481 1.6557384729385376 -12.001752853393555 1.1648613214492798 27.850934982299805 -7.817152500152588 0.5348
Car 1 1 1 186.07118225097656 175.19146728515625 231.45094299316406 196.433837890625 3.037465810775757 1.583480954170227 1.6304022073745728 -30.595043182373047 0.8363975286483765 55.16834259033203 -4.627646446228027 0.4082
Car 1 1 1 509.2447204589844 175.51943969726562 538.8452758789062 202.51126098632812 3.9688310623168945 1.6350325345993042 1.6369364261627197 -5.292632579803467 1.0478383302688599 45.57271194458008 -7.911166667938232 0.3697
Car 1 1 1 383.607666015625 177.7589874267578 461.1586608886719 206.02536010742188 4.219444274902344 1.4677561521530151 1.6776396036148071 -10.1591157913208 1.08071768283844 39.17770767211914 -2.567203998565674 0.3685
Car 1 1 1 535.654296875 178.76336669921875 561.1572875976562 197.4287109375 3.8262815475463867 1.437131643295288 1.5286492109298706 -4.715747833251953 0.9404942393302917 57.29859161376953 -4.660016059875488 0.3321
Pedestrian 1 1 1 736.0087890625 176.50843811035156 752.9282836914062 218.22459411621094 0.744116485118866 1.6149872541427612 0.5807134509086609 5.338502407073975 1.2780547142028809 28.2692813873291 -7.56315279006958 0.2377
Car 1 1 1 227.8448486328125 182.0039520263672 305.77459716796875 213.0796661376953 4.132294654846191 1.4785586595535278 1.6597864627838135 -17.16489601135254 1.3259036540985107 36.34282302856445 -4.609896659851074 0.2209
Car 1 1 1 716.4656982421875 169.74024963378906 770.7615356445312 202.3857879638672 3.895313024520874 1.4673839807510376 1.6245473623275757 6.522212028503418 0.771935760974884 34.41975784301758 -7.411561489105225 0.1944
Cyclist 1 1 1 127.40657043457031 166.75225830078125 186.18838500976562 215.4342803955078 1.722118616104126 1.771459698677063 0.668199360370636 -16.744104385375977 1.0997627973556519 26.656274795532227 -3.3412790298461914 0.1927
Car 1 1 1 477.3393249511719 162.6899871826172 528.8590698242188 206.59002685546875 4.54620361328125 1.710289716720581 1.8161519765853882 -4.372403144836426 0.8328742980957031 30.33586883544922 -4.781192302703857 0.1669
Pedestrian 1 1 1 0.0 162.15829467773438 22.19765281677246 230.44651794433594 0.39824947714805603 1.8079462051391602 0.5436442494392395 -16.208505630493164 1.1976536512374878 19.366945266723633 -2.403566598892212 0.1567
Car 1 1 1 486.0477294921875 178.94444274902344 520.6380004882812 196.78750610351562 3.479799509048462 1.4082621335983276 1.5344544649124146 -8.49555778503418 0.9134620428085327 58.61589050292969 -4.446959972381592 0.1344
Pedestrian 1 1 1 1090.86328125 159.54710388183594 1195.3525390625 321.29998779296875 0.8548011183738708 1.712517261505127 0.7192301750183105 5.960855007171631 1.4409148693084717 8.131072044372559 -5.783828258514404 0.1192
Car 1 1 1 317.21710205078125 171.29408264160156 360.9099426269531 195.50416564941406 3.22629714012146 1.494954228401184 1.5890601873397827 -17.173032760620117 0.6354626417160034 46.00307846069336 -4.710996627807617 0.1021
