Car 1 1 1 541.4285278320312 176.8140106201172 631.1831665039062 263.7940673828125 3.4949681758880615 1.5770667791366577 1.6484211683273315 -0.5186734795570374 1.6687819957733154 15.004286766052246 -7.871232509613037 0.9555
Car 1 1 1 701.9215087890625 174.10678100585938 826.5046997070312 262.2381591796875 3.531323194503784 1.5136839151382446 1.6098508834838867 2.837827444076538 1.5411982536315918 14.231515884399414 -7.8826985359191895 0.9548
Car 1 1 1 668.4817504882812 176.9947967529297 742.1437377929688 237.1851043701172 4.189252853393555 1.477664828300476 1.5827487707138062 2.4994986057281494 1.6049169301986694 20.11510467529297 -7.832705974578857 0.9036
Car 1 1 1 572.9351806640625 165.63510131835938 640.4800415039062 237.15553283691406 4.602543354034424 1.8351736068725586 1.7358731031417847 -0.03872944787144661 1.6496410369873047 20.85102653503418 -7.810556888580322 0.7761
Car 1 1 1 229.03549194335938 184.55140686035156 289.9903259277344 208.48155212402344 3.415337324142456 1.519350528717041 1.6099979877471924 -23.396900177001953 2.320145845413208 48.20438003540039 -3.396876335144043 0.7314
Car 1 1 1 336.6123962402344 179.15283203125 400.2254638671875 202.64512634277344 4.043055057525635 1.5503095388412476 1.7243410348892212 -16.604516983032227 1.9953534603118896 49.67458724975586 -3.3942060470581055 0.7234
Car 1 1 1 646.0867309570312 175.03907775878906 695.5516357421875 220.58489990234375 4.0068488121032715 1.4887287616729736 1.5731030702590942 2.0595571994781494 1.5727424621582031 25.810354232788086 -7.817164897918701 0.5886
Car 1 1 1 612.8035888671875 170.6343994140625 648.9513549804688 196.74313354492188 3.8997018337249756 1.69585382938385 1.6306856870651245 1.4265183210372925 1.5513827800750732 48.958038330078125 -7.601767063140869 0.2686
Car 1 1 1 190.1481475830078 182.65968322753906 249.7590789794922 201.8188934326172 4.0948381423950195 1.4775747060775757 1.6264091730117798 -31.68459701538086 2.2950801849365234 58.678409576416016 -3.511687755584717 0.2607
Car 1 1 1 643.4572143554688 175.54672241210938 679.0062866210938 209.36085510253906 3.6599793434143066 1.4866008758544922 1.5381766557693481 2.4102282524108887 1.6200076341629028 33.92615509033203 -7.746958255767822 0.2316
Car 1 1 1 630.698486328125 174.61712646484375 691.6427001953125 204.64028930664062 4.085493564605713 1.4742666482925415 1.5979074239730835 2.7044103145599365 1.571782112121582 37.85774230957031 -7.341379642486572 0.1737
Pedestrian 1 1 1 0.0 148.33447265625 44.45100784301758 219.6438446044922 0.9498456120491028 1.8511263132095337 0.6692694425582886 -15.809059143066406 1.2143218517303467 19.240245819091797 -4.825937271118164 0.1704
Car 1 1 1 32.52829360961914 187.08453369140625 182.10556030273438 231.3568878173828 4.005009651184082 1.4220043420791626 1.56829833984375 -17.04192352294922 1.9210143089294434 24.506526947021484 -3.1285266876220703 0.1703
Cyclist 1 1 1 697.9075927734375 159.9954833984375 717.7604370117188 197.26382446289062 1.6203662157058716 1.7880170345306396 0.5134910941123962 4.756866931915283 1.1708060503005981 35.458160400390625 -8.016672134399414 0.1550
Car 1 1 1 539.3695068359375 177.0778045654297 600.833740234375 220.53065490722656 3.4108376502990723 1.471724271774292 1.6405776739120483 -1.449102759361267 1.6376276016235352 26.59012794494629 -7.7164788246154785 0.1538
Pedestrian 1 1 1 130.2900848388672 174.97808837890625 172.9954376220703 241.52340698242188 0.7920594811439514 1.738330364227295 0.5963025689125061 -12.304430961608887 1.796134352684021 19.306640625 -4.584722995758057 0.1388
Pedestrian 1 1 1 238.7409210205078 196.47434997558594 267.6673583984375 249.1071319580078 0.45794492959976196 1.2564116716384888 0.4473138749599457 -8.826581001281738 1.8463817834854126 17.752592086791992 -4.453804016113281 0.1318
Car 1 1 1 423.85223388671875 176.42108154296875 447.8389587402344 192.65188598632812 3.4126834869384766 1.4869297742843628 1.5193341970443726 -16.544260025024414 1.8341727256774902 68.5788803100586 -4.7322998046875 0.1231
Pedestrian 1 1 1 389.28411865234375 174.8153533935547 409.3634338378906 209.99771118164062 0.8587051630020142 1.7448984384536743 0.5600225329399109 -10.647747993469238 1.844759464263916 36.344200134277344 -7.47109842300415 0.1095
Car 1 1 1 178.43006896972656 192.6578826904297 244.4416961669922 214.63458251953125 3.9471030235290527 1.529811143875122 1.5310850143432617 -29.114055633544922 3.001149892807007 52.726036071777344 -6.348084449768066 0.1051
