Cyclist 1 1 1 981.0806274414062 133.33157348632812 1145.62060546875 309.6064147949219 1.8572862148284912 1.7893403768539429 0.6528643369674683 5.032945156097412 1.387853980064392 8.266817092895508 -7.899702548980713 0.9479
Car 1 1 1 142.96897888183594 194.39083862304688 407.9718322753906 348.9145812988281 4.403921604156494 1.4502224922180176 1.6739250421524048 -4.112090587615967 1.8043277263641357 9.63461971282959 -4.759361267089844 0.9472
Car 1 1 1 444.6440734863281 182.0777587890625 506.7626647949219 232.53672790527344 3.3992068767547607 1.4899781942367554 1.541099190711975 -4.378697872161865 1.8143806457519531 23.6694278717041 -4.754801273345947 0.9248
Car 1 1 1 541.4036254882812 176.8037109375 590.6555786132812 214.27200317382812 3.9890658855438232 1.4232513904571533 1.6293762922286987 -1.7970386743545532 1.597529649734497 29.863855361938477 -4.66861629486084 0.8903
Car 1 1 1 523.21484375 174.2532196044922 561.1448974609375 198.56439208984375 4.122405529022217 1.4855740070343018 1.4733953475952148 -4.352725028991699 1.5795902013778687 46.48752212524414 -4.559436798095703 0.4330
Car 1 1 1 0.0 198.2775115966797 106.81072998046875 374.0 4.269906997680664 1.5985215902328491 1.663765788078308 -4.070209980010986 1.756678581237793 2.3271965980529785 -4.667781352996826 0.3357
Car 1 1 1 605.6572875976562 178.77682495117188 665.4475708007812 202.66127014160156 3.7902657985687256 1.5737920999526978 1.5848361253738403 1.7119745016098022 1.990473747253418 49.49418258666992 -6.574904918670654 0.2595
Car 1 1 1 617.8961181640625 178.9541015625 695.14501953125 208.60260009765625 3.7139647006988525 1.4742873907089233 1.5663954019546509 2.369828701019287 1.8022756576538086 37.606754302978516 -6.536866664886475 0.2415
Pedestrian 1 1 1 1005.9244995117188 140.02334594726562 1028.7667236328125 197.39532470703125 0.49433374404907227 1.8660473823547363 0.5901975035667419 13.386232376098633 0.7979167699813843 23.805055618286133 -7.486185550689697 0.2259
Car 1 1 1 617.6967163085938 174.20724487304688 653.174072265625 198.9041290283203 3.619365692138672 1.4005557298660278 1.5360852479934692 1.438975214958191 1.4844918251037598 43.020015716552734 -7.9843974113464355 0.2174
Car 1 1 1 487.2548522949219 167.81639099121094 529.6761474609375 210.4198760986328 4.078668594360352 1.7069941759109497 1.6351293325424194 -4.346175193786621 1.504852056503296 31.01873207092285 -4.809317111968994 0.2100
Pedestrian 1 1 1 89.6336669921875 154.5626983642578 163.50189208984375 262.6051330566406 0.7844495177268982 1.7671376466751099 0.6770470142364502 -8.196410179138184 1.4676659107208252 12.174696922302246 -3.049229860305786 0.1767
Car 1 1 1 501.8363037109375 173.07192993164062 540.4196166992188 208.75778198242188 4.229989051818848 1.6273293495178223 1.66329824924469 -4.306042194366455 1.6382863521575928 35.100608825683594 -4.786659240722656 0.1577
Pedestrian 1 1 1 1050.888427734375 137.0132293701172 1138.3834228515625 280.36297607421875 0.7757807374000549 1.8113611936569214 0.5766388773918152 6.272974491119385 1.3581788539886475 9.453681945800781 -6.152626991271973 0.1515
Pedestrian 1 1 1 315.7124328613281 174.8539276123047 344.931396484375 231.91244506835938 0.8037577867507935 1.6234148740768433 0.5747279524803162 -8.171738624572754 1.6824167966842651 20.976673126220703 -4.772186279296875 0.1461
Pedestrian 1 1 1 839.0338134765625 148.59521484375 895.81201171875 229.69923400878906 1.06813645362854 1.86204195022583 0.6765425205230713 6.019397258758545 1.3047921657562256 17.036828994750977 -3.418210983276367 0.1423
Pedestrian 1 1 1 1010.707275390625 159.25946044921875 1074.239501953125 276.2637634277344 0.5163251757621765 1.6783263683319092 0.6661746501922607 6.32216739654541 1.4830243587493896 10.663809776306152 -4.531162261962891 0.1292
Pedestrian 1 1 1 1083.6463623046875 149.3366241455078 1139.6719970703125 254.8193817138672 0.6037812232971191 1.685672640800476 0.517970860004425 8.170812606811523 1.3095520734786987 11.848885536193848 -6.064492225646973 0.1202
Pedestrian 1 1 1 1166.650146484375 139.47039794921875 1241.0 271.0372009277344 0.5888383984565735 1.7708286046981812 0.5512217879295349 8.176484107971191 1.3212006092071533 10.015811920166016 -7.890354633331299 0.1123
Pedestrian 1 1 1 270.61834716796875 154.43890380859375 313.7808837890625 227.34735107421875 0.8408409953117371 1.8366117477416992 0.7059779763221741 -8.241460800170898 1.3724232912063599 18.622770309448242 -7.775637149810791 0.1076
Pedestrian 1 1 1 404.9171142578125 176.2220458984375 422.2052001953125 214.95404052734375 0.7492724061012268 1.6642286777496338 0.5233325362205505 -8.602566719055176 1.8125638961791992 31.456167221069336 -4.666949272155762 0.1049
