Car 1 1 1 759.7239990234375 191.4081268310547 991.8505249023438 352.0806884765625 3.5933077335357666 1.4275833368301392 1.5678343772888184 2.838146924972534 1.6967437267303467 8.655435562133789 -7.818387508392334 0.9677
Car 1 1 1 832.4006958007812 173.98805236816406 1079.2413330078125 257.8608093261719 3.9345531463623047 1.500262975692749 1.6406663656234741 6.417637348175049 1.5230804681777954 13.81944751739502 -6.248016834259033 0.9331
Car 1 1 1 0.0 174.4546661376953 282.2908020019531 321.0265197753906 3.5947656631469727 1.5767143964767456 1.577954649925232 -6.151841163635254 1.5977022647857666 8.688817024230957 -6.216370105743408 0.9139
Car 1 1 1 120.35133361816406 181.85787963867188 362.2344970703125 266.3642883300781 3.757760524749756 1.463983178138733 1.510469675064087 -6.836226940155029 1.6437780857086182 13.559021949768066 -3.2051796913146973 0.8868
Car 1 1 1 39.888877868652344 179.37623596191406 382.9222412109375 288.74713134765625 4.396408557891846 1.5396554470062256 1.6807336807250977 -6.031715393066406 1.648282766342163 11.15710163116455 -6.259031772613525 0.8864
Car 1 1 1 337.04425048828125 179.0078887939453 465.2416076660156 231.36769104003906 3.6809072494506836 1.5828193426132202 1.648821473121643 -6.625363826751709 1.7872505187988281 23.023513793945312 -3.228508710861206 0.8660
Car 1 1 1 0.0 178.85995483398438 252.37225341796875 374.0 4.341948509216309 1.5941084623336792 1.62948739528656 -5.760346412658691 1.6531333923339844 6.309774875640869 -6.284388065338135 0.8596
Car 1 1 1 707.8543701171875 182.24656677246094 819.0599975585938 223.3425750732422 3.7638516426086426 1.4565597772598267 1.595408320426941 5.6620402336120605 1.821466326713562 27.04511070251465 -6.3991265296936035 0.8526
Car 1 1 1 202.0120391845703 183.42117309570312 420.7375183105469 252.449462890625 4.188045024871826 1.4198752641677856 1.5988510847091675 -6.539808750152588 1.6668764352798462 15.999509811401367 -3.1835012435913086 0.8252
Car 1 1 1 455.2892150878906 176.6898651123047 526.9549560546875 206.8540802001953 3.4943649768829346 1.4912827014923096 1.6011778116226196 -6.064597129821777 1.6919023990631104 36.85243225097656 -6.365246295928955 0.8191
Car 1 1 1 272.47369384765625 180.5815887451172 444.3036193847656 244.37684631347656 3.84562611579895 1.5396212339401245 1.6192930936813354 -6.43696403503418 1.7478326559066772 18.552291870117188 -3.0851855278015137 0.7935
Car 1 1 1 633.317138671875 178.9597930908203 672.3873901367188 208.07481384277344 3.9135329723358154 1.5974031686782837 1.763663649559021 2.4343957901000977 1.973487138748169 42.45675277709961 -7.934695720672607 0.7834
Car 1 1 1 463.8631896972656 180.9839630126953 536.4141845703125 208.6254119873047 3.663273572921753 1.4559587240219116 1.552895188331604 -6.019077301025391 1.9110524654388428 39.48493576049805 -3.055281162261963 0.6517
Car 1 1 1 772.6644897460938 179.49105834960938 930.1951293945312 238.2157745361328 3.6263961791992188 1.467093825340271 1.5567277669906616 6.2369585037231445 1.6493934392929077 19.03110122680664 -6.306212425231934 0.6051
Pedestrian 1 1 1 0.0 143.56573486328125 31.24771499633789 206.74501037597656 0.5020039081573486 1.9520466327667236 0.6694221496582031 -18.713275909423828 1.0468286275863647 22.614723205566406 -4.945031642913818 0.5785
Car 1 1 1 803.0443725585938 176.0028076171875 995.0764770507812 244.7507781982422 3.7479426860809326 1.4586535692214966 1.583337426185608 6.4406914710998535 1.5342705249786377 16.39828109741211 -6.396069526672363 0.5631
Car 1 1 1 726.2030029296875 175.1565399169922 867.2362060546875 224.2641143798828 4.270799160003662 1.577799677848816 1.6965322494506836 6.126772880554199 1.657458782196045 24.16141700744629 -3.1635167598724365 0.5580
Car 1 1 1 366.1620788574219 168.64956665039062 487.65411376953125 221.44117736816406 3.8696348667144775 1.8080235719680786 1.6433056592941284 -6.504085063934326 1.6637288331985474 25.673099517822266 -6.209611892700195 0.4559
Pedestrian 1 1 1 547.7874755859375 175.416748046875 566.086181640625 207.13340759277344 0.8994876146316528 1.7068512439727783 0.4950675070285797 -2.9189751148223877 1.846916913986206 39.2006950378418 -2.973862409591675 0.4462
Car 1 1 1 711.8602294921875 176.6080780029297 812.533203125 217.14581298828125 3.747957468032837 1.5912718772888184 1.6253772974014282 6.078180313110352 1.7476781606674194 29.297266006469727 -6.278343677520752 0.4387
Pedestrian 1 1 1 265.2558898925781 154.7284698486328 286.1029357910156 195.24351501464844 0.6922671794891357 1.8625422716140747 0.6460006833076477 -15.567154884338379 1.0289822816848755 33.518104553222656 -7.848639011383057 0.4219
Car 1 1 1 627.2636108398438 175.42230224609375 651.921630859375 195.1568603515625 3.9878110885620117 1.5007028579711914 1.5868003368377686 2.362903594970703 1.7124731540679932 57.495384216308594 -4.57441520690918 0.3956
Pedestrian 1 1 1 1095.1104736328125 142.12376403808594 1180.6571044921875 281.14874267578125 0.6148625016212463 1.7797443866729736 0.6981675028800964 6.949878215789795 1.3860477209091187 9.603189468383789 -3.1996777057647705 0.3280
Pedestrian 1 1 1 924.9945068359375 151.84295654296875 943.5806274414062 192.39649963378906 0.6685516834259033 1.8884891271591187 0.6632747054100037 15.230874061584473 0.9097511768341064 33.991947174072266 -7.661561489105225 0.3238
Car 1 1 1 764.3787231445312 181.41787719726562 895.4176025390625 234.20326232910156 3.5804057121276855 1.4328324794769287 1.5311700105667114 6.426012992858887 1.7011561393737793 21.3217830657959 -5.948800563812256 0.3230
Car 1 1 1 680.084716796875 171.7583770751953 727.3516845703125 188.5885467529297 4.1552581787109375 1.4860715866088867 1.6711755990982056 8.380412101745605 1.3890290260314941 64.79667663574219 -3.017533302307129 0.3190
Car 1 1 1 444.15179443359375 168.51141357421875 501.4353942871094 190.83958435058594 3.871910333633423 1.5381207466125488 1.6390661001205444 -9.642834663391113 1.2386722564697266 50.76750564575195 -6.412821292877197 0.2819
Pedestrian 1 1 1 1158.641357421875 138.30067443847656 1241.0 290.12432861328125 0.7341629862785339 1.77263605594635 0.6648170948028564 7.249450206756592 1.3689044713974 8.790335655212402 -3.2371952533721924 0.2629
Pedestrian 1 1 1 1016.8455810546875 162.52850341796875 1029.59619140625 204.14089965820312 0.24375541508197784 1.8418097496032715 0.4578607976436615 18.389619827270508 1.3844923973083496 32.18787384033203 -3.389374256134033 0.2234
Cyclist 1 1 1 965.9954833984375 166.25619506835938 977.9277954101562 197.08099365234375 1.581679344177246 1.6262174844741821 0.34531140327453613 19.454782485961914 1.2778385877609253 38.871212005615234 -7.536305904388428 0.2222
Pedestrian 1 1 1 237.54580688476562 159.9619903564453 260.1095275878906 200.302490234375 0.6535229682922363 1.833990216255188 0.7045902013778687 -16.623291015625 1.247584342956543 33.13569259643555 -7.837273120880127 0.1697
Car 1 1 1 517.5091552734375 177.24166870117188 551.9198608398438 201.25173950195312 3.5840039253234863 1.6194052696228027 1.6119221448898315 -5.337946891784668 1.9421887397766113 51.24272537231445 -7.713100910186768 0.1664
Car 1 1 1 171.0589141845703 185.79920959472656 219.95372009277344 220.8010711669922 3.7804415225982666 1.4384859800338745 1.5641955137252808 -19.051010131835938 2.0707223415374756 33.21111297607422 -8.269899368286133 0.1266
Pedestrian 1 1 1 951.175537109375 154.9741668701172 971.8985595703125 198.88816833496094 0.7771239280700684 1.8368663787841797 0.6600245237350464 14.879583358764648 1.0886759757995605 30.643503189086914 -4.442434310913086 0.1073
Pedestrian 1 1 1 1184.5390625 135.8011016845703 1236.75390625 260.37908935546875 0.5436634421348572 1.7301104068756104 0.5093437433242798 8.576946258544922 1.2152284383773804 10.38616943359375 -2.5159900188446045 0.1039
Cyclist 1 1 1 0.0 174.4705047607422 41.57769775390625 228.45867919921875 1.6907703876495361 1.8235067129135132 0.6763769388198853 -20.666053771972656 1.8796758651733398 24.800254821777344 -3.0608108043670654 0.1005
