Car 1 1 1 765.8735961914062 182.32196044921875 1022.4976196289062 328.5733947753906 3.6375839710235596 1.3958324193954468 1.5186614990234375 3.1800477504730225 1.538350224494934 9.006675720214844 -7.939865589141846 0.9649
Pedestrian 1 1 1 1050.01953125 170.55474853515625 1100.4739990234375 250.3850555419922 0.6742570996284485 1.6036252975463867 0.5542446970939636 9.464046478271484 1.557138204574585 14.774774551391602 -3.1518914699554443 0.2449
Car 1 1 1 686.3917846679688 175.74777221679688 712.34130859375 202.52610778808594 4.010049819946289 1.6714680194854736 1.6276142597198486 5.885451793670654 1.8704335689544678 47.58806228637695 -4.575441837310791 0.2371
Cyclist 1 1 1 918.3256225585938 155.62484741210938 957.9834594726562 214.55909729003906 1.642825722694397 1.6347708702087402 0.42825189232826233 9.4060697555542 1.1565531492233276 20.840429306030273 -7.832780361175537 0.1745
Car 1 1 1 278.9615173339844 193.0203399658203 315.99444580078125 210.45880126953125 4.364141464233398 1.459039568901062 1.8185131549835205 -29.31712532043457 3.415304660797119 67.77053833007812 -4.77412223815918 0.1456
Cyclist 1 1 1 793.402099609375 181.44581604003906 820.4247436523438 219.51736450195312 1.5838090181350708 1.7165263891220093 0.5588860511779785 9.152857780456543 2.127898931503296 33.73981857299805 -4.918220520019531 0.1401
Pedestrian 1 1 1 864.3612060546875 151.3800811767578 890.729248046875 206.0897216796875 0.7505698800086975 1.8562029600143433 0.6685194373130798 9.170716285705566 1.1273304224014282 24.87863540649414 -4.641214370727539 0.1256
Pedestrian 1 1 1 25.262563705444336 198.81942749023438 57.56956100463867 244.25469970703125 0.7307606339454651 1.7730295658111572 0.7373185157775879 -22.88444709777832 2.8302409648895264 28.995248794555664 -6.347270488739014 0.1148
Pedestrian 1 1 1 815.4445190429688 167.9562530517578 836.8115234375 208.3773651123047 0.6531555652618408 1.7675983905792236 0.6596025228500366 9.527275085449219 1.5531220436096191 31.96011734008789 -6.564834117889404 0.1120
Pedestrian 1 1 1 768.0763549804688 168.6932830810547 788.3547973632812 200.70455932617188 1.0330864191055298 1.7772263288497925 0.5467857122421265 9.4075288772583 1.5459284782409668 40.509586334228516 -5.889232635498047 0.1116
Pedestrian 1 1 1 333.8714599609375 183.12612915039062 345.9294738769531 205.80813598632812 0.6900279521942139 1.8201689720153809 0.6265550255775452 -21.967750549316406 2.659754753112793 58.61899948120117 -6.079769611358643 0.1051
