Pedestrian 1 1 1 763.6431884765625 150.9330291748047 863.7586059570312 296.8471984863281 1.1231991052627563 1.8052988052368164 0.5051013231277466 2.5894882678985596 1.4398932456970215 9.010538101196289 -3.1597189903259277 0.8087
Pedestrian 1 1 1 960.6279907226562 154.43978881835938 1013.9140625 262.4472961425781 0.539556622505188 1.7297108173370361 0.6129229664802551 6.228997707366943 1.3127464056015015 11.633968353271484 -3.1576974391937256 0.1751
Pedestrian 1 1 1 68.82840728759766 154.6927947998047 127.09149932861328 253.80349731445312 0.7124102115631104 1.760340690612793 0.7150099873542786 -9.411643028259277 1.302341103553772 13.060502052307129 -2.454045534133911 0.1628
Pedestrian 1 1 1 644.3543090820312 170.12167358398438 686.4635620117188 266.4825134277344 0.7899132966995239 1.6920429468154907 0.6231111288070679 1.0612958669662476 1.510177731513977 12.88133716583252 -4.430968284606934 0.1506
Cyclist 1 1 1 865.702392578125 151.37600708007812 904.2733764648438 259.3955383300781 1.6999269723892212 1.7023265361785889 0.39668646454811096 4.685084342956543 1.243733525276184 12.015289306640625 -7.603020191192627 0.1399
Pedestrian 1 1 1 473.1395263671875 189.52293395996094 514.6674194335938 266.2796630859375 0.7525308132171631 1.5671137571334839 0.5831401348114014 -2.4093568325042725 1.7652515172958374 15.023395538330078 -5.365207195281982 0.1396
Car 1 1 1 0.0 183.2628173828125 43.412513732910156 261.4775695800781 3.7573885917663574 1.5043468475341797 1.537798285484314 -14.6716947555542 1.5732630491256714 15.643692016601562 -4.755397796630859 0.1271
Pedestrian 1 1 1 792.8564453125 154.22105407714844 842.5979614257812 260.6666564941406 0.7685847878456116 1.777010202407837 0.5939079523086548 3.610079050064087 1.3386859893798828 12.2042236328125 -4.769776821136475 0.1133
Car 1 1 1 0.0 184.999755859375 117.88518524169922 236.36831665039062 4.264432430267334 1.5245037078857422 1.6475136280059814 -18.821250915527344 1.6892893314361572 23.61474609375 -4.545653343200684 0.1128
Car 1 1 1 641.2352905273438 170.6058349609375 683.8291015625 208.12149047851562 3.615173101425171 1.4857746362686157 1.5882569551467896 2.3462002277374268 1.094151258468628 29.829458236694336 -7.828282833099365 0.1088
Car 1 1 1 1151.58154296875 162.03834533691406 1223.0 286.9561462402344 4.198370933532715 1.5708357095718384 1.7039026021957397 11.354788780212402 1.3390867710113525 11.146986961364746 -8.147394180297852 0.1053
