Car 1 1 1 404.08892822265625 181.55270385742188 463.19903564453125 220.73219299316406 3.9475741386413574 1.4627056121826172 1.532429575920105 -7.247218132019043 1.8456437587738037 29.803815841674805 -4.727218151092529 0.9147
Car 1 1 1 580.0718994140625 176.7501983642578 597.52294921875 193.30758666992188 3.3650224208831787 1.480599045753479 1.5796358585357666 -1.9766075611114502 1.8513623476028442 67.01918029785156 -7.874545574188232 0.2533
Car 1 1 1 825.8236083984375 189.32447814941406 861.94287109375 218.16847229003906 3.711087226867676 1.4746835231781006 1.6717098951339722 13.367881774902344 2.4623591899871826 41.246944427490234 -4.318131923675537 0.2257
Pedestrian 1 1 1 36.59565353393555 182.37179565429688 74.77442932128906 242.82925415039062 0.801465630531311 1.7491631507873535 0.6943362355232239 -16.620235443115234 2.0404129028320312 21.57231903076172 -3.9627647399902344 0.1541
Car 1 1 1 638.1112670898438 178.07264709472656 671.0736083984375 205.20591735839844 3.752573251724243 1.4943486452102661 1.6136932373046875 2.6283793449401855 1.8155416250228882 42.47419738769531 -7.703831195831299 0.1509
Car 1 1 1 114.952392578125 196.61746215820312 154.3516082763672 225.3646697998047 3.744112491607666 1.6038707494735718 1.6439043283462524 -30.069021224975586 3.1751062870025635 45.67481994628906 -5.173647880554199 0.1334
Car 1 1 1 244.79360961914062 174.42367553710938 292.6639709472656 201.37033081054688 3.413464069366455 1.5384905338287354 1.5947532653808594 -20.406169891357422 1.6360514163970947 43.19391632080078 -7.973964214324951 0.1291
Cyclist 1 1 1 260.290283203125 185.1512451171875 282.5084228515625 219.2395477294922 1.6137397289276123 1.6635222434997559 0.4114432632923126 -17.207393646240234 2.3010101318359375 36.609745025634766 -7.882113933563232 0.1223
Car 1 1 1 176.5944366455078 181.17491149902344 236.82261657714844 205.44395446777344 3.825850486755371 1.5934679508209229 1.636672854423523 -27.926124572753906 2.186022996902466 49.9068603515625 -2.7393405437469482 0.1075
Pedestrian 1 1 1 58.57038879394531 174.48292541503906 105.17323303222656 267.21539306640625 0.4422198235988617 1.6229597330093384 0.5397913455963135 -9.495338439941406 1.6524227857589722 12.91057300567627 -3.1556198596954346 0.1012
