Car 1 1 1 0.0 158.73023986816406 308.1623229980469 374.0 3.5734658241271973 1.5465383529663086 1.5394052267074585 -3.4998481273651123 1.486343502998352 4.904351711273193 -4.7955756187438965 0.7449
Car 1 1 1 647.126953125 179.94659423828125 677.8163452148438 204.86061096191406 4.119152069091797 1.6124521493911743 1.668459177017212 3.6528382301330566 2.126217842102051 50.11775588989258 -4.525245189666748 0.4658
Cyclist 1 1 1 258.49676513671875 164.3554229736328 351.9334411621094 284.5408020019531 1.8066011667251587 1.7644879817962646 0.5768337249755859 -4.865567684173584 1.639417052268982 11.521268844604492 -4.609764099121094 0.4327
Pedestrian 1 1 1 515.1522216796875 166.20098876953125 535.9472045898438 211.47796630859375 0.7074910998344421 1.8959603309631348 0.7138745188713074 -3.622860908508301 1.617067575454712 30.618396759033203 -4.558722496032715 0.3165
Pedestrian 1 1 1 1160.1151123046875 175.23593139648438 1199.9532470703125 229.2536163330078 0.794552206993103 1.8470135927200317 0.7799728512763977 19.80118751525879 1.9311156272888184 25.13819122314453 -3.0379340648651123 0.2231
Pedestrian 1 1 1 1158.2723388671875 136.33755493164062 1241.0 304.9926452636719 0.7423033118247986 1.7723881006240845 0.6686525344848633 6.597283840179443 1.388338565826416 8.076249122619629 -6.967107772827148 0.2026
Pedestrian 1 1 1 841.49853515625 154.6569061279297 908.9505615234375 273.5444030761719 0.7794924378395081 1.7805427312850952 0.6304700374603271 4.08256721496582 1.507710337638855 11.268704414367676 -3.6361312866210938 0.1763
Pedestrian 1 1 1 676.7977294921875 175.592041015625 692.3975830078125 205.43992614746094 0.6971608996391296 1.7695118188858032 0.7382429242134094 4.448670387268066 1.9356145858764648 43.35861587524414 -2.6310970783233643 0.1671
Car 1 1 1 1178.536865234375 143.87918090820312 1241.0 187.3197479248047 4.080557346343994 1.841148853302002 1.836100459098816 28.117189407348633 0.6128044724464417 32.696773529052734 -4.620772838592529 0.1602
Car 1 1 1 677.2916870117188 176.3472137451172 704.1165771484375 202.55027770996094 4.201629638671875 1.6411763429641724 1.6824253797531128 5.288747787475586 1.8834609985351562 47.938655853271484 -4.621586799621582 0.1447
Cyclist 1 1 1 505.6974182128906 178.14907836914062 523.784912109375 219.99313354492188 1.6893123388290405 1.628454327583313 0.4285860061645508 -3.8824574947357178 1.8483492136001587 29.150691986083984 -4.66278600692749 0.1245
Car 1 1 1 678.401611328125 181.29808044433594 738.6777954101562 228.56069946289062 3.8608059883117676 1.3796888589859009 1.6148830652236938 3.282351016998291 1.682835578918457 23.864940643310547 -7.62229585647583 0.1235
Pedestrian 1 1 1 778.98486328125 144.1645965576172 801.7150268554688 199.75845336914062 0.694927990436554 1.9095720052719116 0.6956081986427307 6.239430904388428 0.9238308072090149 25.17431640625 -4.5794525146484375 0.1225
Pedestrian 1 1 1 867.61669921875 141.76065063476562 958.4378662109375 291.3517761230469 0.9268089532852173 1.8569583892822266 0.5506673455238342 3.832319736480713 1.4706792831420898 9.291316032409668 -3.2748589515686035 0.1186
Car 1 1 1 1019.9808959960938 151.96607971191406 1147.546630859375 189.09959411621094 4.033318519592285 1.4451366662979126 1.58064603805542 18.905372619628906 0.631934642791748 28.98179817199707 -3.0858325958251953 0.1057
Cyclist 1 1 1 544.905517578125 173.86740112304688 552.1256713867188 199.75083923339844 1.5814552307128906 1.619289517402649 0.41086187958717346 -3.9587347507476807 1.6847501993179321 46.012413024902344 -7.968813419342041 0.1010
Car 1 1 1 537.9935913085938 173.2720947265625 574.5154418945312 206.59005737304688 3.9818146228790283 1.4934767484664917 1.6385186910629272 -2.615403175354004 1.5143224000930786 34.44362258911133 -7.932877063751221 0.1005
