Car 1 1 1 276.9664306640625 183.5613555908203 330.61798095703125 215.5326690673828 2.8720178604125977 1.457356572151184 1.489770770072937 -14.979623794555664 2.003021240234375 35.329837799072266 -4.747283458709717 0.6562
Car 1 1 1 586.2095336914062 174.06338500976562 608.4470825195312 194.63119506835938 3.8380374908447266 1.599997639656067 1.6899492740631104 -1.0207332372665405 1.7006202936172485 58.28422164916992 -7.843115329742432 0.3999
Car 1 1 1 293.41668701171875 167.15121459960938 341.5075988769531 197.52745056152344 4.105055332183838 1.9039427042007446 1.7441660165786743 -19.154123306274414 1.5461995601654053 47.33455276489258 -7.9253716468811035 0.2395
Pedestrian 1 1 1 1122.6669921875 155.93988037109375 1158.420166015625 209.09042358398438 0.7246301174163818 1.699483871459961 0.6678041219711304 17.201017379760742 1.1583565473556519 23.47188949584961 -7.7301506996154785 0.2159
Pedestrian 1 1 1 867.8204956054688 150.35430908203125 884.6810302734375 192.34352111816406 0.6234093904495239 2.04355525970459 0.7414801120758057 13.062396049499512 0.9482275247573853 35.52151870727539 -7.561747074127197 0.1897
Pedestrian 1 1 1 818.3181762695312 163.72682189941406 839.256591796875 197.86947631835938 1.0436151027679443 1.9164727926254272 0.5102179050445557 12.326805114746094 1.403852105140686 40.78915786743164 -3.0769872665405273 0.1430
Car 1 1 1 237.9457550048828 166.41917419433594 301.4095458984375 197.02391052246094 4.098777770996094 2.0898377895355225 1.8965908288955688 -24.243066787719727 1.6501363515853882 51.49555206298828 -4.449243068695068 0.1393
Car 1 1 1 888.7174072265625 181.36802673339844 929.9212036132812 206.1870880126953 4.1428303718566895 1.6306517124176025 1.6512254476547241 21.08269691467285 2.258141279220581 51.045108795166016 -4.587361812591553 0.1255
Pedestrian 1 1 1 1077.4644775390625 152.61656188964844 1111.5333251953125 205.63461303710938 0.7836199998855591 1.8154716491699219 0.7367323637008667 16.83734893798828 1.1221909523010254 25.160581588745117 -7.667495250701904 0.1179
Car 1 1 1 806.581298828125 177.6533203125 846.978271484375 200.72262573242188 4.088581562042236 1.651846170425415 1.743477463722229 16.31485939025879 2.0283641815185547 54.587459564208984 -4.735583305358887 0.1113
