Car 1 1 1 582.7183227539062 177.7979278564453 623.159423828125 204.7945556640625 4.348379135131836 1.4449570178985596 1.680349588394165 -0.3882225751876831 1.7461450099945068 41.7263298034668 -4.5648064613342285 0.9087
Car 1 1 1 860.09765625 171.5147705078125 951.8287963867188 217.0174102783203 3.7998125553131104 1.4606074094772339 1.5406564474105835 10.12185001373291 1.4173189401626587 25.081571578979492 -4.740273475646973 0.3298
Pedestrian 1 1 1 1122.981201171875 148.03408813476562 1152.5072021484375 213.23703002929688 0.6165658831596375 1.9074769020080566 0.5974219441413879 15.677301406860352 1.1810836791992188 21.51252555847168 -2.682965040206909 0.2315
Pedestrian 1 1 1 759.6878662109375 177.02520751953125 779.8894653320312 220.07545471191406 0.7823703289031982 1.6980633735656738 0.6852489709854126 6.36586856842041 1.8675910234451294 28.958993911743164 -6.069283485412598 0.2045
Car 1 1 1 445.2825927734375 177.80166625976562 510.7579040527344 211.92214965820312 4.2112956047058105 1.4702728986740112 1.6154186725616455 -6.165585041046143 1.7180380821228027 33.95591354370117 -4.522003173828125 0.2025
Cyclist 1 1 1 690.34033203125 179.43597412109375 708.4763793945312 220.37149047851562 1.756318211555481 1.6656734943389893 0.5291073322296143 3.727815866470337 1.9518561363220215 30.524003982543945 -7.865498065948486 0.2005
Pedestrian 1 1 1 45.981407165527344 159.40504455566406 113.76286315917969 263.9511413574219 0.7141932249069214 1.7295818328857422 0.6090154051780701 -9.099202156066895 1.5067861080169678 12.330349922180176 -4.582888603210449 0.1946
Pedestrian 1 1 1 1080.484375 149.34286499023438 1122.0654296875 245.51129150390625 0.49036628007888794 1.7192410230636597 0.5142074823379517 8.968647003173828 1.2986232042312622 13.253525733947754 -6.971350193023682 0.1860
Pedestrian 1 1 1 1142.60791015625 131.9056854248047 1185.0638427734375 203.85841369628906 0.8235756754875183 1.9035377502441406 0.6473520398139954 14.95727252960205 0.8199341893196106 19.570228576660156 -7.591537952423096 0.1717
Pedestrian 1 1 1 200.85400390625 155.58035278320312 248.70310974121094 244.68016052246094 0.7153849005699158 1.742896318435669 0.6266987323760986 -7.783514976501465 1.4047036170959473 14.503195762634277 -4.81926155090332 0.1665
Cyclist 1 1 1 880.6137084960938 177.02548217773438 901.8129272460938 218.17990112304688 1.5934158563613892 1.57659113407135 0.33245381712913513 11.0947847366333 1.7463741302490234 28.612119674682617 -7.7780327796936035 0.1485
Pedestrian 1 1 1 953.1071166992188 155.702880859375 983.4993286132812 218.9792938232422 0.7563840746879578 1.7095825672149658 0.6173498630523682 9.842687606811523 1.2458990812301636 19.940431594848633 -4.445793628692627 0.1467
Car 1 1 1 296.4754943847656 169.36968994140625 391.76361083984375 200.79481506347656 4.167478084564209 1.4352877140045166 1.610376000404358 -12.630569458007812 1.2758475542068481 34.366844177246094 -6.598609447479248 0.1324
Cyclist 1 1 1 444.3269958496094 181.10533142089844 459.96142578125 214.116943359375 1.5291558504104614 1.5717065334320068 0.5272703766822815 -7.8035173416137695 1.9865491390228271 35.52244186401367 -4.7756853103637695 0.1308
Pedestrian 1 1 1 1046.318115234375 141.3115234375 1076.9283447265625 199.50852966308594 0.6173593997955322 1.8601949214935303 0.6443933248519897 14.598801612854004 0.8516788482666016 23.412147521972656 -7.719494342803955 0.1267
Pedestrian 1 1 1 1002.2500610351562 146.73248291015625 1020.8216552734375 189.93092346191406 0.6393027305603027 1.9009929895401 0.6035695672035217 17.84194564819336 0.7511880397796631 32.14654541015625 -7.554171085357666 0.1253
Pedestrian 1 1 1 1068.62109375 138.1737823486328 1095.83154296875 194.47120666503906 0.5816268920898438 1.9055241346359253 0.7101790904998779 16.20025634765625 0.731387197971344 24.836925506591797 -7.412169933319092 0.1246
Car 1 1 1 466.1225891113281 171.17942810058594 500.822998046875 195.136474609375 3.9845566749572754 1.5378258228302002 1.6578876972198486 -8.457048416137695 1.4300334453582764 48.31528091430664 -7.862237453460693 0.1228
Car 1 1 1 433.4862060546875 175.1038818359375 510.47021484375 203.63499450683594 4.141269207000732 1.560689926147461 1.7458505630493164 -7.919579982757568 1.6932132244110107 41.14695358276367 -3.443586826324463 0.1221
Car 1 1 1 257.5151672363281 175.71864318847656 341.8844299316406 203.9286346435547 4.082163333892822 1.4902323484420776 1.578058123588562 -17.435077667236328 1.6592774391174316 40.594322204589844 -7.1406474113464355 0.1219
Cyclist 1 1 1 750.5257568359375 186.00050354003906 763.248291015625 223.28744506835938 1.5879709720611572 1.6897014379501343 0.43539199233055115 6.889782428741455 2.3251829147338867 34.0822639465332 -7.7506489753723145 0.1161
Car 1 1 1 806.0646362304688 173.75865173339844 867.9014892578125 200.77381896972656 3.7320852279663086 1.4467706680297852 1.5705329179763794 12.723518371582031 1.5001170635223389 40.78173828125 -4.9758381843566895 0.1105
Cyclist 1 1 1 741.6493530273438 178.97332763671875 756.345703125 212.50244140625 1.5943769216537476 1.6248255968093872 0.471552312374115 6.898893356323242 1.9371929168701172 36.0631103515625 -7.824185848236084 0.1102
Pedestrian 1 1 1 50.455509185791016 179.86936950683594 92.54476165771484 246.92372131347656 0.8208438158035278 1.8049495220184326 0.5724856853485107 -14.915924072265625 2.00260591506958 19.93549919128418 -3.5455708503723145 0.1062
Car 1 1 1 787.3665771484375 171.62747192382812 830.7271118164062 196.2288818359375 4.08291482925415 1.4805868864059448 1.588863730430603 12.447661399841309 1.4064708948135376 45.469017028808594 -4.71644401550293 0.1049
Car 1 1 1 707.6502685546875 174.01869201660156 741.8834838867188 198.67823791503906 4.111362934112549 1.708184003829956 1.6665289402008057 8.23537826538086 1.795622706413269 52.26704406738281 -4.753695011138916 0.1027
