Car 1 1 1 28.6292724609375 194.07139587402344 146.64385986328125 242.85365295410156 3.60091495513916 1.4132658243179321 1.5592964887619019 -17.53329086303711 2.183748483657837 24.362258911132812 -4.780994415283203 0.8297
Car 1 1 1 192.57559204101562 189.05873107910156 251.95504760742188 213.94412231445312 4.304640769958496 1.5734037160873413 1.6947141885757446 -27.171293258666992 2.760228157043457 50.66647720336914 -4.662489414215088 0.5475
Car 1 1 1 538.0585327148438 175.60574340820312 560.9846801757812 193.83294677734375 3.837219476699829 1.5001952648162842 1.6496381759643555 -5.181009292602539 1.7432260513305664 61.88505172729492 -7.85468053817749 0.3285
Pedestrian 1 1 1 959.5420532226562 157.5572509765625 992.9517211914062 221.47659301757812 0.8498544096946716 1.7213460206985474 0.6310545206069946 10.047226905822754 1.309105396270752 19.914464950561523 -4.492725849151611 0.2533
Pedestrian 1 1 1 832.1657104492188 152.03805541992188 858.28564453125 199.55023193359375 0.8778611421585083 1.96651291847229 0.5865457653999329 9.796497344970703 1.1046483516693115 30.198055267333984 -3.237227439880371 0.2069
Cyclist 1 1 1 938.1555786132812 183.13735961914062 990.8544311523438 230.5507354736328 1.7458056211471558 1.8002307415008545 0.6893227100372314 13.723414421081543 2.205980062484741 28.040882110595703 -6.406991481781006 0.1609
Car 1 1 1 956.6868286132812 183.91099548339844 1004.6359252929688 216.15350341796875 4.176047325134277 1.44552743434906 1.7249971628189087 18.45893669128418 2.033914804458618 36.15671157836914 -4.3382110595703125 0.1522
Car 1 1 1 141.6967010498047 181.7213134765625 194.2829132080078 206.81982421875 3.679367780685425 1.7271695137023926 1.5829802751541138 -32.30759048461914 2.398399829864502 52.799285888671875 -4.707442760467529 0.1425
Car 1 1 1 855.5269165039062 186.39047241210938 912.7570190429688 213.6852264404297 4.131325721740723 1.5268522500991821 1.8034372329711914 16.813936233520508 2.4019742012023926 44.55698013305664 -4.759502410888672 0.1229
Pedestrian 1 1 1 769.1707153320312 157.3727264404297 785.082275390625 191.70091247558594 0.8712112307548523 1.9541876316070557 0.7513111233711243 9.577444076538086 1.0725913047790527 41.529388427734375 -7.801560878753662 0.1205
Cyclist 1 1 1 1023.8868408203125 176.08990478515625 1070.74072265625 214.7206268310547 1.849677324295044 1.79550302028656 0.6677128076553345 20.5662784576416 1.9495904445648193 34.014915466308594 -6.367021083831787 0.1098
Car 1 1 1 1199.1827392578125 181.10972595214844 1241.0 260.40496826171875 3.9470720291137695 1.525383710861206 1.645050287246704 15.862442970275879 1.7356741428375244 16.356006622314453 -7.959595203399658 0.1038
Car 1 1 1 1147.0882568359375 174.54632568359375 1241.0 220.9586944580078 3.5648295879364014 1.4543392658233643 1.5458452701568604 19.85698127746582 1.5139775276184082 24.13410758972168 -3.5528171062469482 0.1035
