Car 1 1 1 556.379150390625 171.1676025390625 673.6217041015625 279.7149658203125 3.633011817932129 1.5452474355697632 1.673980951309204 0.07288134098052979 1.5209404230117798 12.114588737487793 -7.821156024932861 0.9474
Pedestrian 1 1 1 774.3040161132812 168.22451782226562 800.8789672851562 228.50732421875 1.0232595205307007 1.777382254600525 0.6519984006881714 5.340439796447754 1.640586018562317 21.869342803955078 -7.4789838790893555 0.7457
Car 1 1 1 986.3701782226562 140.73497009277344 1241.0 374.0 3.705317497253418 1.4489765167236328 1.5329500436782837 4.202713489532471 1.3060334920883179 4.919614791870117 -6.917399883270264 0.6865
Car 1 1 1 855.6536254882812 177.06103515625 1123.148193359375 326.5286560058594 3.9393696784973145 1.4084506034851074 1.5515556335449219 4.6901373863220215 1.470279574394226 8.780145645141602 -6.996445178985596 0.5809
Pedestrian 1 1 1 920.5515747070312 167.70826721191406 943.8915405273438 210.51486206054688 0.786144495010376 1.6346807479858398 0.6193102598190308 12.443307876586914 1.4378777742385864 27.980186462402344 -4.595886707305908 0.5545
Car 1 1 1 459.24072265625 178.1864013671875 493.1756591796875 198.2799072265625 3.813420295715332 1.5233418941497803 1.6002349853515625 -10.69261360168457 1.964522123336792 57.74773406982422 -4.59039306640625 0.5427
Car 1 1 1 503.381591796875 172.2236328125 536.5399780273438 198.9591522216797 4.365633487701416 1.876562476158142 1.819899559020996 -6.574105739593506 1.8320159912109375 52.84181594848633 -4.696288108825684 0.5006
Car 1 1 1 723.4478149414062 177.4810791015625 768.58154296875 207.32411193847656 3.6268508434295654 1.4801058769226074 1.6619541645050049 7.241925239562988 1.73881995677948 38.39692306518555 -7.463778018951416 0.4756
Pedestrian 1 1 1 1015.0005493164062 156.18724060058594 1032.043212890625 209.53916931152344 0.29696032404899597 1.8429549932479858 0.49668246507644653 14.38045883178711 1.2669291496276855 25.178516387939453 -3.1823031902313232 0.4678
Car 1 1 1 0.0 178.19334411621094 56.4144401550293 322.1106262207031 4.356497764587402 1.5440962314605713 1.659099817276001 -9.98625659942627 1.636525273323059 10.221882820129395 -4.9395928382873535 0.4202
Cyclist 1 1 1 816.5944213867188 170.83035278320312 833.4390869140625 213.27667236328125 1.6342523097991943 1.6345245838165283 0.3520325720310211 8.473247528076172 1.556297779083252 28.616455078125 -7.744584560394287 0.4019
Car 1 1 1 305.2317810058594 186.98971557617188 388.787109375 218.36473083496094 3.8111515045166016 1.4723644256591797 1.5974363088607788 -13.499067306518555 2.228271961212158 36.96590805053711 -3.6565322875976562 0.3955
Car 1 1 1 693.2882690429688 178.2963409423828 742.8392333984375 206.3925323486328 3.7097668647766113 1.4250560998916626 1.6164461374282837 5.90756893157959 1.7371851205825806 39.40052795410156 -7.393200397491455 0.2950
Car 1 1 1 771.3338623046875 167.4286651611328 855.6411743164062 197.9014892578125 3.8428292274475098 1.5020341873168945 1.5969886779785156 10.313325881958008 1.2343145608901978 36.780704498291016 -6.5131306648254395 0.2710
Pedestrian 1 1 1 105.96107482910156 182.69772338867188 138.7271728515625 238.6383056640625 0.8245644569396973 1.6936454772949219 0.5949968695640564 -15.252348899841309 2.006817579269409 22.49590301513672 -2.5234787464141846 0.2531
Car 1 1 1 1016.92333984375 138.28245544433594 1134.8719482421875 224.02139282226562 3.4629833698272705 1.435714602470398 1.5521818399429321 8.817001342773438 0.8565076589584351 13.977946281433105 -7.389002323150635 0.2439
Pedestrian 1 1 1 485.0718078613281 158.4240264892578 508.1882629394531 224.59170532226562 0.9304313659667969 1.9042381048202515 0.6587982773780823 -3.3838346004486084 1.4886581897735596 21.27189826965332 -4.852983474731445 0.2309
Car 1 1 1 881.2771606445312 172.50335693359375 1036.0650634765625 225.87106323242188 3.92985200881958 1.4883003234863281 1.6024439334869385 10.188681602478027 1.4782217741012573 21.27872657775879 -6.472529888153076 0.2077
Pedestrian 1 1 1 154.63070678710938 188.67445373535156 191.32992553710938 255.72503662109375 0.5014839768409729 1.464988350868225 0.5049679279327393 -9.836837768554688 1.8250563144683838 16.16427230834961 -4.627067565917969 0.1855
Car 1 1 1 757.5374145507812 171.85653686523438 788.7691040039062 190.5598907470703 3.771223545074463 1.4890583753585815 1.5408357381820679 13.358381271362305 1.4093451499938965 59.36783218383789 -4.764154434204102 0.1730
Car 1 1 1 91.73216247558594 189.953125 167.9840545654297 222.2763214111328 3.7547192573547363 1.5046387910842896 1.5594395399093628 -24.492488861083984 2.4111762046813965 36.73616409301758 -5.8247857093811035 0.1673
Car 1 1 1 881.1062622070312 170.2197265625 950.9198608398438 201.95582580566406 3.967071294784546 1.5282615423202515 1.5259816646575928 15.47729206085205 1.4011074304580688 36.80210494995117 -7.965686321258545 0.1620
Pedestrian 1 1 1 985.977294921875 165.7926483154297 1013.0039672851562 210.9510040283203 0.6058799624443054 1.7551730871200562 0.753648579120636 15.265856742858887 1.4804191589355469 28.374788284301758 -7.777836322784424 0.1399
Car 1 1 1 795.2229614257812 173.41954040527344 836.3485107421875 198.11526489257812 3.890214681625366 1.5426925420761108 1.580767035484314 13.346830368041992 1.580842137336731 47.10904312133789 -4.710188865661621 0.1313
Pedestrian 1 1 1 143.01675415039062 172.22882080078125 155.9752960205078 216.1632080078125 0.20734961330890656 1.74773371219635 0.41552305221557617 -18.505138397216797 1.7225639820098877 28.927501678466797 -2.9396135807037354 0.1179
Pedestrian 1 1 1 97.9949951171875 200.27146911621094 132.95904541015625 265.2510681152344 0.3960818648338318 1.2482365369796753 0.4133984446525574 -9.815289497375488 1.797419786453247 14.249579429626465 -4.647579193115234 0.1127
Car 1 1 1 768.954345703125 172.4725341796875 804.3174438476562 194.46339416503906 3.90667724609375 1.5317884683609009 1.482956051826477 12.710262298583984 1.5049172639846802 52.23652267456055 -4.746218681335449 0.1095
Car 1 1 1 557.978515625 177.99801635742188 576.453125 195.6820526123047 3.639331340789795 1.462087631225586 1.5531290769577026 -3.711366891860962 1.9211981296539307 62.587059020996094 -4.758157730102539 0.1084
Car 1 1 1 735.3807373046875 174.7778778076172 772.880615234375 197.44232177734375 4.180075645446777 1.4559404850006104 1.6434745788574219 9.792146682739258 1.5922117233276367 48.976016998291016 -4.3000874519348145 0.1001
