Car 1 1 1 671.7562255859375 176.42254638671875 737.8173217773438 229.29541015625 3.876984119415283 1.431405782699585 1.6346895694732666 2.7208609580993652 1.5485237836837769 21.770523071289062 -7.812641620635986 0.9437
Car 1 1 1 103.79114532470703 177.7799835205078 436.9958190917969 374.0 4.246899604797363 1.5662769079208374 1.6614465713500977 -3.2417643070220947 1.6338928937911987 7.8130035400390625 -7.868218898773193 0.9436
Car 1 1 1 759.1525268554688 173.90130615234375 1016.6768188476562 333.5077819824219 3.632300615310669 1.4945898056030273 1.5841667652130127 2.9437897205352783 1.5094724893569946 8.620368957519531 -7.884658336639404 0.9411
Car 1 1 1 943.3179931640625 165.2357635498047 1241.0 374.0 3.543663501739502 1.6026368141174316 1.58039128780365 3.2797975540161133 1.5812370777130127 3.7789721488952637 -7.842789173126221 0.7838
Car 1 1 1 626.1943969726562 172.12803649902344 657.9638671875 199.00723266601562 4.1411027908325195 1.6766703128814697 1.6973236799240112 2.0167343616485596 1.6310861110687256 47.1165657043457 -7.901411533355713 0.4390
Pedestrian 1 1 1 1202.0826416015625 127.1822738647461 1234.6552734375 193.07623291015625 0.4876599907875061 1.9636857509613037 0.7366169691085815 18.44098472595215 0.6023366451263428 21.931093215942383 -7.110610485076904 0.3211
Car 1 1 1 0.0 197.16773986816406 81.52366638183594 270.00872802734375 4.065810680389404 1.4904870986938477 1.7308861017227173 -15.833654403686523 2.174591302871704 18.231348037719727 -4.655112266540527 0.2579
Pedestrian 1 1 1 368.86151123046875 164.50930786132812 389.28778076171875 209.6819610595703 0.5626110434532166 1.808052659034729 0.556187093257904 -9.408519744873047 1.4737532138824463 29.26310920715332 -2.600226879119873 0.2040
Pedestrian 1 1 1 314.3377990722656 158.35842895507812 345.4363708496094 215.70849609375 0.8928820490837097 1.8317899703979492 0.6685758233070374 -9.15886116027832 1.3684941530227661 23.493804931640625 -4.715644836425781 0.1606
Pedestrian 1 1 1 823.9310302734375 144.11204528808594 857.166259765625 224.14556884765625 0.917386531829834 1.9065903425216675 0.7535549998283386 5.626134872436523 1.2215882539749146 17.746301651000977 -4.375054359436035 0.1357
Pedestrian 1 1 1 206.5359344482422 161.38743591308594 240.54566955566406 226.79820251464844 0.712175190448761 1.8384554386138916 0.591537594795227 -11.093894958496094 1.5158727169036865 20.63595199584961 -4.712061405181885 0.1248
Cyclist 1 1 1 1195.7998046875 149.8293914794922 1241.0 230.0284881591797 1.7710044384002686 1.7229094505310059 0.4197688698768616 13.957571983337402 1.22797429561615 16.40933609008789 -7.5653157234191895 0.1166
Cyclist 1 1 1 921.876953125 149.44801330566406 985.125 238.93460083007812 1.53162682056427 1.5500837564468384 0.4086975157260895 6.228946685791016 1.1443461179733276 13.267871856689453 -7.872253894805908 0.1153
Pedestrian 1 1 1 66.79039001464844 174.11521911621094 107.51506042480469 238.2492218017578 0.6511932015419006 1.8028568029403687 0.6926895380020142 -14.983630180358887 1.8391731977462769 20.62194061279297 -7.855518817901611 0.1137
Pedestrian 1 1 1 1213.2994384765625 126.25777435302734 1241.0 218.87010192871094 0.7517238855361938 1.9008071422576904 0.6595058441162109 13.303017616271973 0.9441502094268799 15.226564407348633 -7.716610431671143 0.1124
Car 1 1 1 618.969482421875 174.15121459960938 641.8468627929688 196.967529296875 3.8554182052612305 1.6011958122253418 1.607640266418457 1.4325830936431885 1.6992911100387573 52.793190002441406 -7.842156887054443 0.1120
Car 1 1 1 610.13818359375 174.11683654785156 634.1039428710938 192.0394287109375 4.089094638824463 1.5284597873687744 1.5465335845947266 1.083095669746399 1.6438852548599243 63.978660583496094 -7.690639972686768 0.1042
Car 1 1 1 1039.7955322265625 142.62930297851562 1241.0 284.4814758300781 4.093320369720459 1.531023383140564 1.5698479413986206 7.674440383911133 1.204505443572998 8.716252326965332 -6.2119364738464355 0.1018
Pedestrian 1 1 1 491.2292785644531 159.79261779785156 524.6337280273438 238.5288543701172 0.7094032168388367 1.7825055122375488 0.5509138703346252 -2.429511070251465 1.4865097999572754 16.778745651245117 -5.2202372550964355 0.1011
