Car 1 1 1 186.88922119140625 169.5376434326172 407.102294921875 267.7243957519531 3.6036489009857178 1.8083438873291016 1.6722084283828735 -6.0888237953186035 1.7469656467437744 14.185208320617676 -3.1078782081604004 0.9072
Car 1 1 1 826.0488891601562 152.64747619628906 898.1835327148438 200.72909545898438 4.732791900634766 1.9910873174667358 1.9633842706680298 11.13049030303955 1.1540242433547974 32.32608413696289 -7.761693477630615 0.8993
Car 1 1 1 345.6182861328125 179.36343383789062 481.27496337890625 225.64991760253906 4.064980983734131 1.4518898725509644 1.612926721572876 -6.443767547607422 1.6743957996368408 23.7921142578125 -3.1904759407043457 0.8605
Car 1 1 1 274.4956970214844 175.10403442382812 448.6661376953125 241.02224731445312 3.9438087940216064 1.6284750699996948 1.6770623922348022 -6.400612831115723 1.6892433166503906 18.73326873779297 -3.1357522010803223 0.8340
Car 1 1 1 877.593994140625 163.44015502929688 953.046630859375 198.81634521484375 4.009144306182861 1.5291876792907715 1.6633745431900024 13.912633895874023 1.1219602823257446 33.22153091430664 -7.888407230377197 0.7226
Car 1 1 1 391.1899108886719 169.2803192138672 507.8622741699219 213.21456909179688 4.284656047821045 1.7098348140716553 1.7323133945465088 -6.4336137771606445 1.5704541206359863 29.01673698425293 -3.108812093734741 0.7032
Car 1 1 1 0.0 209.1962890625 174.39207458496094 374.0 4.109508037567139 1.4374127388000488 1.5861574411392212 -7.1320390701293945 1.8715673685073853 7.458223342895508 -3.3318862915039062 0.5853
Pedestrian 1 1 1 393.6049499511719 157.0135040283203 412.62353515625 195.89633178710938 0.6294278502464294 1.9888896942138672 0.7510492205619812 -10.7236909866333 1.178335428237915 37.2744026184082 -7.704493045806885 0.5707
Car 1 1 1 375.91656494140625 177.49276733398438 480.2815856933594 219.76028442382812 3.432706832885742 1.4939619302749634 1.562642216682434 -6.660637855529785 1.6688286066055298 26.460891723632812 -3.139183759689331 0.3958
Car 1 1 1 462.057373046875 173.35675048828125 537.2416381835938 201.94786071777344 3.566347599029541 1.4400416612625122 1.5344759225845337 -5.723756790161133 1.4664502143859863 37.35377883911133 -3.019987106323242 0.3747
Car 1 1 1 438.7033996582031 177.52886962890625 527.0632934570312 207.61805725097656 3.990396022796631 1.4067400693893433 1.6032816171646118 -6.123248100280762 1.6372950077056885 34.80987548828125 -3.151381254196167 0.3180
Pedestrian 1 1 1 154.31155395507812 185.3223419189453 223.74501037597656 308.602783203125 0.5838779807090759 1.6393769979476929 0.6038516163825989 -5.878518104553223 1.8177353143692017 10.001090049743652 -3.0093133449554443 0.2924
Car 1 1 1 140.34194946289062 173.3926239013672 259.9163513183594 217.33074951171875 4.332178115844727 1.6287463903427124 1.720568299293518 -16.419607162475586 1.651893973350525 29.106855392456055 -7.628370761871338 0.2609
Pedestrian 1 1 1 706.7271118164062 147.0435333251953 732.8623046875 218.4990692138672 0.6944002509117126 1.8114752769470215 0.5978770852088928 2.780968427658081 1.156852126121521 18.65228843688965 -4.666586399078369 0.2384
Car 1 1 1 647.884765625 169.53099060058594 712.9188842773438 193.4429931640625 4.255214214324951 1.5891423225402832 1.8271747827529907 4.696481227874756 1.368001937866211 48.9045524597168 -6.264767646789551 0.2299
Car 1 1 1 785.6327514648438 168.5594940185547 835.0482177734375 196.91607666015625 3.5588901042938232 1.3799954652786255 1.5616148710250854 10.144726753234863 1.1707003116607666 36.8997688293457 -7.846065998077393 0.2270
Car 1 1 1 144.6497039794922 159.95852661132812 249.4246063232422 202.2480010986328 4.484334468841553 1.8377617597579956 1.8954782485961914 -19.18317985534668 1.277066707611084 33.70922088623047 -7.712253093719482 0.2117
Car 1 1 1 166.2166290283203 175.03115844726562 251.96002197265625 222.1722412109375 3.4398703575134277 1.4073231220245361 1.4973047971725464 -13.022220611572266 1.483616590499878 23.54707908630371 -4.9192094802856445 0.1989
Car 1 1 1 774.2401123046875 174.8427276611328 808.56982421875 198.6695556640625 3.6524295806884766 1.4593724012374878 1.5921772718429565 11.694087982177734 1.592777967453003 46.51826477050781 -7.449357509613037 0.1989
Car 1 1 1 66.75102996826172 185.70433044433594 127.23419189453125 210.0967559814453 3.431814432144165 1.4805548191070557 1.45331609249115 -33.640663146972656 2.354844570159912 47.36800765991211 -4.678341388702393 0.1852
Car 1 1 1 628.0369262695312 173.89163208007812 653.231201171875 190.07460021972656 3.7473061084747314 1.4519391059875488 1.5725375413894653 2.7922284603118896 1.5507975816726685 66.97120666503906 -4.884494304656982 0.1699
Cyclist 1 1 1 935.6214599609375 136.9550323486328 1000.044921875 217.54942321777344 1.5609019994735718 1.7062554359436035 0.45566341280937195 7.891112804412842 0.9459422826766968 16.08310890197754 -8.021480560302734 0.1496
Car 1 1 1 782.8795776367188 158.7218017578125 810.399658203125 177.55941772460938 3.9115681648254395 1.7312462329864502 1.677172303199768 17.6058349609375 0.43214449286460876 68.28788757324219 -7.829249858856201 0.1495
Car 1 1 1 539.3577880859375 172.71168518066406 568.1107788085938 193.13160705566406 3.8528199195861816 1.4822174310684204 1.5771701335906982 -4.307156562805176 1.4715864658355713 54.431175231933594 -8.088876724243164 0.1434
Pedestrian 1 1 1 708.4638671875 168.7898712158203 725.742431640625 205.4088134765625 0.4776310920715332 1.8161035776138306 0.7998971343040466 5.305383205413818 1.6142446994781494 36.0321159362793 -7.8316121101379395 0.1382
Pedestrian 1 1 1 1206.8748779296875 137.83126831054688 1241.0 247.6538543701172 0.4677174985408783 1.7556445598602295 0.566140353679657 10.196077346801758 1.1954644918441772 11.857356071472168 -4.329273223876953 0.1277
Car 1 1 1 193.04110717773438 179.7769012451172 254.40904235839844 209.38584899902344 3.724504232406616 1.5284181833267212 1.5062061548233032 -21.378374099731445 1.93011474609375 40.012760162353516 -4.744226455688477 0.1200
Pedestrian 1 1 1 250.27346801757812 169.89073181152344 269.4165954589844 219.6251983642578 0.7510762214660645 1.721035361289978 0.5875560641288757 -12.393588066101074 1.6181926727294922 25.437007904052734 -5.19027042388916 0.1135
Car 1 1 1 580.427490234375 179.0425262451172 638.6551513671875 198.51229858398438 4.518550395965576 1.5024925470352173 1.5494297742843628 -0.03882985934615135 2.000828504562378 57.20567321777344 -6.212717533111572 0.1063
Car 1 1 1 0.0 187.02171325683594 148.849853515625 245.92845153808594 4.282373428344727 1.4942060708999634 1.6719684600830078 -15.978745460510254 1.957629919052124 21.474651336669922 -7.852966785430908 0.1062
Pedestrian 1 1 1 818.99365234375 181.1515350341797 839.970947265625 220.9230499267578 0.7969724535942078 1.6780850887298584 0.6412172317504883 9.439690589904785 2.0420854091644287 31.1679630279541 -7.224621295928955 0.1017
