Car 1 1 1 755.2430419921875 185.4454803466797 939.6436157226562 280.38232421875 3.389734983444214 1.4371248483657837 1.5682111978530884 4.130124092102051 1.7004626989364624 13.259937286376953 -8.140819549560547 0.9625
Car 1 1 1 144.39822387695312 181.53451538085938 253.2371368408203 230.7759552001953 4.487823486328125 1.8233424425125122 1.795615792274475 -16.861068725585938 2.2090134620666504 29.80203628540039 -4.669351100921631 0.6991
Car 1 1 1 0.0 190.9165802001953 53.166465759277344 258.6501770019531 4.2073750495910645 1.4970752000808716 1.6622952222824097 -17.41425132751465 2.0318329334259033 19.23187828063965 -4.663441181182861 0.4831
Car 1 1 1 224.37283325195312 193.3778533935547 279.55462646484375 220.2174530029297 3.9871649742126465 1.501728892326355 1.7459601163864136 -22.56411361694336 2.855775833129883 45.56156921386719 -4.785370349884033 0.2579
Pedestrian 1 1 1 0.0 151.00384521484375 14.376304626464844 200.8182373046875 0.359485387802124 1.8857676982879639 0.5730417966842651 -23.3059024810791 1.058310866355896 27.64872932434082 -2.7341408729553223 0.2466
Pedestrian 1 1 1 176.22195434570312 158.36474609375 195.35520935058594 193.07826232910156 0.7396718263626099 1.866753101348877 0.6336182355880737 -23.07551383972168 1.0872790813446045 39.1927490234375 -7.924953937530518 0.2061
Pedestrian 1 1 1 780.2477416992188 155.2181854248047 793.7908325195312 191.7826385498047 0.863754391670227 1.8678271770477295 0.5984694361686707 9.130617141723633 0.9666345119476318 37.36540222167969 -7.5136542320251465 0.1918
Pedestrian 1 1 1 992.6718139648438 165.5059814453125 1019.893310546875 225.47381591796875 0.7702457308769226 1.786885380744934 0.6210007667541504 12.008358001708984 1.5676337480545044 21.969289779663086 -4.355443954467773 0.1640
Car 1 1 1 443.3573303222656 183.6304168701172 477.4759216308594 201.7755584716797 3.8543143272399902 1.5010508298873901 1.5598291158676147 -13.284660339355469 2.4896631240844727 64.16641235351562 -4.504694938659668 0.1542
Pedestrian 1 1 1 887.26806640625 152.37156677246094 921.86279296875 212.26388549804688 0.9095203280448914 1.8290863037109375 0.6756680011749268 9.129611015319824 1.2032614946365356 22.507219314575195 -4.764553546905518 0.1541
Pedestrian 1 1 1 783.58935546875 150.8942413330078 802.3817749023438 191.96995544433594 0.8594091534614563 1.976285696029663 0.7015726566314697 8.867274284362793 0.9194302558898926 35.1475944519043 -7.847213268280029 0.1507
Car 1 1 1 666.527587890625 177.5176544189453 688.7866821289062 199.67431640625 3.7953312397003174 1.6919608116149902 1.5914254188537598 5.367246627807617 2.078014850616455 57.84359359741211 -4.667596817016602 0.1436
Pedestrian 1 1 1 798.9470825195312 154.40077209472656 816.978759765625 194.7373504638672 0.6661874055862427 1.8635072708129883 0.7150482535362244 9.20091438293457 1.0106879472732544 33.704017639160156 -7.745804309844971 0.1393
Pedestrian 1 1 1 1062.15380859375 186.90696716308594 1096.2601318359375 239.31434631347656 0.759492039680481 1.7762374877929688 0.725733757019043 16.25930404663086 2.2726614475250244 25.090322494506836 -6.139380931854248 0.1280
Car 1 1 1 321.9657897949219 183.3214111328125 372.549072265625 213.12200927734375 3.837566375732422 1.5254859924316406 1.5666382312774658 -14.627835273742676 2.137458562850952 40.25511932373047 -4.754332065582275 0.1136
Pedestrian 1 1 1 1188.650390625 107.24791717529297 1241.0 235.09555053710938 0.7226369380950928 1.8878542184829712 0.6830469965934753 9.4126558303833 0.9187861680984497 11.020010948181152 -4.700154781341553 0.1103
Pedestrian 1 1 1 771.0296020507812 161.1605224609375 789.216064453125 195.85366821289062 0.9162390828132629 1.8864792585372925 0.6030277609825134 9.292927742004395 1.2503334283828735 39.594207763671875 -6.149775505065918 0.1046
Car 1 1 1 1063.6297607421875 189.36915588378906 1158.03076171875 236.1155548095703 3.791351556777954 1.4517384767532349 1.7197182178497314 17.818363189697266 2.0922579765319824 25.931983947753906 -4.41262674331665 0.1042
Pedestrian 1 1 1 900.7887573242188 156.4889373779297 935.0875244140625 217.16392517089844 0.8361446261405945 1.783881664276123 0.6644811034202576 9.174908638000488 1.3024390935897827 21.635726928710938 -4.724531650543213 0.1018
Car 1 1 1 87.15234375 196.0308380126953 142.7833709716797 217.95675659179688 3.608774423599243 1.547903060913086 1.7402422428131104 -38.02151870727539 3.372682571411133 55.38895034790039 -2.7965316772460938 0.1008
