Car 1 1 1 455.9535827636719 185.65631103515625 534.6544189453125 241.39178466796875 3.70991849899292 1.4297598600387573 1.710099458694458 -3.321847438812256 1.8390042781829834 21.222675323486328 -7.8489508628845215 0.9585
Car 1 1 1 332.7304382324219 183.42819213867188 429.89593505859375 238.997802734375 3.700612783432007 1.4299200773239136 1.580763816833496 -6.630832672119141 1.767086148262024 21.153507232666016 -7.823188304901123 0.9240
Car 1 1 1 541.6353149414062 178.48419189453125 569.7948608398438 200.5698699951172 3.7608232498168945 1.4922906160354614 1.6565332412719727 -3.8778038024902344 1.9095767736434937 51.618263244628906 -7.832597255706787 0.3828
Pedestrian 1 1 1 658.958740234375 183.1404266357422 671.04296875 207.52615356445312 0.6526579856872559 1.7256531715393066 0.5871854424476624 3.9224836826324463 2.470729351043701 51.85354995727539 -5.6396803855896 0.3291
Pedestrian 1 1 1 673.9147338867188 183.0908966064453 686.9085083007812 210.05686950683594 0.6238643527030945 1.7583074569702148 0.6941667199134827 4.637993812561035 2.44339919090271 47.85203552246094 -5.752133369445801 0.2498
Pedestrian 1 1 1 807.0242919921875 189.05783081054688 822.8967895507812 219.26609802246094 0.6303741335868835 1.6978341341018677 0.6941105127334595 11.759272575378418 2.640606164932251 41.52516174316406 -5.529186725616455 0.1858
Car 1 1 1 313.0862731933594 186.0169677734375 360.10162353515625 209.31625366210938 3.7903995513916016 1.52920663356781 1.6186878681182861 -19.50428581237793 2.505171060562134 51.54725646972656 -4.610933303833008 0.1776
Car 1 1 1 633.7876586914062 185.78367614746094 662.6842041015625 211.35914611816406 4.259675979614258 1.4847195148468018 1.7044235467910767 2.3714892864227295 2.350823402404785 46.20328140258789 -4.692713737487793 0.1327
Cyclist 1 1 1 293.2942199707031 170.88900756835938 327.32586669921875 225.6580047607422 1.608219861984253 1.7046741247177124 0.5435788035392761 -9.698164939880371 1.6432143449783325 23.280719757080078 -4.791132926940918 0.1211
Pedestrian 1 1 1 793.473388671875 181.63522338867188 805.5757446289062 205.51358032226562 0.6008294820785522 1.8062666654586792 0.683376669883728 14.510072708129883 2.4849908351898193 55.35054397583008 -8.481314659118652 0.1120
Car 1 1 1 437.50732421875 177.87818908691406 472.63330078125 202.2989959716797 3.765855312347412 1.5551880598068237 1.5957883596420288 -10.425930976867676 1.9065946340560913 48.61871337890625 -4.7226433753967285 0.1088
Car 1 1 1 429.1567687988281 179.70059204101562 495.521728515625 207.10842895507812 3.5000736713409424 1.4370204210281372 1.511339545249939 -8.150431632995605 1.8232438564300537 39.57278060913086 -6.530787944793701 0.1063
Pedestrian 1 1 1 764.4328002929688 193.22149658203125 783.3133544921875 233.5693359375 0.3727776110172272 1.1266117095947266 0.40118420124053955 4.628894805908203 1.7144697904586792 20.60713768005371 -4.953617095947266 0.1049
Pedestrian 1 1 1 185.31509399414062 172.37710571289062 205.75294494628906 201.9925079345703 1.0041708946228027 1.8630287647247314 0.500564455986023 -26.25754737854004 1.8327282667160034 45.65830612182617 -6.319251537322998 0.1035
