Car 1 1 1 486.0143127441406 182.29129028320312 547.0347290039062 226.1851348876953 3.8927981853485107 1.4913474321365356 1.6429919004440308 -3.508045196533203 1.874695897102356 27.34988021850586 -4.666093826293945 0.9200
Car 1 1 1 557.8106079101562 180.90159606933594 584.0125732421875 199.3741455078125 4.113893032073975 1.5011823177337646 1.6800755262374878 -3.3804008960723877 2.2230029106140137 62.6171989440918 -4.617302894592285 0.5626
Pedestrian 1 1 1 1149.8140869140625 168.66331481933594 1167.135009765625 222.70187377929688 0.19515354931354523 1.7505848407745361 0.4079379141330719 17.89000129699707 1.6145271062850952 23.600128173828125 -3.5392351150512695 0.2854
Pedestrian 1 1 1 104.12335205078125 178.17269897460938 147.73275756835938 244.7495574951172 0.7714516520500183 1.6785017251968384 0.5854713916778564 -12.625361442565918 1.819977879524231 18.750797271728516 -4.144246578216553 0.2178
Pedestrian 1 1 1 339.61798095703125 156.48611450195312 355.887451171875 196.26402282714844 0.6434728503227234 1.9802645444869995 0.7223191857337952 -13.238626480102539 1.1651216745376587 36.32688522338867 -8.124521255493164 0.2122
Pedestrian 1 1 1 929.5963134765625 156.281494140625 941.2481079101562 195.94186401367188 0.33963149785995483 1.8195691108703613 0.5122414231300354 15.007529258728027 1.058943271636963 33.372703552246094 -3.057769536972046 0.2098
Cyclist 1 1 1 795.8681030273438 183.37232971191406 841.2063598632812 226.02500915527344 1.6746879816055298 1.7328578233718872 0.6786230802536011 8.575316429138184 2.1730988025665283 29.85679054260254 -6.312222003936768 0.1974
Car 1 1 1 431.6934814453125 187.5585174560547 491.9590148925781 218.3371124267578 3.8271524906158447 1.4642757177352905 1.577582836151123 -7.844476699829102 2.2872469425201416 38.34326171875 -4.445199012756348 0.1970
Pedestrian 1 1 1 1118.0284423828125 149.7744598388672 1134.96240234375 199.52749633789062 0.29710638523101807 1.8210523128509521 0.4435766339302063 19.0198974609375 0.9759992361068726 26.638200759887695 -3.1891632080078125 0.1952
Pedestrian 1 1 1 1058.01611328125 150.9932403564453 1127.87939453125 256.91583251953125 0.7600122690200806 1.6956760883331299 0.6259241700172424 7.928542613983154 1.3454151153564453 11.953163146972656 -4.7871832847595215 0.1927
Cyclist 1 1 1 812.8807373046875 181.72064208984375 854.5081787109375 224.44424438476562 1.7105534076690674 1.8120715618133545 0.6729564070701599 9.72994327545166 2.2070693969726562 31.520057678222656 -6.690767765045166 0.1821
Car 1 1 1 347.6791687011719 182.20742797851562 395.3772888183594 211.58644104003906 3.607419013977051 1.4717603921890259 1.58427894115448 -12.922688484191895 2.003154993057251 39.168819427490234 -4.770871162414551 0.1594
Cyclist 1 1 1 736.2678833007812 188.0199432373047 768.1083984375 229.08872985839844 1.6620063781738281 1.7663661241531372 0.6789456009864807 6.365067005157471 2.469909191131592 32.590476989746094 -8.175082206726074 0.1582
Pedestrian 1 1 1 0.0 177.1055908203125 26.683025360107422 259.7918395996094 0.7615863680839539 1.6786123514175415 0.5623965859413147 -12.907012939453125 1.7703038454055786 15.153456687927246 -4.328549385070801 0.1546
Cyclist 1 1 1 773.5107421875 169.78323364257812 783.56005859375 206.44635009765625 1.68284273147583 1.6712448596954346 0.44143784046173096 7.849422931671143 1.5309678316116333 33.760215759277344 -7.614194393157959 0.1451
Pedestrian 1 1 1 979.3640747070312 148.06297302246094 995.2218627929688 192.72592163085938 0.41338029503822327 1.831164836883545 0.5662456750869751 15.582690238952637 0.8144415616989136 29.890901565551758 -7.410888195037842 0.1431
Car 1 1 1 847.111328125 169.55201721191406 875.706787109375 191.63992309570312 4.023552894592285 1.6107488870620728 1.6579817533493042 19.091772079467773 1.3696529865264893 54.79144287109375 -7.418477535247803 0.1427
Pedestrian 1 1 1 865.7821044921875 137.21359252929688 904.67431640625 225.70599365234375 0.9431840777397156 1.9483472108840942 0.7930511832237244 6.239990711212158 1.1633485555648804 16.475738525390625 -4.308045864105225 0.1410
Pedestrian 1 1 1 142.63865661621094 175.96279907226562 180.58323669433594 244.43768310546875 0.8099526762962341 1.7806669473648071 0.6608578562736511 -12.05482006072998 1.8657773733139038 19.316320419311523 -3.782001495361328 0.1369
Cyclist 1 1 1 853.1015014648438 159.6793670654297 938.886962890625 254.09432983398438 1.7575616836547852 1.686539649963379 0.5307146310806274 5.37385368347168 1.450900673866272 13.806715965270996 -5.0221638679504395 0.1367
Pedestrian 1 1 1 1059.7628173828125 161.11248779296875 1114.74560546875 253.38150024414062 0.6732807159423828 1.6034879684448242 0.526049792766571 8.45529842376709 1.3991392850875854 12.884143829345703 -4.744739055633545 0.1322
Pedestrian 1 1 1 0.0 161.358642578125 52.265560150146484 252.79330444335938 0.6728578209877014 1.7097856998443604 0.6774338483810425 -11.371965408325195 1.49452805519104 13.862149238586426 -4.608545780181885 0.1298
Car 1 1 1 553.7861938476562 186.62147521972656 604.736328125 216.60586547851562 3.642930269241333 1.4977694749832153 1.5341755151748657 -1.7816591262817383 2.295161008834839 39.83095932006836 -8.288156509399414 0.1286
Pedestrian 1 1 1 881.705810546875 149.84622192382812 895.9592895507812 188.7142791748047 0.6151901483535767 1.9403945207595825 0.6370271444320679 14.027228355407715 0.7914862632751465 36.411712646484375 -7.541262149810791 0.1212
Pedestrian 1 1 1 1014.9014282226562 155.69314575195312 1062.3275146484375 242.12620544433594 0.6652193069458008 1.6921576261520386 0.5209580659866333 8.50838851928711 1.3558883666992188 14.4298095703125 -3.003505229949951 0.1211
Cyclist 1 1 1 795.9581909179688 176.9287872314453 809.9121704101562 221.80296325683594 1.6218090057373047 1.6192373037338257 0.42635631561279297 7.187570571899414 1.7762869596481323 27.025239944458008 -7.543409824371338 0.1204
Car 1 1 1 433.3223876953125 175.47434997558594 469.0898132324219 195.2557830810547 4.1751275062561035 1.5274609327316284 1.6311248540878296 -12.938919067382812 1.7477086782455444 58.51573181152344 -5.240221977233887 0.1197
Pedestrian 1 1 1 956.432861328125 139.16921997070312 1001.0360717773438 223.95762634277344 0.7899050116539001 1.8412015438079834 0.6482866406440735 8.160560607910156 1.10942804813385 16.096874237060547 -7.742721080780029 0.1171
Pedestrian 1 1 1 274.6926574707031 151.00027465820312 304.3909912109375 209.7462615966797 0.8177879452705383 1.924881935119629 0.7113504409790039 -10.740471839904785 1.2085187435150146 24.097301483154297 -4.854885578155518 0.1167
Pedestrian 1 1 1 200.9065704345703 164.42025756835938 222.0892791748047 215.1435089111328 0.42609843611717224 1.764167070388794 0.4995625913143158 -14.080656051635742 1.4705394506454468 25.413747787475586 -2.6803841590881348 0.1128
Car 1 1 1 725.685546875 180.28604125976562 797.7097778320312 209.30833435058594 3.5964651107788086 1.491410255432129 1.5747497081756592 8.219503402709961 1.91059410572052 39.27382278442383 -6.702775955200195 0.1107
Pedestrian 1 1 1 934.6942138671875 158.812744140625 971.2713012695312 218.5383758544922 0.8224957585334778 1.7470611333847046 0.5523532032966614 10.211350440979004 1.3360340595245361 21.59770393371582 -8.323095321655273 0.1094
Pedestrian 1 1 1 488.5530700683594 171.87649536132812 503.20672607421875 194.7529754638672 1.09986412525177 1.8266443014144897 0.5360032320022583 -9.180596351623535 1.7482918500900269 57.89387893676758 -3.164313554763794 0.1093
Pedestrian 1 1 1 24.101673126220703 155.21136474609375 83.60639953613281 242.435546875 0.6818020939826965 1.7350436449050903 0.6817888021469116 -11.407480239868164 1.3838005065917969 14.745889663696289 -4.543947696685791 0.1080
Car 1 1 1 675.9309692382812 181.73794555664062 705.0924682617188 209.195068359375 3.639810562133789 1.494752049446106 1.5621209144592285 4.733036518096924 2.0405633449554443 42.43734359741211 -4.561215877532959 0.1031
