Car 1 1 1 729.1229858398438 182.4051055908203 833.34326171875 258.6550598144531 3.716932773590088 1.4707094430923462 1.6084851026535034 3.6750028133392334 1.710947036743164 16.280988693237305 -7.81227445602417 0.9405
Car 1 1 1 767.9262084960938 182.31524658203125 963.020751953125 309.9173278808594 3.830981492996216 1.5226739645004272 1.5975005626678467 3.514862537384033 1.6894453763961792 10.818260192871094 -7.844480037689209 0.9393
Car 1 1 1 862.4028930664062 186.8927764892578 1241.0 374.0 4.072319984436035 1.4709856510162354 1.627355933189392 3.4898664951324463 1.6220464706420898 5.736427307128906 -7.862386226654053 0.9357
Car 1 1 1 130.94281005859375 193.20677185058594 384.4333801269531 322.01470947265625 4.410895824432373 1.4018298387527466 1.6211966276168823 -4.920886516571045 1.7672119140625 10.757006645202637 -4.710481643676758 0.9356
Car 1 1 1 699.996826171875 179.2421875 778.7521362304688 233.27783203125 3.98164963722229 1.4444761276245117 1.6240328550338745 3.744356632232666 1.6545133590698242 21.758955001831055 -7.863383769989014 0.9190
Car 1 1 1 450.1241455078125 179.62286376953125 515.6748657226562 222.98521423339844 3.4084813594818115 1.4601678848266602 1.5441803932189941 -4.660414695739746 1.7261327505111694 26.615713119506836 -4.621646881103516 0.8727
Car 1 1 1 0.0 212.02088928222656 217.8350830078125 374.0 3.9933435916900635 1.4572807550430298 1.572832465171814 -4.801222801208496 1.8619890213012695 5.428565979003906 -4.7610321044921875 0.8144
Car 1 1 1 480.56024169921875 177.78070068359375 534.0402221679688 215.2737579345703 3.8087425231933594 1.5014961957931519 1.56203293800354 -4.437736988067627 1.7286242246627808 31.357990264892578 -4.649177074432373 0.7927
Car 1 1 1 0.0 182.75933837890625 156.85797119140625 230.37013244628906 4.1226701736450195 1.4007171392440796 1.5713413953781128 -16.77417755126953 1.7263189554214478 22.70006561279297 -3.0149691104888916 0.7596
Car 1 1 1 696.062744140625 175.159423828125 749.4910278320312 216.2507781982422 3.4593775272369385 1.4467580318450928 1.5539189577102661 4.164163112640381 1.5394147634506226 27.346590042114258 -7.831818103790283 0.6684
Car 1 1 1 647.9293212890625 174.8418426513672 696.70751953125 191.88536071777344 4.323251247406006 1.5107091665267944 1.7107244729995728 5.5710320472717285 1.6924980878829956 65.13655090332031 -3.093966007232666 0.5069
Pedestrian 1 1 1 659.8059692382812 170.26039123535156 673.8309936523438 194.26950073242188 0.9737653732299805 1.8483003377914429 0.5247815251350403 4.380005359649658 1.6483356952667236 55.96892547607422 -5.907994270324707 0.3513
Pedestrian 1 1 1 783.2518920898438 161.5794677734375 795.6021118164062 196.1366424560547 1.154642939567566 1.7947721481323242 0.5882713794708252 9.4299955368042 1.2089147567749023 38.09919738769531 -7.648601055145264 0.2871
Car 1 1 1 452.616943359375 165.79324340820312 516.200927734375 191.20858764648438 4.040109634399414 1.6292558908462524 1.6751636266708374 -8.225647926330566 1.176324725151062 47.34164810180664 -6.4105048179626465 0.2771
Car 1 1 1 1183.1925048828125 166.8999786376953 1241.0 249.2045440673828 3.756253957748413 1.4386829137802124 1.4961844682693481 13.980259895324707 1.3343068361282349 14.595890998840332 -4.896704196929932 0.2311
Pedestrian 1 1 1 687.6444091796875 172.8789520263672 698.0157470703125 196.01304626464844 0.7536918520927429 1.7596765756607056 0.6419444680213928 6.317605018615723 1.7613006830215454 55.264808654785156 -6.111120223999023 0.1699
Car 1 1 1 960.22900390625 167.7918243408203 982.8789672851562 187.35012817382812 3.621591567993164 1.5421115159988403 1.6063241958618164 29.463775634765625 1.1426739692687988 58.869808197021484 -4.249032497406006 0.1506
Pedestrian 1 1 1 935.4495849609375 146.0295867919922 958.6610107421875 196.29318237304688 0.83270263671875 1.8242002725601196 0.6126041412353516 12.400308609008789 0.8503706455230713 26.65999984741211 -7.632490634918213 0.1452
Car 1 1 1 1059.0030517578125 148.7402801513672 1195.3597412109375 201.66281127929688 3.9298369884490967 1.6425827741622925 1.6668659448623657 17.258142471313477 0.8938535451889038 24.39691162109375 -7.901362895965576 0.1349
Car 1 1 1 981.3866577148438 164.2771759033203 1123.8336181640625 227.6806640625 3.7634332180023193 1.5164703130722046 1.5486096143722534 11.514693260192871 1.3110318183898926 19.159427642822266 -4.68549919128418 0.1304
Pedestrian 1 1 1 207.3872833251953 171.16444396972656 222.30941772460938 206.7708740234375 0.5690482258796692 1.8128976821899414 0.37438642978668213 -20.273536682128906 1.7265743017196655 36.95072937011719 -3.238029956817627 0.1249
Car 1 1 1 0.0 189.05577087402344 196.34934997558594 294.406494140625 3.8954830169677734 1.4413589239120483 1.5453124046325684 -9.204675674438477 1.7662897109985352 12.485238075256348 -4.6396684646606445 0.1186
Pedestrian 1 1 1 448.6801452636719 169.66131591796875 461.84576416015625 195.2917938232422 0.8648436665534973 1.8738658428192139 0.49940046668052673 -11.395245552062988 1.6401450634002686 53.00788497924805 -6.296955585479736 0.1073
Pedestrian 1 1 1 0.0 161.50991821289062 41.56805419921875 243.995361328125 0.6349384188652039 1.757856845855713 0.7066971063613892 -13.02950668334961 1.5158019065856934 15.709413528442383 -7.897792339324951 0.1048
Car 1 1 1 396.79248046875 169.05824279785156 467.168212890625 206.46678161621094 4.692401885986328 1.716889500617981 1.7599891424179077 -8.706338882446289 1.5423805713653564 35.559722900390625 -4.575619220733643 0.1029
