Car 1 1 1 0.0 159.62750244140625 287.08221435546875 360.79119873046875 3.8836324214935303 1.8630460500717163 1.5982331037521362 -5.507222652435303 1.7402509450912476 8.667743682861328 -4.771064758300781 0.7007
Pedestrian 1 1 1 780.5191040039062 162.8787841796875 811.3667602539062 232.24337768554688 0.8758171200752258 1.7615081071853638 0.621595025062561 4.779061317443848 1.507888674736023 18.77935028076172 -7.793263912200928 0.4726
Pedestrian 1 1 1 827.19384765625 191.89149475097656 873.9111328125 279.1665954589844 0.6748704314231873 1.3258863687515259 0.4527241289615631 3.76446270942688 1.6382900476455688 11.486379623413086 -4.8503618240356445 0.3587
Cyclist 1 1 1 920.7937622070312 176.092041015625 984.3404541015625 244.37838745117188 1.6730624437332153 1.6305955648422241 0.43761736154556274 8.545674324035645 1.7157403230667114 18.175567626953125 -8.144299507141113 0.3355
Pedestrian 1 1 1 991.7478637695312 158.1282196044922 1076.0233154296875 281.3247375488281 0.8611521124839783 1.6932408809661865 0.6740543842315674 5.986861228942871 1.490546464920044 10.326642036437988 -6.10043478012085 0.2893
Pedestrian 1 1 1 751.6242065429688 167.18130493164062 771.4666137695312 213.19688415527344 0.880845844745636 1.7897627353668213 0.5675953030586243 5.938579082489014 1.5688246488571167 28.515865325927734 -4.754049301147461 0.2861
Pedestrian 1 1 1 955.467529296875 166.8057098388672 967.3385009765625 191.06471252441406 0.5238218903541565 1.7692903280258179 0.7964358925819397 25.798091888427734 1.3278676271438599 53.03950881958008 -6.214028835296631 0.2467
Pedestrian 1 1 1 592.1348266601562 160.14584350585938 609.7614135742188 201.50228881835938 0.6715150475502014 1.8905751705169678 0.7345243692398071 -0.45676833391189575 1.3093327283859253 33.36092758178711 -4.595118999481201 0.2311
Car 1 1 1 766.014404296875 168.85691833496094 831.9606323242188 190.6334991455078 4.743350505828857 1.6229894161224365 1.6928608417510986 14.463849067687988 1.3247891664505005 55.33731460571289 -3.467782497406006 0.2123
Pedestrian 1 1 1 448.3629455566406 156.08197021484375 468.5560302734375 198.05184936523438 0.7362275123596191 1.974260687828064 0.8012678623199463 -7.2425971031188965 1.185005784034729 34.3126220703125 -7.845413684844971 0.2088
Car 1 1 1 409.2975769042969 170.26632690429688 469.6810607910156 190.86993408203125 4.242211818695068 1.4909029006958008 1.6564334630966187 -12.593348503112793 1.30335533618927 53.37044143676758 -6.444948196411133 0.2079
Car 1 1 1 1128.1046142578125 173.03407287597656 1241.0 374.0 4.0375590324401855 1.4972501993179321 1.6105798482894897 5.93983268737793 1.4984593391418457 4.928109645843506 -6.444285869598389 0.2022
Pedestrian 1 1 1 997.0744018554688 167.4505157470703 1007.9424438476562 191.927001953125 0.6699170470237732 1.839996576309204 0.6112074851989746 29.6993465423584 1.4334938526153564 54.65415573120117 -2.7344038486480713 0.1956
Car 1 1 1 923.19384765625 176.6192626953125 973.3514404296875 219.56825256347656 3.6311888694763184 1.447015404701233 1.5534720420837402 12.37050724029541 1.59598970413208 26.630691528320312 -4.3074259757995605 0.1918
Pedestrian 1 1 1 1035.9146728515625 166.21714782714844 1053.12548828125 192.1746063232422 0.9781084060668945 1.834248661994934 0.5455760955810547 30.932235717773438 1.3649629354476929 51.42394256591797 -5.895407199859619 0.1793
Pedestrian 1 1 1 1038.298095703125 183.14877319335938 1104.1990966796875 327.6637268066406 0.8623130917549133 1.5797715187072754 0.5586344599723816 5.365481853485107 1.707623839378357 8.471105575561523 -4.0309247970581055 0.1677
Car 1 1 1 315.4532775878906 169.80410766601562 352.201416015625 188.05154418945312 4.1999969482421875 1.6151822805404663 1.6817480325698853 -25.224802017211914 1.344919204711914 65.9845199584961 -7.833014965057373 0.1627
Pedestrian 1 1 1 272.84912109375 156.95718383789062 287.69091796875 189.8309326171875 0.6965335607528687 1.8580354452133179 0.539212703704834 -18.831878662109375 0.9592422246932983 41.1361198425293 -7.877723217010498 0.1492
Car 1 1 1 345.3792724609375 175.94004821777344 426.2618408203125 203.2330780029297 4.5300822257995605 1.5626509189605713 1.7011440992355347 -13.39424991607666 1.7531116008758545 43.12322998046875 -3.439377784729004 0.1439
Pedestrian 1 1 1 265.30194091796875 164.5021514892578 318.6354675292969 280.8067626953125 0.5545160174369812 1.7616339921951294 0.5525658130645752 -5.000070571899414 1.6348309516906738 11.238495826721191 -3.0129787921905518 0.1424
Pedestrian 1 1 1 777.419921875 174.57997131347656 820.4375610351562 271.4129638671875 0.5048501491546631 1.7291229963302612 0.6295490860939026 3.3873138427734375 1.760982871055603 13.169204711914062 -4.786628723144531 0.1423
Car 1 1 1 930.8818359375 177.90614318847656 1083.14404296875 241.85845947265625 3.898135185241699 1.4234297275543213 1.5980291366577148 9.84675407409668 1.565528154373169 18.354976654052734 -7.897611141204834 0.1288
Pedestrian 1 1 1 436.7812194824219 171.16897583007812 449.42034912109375 193.56980895996094 0.8872125744819641 1.8257309198379517 0.4971119165420532 -13.700370788574219 1.6880956888198853 59.123313903808594 -2.98183536529541 0.1107
Pedestrian 1 1 1 680.7526245117188 156.54302978515625 693.9210205078125 191.9442901611328 0.7915403842926025 1.9752542972564697 0.7301762104034424 4.31987190246582 1.0648645162582397 40.68830871582031 -7.756920337677002 0.1077
Car 1 1 1 706.8387451171875 179.28599548339844 786.9738159179688 208.45664978027344 4.148708820343018 1.5326759815216064 1.567994236946106 7.627580642700195 1.9103339910507202 40.560401916503906 -2.525345802307129 0.1070
Car 1 1 1 740.8899536132812 173.9730224609375 900.6124877929688 230.16319274902344 3.9845893383026123 1.502497673034668 1.6290581226348877 5.774524211883545 1.534937858581543 20.21980857849121 -6.32176399230957 0.1047
Cyclist 1 1 1 932.7821655273438 171.7331085205078 947.1182861328125 198.11624145507812 1.6023213863372803 1.6867939233779907 0.3876855671405792 21.428211212158203 1.6148301362991333 46.95042037963867 -7.727599620819092 0.1018
Car 1 1 1 978.7976684570312 171.0715789794922 1011.3710327148438 188.47837829589844 3.677762985229492 1.462424635887146 1.4999388456344604 33.32605743408203 1.3123743534088135 62.57088088989258 -7.654046535491943 0.1007
