Car 1 1 1 675.8001098632812 177.0550994873047 924.2901000976562 265.7359313964844 4.163815021514893 1.4748278856277466 1.6795190572738647 3.30228853225708 1.5586237907409668 13.276841163635254 -6.120120048522949 0.9344
Car 1 1 1 24.210826873779297 178.69383239746094 88.66670989990234 202.728271484375 3.8448288440704346 1.5595214366912842 1.6287012100219727 -38.097843170166016 1.9775900840759277 49.731197357177734 -4.76170015335083 0.2451
Pedestrian 1 1 1 358.3777770996094 149.52761840820312 435.9120788574219 310.0826110839844 1.0257505178451538 1.8710039854049683 0.5949703454971313 -2.722524404525757 1.598873496055603 8.996004104614258 -5.370989799499512 0.1892
Car 1 1 1 236.39541625976562 173.7684783935547 286.2406311035156 189.9052276611328 3.90250563621521 1.4710079431533813 1.5932958126068115 -32.31669998168945 1.556710958480835 66.8725814819336 -6.1838531494140625 0.1854
Pedestrian 1 1 1 853.8661499023438 160.31468200683594 865.4000854492188 203.06668090820312 0.2629569470882416 1.7966047525405884 0.5094737410545349 10.538369178771973 1.2693541049957275 30.591167449951172 -3.2686655521392822 0.1489
Car 1 1 1 589.0743408203125 179.12803649902344 618.1632080078125 207.01548767089844 4.101133346557617 1.5800508260726929 1.643736481666565 -0.4642484486103058 1.979560375213623 43.8985481262207 -4.751535415649414 0.1318
Pedestrian 1 1 1 188.60836791992188 152.1621551513672 207.6314697265625 197.5125732421875 0.5611721873283386 1.921041488647461 0.6835631132125854 -17.716400146484375 1.0442358255386353 30.969436645507812 -8.325004577636719 0.1285
Car 1 1 1 318.8096618652344 178.65863037109375 348.2658386230469 200.07278442382812 3.938319444656372 1.4856477975845337 1.5573595762252808 -20.480972290039062 1.9310846328735352 53.30282211303711 -5.201733589172363 0.1172
Pedestrian 1 1 1 1160.265380859375 158.22457885742188 1172.2413330078125 195.54116821289062 0.1893766224384308 1.7662508487701416 0.41073158383369446 26.459569931030273 1.07351815700531 34.37652587890625 -3.6722402572631836 0.1088
Car 1 1 1 56.94411849975586 184.69773864746094 205.5517578125 231.1656494140625 3.692197322845459 1.4159281253814697 1.6515285968780518 -15.38121509552002 1.8106495141983032 23.23680305480957 -3.140139102935791 0.1027
Pedestrian 1 1 1 971.8090209960938 149.46148681640625 996.0504150390625 207.1736297607422 0.6113263964653015 1.92383873462677 0.7224153876304626 12.646980285644531 1.1437476873397827 24.4923152923584 -7.363308429718018 0.1019
Pedestrian 1 1 1 378.6671447753906 174.62484741210938 386.6395263671875 196.65347290039062 0.4675520956516266 1.7768239974975586 0.7554818987846375 -18.507091522216797 1.921464204788208 58.659934997558594 -6.37236213684082 0.1016
Pedestrian 1 1 1 957.9214477539062 168.06161499023438 979.123046875 204.36477661132812 0.6905248761177063 1.8543099164962769 0.6970592141151428 18.489051818847656 1.6092227697372437 37.295597076416016 -6.608245372772217 0.1004
