Car 1 1 1 598.4727172851562 185.7767333984375 681.1862182617188 253.84129333496094 3.520993709564209 1.3767443895339966 1.7520025968551636 0.560718297958374 1.7132551670074463 17.036128997802734 -7.864485263824463 0.9654
Car 1 1 1 580.8480834960938 184.29873657226562 629.7345581054688 223.8771209716797 3.589205026626587 1.4314336776733398 1.606509804725647 -0.1760641485452652 1.9212900400161743 29.038022994995117 -7.7567925453186035 0.8605
Pedestrian 1 1 1 494.96978759765625 176.7092742919922 517.535400390625 236.01846313476562 0.6548028588294983 1.8237359523773193 0.6911247372627258 -3.2927584648132324 1.9461851119995117 22.60410499572754 -6.358102321624756 0.8523
Cyclist 1 1 1 807.7503051757812 176.72384643554688 881.3707885742188 240.61480712890625 1.9039669036865234 1.7964059114456177 0.635914146900177 6.659481525421143 1.9089210033416748 20.682233810424805 -3.177865505218506 0.8371
Car 1 1 1 293.8068542480469 184.95054626464844 372.4299621582031 228.54476928710938 3.6529030799865723 1.6324995756149292 1.633326530456543 -11.44187068939209 2.1659512519836426 29.95181655883789 -4.632870197296143 0.7995
Car 1 1 1 402.1339111328125 180.24655151367188 446.2697448730469 210.6856689453125 4.047837257385254 1.743320345878601 1.646097183227539 -11.391051292419434 2.2181038856506348 44.339969635009766 -4.7051191329956055 0.7930
Car 1 1 1 458.95947265625 183.04815673828125 539.538330078125 220.72085571289062 3.3154959678649902 1.4971312284469604 1.6034621000289917 -4.855867385864258 1.9611632823944092 31.215999603271484 -2.482267141342163 0.7302
Car 1 1 1 372.7442626953125 184.94802856445312 416.7206115722656 212.2225799560547 4.266942024230957 1.7384546995162964 1.8000423908233643 -14.891284942626953 2.6124982833862305 50.02535629272461 -4.718140125274658 0.5217
Car 1 1 1 478.0409240722656 182.66107177734375 557.150390625 212.91429138183594 4.131958484649658 1.4547315835952759 1.6508890390396118 -4.915372371673584 1.9944195747375488 37.82807922363281 -2.4975194931030273 0.4903
Car 1 1 1 506.8390808105469 182.25782775878906 565.8609008789062 207.69515991210938 3.350219488143921 1.492205023765564 1.5140913724899292 -4.608799457550049 2.094083786010742 44.78866195678711 -2.6873087882995605 0.4403
Car 1 1 1 601.9176025390625 176.7195587158203 639.511962890625 196.16891479492188 3.594180107116699 1.504293441772461 1.5820746421813965 0.8745498061180115 1.8281183242797852 58.54285430908203 -7.363839626312256 0.2993
Car 1 1 1 552.6800537109375 177.63912963867188 583.8023681640625 200.23892211914062 3.927769899368286 1.752721905708313 1.578798770904541 -3.3983206748962402 2.157005786895752 58.92353820800781 -4.509023189544678 0.2660
Car 1 1 1 463.2657775878906 179.74656677246094 547.6176147460938 212.34568786621094 3.9353435039520264 1.4575574398040771 1.6205796003341675 -5.101561546325684 1.8060908317565918 34.760498046875 -2.5611748695373535 0.2268
Pedestrian 1 1 1 641.0576171875 177.07049560546875 652.95703125 203.81591796875 0.6867042183876038 1.7456564903259277 0.6353963613510132 2.4102730751037598 2.0257768630981445 47.6010856628418 -6.061986446380615 0.2097
Car 1 1 1 722.1710205078125 177.1425323486328 768.5096435546875 195.48623657226562 3.827026128768921 1.5175825357437134 1.6634567975997925 11.500208854675293 1.889592170715332 61.44613265991211 -2.942056655883789 0.2085
Pedestrian 1 1 1 1215.0413818359375 135.97958374023438 1241.0 189.8896942138672 0.5425390601158142 2.0578885078430176 0.7641522288322449 23.956937789916992 0.6499965786933899 27.975309371948242 -4.154818534851074 0.2014
Cyclist 1 1 1 215.0491180419922 187.2894744873047 242.50222778320312 223.48316955566406 1.606876254081726 1.6485954523086548 0.48185378313064575 -18.157371520996094 2.351022481918335 34.3172721862793 -4.730098724365234 0.1910
Car 1 1 1 653.0574340820312 177.56820678710938 709.5531005859375 201.7876739501953 3.316105365753174 1.5067510604858398 1.5524258613586426 4.5274977684021 1.8161143064498901 46.34653091430664 -6.455766201019287 0.1829
Car 1 1 1 660.9136962890625 179.98159790039062 693.5625 208.3054962158203 3.7486767768859863 1.4458391666412354 1.6355514526367188 3.709585189819336 1.8580399751663208 39.790252685546875 -4.576567649841309 0.1771
Car 1 1 1 971.14990234375 175.0148162841797 1058.8759765625 222.11434936523438 3.346858263015747 1.4070782661437988 1.4375474452972412 13.028223037719727 1.4824126958847046 23.486778259277344 -4.547203540802002 0.1676
Car 1 1 1 463.5116882324219 175.8028106689453 496.74951171875 199.96087646484375 4.065764904022217 1.560414433479309 1.6261392831802368 -8.832852363586426 1.7694016695022583 49.158145904541016 -4.736316680908203 0.1634
Car 1 1 1 552.4227294921875 185.146728515625 591.50146484375 208.51995849609375 4.256249904632568 1.5441514253616333 1.7343672513961792 -2.7375197410583496 2.4738755226135254 52.32135772705078 -4.488087177276611 0.1559
Car 1 1 1 370.67974853515625 193.05072021484375 424.69781494140625 224.0877685546875 3.8841664791107178 1.4795119762420654 1.8102728128433228 -11.408291816711426 2.622410297393799 38.88880157470703 -4.724078178405762 0.1468
Pedestrian 1 1 1 940.2254638671875 154.2013397216797 963.6953735351562 201.38011169433594 0.7444856762886047 1.7813876867294312 0.5928775668144226 13.04875373840332 1.076796054840088 27.642135620117188 -4.619506359100342 0.1386
Car 1 1 1 472.10601806640625 181.21331787109375 516.235595703125 205.85220336914062 4.151577949523926 1.4322322607040405 1.7585830688476562 -7.286468029022217 1.984607458114624 45.55315017700195 -4.615361213684082 0.1380
Car 1 1 1 835.1829833984375 173.57456970214844 881.3760986328125 208.40933227539062 3.3748717308044434 1.5108044147491455 1.5488035678863525 11.427559852600098 1.5455373525619507 33.225120544433594 -7.379989147186279 0.1303
Car 1 1 1 426.0027160644531 181.5667266845703 466.2391052246094 203.87989807128906 3.9221487045288086 1.441805362701416 1.7507898807525635 -11.376053810119629 2.071629285812378 50.18402099609375 -4.6663994789123535 0.1230
Car 1 1 1 663.9617309570312 173.61373901367188 760.8536987304688 209.609375 3.743497133255005 1.464053750038147 1.60964035987854 4.250432968139648 1.4970086812973022 30.488027572631836 -6.444295406341553 0.1163
Car 1 1 1 98.7435302734375 172.07566833496094 171.59690856933594 208.45297241210938 3.4611997604370117 1.3925906419754028 1.5049411058425903 -19.357187271118164 1.3624948263168335 29.490915298461914 -4.9843430519104 0.1162
Car 1 1 1 297.0533447265625 187.8717803955078 370.55340576171875 216.80702209472656 4.426069736480713 1.5023669004440308 1.662462830543518 -16.121448516845703 2.430966854095459 42.27076721191406 -4.419379711151123 0.1129
Car 1 1 1 780.4163818359375 174.06466674804688 857.8991088867188 202.57273864746094 3.780275583267212 1.5332170724868774 1.6352131366729736 11.50916576385498 1.601689100265503 39.94059371948242 -6.40773868560791 0.1107
Pedestrian 1 1 1 1003.0657958984375 147.22645568847656 1030.4705810546875 197.89590454101562 0.7980489730834961 1.8393809795379639 0.64222651720047 14.962332725524902 0.9087608456611633 26.637014389038086 -4.556448459625244 0.1044
