Pedestrian 1 1 1 891.5665893554688 152.40731811523438 947.9072875976562 258.4923400878906 0.7434493899345398 1.7673944234848022 0.6231080889701843 5.414038181304932 1.2833305597305298 12.349454879760742 -4.7456278800964355 0.7743
Pedestrian 1 1 1 154.0706024169922 172.96546936035156 262.947265625 369.46051025390625 0.630087673664093 1.5885487794876099 0.5795519351959229 -3.381251811981201 1.5202817916870117 6.127472877502441 -7.83618688583374 0.7257
Car 1 1 1 679.447509765625 163.19773864746094 745.175537109375 217.16102600097656 3.730285167694092 1.6847726106643677 1.6138120889663696 3.6389379501342773 1.113810420036316 24.298599243164062 -7.862141132354736 0.7239
Pedestrian 1 1 1 860.3605346679688 154.92701721191406 940.7516479492188 365.275146484375 0.9836551547050476 1.7068160772323608 0.6135973930358887 2.5938756465911865 1.491925835609436 6.39865255355835 -4.338475227355957 0.6883
Pedestrian 1 1 1 0.0 127.11666107177734 112.8966293334961 352.2330627441406 0.8008278012275696 1.8466795682907104 0.6775959134101868 -4.950167655944824 1.4012893438339233 6.26890230178833 -6.185483932495117 0.6584
Pedestrian 1 1 1 484.77899169921875 169.8951873779297 504.380126953125 217.6959991455078 0.9381975531578064 1.805812954902649 0.6257998943328857 -4.122426509857178 1.3677749633789062 27.610132217407227 -7.866441249847412 0.5804
Pedestrian 1 1 1 101.41964721679688 152.40748596191406 191.5765380859375 334.10589599609375 1.032608985900879 1.8355660438537598 0.6619026064872742 -4.9904022216796875 1.5423707962036133 7.859717845916748 -5.098296642303467 0.5649
Car 1 1 1 562.0255126953125 174.27261352539062 599.237060546875 198.00238037109375 3.9327542781829834 1.6148520708084106 1.7004005908966064 -1.4198614358901978 1.1230130195617676 50.99177169799805 -7.625570774078369 0.4667
Pedestrian 1 1 1 284.68939208984375 205.45765686035156 371.18231201171875 359.95458984375 0.6188989877700806 1.3682622909545898 0.6180633902549744 -2.620537042617798 1.6068460941314697 6.798771381378174 -4.793995380401611 0.4015
Pedestrian 1 1 1 468.4296875 160.5393829345703 498.6578063964844 206.2189178466797 1.0383813381195068 1.8713395595550537 0.6858515739440918 -4.929591178894043 1.0129810571670532 29.940820693969727 -2.7560524940490723 0.3794
Pedestrian 1 1 1 565.1747436523438 169.21612548828125 583.37158203125 201.62916564941406 1.0024856328964233 1.8625781536102295 0.5372052788734436 -1.5706734657287598 1.1568262577056885 41.57993698120117 -3.0744709968566895 0.2807
Car 1 1 1 826.7591552734375 163.3366241455078 942.8222045898438 206.27947998046875 3.469515085220337 1.457308053970337 1.6005700826644897 9.939208030700684 0.8413301706314087 25.38030242919922 -3.262017250061035 0.2396
Pedestrian 1 1 1 843.3079833984375 150.01016235351562 873.5606689453125 210.66758728027344 0.7244275212287903 1.8764771223068237 0.5783222317695618 8.026387214660645 0.9027694463729858 22.531673431396484 -3.1991255283355713 0.2312
Car 1 1 1 422.79461669921875 182.3990478515625 481.7499084472656 224.94302368164062 3.784911632537842 1.4480681419372559 1.5650495290756226 -5.438544750213623 1.4839441776275635 26.45918083190918 -4.761815071105957 0.2183
Pedestrian 1 1 1 701.1547241210938 157.0427703857422 731.6161499023438 229.111328125 0.6450214385986328 1.8419504165649414 0.6640013456344604 2.953744888305664 1.217381477355957 18.71558952331543 -3.219721794128418 0.2088
Pedestrian 1 1 1 649.8925170898438 171.9855194091797 661.119140625 200.66539001464844 0.6608518362045288 1.6922191381454468 0.5588312149047852 3.211888313293457 1.1309376955032349 42.68692398071289 -6.211149215698242 0.1724
Car 1 1 1 495.4140625 178.1236572265625 563.2395629882812 209.3569793701172 3.976372003555298 1.4718058109283447 1.6375278234481812 -3.5530200004577637 1.3129562139511108 35.999549865722656 -7.437982082366943 0.1646
Car 1 1 1 664.6939086914062 175.28207397460938 698.480224609375 206.02272033691406 3.493880271911621 1.4863494634628296 1.5435197353363037 4.0246262550354 1.1859431266784668 36.52594757080078 -7.788753986358643 0.1573
Pedestrian 1 1 1 473.33807373046875 166.90966796875 501.9326477050781 212.6810760498047 0.8778533339500427 1.7828700542449951 0.7007767558097839 -4.530613422393799 1.2149062156677246 28.48528289794922 -5.839135646820068 0.1541
Car 1 1 1 526.2763671875 174.73968505859375 574.7229614257812 191.0340118408203 4.149941921234131 1.4332225322723389 1.5919387340545654 -4.545943737030029 0.8383505344390869 64.39543914794922 -3.352036952972412 0.1488
Car 1 1 1 0.0 153.7195281982422 168.3621368408203 247.12179565429688 3.659660816192627 1.6375751495361328 1.572385311126709 -10.685064315795898 1.1511284112930298 14.450085639953613 -4.677863121032715 0.1433
Car 1 1 1 857.6522827148438 168.76992797851562 1069.9886474609375 238.75672912597656 4.138181209564209 1.429619312286377 1.6394754648208618 8.276191711425781 1.170161485671997 16.820188522338867 -5.356474876403809 0.1424
Pedestrian 1 1 1 543.121826171875 170.41024780273438 558.7501831054688 211.7017364501953 0.544750988483429 1.7379354238510132 0.6377876996994019 -2.167118549346924 1.2714887857437134 30.541831970214844 -7.970174312591553 0.1332
Pedestrian 1 1 1 531.6609497070312 178.47718811035156 554.5908813476562 223.23536682128906 0.7057971954345703 1.6836973428726196 0.6669414043426514 -2.244276523590088 1.5703556537628174 27.425479888916016 -2.918069362640381 0.1163
Car 1 1 1 783.6616821289062 176.42723083496094 857.2775268554688 220.0012664794922 4.029919147491455 1.3738532066345215 1.5891352891921997 7.405569553375244 1.214356780052185 24.720230102539062 -7.774440288543701 0.1005
