Car 1 1 1 236.976806640625 181.50433349609375 452.78326416015625 272.9981689453125 4.01519775390625 1.4512296915054321 1.6031869649887085 -5.055660247802734 1.6330233812332153 13.478386878967285 -2.608736515045166 0.9217
Car 1 1 1 586.3678588867188 180.16879272460938 638.83056640625 224.1450653076172 3.443408250808716 1.3475185632705688 1.6517345905303955 0.0787450298666954 1.6125812530517578 24.432392120361328 -7.82724142074585 0.9159
Car 1 1 1 402.7808837890625 172.66468811035156 528.4935913085938 227.5148162841797 3.9790701866149902 1.6704779863357544 1.689715027809143 -4.827488422393799 1.6644123792648315 23.743968963623047 -2.584263324737549 0.8058
Car 1 1 1 586.4483642578125 173.40234375 620.1429443359375 203.9850616455078 3.6128933429718018 1.5053552389144897 1.6625969409942627 -0.412598192691803 1.5348697900772095 37.406497955322266 -7.877140522003174 0.6513
Car 1 1 1 192.9971923828125 177.8723907470703 328.12554931640625 241.5214385986328 3.797290563583374 1.4160834550857544 1.5491825342178345 -8.71778392791748 1.5560559034347534 18.26095962524414 -4.7011637687683105 0.5492
Car 1 1 1 483.9194030761719 169.62071228027344 557.1337280273438 204.3983154296875 3.833089590072632 1.7275335788726807 1.6379903554916382 -4.746589660644531 1.5666236877441406 37.70826721191406 -2.435450792312622 0.5395
Car 1 1 1 436.0391540527344 166.47377014160156 524.952392578125 216.6795196533203 3.9009718894958496 1.7570182085037231 1.626541018486023 -5.003335475921631 1.5334339141845703 27.2784481048584 -8.535263061523438 0.4319
Car 1 1 1 308.07171630859375 149.2105712890625 503.6255187988281 240.36868286132812 4.351857662200928 1.829633116722107 1.6929019689559937 -4.711967945098877 1.3547862768173218 16.300779342651367 -2.6195030212402344 0.3636
Cyclist 1 1 1 1127.9693603515625 205.84310913085938 1241.0 316.39886474609375 1.836069107055664 1.7855730056762695 0.5262266993522644 10.495491027832031 2.4314589500427246 13.178384780883789 -8.136303901672363 0.2983
Car 1 1 1 0.0 138.3754425048828 293.6455993652344 374.0 3.8500816822052 1.4905909299850464 1.5525568723678589 -4.169260025024414 1.315826177597046 5.4699482917785645 -2.4567813873291016 0.2704
Car 1 1 1 501.4113464355469 177.39915466308594 566.9109497070312 202.132568359375 3.922917604446411 1.451025366783142 1.621130347251892 -4.758983612060547 1.7438468933105469 44.75768280029297 -2.5427913665771484 0.2650
Car 1 1 1 1019.1524047851562 166.74008178710938 1241.0 374.0 4.1907958984375 1.4885412454605103 1.6137059926986694 4.585750579833984 1.4653650522232056 3.950625419616699 -6.506496429443359 0.2492
Car 1 1 1 454.43426513671875 176.87330627441406 537.005859375 208.86593627929688 4.00457239151001 1.442839503288269 1.5981533527374268 -5.591352462768555 1.646872878074646 34.84217834472656 -2.4992733001708984 0.2471
Car 1 1 1 312.91290283203125 174.3970947265625 376.55548095703125 204.96731567382812 3.706657886505127 1.521108627319336 1.5695122480392456 -13.950684547424316 1.6063423156738281 38.04692459106445 -4.56576681137085 0.2415
Car 1 1 1 1090.7542724609375 166.29977416992188 1130.794189453125 197.76156616210938 3.8692495822906494 1.5360041856765747 1.6270443201065063 25.843421936035156 1.2157185077667236 37.27442932128906 -7.2357964515686035 0.2290
Car 1 1 1 635.35107421875 174.38375854492188 660.7821655273438 190.8163604736328 3.92124342918396 1.4250658750534058 1.5646952390670776 3.4398488998413086 1.5671268701553345 65.05502319335938 -7.607128620147705 0.2256
Cyclist 1 1 1 979.3444213867188 170.8051300048828 987.4625854492188 198.70680236816406 1.5512168407440186 1.6368653774261475 0.3296634554862976 22.26761245727539 1.516366958618164 43.10601043701172 -7.441530704498291 0.2137
Car 1 1 1 597.0065307617188 174.53665161132812 619.7868041992188 191.37193298339844 4.107896327972412 1.4563883543014526 1.6227550506591797 -0.19771303236484528 1.6125763654708862 64.9742660522461 -7.962382793426514 0.1949
Car 1 1 1 548.3624267578125 174.03884887695312 567.2244262695312 192.1143341064453 3.61494779586792 1.5133728981018066 1.5832737684249878 -4.5627617835998535 1.6188005208969116 62.520606994628906 -7.9344096183776855 0.1683
Car 1 1 1 1008.5448608398438 157.53329467773438 1046.5 190.17337036132812 3.797332525253296 1.6889126300811768 1.6480391025543213 22.705841064453125 0.8958649635314941 39.3985481262207 -7.367542743682861 0.1569
Car 1 1 1 721.9808349609375 173.90719604492188 796.3072509765625 241.55418395996094 3.81193470954895 1.4968355894088745 1.5887048244476318 3.769413709640503 1.525911569595337 18.07731819152832 -7.587144374847412 0.1472
Pedestrian 1 1 1 711.8865966796875 183.7587432861328 734.3413696289062 250.60914611816406 0.5447655916213989 1.4626915454864502 0.4337257444858551 2.476431369781494 1.7108197212219238 16.158172607421875 -4.678169250488281 0.1445
Car 1 1 1 957.8291625976562 183.18760681152344 1017.7074584960938 215.07810974121094 3.872882127761841 1.5363131761550903 1.6431468725204468 19.835676193237305 2.1112024784088135 38.12210464477539 -4.55722188949585 0.1381
Pedestrian 1 1 1 744.632568359375 166.63278198242188 755.6390380859375 203.90274047851562 0.2942964732646942 1.8312740325927734 0.5066811442375183 6.9006571769714355 1.5252915620803833 35.744728088378906 -3.5744781494140625 0.1378
Car 1 1 1 719.2427978515625 175.30075073242188 739.5900268554688 192.03353881835938 3.8540399074554443 1.4424662590026855 1.5319327116012573 10.734847068786621 1.6690489053726196 64.85404968261719 -4.476064682006836 0.1277
Cyclist 1 1 1 1006.3798217773438 144.7270050048828 1063.3436279296875 230.12478637695312 1.6503117084503174 1.687760829925537 0.44636690616607666 8.810458183288574 1.1315723657608032 15.109551429748535 -7.702075481414795 0.1240
Car 1 1 1 1087.5750732421875 154.46546936035156 1163.5452880859375 178.48208618164062 4.1442179679870605 1.594459891319275 1.6973755359649658 34.95050811767578 0.37334710359573364 49.00220489501953 -6.407660007476807 0.1201
Cyclist 1 1 1 955.5477294921875 166.19003295898438 972.6435546875 201.03370666503906 1.7545727491378784 1.7851953506469727 0.4853893220424652 18.53877067565918 1.4434713125228882 37.8778076171875 -4.444113731384277 0.1112
Car 1 1 1 190.4143524169922 180.67015075683594 310.24432373046875 220.74252319335938 3.813606023788452 1.4584953784942627 1.4395248889923096 -13.621367454528809 1.7632715702056885 27.367237091064453 -6.3231892585754395 0.1043
Pedestrian 1 1 1 994.28466796875 163.38229370117188 1009.60595703125 188.6756591796875 0.9250674247741699 1.8458069562911987 0.505254328250885 28.783618927001953 1.1542996168136597 53.05070495605469 -5.933530807495117 0.1029
Pedestrian 1 1 1 1079.7401123046875 168.5104522705078 1137.7147216796875 257.835693359375 0.745919406414032 1.6626482009887695 0.6285880208015442 9.489852905273438 1.5815000534057617 13.8305025100708 -2.8794186115264893 0.1029
