Car 1 1 1 2.085418224334717 186.570556640625 367.6904296875 374.0 3.9023046493530273 1.598535180091858 1.7212409973144531 -3.8683688640594482 1.7762515544891357 7.338800430297852 -4.809604644775391 0.9127
Car 1 1 1 609.2532348632812 172.69009399414062 695.6837768554688 201.7001953125 4.317940711975098 1.4854069948196411 1.6244194507598877 2.16841721534729 1.4767142534255981 38.0336799621582 -3.2733101844787598 0.8985
Car 1 1 1 451.87066650390625 177.6050262451172 484.7521057128906 205.0899658203125 3.991621255874634 1.6733230352401733 1.6623655557632446 -9.156907081604004 1.9940650463104248 46.698299407958984 -4.796245574951172 0.6091
Car 1 1 1 574.186279296875 174.92189025878906 595.8526000976562 192.96456909179688 4.005587100982666 1.5716450214385986 1.6732689142227173 -2.315315008163452 1.764768123626709 65.40911865234375 -4.819904327392578 0.4067
Pedestrian 1 1 1 293.1504211425781 153.18588256835938 328.67620849609375 221.8705291748047 1.1035289764404297 1.9360454082489014 0.8561124205589294 -8.734621047973633 1.3813512325286865 20.991769790649414 -5.0117316246032715 0.2744
Pedestrian 1 1 1 1186.852783203125 155.53114318847656 1241.0 286.91455078125 0.6241454482078552 1.6363580226898193 0.6439653038978577 7.971979141235352 1.420304775238037 9.325605392456055 -6.339297771453857 0.2341
Pedestrian 1 1 1 790.9461669921875 163.79730224609375 846.2782592773438 282.2220153808594 0.7156626582145691 1.6576164960861206 0.7074242234230042 2.9686386585235596 1.5305479764938354 10.5158052444458 -4.529170989990234 0.2306
Car 1 1 1 0.0 185.73141479492188 126.9854736328125 243.73788452148438 4.094209671020508 1.4106625318527222 1.664809226989746 -15.979239463806152 1.796768069267273 19.971710205078125 -6.760002613067627 0.1920
Car 1 1 1 810.7026977539062 156.2642059326172 873.9547729492188 177.98684692382812 4.168430328369141 1.5818532705307007 1.6512609720230103 17.2149715423584 0.3734760880470276 53.63031005859375 -6.412553787231445 0.1754
Pedestrian 1 1 1 384.010498046875 195.3512420654297 400.73919677734375 231.76675415039062 0.42689061164855957 1.1799108982086182 0.41027525067329407 -7.247406005859375 1.9311177730560303 23.87884521484375 -4.6610636711120605 0.1620
Pedestrian 1 1 1 369.6334228515625 187.98455810546875 391.2254333496094 221.7099151611328 0.73912113904953 1.6840872764587402 0.753741443157196 -11.796319961547852 2.4691107273101807 36.960018157958984 -7.439372539520264 0.1526
Car 1 1 1 745.8975830078125 160.70068359375 794.1682739257812 177.5205078125 4.029446601867676 1.5263463258743286 1.6384754180908203 14.714811325073242 0.4231700301170349 66.52836608886719 -6.401389122009277 0.1511
Pedestrian 1 1 1 410.7789001464844 183.2592315673828 434.4190979003906 223.7881622314453 0.8943125009536743 1.6764293909072876 0.46714937686920166 -7.897477149963379 2.1163599491119385 30.256023406982422 -6.369452953338623 0.1384
Pedestrian 1 1 1 876.2092895507812 157.9012451171875 927.1103515625 256.5096435546875 0.7313860654830933 1.75227952003479 0.6469435691833496 5.266598701477051 1.4862676858901978 13.195523262023926 -4.687147617340088 0.1217
Car 1 1 1 803.4422607421875 157.73707580566406 867.6812744140625 177.92332458496094 4.4986186027526855 1.5379834175109863 1.663851022720337 17.427440643310547 0.3859286308288574 55.98060607910156 -6.204161167144775 0.1194
Pedestrian 1 1 1 1207.3525390625 130.15560913085938 1241.0 257.31207275390625 0.5775137543678284 1.7866476774215698 0.5984952449798584 9.107904434204102 1.1864018440246582 10.554010391235352 -3.9145560264587402 0.1158
Cyclist 1 1 1 1077.0418701171875 142.62966918945312 1168.8680419921875 242.12417602539062 1.687824010848999 1.6237725019454956 0.43004778027534485 8.865689277648926 1.130204677581787 12.623209953308105 -7.8364338874816895 0.1138
Pedestrian 1 1 1 260.77044677734375 151.8352813720703 290.9339294433594 207.01943969726562 0.8786066174507141 1.8894318342208862 0.6628544330596924 -11.686158180236816 1.1694791316986084 25.15355110168457 -7.8840413093566895 0.1132
Pedestrian 1 1 1 675.6476440429688 157.07852172851562 688.9444580078125 190.45204162597656 0.6440022587776184 1.975932002067566 0.6970402598381042 4.286770820617676 1.0416197776794434 43.1206169128418 -7.5937066078186035 0.1016
