Car 1 1 1 679.5691528320312 176.11727905273438 786.6248168945312 262.447021484375 3.798088550567627 1.6636114120483398 1.6892626285552979 2.5290091037750244 1.7440849542617798 15.954048156738281 -7.861861705780029 0.9549
Car 1 1 1 425.03753662109375 186.23193359375 527.2286376953125 271.720703125 3.437839984893799 1.5560050010681152 1.5849342346191406 -2.787985324859619 1.8733320236206055 15.402547836303711 -4.724800109863281 0.9085
Car 1 1 1 666.8425903320312 183.06173706054688 734.5877075195312 239.58184814453125 3.5204834938049316 1.4168248176574707 1.5525403022766113 2.4450013637542725 1.7317532300949097 20.505483627319336 -7.832447528839111 0.8613
Car 1 1 1 647.3316040039062 171.8961181640625 713.3036499023438 225.8409423828125 4.374124050140381 1.7527778148651123 1.687268853187561 2.3579888343811035 1.721354365348816 25.674924850463867 -7.9097514152526855 0.8411
Car 1 1 1 530.626220703125 180.43649291992188 575.3798828125 210.70458984375 4.5184783935546875 1.537172794342041 1.7126562595367432 -3.1417627334594727 1.9832639694213867 40.14506912231445 -4.613394260406494 0.8230
Cyclist 1 1 1 812.888916015625 179.2448272705078 856.4314575195312 263.0326843261719 1.4017771482467651 1.5418795347213745 0.4864862263202667 4.315243721008301 1.672790765762329 14.100369453430176 -4.655251502990723 0.7883
Pedestrian 1 1 1 30.370025634765625 171.59080505371094 98.66983032226562 268.6022033691406 0.8155001997947693 1.8043227195739746 0.6749389171600342 -10.508955955505371 1.7805285453796387 13.853500366210938 -4.631895065307617 0.4383
Car 1 1 1 640.68701171875 173.8880157470703 678.0219116210938 206.2439727783203 4.010974884033203 1.693715214729309 1.6451025009155273 2.642775774002075 1.7535606622695923 39.93476104736328 -7.891398906707764 0.3384
Car 1 1 1 0.0 0.0 1241.0 374.0 3.977478504180908 1.51788330078125 1.6106361150741577 2.3758292198181152 1.6315548419952393 1.214566707611084 -4.646399021148682 0.3154
Pedestrian 1 1 1 351.3784484863281 158.77938842773438 396.1808166503906 237.4063720703125 1.142349362373352 1.8479653596878052 0.8865715861320496 -5.845049858093262 1.5168707370758057 17.667036056518555 -5.173631191253662 0.2904
Pedestrian 1 1 1 1016.8651733398438 126.13429260253906 1155.0118408203125 313.2696838378906 1.0974229574203491 1.9144113063812256 0.557765007019043 4.988968372344971 1.4361647367477417 7.696252346038818 -3.0748448371887207 0.2587
Car 1 1 1 517.7969360351562 175.04051208496094 542.7194213867188 194.91041564941406 3.8815436363220215 1.493467926979065 1.5702548027038574 -6.250360488891602 1.6706246137619019 56.6108512878418 -4.723537921905518 0.2362
Pedestrian 1 1 1 713.1742553710938 163.6128692626953 730.5667724609375 203.75352478027344 0.6617864966392517 1.7680227756500244 0.6339271068572998 4.953125953674316 1.3606911897659302 32.20589828491211 -7.471618175506592 0.2323
Car 1 1 1 0.0 0.0 1241.0 374.0 3.87477970123291 1.5766246318817139 1.59272038936615 -3.076289415359497 1.6934070587158203 1.5738611221313477 -4.561607837677002 0.2117
Car 1 1 1 632.4492797851562 177.306396484375 657.1243286132812 202.7198944091797 3.7462401390075684 1.5908764600753784 1.5571335554122925 2.2355973720550537 1.8967796564102173 47.72711181640625 -7.824788570404053 0.1458
Pedestrian 1 1 1 521.4968872070312 186.2036895751953 535.064208984375 210.0592041015625 0.6921009421348572 1.6780532598495483 0.6826253533363342 -5.895476341247559 2.6448535919189453 51.78476333618164 -7.077686786651611 0.1339
Pedestrian 1 1 1 421.2508544921875 177.09524536132812 439.9537048339844 222.443359375 0.6828770041465759 1.682924747467041 0.5868133306503296 -6.8323235511779785 1.845535397529602 27.28615951538086 -8.254291534423828 0.1310
Pedestrian 1 1 1 887.3578491210938 152.4115447998047 936.0891723632812 258.0102233886719 0.8078848123550415 1.8145201206207275 0.6757292747497559 5.310875415802002 1.462953805923462 12.868181228637695 -4.484289646148682 0.1178
Pedestrian 1 1 1 1118.013427734375 134.6245574951172 1241.0 346.798583984375 1.0054320096969604 1.836946964263916 0.5795966982841492 5.327311038970947 1.5056666135787964 6.77138090133667 -5.677332401275635 0.1103
Pedestrian 1 1 1 514.2197265625 172.30955505371094 526.9603271484375 199.27723693847656 0.5126070380210876 1.7733542919158936 0.7429249286651611 -5.968975067138672 1.7372524738311768 47.895877838134766 -6.996140003204346 0.1066
Car 1 1 1 704.0086669921875 164.7957305908203 752.6416625976562 199.35000610351562 4.379153728485107 1.5550448894500732 1.7017658948898315 5.571499347686768 1.192098617553711 34.67802047729492 -7.833317279815674 0.1055
