Car 1 1 1 334.815673828125 185.1135711669922 505.48583984375 239.66163635253906 4.349325180053711 1.4202100038528442 1.67035710811615 -5.340257167816162 1.7843928337097168 20.363367080688477 -3.0221877098083496 0.9587
Car 1 1 1 54.90806579589844 191.62596130371094 428.096435546875 315.5607604980469 4.286007881164551 1.451497197151184 1.65730881690979 -4.890919208526611 1.7323707342147827 9.78399658203125 -6.190487384796143 0.9337
Car 1 1 1 794.7446899414062 175.5828399658203 1046.6524658203125 261.6783752441406 3.967421293258667 1.448933720588684 1.5978807210922241 5.538235664367676 1.5024638175964355 13.220254898071289 -6.393784523010254 0.8522
Car 1 1 1 922.5831298828125 170.3505859375 1241.0 374.0 4.023168563842773 1.4992153644561768 1.6222012042999268 4.599486351013184 1.4834911823272705 5.302075386047363 -6.305831432342529 0.7948
Car 1 1 1 410.2761535644531 181.4381866455078 533.385986328125 225.44403076171875 4.148292064666748 1.46262788772583 1.640435814857483 -4.881275653839111 1.779641032218933 25.546180725097656 -3.293849468231201 0.7844
Car 1 1 1 812.8543090820312 150.0581817626953 1241.0 310.7425842285156 4.558695316314697 1.684329867362976 1.6919243335723877 4.834897994995117 1.4450790882110596 8.43679428100586 -6.29528284072876 0.7760
Car 1 1 1 790.1168212890625 175.1722869873047 979.0775146484375 251.54234313964844 3.5012876987457275 1.5228296518325806 1.5854300260543823 5.69507360458374 1.5753673315048218 15.446598052978516 -6.1620707511901855 0.6440
Pedestrian 1 1 1 546.8397827148438 168.9374542236328 561.8917846679688 209.3748016357422 0.8244034051895142 1.8347373008728027 0.6584946513175964 -2.6045281887054443 1.6567344665527344 33.18525314331055 -4.827895641326904 0.5221
Cyclist 1 1 1 388.9695129394531 174.54637145996094 420.4258117675781 250.50025939941406 1.8503799438476562 1.7964460849761963 0.561514139175415 -5.209493160247803 1.8407915830612183 18.071502685546875 -5.097143173217773 0.3560
Car 1 1 1 256.2320556640625 183.61659240722656 326.3190612792969 212.88992309570312 4.035572052001953 1.49644136428833 1.618550181388855 -17.87438201904297 2.1332528591156006 40.582088470458984 -4.531073570251465 0.3423
Car 1 1 1 967.1553955078125 159.28541564941406 1126.846923828125 210.5693817138672 3.9998934268951416 1.523707628250122 1.619389533996582 13.567068099975586 1.1202688217163086 22.713605880737305 -6.035175323486328 0.2758
Cyclist 1 1 1 476.9990234375 146.85586547851562 498.51220703125 193.70022583007812 1.5751988887786865 1.8153371810913086 0.5639605522155762 -4.904527187347412 0.8075439929962158 28.754114151000977 -4.693741798400879 0.2696
Pedestrian 1 1 1 742.5743408203125 151.03868103027344 759.2467041015625 190.78814697265625 0.5121380686759949 2.034954309463501 0.738383412361145 7.251969337463379 0.9178301095962524 37.331634521484375 -4.254674434661865 0.2475
Pedestrian 1 1 1 463.67987060546875 199.86573791503906 488.4497985839844 257.5697326660156 0.545494019985199 1.3746510744094849 0.5169888138771057 -3.337148427963257 2.0483944416046143 17.727052688598633 -4.73289680480957 0.2120
Cyclist 1 1 1 3.3285369873046875 174.54623413085938 149.15115356445312 360.0760803222656 1.761986255645752 1.6524364948272705 0.5740243792533875 -5.375861644744873 1.6706044673919678 7.156951904296875 -5.712531089782715 0.1975
Cyclist 1 1 1 438.4569091796875 138.3743133544922 476.6085205078125 196.8920440673828 1.6636817455291748 1.8385215997695923 0.551984429359436 -5.003017425537109 0.7549320459365845 23.543033599853516 -4.472092628479004 0.1915
Car 1 1 1 250.429931640625 181.0856475830078 299.4254455566406 214.5669403076172 3.9072983264923096 1.4624958038330078 1.553740382194519 -16.05570411682129 1.881240725517273 34.638675689697266 -4.992887020111084 0.1834
Pedestrian 1 1 1 606.5889892578125 157.24801635742188 622.037841796875 196.3155059814453 0.5198951363563538 1.927496075630188 0.5747513175010681 0.1743960827589035 1.1572341918945312 35.977352142333984 -8.472417831420898 0.1774
Pedestrian 1 1 1 127.9172134399414 175.7228546142578 170.64698791503906 241.4246826171875 0.7688465714454651 1.7105329036712646 0.6151556372642517 -12.378190994262695 1.788967251777649 19.314929962158203 -4.180726528167725 0.1748
Cyclist 1 1 1 222.4420928955078 170.48268127441406 270.5198059082031 220.1321563720703 1.7015563249588013 1.7984086275100708 0.6334549188613892 -13.525308609008789 1.712214469909668 26.75290298461914 -2.7502574920654297 0.1680
Car 1 1 1 137.58184814453125 176.55224609375 207.92381286621094 213.07266235351562 4.107570171356201 1.406190276145935 1.6370346546173096 -18.379430770874023 1.573191523551941 30.434940338134766 -8.166187286376953 0.1537
Car 1 1 1 0.0 183.1671905517578 71.51459503173828 244.11256408691406 4.073241233825684 1.4811440706253052 1.6254678964614868 -17.489255905151367 1.800076961517334 20.28215789794922 -4.732050895690918 0.1382
Cyclist 1 1 1 520.3786010742188 190.44529724121094 548.3693237304688 238.66717529296875 1.6767383813858032 1.7814501523971558 0.6504143476486206 -2.9838201999664307 2.489734411239624 28.18155860900879 -7.678574085235596 0.1376
Car 1 1 1 868.6353149414062 170.71060180664062 947.5570678710938 220.6320343017578 3.6501405239105225 1.4872398376464844 1.4903554916381836 9.517346382141113 1.4230848550796509 23.40525245666504 -4.5759358406066895 0.1352
Pedestrian 1 1 1 398.79217529296875 203.60675048828125 438.5491638183594 282.5865478515625 0.5955080986022949 1.295238733291626 0.4867800176143646 -3.376042366027832 1.8447277545928955 12.515639305114746 -5.33445930480957 0.1292
Pedestrian 1 1 1 526.453369140625 182.68505859375 540.314697265625 213.56561279296875 0.737212598323822 1.8068245649337769 0.6899548768997192 -4.576819896697998 2.3943958282470703 42.793800354003906 -6.263237953186035 0.1277
Car 1 1 1 1134.744873046875 149.97145080566406 1241.0 253.60638427734375 4.062313556671143 1.5512728691101074 1.6350927352905273 11.662036895751953 1.2084524631500244 12.546582221984863 -5.742695331573486 0.1242
Pedestrian 1 1 1 206.16970825195312 230.4503173828125 269.7814636230469 356.7743225097656 0.646591305732727 1.1252607107162476 0.3760971128940582 -3.70100998878479 1.7192907333374023 7.09579610824585 -4.8764801025390625 0.1218
Pedestrian 1 1 1 139.15628051757812 170.55560302734375 158.5313262939453 200.17848205566406 0.8179734349250793 1.782394528388977 0.5591772794723511 -27.97895050048828 1.643801212310791 43.72631072998047 -6.202280044555664 0.1189
Pedestrian 1 1 1 26.115924835205078 152.00474548339844 55.807857513427734 201.39024353027344 0.7076243758201599 1.8711469173431396 0.6188367009162903 -21.903928756713867 1.0808978080749512 27.72686767578125 -7.975907802581787 0.1068
Pedestrian 1 1 1 612.3887939453125 156.1943359375 625.6688842773438 189.18121337890625 0.6505130529403687 1.8679187297821045 0.6543056964874268 0.4814262390136719 0.9242467880249023 41.2392692565918 -7.663221836090088 0.1066
Pedestrian 1 1 1 264.0544128417969 171.8087615966797 281.08404541015625 197.72100830078125 1.1042749881744385 1.8409613370895386 0.4793248474597931 -24.20331382751465 1.7664002180099487 51.68964385986328 -2.7617528438568115 0.1048
