Car 1 1 1 359.8169250488281 188.52334594726562 521.181396484375 271.99005126953125 4.760071754455566 1.5029984712600708 1.7310711145401 -3.673619508743286 1.9141746759414673 16.44078826904297 -7.648003101348877 0.9624
Car 1 1 1 614.6422119140625 176.19325256347656 681.9567260742188 226.07872009277344 3.698754072189331 1.364428162574768 1.5692781209945679 1.1948962211608887 1.474845290184021 21.9605655670166 -7.667365550994873 0.9526
Car 1 1 1 227.97010803222656 164.82534790039062 413.36834716796875 269.14141845703125 4.686096668243408 2.147904634475708 1.6514513492584229 -6.739333629608154 1.9822921752929688 17.333942413330078 -7.590585231781006 0.9494
Car 1 1 1 1012.2437744140625 177.53541564941406 1221.978515625 268.4402160644531 4.592498302459717 1.4631073474884033 1.6398985385894775 9.625511169433594 1.5710173845291138 14.269676208496094 -7.667383670806885 0.9421
Car 1 1 1 25.219722747802734 194.7539520263672 236.16253662109375 267.6159973144531 4.6915435791015625 1.4895201921463013 1.6742117404937744 -12.173965454101562 2.1322357654571533 18.71150016784668 -7.627191066741943 0.9311
Car 1 1 1 798.3424072265625 167.0828094482422 841.1595458984375 206.2368927001953 4.42513370513916 1.5947297811508179 1.671221137046814 9.113998413085938 1.3593714237213135 31.739059448242188 -7.6016764640808105 0.8343
Car 1 1 1 654.2008666992188 165.116455078125 711.823486328125 209.906982421875 3.8955392837524414 1.5548014640808105 1.6055434942245483 2.767392873764038 1.2859102487564087 27.131641387939453 -7.606414318084717 0.5423
Car 1 1 1 1140.4910888671875 158.4098663330078 1241.0 262.2911071777344 4.233396053314209 1.6709787845611572 1.674210786819458 12.129620552062988 1.438338041305542 13.857096672058105 -7.626885890960693 0.4389
Car 1 1 1 1001.44921875 171.33970642089844 1128.7310791015625 212.44740295410156 3.6820273399353027 1.4087257385253906 1.5483895540237427 16.313491821289062 1.3565325736999512 26.134992599487305 -2.7568931579589844 0.3779
Pedestrian 1 1 1 166.76019287109375 171.42807006835938 185.01011657714844 206.89480590820312 0.4577815532684326 1.7260520458221436 0.6857637763023376 -21.379024505615234 1.656356930732727 35.47337341308594 -6.211201190948486 0.3298
Car 1 1 1 0.0 201.17544555664062 180.43960571289062 267.15185546875 3.804044008255005 1.4810680150985718 1.7524360418319702 -14.314096450805664 2.349423885345459 20.0549259185791 -7.555577754974365 0.2572
Car 1 1 1 106.77291870117188 173.0147705078125 200.78614807128906 208.85728454589844 3.4137837886810303 1.537367820739746 1.7315590381622314 -20.6906681060791 1.5447901487350464 32.81113052368164 -7.651465892791748 0.2511
Cyclist 1 1 1 832.054443359375 170.21633911132812 840.3453369140625 194.95388793945312 1.5410703420639038 1.6159900426864624 0.3277154266834259 14.985987663269043 1.4433836936950684 47.92201614379883 -7.680053234100342 0.2431
Pedestrian 1 1 1 792.8215942382812 136.15159606933594 817.9765014648438 201.6071319580078 0.7077805399894714 1.8580049276351929 0.5901626348495483 5.59342622756958 0.8158794641494751 20.861473083496094 -4.618189811706543 0.2344
Pedestrian 1 1 1 737.100830078125 140.2819366455078 757.8164672851562 197.07684326171875 0.7013393640518188 1.7983049154281616 0.6105440258979797 4.37230920791626 0.7666714787483215 23.23171043395996 -4.589040756225586 0.2051
Cyclist 1 1 1 1022.6559448242188 142.17987060546875 1060.3658447265625 204.345458984375 1.586020588874817 1.717928171157837 0.4904528558254242 12.349172592163086 0.869957685470581 20.768245697021484 -4.468616008758545 0.1910
Cyclist 1 1 1 466.543212890625 157.09921264648438 528.9888916015625 217.0558319091797 1.7760108709335327 1.7500542402267456 0.5843281149864197 -3.41078519821167 1.2898929119110107 21.61348533630371 -5.968391418457031 0.1831
Car 1 1 1 0.0 175.6719512939453 107.56816864013672 213.19430541992188 4.00465202331543 1.4457018375396729 1.6131963729858398 -23.623729705810547 1.571986436843872 30.267152786254883 -7.5844807624816895 0.1726
Car 1 1 1 836.0640869140625 152.5653839111328 894.1045532226562 192.59255981445312 4.626006126403809 2.3915984630584717 1.8364317417144775 15.947563171386719 1.1790655851364136 45.46493148803711 -7.900866985321045 0.1649
Pedestrian 1 1 1 400.89154052734375 171.52084350585938 422.68218994140625 219.28057861328125 0.6410067081451416 1.7838226556777954 0.6840580701828003 -7.538221836090088 1.733729362487793 27.294038772583008 -7.927181720733643 0.1500
Cyclist 1 1 1 98.12397766113281 181.20603942871094 120.34005737304688 208.24365234375 1.6445395946502686 1.6713885068893433 0.34605175256729126 -31.909164428710938 2.212533712387085 45.94597625732422 -7.903759479522705 0.1498
Pedestrian 1 1 1 574.47412109375 165.71835327148438 601.146484375 222.31858825683594 0.6464992761611938 1.7095160484313965 0.5185137391090393 -0.7317525148391724 1.4936959743499756 22.18395233154297 -3.699655532836914 0.1459
Car 1 1 1 715.40087890625 160.24026489257812 819.05517578125 260.0975341796875 4.200666904449463 1.762726068496704 1.737229347229004 3.3410403728485107 1.5397626161575317 15.001055717468262 -7.549444675445557 0.1339
Car 1 1 1 862.7650146484375 164.29493713378906 896.8285522460938 195.48216247558594 4.151795387268066 1.6591453552246094 1.7113546133041382 15.19194221496582 1.2035071849822998 40.630611419677734 -4.334095478057861 0.1314
Pedestrian 1 1 1 0.0 172.43417358398438 8.997368812561035 219.69090270996094 0.21399430930614471 1.7315640449523926 0.415727436542511 -22.56566619873047 1.7158809900283813 26.67115592956543 -5.898655891418457 0.1246
Cyclist 1 1 1 171.2520751953125 185.59616088867188 228.60577392578125 252.8361053466797 1.5722630023956299 1.5984138250350952 0.4451085329055786 -10.398175239562988 1.9347550868988037 18.259614944458008 -4.621950626373291 0.1162
Pedestrian 1 1 1 954.3904418945312 160.28079223632812 980.659912109375 201.84698486328125 0.9961110949516296 1.8437844514846802 0.519892692565918 16.010211944580078 1.2857649326324463 32.411346435546875 -5.957803249359131 0.1109
Pedestrian 1 1 1 163.44644165039062 170.20933532714844 194.1253662109375 223.33401489257812 0.680961549282074 1.724457025527954 0.6549438834190369 -14.26521110534668 1.6383095979690552 23.80344009399414 -7.9906439781188965 0.1048
Pedestrian 1 1 1 195.36451721191406 155.69760131835938 226.03216552734375 208.46563720703125 0.7734352946281433 1.8027911186218262 0.6834774613380432 -13.911837577819824 1.2163522243499756 25.070100784301758 -7.954820156097412 0.1036
