Car 1 1 1 656.7654418945312 187.0380859375 753.5166625976562 248.6573028564453 4.3308610916137695 1.4420535564422607 1.6416553258895874 2.7358665466308594 1.8856621980667114 20.266517639160156 -4.322239875793457 0.9400
Car 1 1 1 561.8399047851562 187.3111572265625 707.8204345703125 276.5103454589844 4.283348560333252 1.4829614162445068 1.658980369567871 0.6331286430358887 1.8299487829208374 15.036384582519531 -4.323574066162109 0.9236
Car 1 1 1 729.682373046875 185.87966918945312 787.02978515625 227.6844940185547 4.1456990242004395 1.3770885467529297 1.5026744604110718 5.643911838531494 1.91026771068573 27.34663963317871 -4.352975368499756 0.9015
Car 1 1 1 788.6111450195312 181.38473510742188 853.242431640625 231.8050994873047 4.163560390472412 1.4684419631958008 1.7135547399520874 7.049123764038086 1.778817892074585 24.026458740234375 -4.3412933349609375 0.8961
Car 1 1 1 818.4110107421875 179.52508544921875 861.082763671875 213.7102813720703 3.9044740200042725 1.4631019830703735 1.6426721811294556 10.773603439331055 1.7951160669326782 33.82524871826172 -4.335144519805908 0.3668
Pedestrian 1 1 1 433.759033203125 161.12562561035156 467.5635986328125 234.90072631835938 0.9217864871025085 1.8071002960205078 0.6992915272712708 -4.049300670623779 1.5195170640945435 18.156442642211914 -4.777231216430664 0.3661
Pedestrian 1 1 1 0.0 154.28697204589844 89.95608520507812 322.75592041015625 0.9230850338935852 1.8093117475509644 0.5913515686988831 -6.565970420837402 1.6096067428588867 8.115195274353027 -6.121612548828125 0.2115
Pedestrian 1 1 1 59.12479019165039 159.2991485595703 159.5112762451172 312.060546875 0.9054948687553406 1.8102537393569946 0.5789389610290527 -6.257080554962158 1.6493260860443115 8.951140403747559 -2.868725538253784 0.1907
Car 1 1 1 898.94091796875 175.33648681640625 932.0861206054688 197.53103637695312 3.7183711528778076 1.5184595584869385 1.5993666648864746 21.93277359008789 1.7032853364944458 51.80939483642578 -7.287132740020752 0.1811
Pedestrian 1 1 1 312.4872741699219 155.35020446777344 345.126220703125 227.24327087402344 0.6957929134368896 1.799664855003357 0.6254673004150391 -7.230631351470947 1.3612008094787598 18.445327758789062 -7.97616720199585 0.1530
Pedestrian 1 1 1 550.8486328125 190.15383911132812 578.34716796875 251.43814086914062 0.7345139384269714 1.7213724851608276 0.6312878131866455 -1.360368251800537 2.2328720092773438 20.925193786621094 -4.520011901855469 0.1334
Pedestrian 1 1 1 159.4001922607422 163.20367431640625 234.8212432861328 294.2335510253906 0.7303654551506042 1.797398328781128 0.5867156386375427 -5.924932479858398 1.6647202968597412 10.273828506469727 -2.885981798171997 0.1261
Pedestrian 1 1 1 667.6283569335938 161.82058715820312 682.864990234375 202.15499877929688 0.59255051612854 1.7413561344146729 0.6414600610733032 2.7989981174468994 1.2647112607955933 31.46467399597168 -7.7980122566223145 0.1194
Car 1 1 1 999.5313720703125 166.98703002929688 1033.4381103515625 193.7602081298828 3.620527505874634 1.5325517654418945 1.5592049360275269 24.29514503479004 1.1964144706726074 43.271060943603516 -7.399810314178467 0.1169
Car 1 1 1 903.59912109375 172.350830078125 923.123046875 188.5697784423828 3.9735019207000732 1.4725335836410522 1.5964525938034058 28.39281463623047 1.4265501499176025 67.65018463134766 -4.336788177490234 0.1161
Pedestrian 1 1 1 348.2491760253906 164.123291015625 400.3411560058594 263.673095703125 0.6872517466545105 1.7786670923233032 0.6291645765304565 -4.381293773651123 1.6223746538162231 13.272357940673828 -6.068498611450195 0.1150
Pedestrian 1 1 1 1112.499755859375 156.3965301513672 1157.0408935546875 231.24600219726562 0.7714877128601074 1.7336138486862183 0.5495023131370544 12.39268970489502 1.3521370887756348 17.128211975097656 -2.686089277267456 0.1073
Pedestrian 1 1 1 320.05438232421875 168.62451171875 364.0186767578125 259.21417236328125 0.5840914249420166 1.695960283279419 0.6040452122688293 -5.17750358581543 1.6164785623550415 13.818964004516602 -4.648232460021973 0.1063
