Car 1 1 1 751.15478515625 167.94686889648438 1085.792724609375 374.0 4.367906093597412 1.5349905490875244 1.6460288763046265 2.664638042449951 1.4981920719146729 7.553521633148193 -7.850473880767822 0.9392
Car 1 1 1 656.4544677734375 173.01467895507812 715.2960815429688 217.2222137451172 3.4378488063812256 1.3971580266952515 1.5370174646377563 2.4663076400756836 1.4027152061462402 24.558778762817383 -7.8854594230651855 0.9219
Car 1 1 1 0.0 202.90684509277344 297.2997131347656 374.0 3.8063578605651855 1.4984383583068848 1.6157114505767822 -3.0093984603881836 1.7079323530197144 3.1170847415924072 -7.875146389007568 0.6706
Car 1 1 1 657.5029296875 173.40113830566406 713.5931396484375 211.17636108398438 3.563220500946045 1.481521725654602 1.649634599685669 3.1853418350219727 1.5056785345077515 30.303186416625977 -7.543331623077393 0.5728
Pedestrian 1 1 1 498.57928466796875 163.5421600341797 528.390869140625 212.9712677001953 0.9065806269645691 1.8005415201187134 0.6181589365005493 -3.6214194297790527 1.4610414505004883 26.746828079223633 -2.733591318130493 0.3528
Pedestrian 1 1 1 719.420166015625 168.612548828125 731.08203125 198.2952880859375 0.5745915174484253 1.7013511657714844 0.7040794491767883 6.638563632965088 1.4579403400421143 41.777915954589844 -2.8434135913848877 0.2230
Pedestrian 1 1 1 549.8648681640625 169.96588134765625 563.603271484375 201.2793731689453 0.7769700288772583 1.7920244932174683 0.5508958697319031 -3.104027032852173 1.626441478729248 41.586875915527344 -3.191143035888672 0.1872
Car 1 1 1 689.4051513671875 167.49627685546875 728.3372192382812 193.205322265625 4.056746482849121 1.5574607849121094 1.6742048263549805 6.299887180328369 1.232588768005371 45.90222930908203 -7.515323162078857 0.1240
Pedestrian 1 1 1 783.8931884765625 141.9187774658203 817.4552612304688 209.260009765625 0.8359760642051697 1.9784421920776367 0.7279614806175232 5.663303375244141 1.069285273551941 21.649473190307617 -4.809031963348389 0.1050
Pedestrian 1 1 1 891.519775390625 130.44798278808594 954.0806884765625 245.63156127929688 0.7992059588432312 1.9454073905944824 0.7426532506942749 5.3851728439331055 1.2288857698440552 12.587495803833008 -4.716149806976318 0.1049
Pedestrian 1 1 1 136.54502868652344 161.0530242919922 239.09230041503906 326.5028991699219 0.8822447657585144 1.7359205484390259 0.5528290271759033 -4.692920207977295 1.6118032932281494 7.971280097961426 -6.602200984954834 0.1003
