Car 1 1 1 459.7343444824219 175.61183166503906 551.5867919921875 238.27267456054688 4.104737758636475 1.4535502195358276 1.5909117460250854 -2.4093761444091797 1.3175071477890015 18.766307830810547 -7.783926486968994 0.9421
Car 1 1 1 521.4164428710938 173.9836883544922 568.38720703125 211.5507354736328 3.541506767272949 1.4403866529464722 1.4930371046066284 -2.2719292640686035 1.1525588035583496 29.34473991394043 -7.809020519256592 0.9058
Car 1 1 1 601.136474609375 172.0811309814453 642.1476440429688 206.9384765625 4.175746917724609 1.4956375360488892 1.5938045978546143 0.9708096385002136 1.091803789138794 32.9786491394043 -7.754396915435791 0.8883
Car 1 1 1 566.6270751953125 169.14730834960938 597.2332763671875 196.50018310546875 3.866318464279175 1.5772819519042969 1.664976716041565 -1.1357232332229614 0.8650984168052673 43.373207092285156 -7.8319830894470215 0.5873
Pedestrian 1 1 1 1066.69091796875 142.1671905517578 1087.9869384765625 188.5140380859375 0.617359459400177 2.0092036724090576 0.7165685892105103 20.899229049682617 0.30436787009239197 31.579469680786133 -7.377739429473877 0.2766
Pedestrian 1 1 1 898.3367309570312 159.5794677734375 933.0628051757812 223.9971160888672 0.806917130947113 1.8012501001358032 0.6212776899337769 8.926337242126465 1.1887942552566528 20.4986629486084 -7.8837761878967285 0.2531
Car 1 1 1 576.0740966796875 177.8357391357422 608.1221313476562 200.42381286621094 3.630614995956421 1.4686394929885864 1.5686277151107788 -0.5859905481338501 1.2304290533065796 48.62255096435547 -7.692843914031982 0.2342
Pedestrian 1 1 1 1012.3773803710938 161.8758544921875 1038.7857666015625 220.37191772460938 0.7236704230308533 1.6927707195281982 0.5487146377563477 12.491347312927246 1.1253588199615479 21.22146987915039 -4.361150741577148 0.2111
Cyclist 1 1 1 161.238037109375 176.03726196289062 195.1586151123047 209.5037841796875 1.7289459705352783 1.7975645065307617 0.6392639875411987 -23.08850860595703 1.5043216943740845 39.17868423461914 -2.793672561645508 0.1825
Pedestrian 1 1 1 1204.531982421875 134.5803985595703 1230.8743896484375 187.99925231933594 0.49843183159828186 1.9786138534545898 0.6780872941017151 23.130142211914062 0.24110642075538635 26.995689392089844 -7.309254169464111 0.1792
Pedestrian 1 1 1 880.2264404296875 170.87376403808594 901.2730102539062 219.87045288085938 0.7162465453147888 1.5868538618087769 0.5688652396202087 9.526561737060547 1.2431358098983765 23.714885711669922 -4.218051910400391 0.1711
Car 1 1 1 374.02569580078125 177.1602020263672 397.0509948730469 196.622802734375 3.523428440093994 1.5322256088256836 1.4265761375427246 -17.503637313842773 1.1904348134994507 58.41456985473633 -4.896260738372803 0.1643
Cyclist 1 1 1 948.197021484375 150.1681671142578 1027.7818603515625 218.21926879882812 1.661712646484375 1.663030743598938 0.5506182909011841 9.591567039489746 0.8978748321533203 17.929210662841797 -3.0193557739257812 0.1434
Car 1 1 1 593.105712890625 169.7241973876953 611.9605712890625 187.41201782226562 3.9810903072357178 1.5417636632919312 1.581427812576294 0.1567205935716629 0.5150865316390991 64.62875366210938 -7.821954250335693 0.1413
Pedestrian 1 1 1 1155.7967529296875 143.6498565673828 1232.96630859375 255.66941833496094 0.7494096159934998 1.7659538984298706 0.6127876043319702 9.561606407165527 1.1698940992355347 11.659894943237305 -3.0610032081604004 0.1388
Pedestrian 1 1 1 1078.23779296875 137.54739379882812 1111.80908203125 206.67442321777344 0.6369959712028503 1.9046746492385864 0.6563722491264343 13.84535026550293 0.6941295266151428 20.211156845092773 -4.326037883758545 0.1387
Car 1 1 1 355.9554748535156 179.45455932617188 444.4436950683594 211.6479949951172 3.7926759719848633 1.4367042779922485 1.6090816259384155 -9.404003143310547 1.345705509185791 33.52587127685547 -2.7491941452026367 0.1374
Car 1 1 1 452.7410888671875 170.8004608154297 495.9219055175781 193.63156127929688 3.694950580596924 1.421339750289917 1.5606358051300049 -8.294164657592773 0.7553138136863708 46.70686340332031 -8.388790130615234 0.1329
Pedestrian 1 1 1 1095.502197265625 142.57322692871094 1118.831787109375 185.56869506835938 0.8071836829185486 1.944388747215271 0.6103538274765015 23.189062118530273 0.18427540361881256 32.95829772949219 -6.843258380889893 0.1292
Cyclist 1 1 1 696.8403930664062 163.9481964111328 727.3172607421875 230.8734588623047 1.7750942707061768 1.6592885255813599 0.581051230430603 2.827728271484375 1.2246500253677368 18.707550048828125 -7.816728115081787 0.1250
Car 1 1 1 1111.6192626953125 144.76937866210938 1237.0 183.02098083496094 3.9636294841766357 1.5607919692993164 1.6375629901885986 24.26528549194336 0.06239159777760506 30.486997604370117 -6.094180583953857 0.1070
Pedestrian 1 1 1 872.0755004882812 150.33067321777344 887.5761108398438 195.94984436035156 0.5268387198448181 1.9223384857177734 0.6003681421279907 11.854467391967773 0.6092138290405273 30.629526138305664 -7.452844142913818 0.1065
