Pedestrian 1 1 1 760.5965576171875 134.74447631835938 872.9511108398438 314.7444763183594 1.0239022970199585 1.8690173625946045 0.5893254280090332 2.2573981285095215 1.3943380117416382 7.759324073791504 -3.404834032058716 0.8298
Pedestrian 1 1 1 642.3153076171875 171.26199340820312 687.156005859375 270.3313293457031 0.8163348436355591 1.7310848236083984 0.5808889865875244 1.0453588962554932 1.570037841796875 12.84486198425293 -4.3009819984436035 0.2346
Pedestrian 1 1 1 260.14404296875 167.74986267089844 305.861572265625 258.9183654785156 0.4815678596496582 1.7165930271148682 0.6957667469978333 -6.280096054077148 1.4768874645233154 13.707053184509277 -2.908005952835083 0.1434
Cyclist 1 1 1 963.8499755859375 152.255126953125 1014.822265625 256.17413330078125 1.7055044174194336 1.5853180885314941 0.462719589471817 6.261031150817871 1.1548212766647339 11.66782283782959 -7.521359920501709 0.1312
Car 1 1 1 1147.54296875 164.58822631835938 1223.0 280.7558288574219 4.195979118347168 1.4729593992233276 1.6438941955566406 11.383949279785156 1.2716093063354492 11.210002899169922 -8.313546180725098 0.1285
Car 1 1 1 0.0 173.15562438964844 52.760475158691406 252.75692749023438 3.990607738494873 1.533721923828125 1.5846177339553833 -14.729374885559082 1.3925750255584717 15.67199420928955 -4.637659072875977 0.1280
Pedestrian 1 1 1 208.3111572265625 163.03146362304688 251.57579040527344 251.1878204345703 0.48457542061805725 1.7206730842590332 0.5939154028892517 -7.500040531158447 1.3800746202468872 14.064043998718262 -4.638478755950928 0.1232
Pedestrian 1 1 1 897.6327514648438 155.408447265625 944.1061401367188 262.99853515625 0.5822968482971191 1.7517529726028442 0.6352542638778687 5.245439529418945 1.3435999155044556 11.878817558288574 -2.9518983364105225 0.1229
Pedestrian 1 1 1 1119.210205078125 138.97183227539062 1186.3148193359375 250.362548828125 0.6699439883232117 1.7685338258743286 0.5460041165351868 8.861960411071777 1.1095808744430542 11.518638610839844 -3.2026138305664062 0.1226
Car 1 1 1 640.3865966796875 171.1175079345703 681.4144897460938 208.90261840820312 3.615946054458618 1.4904634952545166 1.6173486709594727 2.3394415378570557 1.1205912828445435 29.76229476928711 -7.765799045562744 0.1209
Car 1 1 1 0.0 183.97984313964844 118.97188568115234 234.244384765625 4.276372909545898 1.4983352422714233 1.6332124471664429 -18.834562301635742 1.626056432723999 23.644535064697266 -4.516359329223633 0.1132
Car 1 1 1 521.9620361328125 151.5772247314453 616.1915893554688 184.9059600830078 4.0950846672058105 1.4880108833312988 1.5507572889328003 -1.6699731349945068 0.1969040334224701 32.7978401184082 -2.9067342281341553 0.1127
Pedestrian 1 1 1 838.8034057617188 156.29635620117188 895.9096069335938 259.64385986328125 0.7206107378005981 1.7774107456207275 0.7335930466651917 4.586238384246826 1.3615220785140991 12.528724670410156 -7.876895427703857 0.1096
Pedestrian 1 1 1 470.17962646484375 185.97952270507812 513.350830078125 263.82891845703125 0.7589271068572998 1.5961061716079712 0.559137761592865 -2.4532668590545654 1.716488242149353 15.025293350219727 -2.384587049484253 0.1054
