Pedestrian 1 1 1 372.1530456542969 178.68930053710938 397.06866455078125 224.45359802246094 0.9091349840164185 1.6879757642745972 0.6424786448478699 -8.531614303588867 1.911303162574768 27.1911678314209 -4.693777561187744 0.7385
Car 1 1 1 474.1165771484375 178.1045379638672 518.856201171875 201.78880310058594 3.992276668548584 1.539362907409668 1.6392320394515991 -7.84033203125 1.9182807207107544 49.97792434692383 -7.6103949546813965 0.3463
Car 1 1 1 653.9024658203125 176.6131591796875 712.34912109375 205.17796325683594 4.123696327209473 1.4489086866378784 1.6242412328720093 3.885556221008301 1.6653780937194824 39.39422607421875 -5.034020900726318 0.2772
Pedestrian 1 1 1 424.0442810058594 174.57408142089844 438.6434020996094 202.43960571289062 0.8617931604385376 1.7980791330337524 0.5525137186050415 -11.64923095703125 1.9104244709014893 46.92570114135742 -3.2636852264404297 0.2004
Pedestrian 1 1 1 289.8009338378906 180.45751953125 321.4364929199219 232.39450073242188 0.8632793426513672 1.6688041687011719 0.596770703792572 -10.0771484375 1.924231767654419 23.79479217529297 -4.557598114013672 0.1904
Car 1 1 1 648.379150390625 177.49935913085938 674.4679565429688 203.88638305664062 3.928799867630005 1.5436400175094604 1.540318250656128 3.130218982696533 1.8454011678695679 44.91602325439453 -4.660959720611572 0.1573
Pedestrian 1 1 1 189.45352172851562 174.90296936035156 225.0697021484375 227.0650634765625 0.8694443702697754 1.766723394393921 0.6385962963104248 -14.00117301940918 1.8389564752578735 25.011198043823242 -4.254539966583252 0.1550
Pedestrian 1 1 1 774.7490844726562 198.47019958496094 812.9729614257812 293.0372009277344 0.5478617548942566 1.2063974142074585 0.35141557455062866 2.3926823139190674 1.5582627058029175 9.638294219970703 -4.755392551422119 0.1485
Car 1 1 1 464.06732177734375 180.08438110351562 528.65673828125 205.72779846191406 3.9590208530426025 1.6076781749725342 1.688050627708435 -7.343784809112549 2.0843546390533447 46.6771240234375 -3.1811373233795166 0.1198
Cyclist 1 1 1 101.79561614990234 150.7529296875 166.1173095703125 286.3672790527344 1.695540189743042 1.7024098634719849 0.4839934706687927 -6.568288326263428 1.4246680736541748 9.929387092590332 -8.282325744628906 0.1145
Pedestrian 1 1 1 328.5599670410156 156.45516967773438 343.7237243652344 193.1834259033203 0.7140348553657532 1.9453409910202026 0.63856041431427 -14.694146156311035 1.0764641761779785 38.62450408935547 -8.031116485595703 0.1117
Car 1 1 1 324.74725341796875 187.56692504882812 368.6255798339844 213.2248077392578 3.8777058124542236 1.5261614322662354 1.5941890478134155 -17.17932891845703 2.527432680130005 47.147891998291016 -4.754002094268799 0.1059
