Car 1 1 1 19.375410079956055 181.86334228515625 336.8615417480469 287.0802307128906 3.9890570640563965 1.4894887208938599 1.6741695404052734 -6.6767659187316895 1.6453419923782349 11.450521469116211 -3.253945827484131 0.9437
Car 1 1 1 642.6652221679688 177.47979736328125 713.2461547851562 228.6534881591797 4.082494258880615 1.532256007194519 1.6325911283493042 2.1254372596740723 1.6998928785324097 24.090036392211914 -7.9418559074401855 0.9386
Car 1 1 1 792.6724853515625 196.6605987548828 1241.0 374.0 4.280721187591553 1.4403630495071411 1.6118309497833252 2.6848690509796143 1.6942020654678345 5.557077407836914 -7.8476176261901855 0.9224
Car 1 1 1 352.6259460449219 182.142333984375 475.6299743652344 222.65309143066406 4.223293781280518 1.4351868629455566 1.6855038404464722 -7.304023742675781 1.7964576482772827 27.060375213623047 -3.2306394577026367 0.9220
Car 1 1 1 469.1580505371094 183.99496459960938 539.4938354492188 241.2506866455078 3.520625352859497 1.4111915826797485 1.5110417604446411 -2.928480386734009 1.7508443593978882 20.245088577270508 -4.727774143218994 0.9191
Car 1 1 1 0.0 189.0648193359375 277.5229797363281 328.0424499511719 4.121535301208496 1.4915399551391602 1.657130479812622 -6.653669834136963 1.7170615196228027 9.01799201965332 -6.3847527503967285 0.8998
Pedestrian 1 1 1 767.8399658203125 170.0869903564453 780.3748168945312 202.7086639404297 0.6181215047836304 1.7703217267990112 0.6477171778678894 8.947481155395508 1.619861125946045 39.5208854675293 -6.141452789306641 0.4569
Car 1 1 1 401.2189636230469 179.74842834472656 499.5418395996094 213.23072814941406 3.984635829925537 1.430728554725647 1.6383129358291626 -7.098322868347168 1.7460272312164307 32.11807632446289 -3.0950498580932617 0.4506
Car 1 1 1 0.0 210.14651489257812 138.46121215820312 374.0 4.059040546417236 1.475046992301941 1.61406672000885 -6.045763969421387 1.7946460247039795 5.190886497497559 -6.379538059234619 0.3821
Pedestrian 1 1 1 980.135009765625 174.1272735595703 1009.8965454101562 226.19483947753906 0.8183566331863403 1.6631637811660767 0.575407862663269 12.519083023071289 1.7052663564682007 23.549901962280273 -6.947835445404053 0.3797
Car 1 1 1 407.7093200683594 178.92234802246094 484.0232849121094 212.78665161132812 3.406015157699585 1.5513899326324463 1.61080002784729 -7.818449974060059 1.8490744829177856 34.42351150512695 -3.2640562057495117 0.3660
Pedestrian 1 1 1 356.02685546875 158.16969299316406 382.88458251953125 216.23016357421875 0.6863358020782471 1.851430892944336 0.6317323446273804 -7.828587055206299 1.382878065109253 23.357776641845703 -4.692445278167725 0.3057
Pedestrian 1 1 1 409.86517333984375 156.0240020751953 423.2353515625 190.11326599121094 0.7509596943855286 1.8877768516540527 0.5814653038978577 -10.851543426513672 0.9554742574691772 40.348140716552734 -7.91019868850708 0.2843
Pedestrian 1 1 1 879.4490356445312 158.22828674316406 917.9904174804688 242.13710021972656 0.8650571703910828 1.7661341428756714 0.7559249401092529 6.224870681762695 1.4579885005950928 15.723722457885742 -4.358959197998047 0.2635
Car 1 1 1 617.5556640625 176.26588439941406 640.12890625 196.72164916992188 3.7565572261810303 1.5656819343566895 1.5862648487091064 1.452620267868042 1.847528338432312 57.7645378112793 -4.745080947875977 0.2617
Car 1 1 1 179.85386657714844 159.22239685058594 268.0372619628906 187.8557586669922 3.9648540019989014 1.5068204402923584 1.6417392492294312 -20.973546981811523 0.7891622185707092 39.27756881713867 -6.545522212982178 0.2256
Car 1 1 1 65.91300201416016 185.8670654296875 160.71717834472656 218.29220581054688 3.5881271362304688 1.5153937339782715 1.5589392185211182 -24.725818634033203 2.1866159439086914 35.9806022644043 -6.568820476531982 0.2185
Car 1 1 1 706.8175048828125 178.3056182861328 777.7886962890625 203.04458618164062 3.8809685707092285 1.4244970083236694 1.5803524255752563 7.786028861999512 1.7546714544296265 42.841068267822266 -3.197960376739502 0.2180
Pedestrian 1 1 1 829.97607421875 173.78448486328125 850.5347290039062 220.16844177246094 0.7465841770172119 1.6246845722198486 0.5694411993026733 8.175408363342285 1.6581971645355225 25.755735397338867 -7.35644006729126 0.1898
Cyclist 1 1 1 0.0 181.54425048828125 59.799461364746094 242.0804443359375 1.580612063407898 1.6272999048233032 0.5450506210327148 -16.46089744567871 1.882891297340393 20.437252044677734 -4.789786338806152 0.1809
Car 1 1 1 479.75775146484375 168.59783935546875 537.4970092773438 191.4512939453125 4.199631690979004 1.6810351610183716 1.7198240756988525 -7.589575290679932 1.367663025856018 54.10697937011719 -6.367030620574951 0.1577
Car 1 1 1 683.3806762695312 175.6751708984375 730.0371704101562 193.33604431152344 3.6447978019714355 1.4372695684432983 1.5333632230758667 7.9603657722473145 1.673724889755249 59.762413024902344 -3.154501438140869 0.1551
Car 1 1 1 1086.2310791015625 178.2681427001953 1241.0 374.0 4.179603099822998 1.4959726333618164 1.6445640325546265 6.844606399536133 1.5616035461425781 6.543217182159424 -5.04097843170166 0.1551
Cyclist 1 1 1 274.34161376953125 172.78179931640625 311.1675720214844 205.383544921875 1.8320670127868652 1.8484156131744385 0.6136485934257507 -18.157054901123047 1.8440215587615967 41.230655670166016 -3.157931327819824 0.1448
Car 1 1 1 486.1470947265625 182.4246063232422 542.9862670898438 205.00680541992188 3.7948691844940186 1.5678331851959229 1.6242929697036743 -6.865531921386719 2.2683486938476562 51.87289810180664 -3.060938835144043 0.1389
Pedestrian 1 1 1 184.35487365722656 167.176025390625 200.04354858398438 196.1995849609375 0.8607529997825623 1.8441002368927002 0.4932052493095398 -26.83143424987793 1.4830331802368164 46.279296875 -6.828862190246582 0.1320
Pedestrian 1 1 1 53.69392013549805 154.53585815429688 81.47443389892578 202.82586669921875 0.5815068483352661 1.951987385749817 0.7398906946182251 -22.24079704284668 1.2112284898757935 29.536144256591797 -8.092812538146973 0.1273
Car 1 1 1 30.8334903717041 183.42015075683594 174.2849578857422 229.2787322998047 3.8334827423095703 1.3820574283599854 1.525326132774353 -16.90645980834961 1.760308027267456 24.18215560913086 -6.846362590789795 0.1234
Car 1 1 1 321.1673889160156 169.54217529296875 356.1104431152344 195.0919189453125 3.8507773876190186 1.6981254816055298 1.637385368347168 -18.786767959594727 1.4777103662490845 50.00077438354492 -8.042695045471191 0.1228
Pedestrian 1 1 1 773.974365234375 164.79888916015625 792.1998901367188 200.90487670898438 0.7399502396583557 1.824168086051941 0.6381856203079224 8.818283081054688 1.416902780532837 36.921661376953125 -2.5757534503936768 0.1207
Car 1 1 1 181.28147888183594 183.6586151123047 308.4986572265625 236.8303985595703 3.782823324203491 1.469826102256775 1.5137797594070435 -11.426115036010742 1.8407377004623413 22.776641845703125 -4.485886096954346 0.1190
Car 1 1 1 588.2008666992188 177.42123413085938 612.1193237304688 198.72804260253906 3.96384334564209 1.5412074327468872 1.5791784524917603 -0.811707079410553 1.9025781154632568 55.10102081298828 -4.7886223793029785 0.1148
Car 1 1 1 526.5735473632812 174.1511993408203 551.4765014648438 191.9281005859375 3.6148476600646973 1.592961072921753 1.5529303550720215 -6.564680576324463 1.7161809206008911 66.81851959228516 -7.73429536819458 0.1034
Cyclist 1 1 1 56.73621368408203 185.31141662597656 104.47554016113281 229.17466735839844 1.5817043781280518 1.688920497894287 0.6188430786132812 -21.356000900268555 2.2049753665924072 29.07987403869629 -4.565854549407959 0.1020
Pedestrian 1 1 1 850.8967895507812 164.41697692871094 881.0233764648438 225.03256225585938 0.8121181726455688 1.6959232091903687 0.5956020355224609 7.251063346862793 1.4595693349838257 20.604692459106445 -7.815309047698975 0.1018
Car 1 1 1 494.2333679199219 176.29086303710938 529.4550170898438 200.11663818359375 3.7982990741729736 1.5119017362594604 1.601967692375183 -6.558157444000244 1.7509465217590332 48.29853439331055 -7.785144329071045 0.1011
