Car 1 1 1 434.9856262207031 173.8108673095703 511.2908630371094 211.0689239501953 4.456274032592773 1.4715532064437866 1.6447441577911377 -5.743073463439941 1.2075852155685425 30.244731903076172 -5.283794403076172 0.9544
Car 1 1 1 0.0 195.8633270263672 306.30670166015625 369.0 3.8373329639434814 1.5155154466629028 1.5750259160995483 -3.164518356323242 1.6326721906661987 3.4227101802825928 -7.813604831695557 0.7839
Cyclist 1 1 1 986.5864868164062 150.52609252929688 1030.3321533203125 217.54876708984375 1.7110687494277954 1.6603810787200928 0.4416458010673523 10.429807662963867 0.9181497097015381 18.39719581604004 -7.675201892852783 0.5719
Pedestrian 1 1 1 278.19342041015625 183.36978149414062 317.3251037597656 260.75543212890625 0.5632466077804565 1.548933982849121 0.6184089183807373 -6.339646339416504 1.6094881296157837 14.50468635559082 -3.2120144367218018 0.5294
Pedestrian 1 1 1 775.3806762695312 157.1847686767578 793.7337646484375 189.45509338378906 0.9508060812950134 1.8299355506896973 0.4759688675403595 10.274967193603516 0.5079251527786255 40.50664520263672 -5.8595099449157715 0.3811
Cyclist 1 1 1 1033.61279296875 149.84075927734375 1092.932861328125 220.6101837158203 1.777598261833191 1.679797887802124 0.45901361107826233 11.384465217590332 0.9523955583572388 17.68756103515625 -7.770168781280518 0.2892
Pedestrian 1 1 1 508.8314208984375 166.79263305664062 521.5878295898438 188.94509887695312 1.042436957359314 1.8974971771240234 0.4527359902858734 -7.7040181159973145 0.7232990860939026 60.79356384277344 -3.149322271347046 0.2798
Car 1 1 1 54.3968391418457 194.4088897705078 128.9725799560547 230.48828125 3.5243241786956787 1.4768139123916626 1.6384161710739136 -23.397626876831055 2.150812864303589 32.3363037109375 -4.9843430519104 0.2728
Cyclist 1 1 1 871.6026000976562 154.4374237060547 900.1707153320312 192.89077758789062 1.6704412698745728 1.7813353538513184 0.5328388810157776 13.316534042358398 0.5741797685623169 33.61405944824219 -7.969100475311279 0.2659
Car 1 1 1 314.2525329589844 186.3740692138672 362.5038757324219 211.84124755859375 4.242579460144043 1.693029522895813 1.7858256101608276 -18.826274871826172 2.1271026134490967 50.11711502075195 -4.701128005981445 0.2476
Pedestrian 1 1 1 787.58349609375 162.27525329589844 808.3836059570312 196.7813720703125 0.9679244160652161 1.827391266822815 0.5279497504234314 10.274056434631348 0.8623747825622559 37.71402359008789 -6.271171569824219 0.2293
Pedestrian 1 1 1 904.8594360351562 164.11676025390625 922.3214111328125 195.41845703125 0.6379169225692749 1.6655147075653076 0.6641372442245483 16.541919708251953 0.7939246892929077 37.94573211669922 -7.8364338874816895 0.2062
Pedestrian 1 1 1 996.7979125976562 119.98474884033203 1066.014404296875 261.35430908203125 0.6767539381980896 1.871559739112854 0.521162748336792 5.790771484375 1.0708131790161133 9.714491844177246 -4.77502965927124 0.1628
Pedestrian 1 1 1 559.7577514648438 166.7025604248047 575.6630249023438 194.745849609375 0.9062544703483582 1.7953269481658936 0.5716385841369629 -2.4105162620544434 0.9120823740959167 45.64182662963867 -2.9246788024902344 0.1587
Car 1 1 1 678.6450805664062 171.67120361328125 702.3782958984375 191.7076873779297 3.906978130340576 1.5372337102890015 1.6111434698104858 6.776615619659424 0.859855055809021 56.23976135253906 -4.658998966217041 0.1552
Car 1 1 1 0.0 185.4521484375 23.630779266357422 215.75416564941406 3.8725736141204834 1.5068674087524414 1.568045973777771 -32.591651916503906 1.78695547580719 37.904571533203125 -5.236001014709473 0.1506
Pedestrian 1 1 1 1150.668212890625 166.3738250732422 1206.18310546875 246.38339233398438 0.6708881258964539 1.5598764419555664 0.5537418723106384 11.389321327209473 1.2848305702209473 14.11119556427002 -3.3005409240722656 0.1506
Pedestrian 1 1 1 36.605140686035156 180.387939453125 77.61028289794922 241.25672912597656 0.712700605392456 1.6997934579849243 0.6070432662963867 -15.672772407531738 1.6969681978225708 20.184423446655273 -4.357020854949951 0.1180
Car 1 1 1 635.4120483398438 173.11024475097656 666.1694946289062 195.45388793945312 3.8383333683013916 1.504483699798584 1.578170895576477 3.252495050430298 1.0069468021392822 49.654151916503906 -4.4904351234436035 0.1163
Pedestrian 1 1 1 724.94287109375 164.92689514160156 737.1036376953125 188.14210510253906 0.9092612266540527 1.827035903930664 0.5244894623756409 9.977962493896484 0.6014025807380676 55.95108413696289 -3.0415327548980713 0.1105
Car 1 1 1 1162.3341064453125 153.6522216796875 1223.0 226.78121948242188 3.7668120861053467 1.4948818683624268 1.6074981689453125 15.561450004577637 0.9464209079742432 16.50102996826172 -8.259804725646973 0.1096
Pedestrian 1 1 1 1016.6630249023438 145.44447326660156 1034.8580322265625 187.11415100097656 0.5750990509986877 1.9323331117630005 0.7056199908256531 19.734281539916992 0.3068978786468506 33.20695877075195 -7.367042064666748 0.1071
Cyclist 1 1 1 1074.818359375 149.619384765625 1133.39404296875 218.1909637451172 1.6478854417800903 1.6262623071670532 0.4509528577327728 12.35582447052002 0.894221305847168 17.6124267578125 -7.742936611175537 0.1046
