Car 1 1 1 655.2882690429688 181.15310668945312 743.4503173828125 210.77479553222656 4.128840446472168 1.4046183824539185 1.6249783039093018 4.307884693145752 1.8221502304077148 35.50180435180664 -6.289321422576904 0.9324
Car 1 1 1 641.7778930664062 180.75375366210938 686.6272583007812 199.4013671875 3.4932339191436768 1.4482613801956177 1.553270936012268 4.27094030380249 2.087061882019043 57.553199768066406 -6.258091926574707 0.4411
Pedestrian 1 1 1 1106.211669921875 147.830810546875 1165.13916015625 239.20651245117188 0.749683141708374 1.728689432144165 0.5737605690956116 10.169668197631836 1.254988670349121 14.051679611206055 -4.811070919036865 0.2572
Pedestrian 1 1 1 376.48046875 154.2769775390625 409.1246032714844 226.0334930419922 1.0568180084228516 1.894149661064148 0.8303036689758301 -5.962080001831055 1.403473973274231 19.66904640197754 -4.9928789138793945 0.1704
Pedestrian 1 1 1 183.16845703125 152.1687774658203 236.79214477539062 246.63111877441406 0.6380403637886047 1.7838212251663208 0.6702076196670532 -7.784269332885742 1.3929027318954468 13.964151382446289 -4.651958465576172 0.1647
Pedestrian 1 1 1 914.4826049804688 151.37841796875 936.6151733398438 201.8883819580078 0.49840742349624634 1.8014755249023438 0.545142650604248 11.33434009552002 1.0352331399917603 26.029842376708984 -8.041537284851074 0.1619
Pedestrian 1 1 1 256.0446472167969 165.94558715820312 291.02203369140625 232.71847534179688 0.6942754983901978 1.7273545265197754 0.5838527083396912 -8.913291931152344 1.5483399629592896 19.023221969604492 -4.675421714782715 0.1172
Pedestrian 1 1 1 775.0742797851562 171.0513916015625 790.4654541015625 203.94882202148438 0.6224833726882935 1.7431087493896484 0.6456519365310669 9.197051048278809 1.6472952365875244 38.58373260498047 -6.3829426765441895 0.1165
Pedestrian 1 1 1 105.6661148071289 164.49166870117188 162.4608917236328 263.4358825683594 0.6055818200111389 1.720545768737793 0.6060139536857605 -8.526297569274902 1.5748330354690552 12.861197471618652 -4.673508167266846 0.1156
Pedestrian 1 1 1 820.052001953125 158.47618103027344 835.6199340820312 201.26914978027344 0.6072906851768494 1.792319416999817 0.6150146126747131 9.198665618896484 1.1898263692855835 30.605924606323242 -7.531731128692627 0.1155
Car 1 1 1 1043.4857177734375 152.15975952148438 1122.57763671875 176.33734130859375 4.107638835906982 1.5575661659240723 1.64986252784729 31.30388832092285 0.22410276532173157 47.919612884521484 -5.95866584777832 0.1093
Car 1 1 1 763.2168579101562 165.4929656982422 822.9790649414062 192.61683654785156 4.021598815917969 1.6446080207824707 1.6632845401763916 11.554502487182617 1.1979848146438599 45.92457962036133 -8.223145484924316 0.1062
Car 1 1 1 1167.898681640625 148.01535034179688 1230.402587890625 175.487548828125 4.009495735168457 1.698604702949524 1.6803791522979736 38.061927795410156 0.16253280639648438 46.7703742980957 -7.5782151222229 0.1018
Pedestrian 1 1 1 78.34246826171875 157.52659606933594 134.19371032714844 252.1759033203125 0.6081093549728394 1.7262258529663086 0.6129714846611023 -9.449615478515625 1.4463828802108765 13.474449157714844 -4.676161766052246 0.1007
