Pedestrian 1 1 1 762.8211669921875 131.4205780029297 862.7987670898438 290.0724792480469 1.1275314092636108 1.9764012098312378 0.5233110189437866 2.59511137008667 1.3654019832611084 9.072035789489746 -3.145737648010254 0.7360
Pedestrian 1 1 1 794.0675048828125 155.2938995361328 844.7149658203125 261.3756408691406 0.8108282089233398 1.7690166234970093 0.5895410776138306 3.640881061553955 1.3490588665008545 12.214083671569824 -4.7760515213012695 0.1552
Pedestrian 1 1 1 210.68838500976562 156.42758178710938 263.03369140625 248.86172485351562 0.7514129877090454 1.7716145515441895 0.6141502857208252 -7.295865058898926 1.3105989694595337 13.948067665100098 -4.641210079193115 0.1546
Pedestrian 1 1 1 643.0975952148438 170.1240234375 691.2625732421875 270.039306640625 0.7915419936180115 1.743062973022461 0.5826989412307739 1.0861694812774658 1.5624231100082397 12.824080467224121 -4.170875072479248 0.1412
Pedestrian 1 1 1 57.83687210083008 182.62750244140625 94.96552276611328 244.53207397460938 0.8004980087280273 1.7391773462295532 0.7326499223709106 -15.32022476196289 1.8026002645492554 20.440885543823242 -3.8683743476867676 0.1322
Pedestrian 1 1 1 263.1448974609375 171.4491729736328 307.8858337402344 260.9341125488281 0.46332216262817383 1.6890298128128052 0.6639997959136963 -6.245513916015625 1.5185589790344238 13.734875679016113 -2.8102152347564697 0.1320
Car 1 1 1 1155.6983642578125 160.40164184570312 1223.0 278.6263122558594 4.055635452270508 1.4934567213058472 1.6660877466201782 11.377151489257812 1.2399722337722778 11.1235933303833 -8.262123107910156 0.1296
Car 1 1 1 640.401611328125 170.69537353515625 681.7783203125 208.54888916015625 3.600165605545044 1.4924241304397583 1.6301573514938354 2.341043710708618 1.1060916185379028 29.73973846435547 -7.768029689788818 0.1265
Pedestrian 1 1 1 840.0018920898438 156.40309143066406 897.8543701171875 260.5346984863281 0.7281343340873718 1.786653995513916 0.7222344279289246 4.6110429763793945 1.3735828399658203 12.519594192504883 -7.923552989959717 0.1229
Pedestrian 1 1 1 471.031982421875 186.56016540527344 512.5240478515625 266.1551513671875 0.7618767619132996 1.6261374950408936 0.5776838064193726 -2.450348377227783 1.7591097354888916 14.995902061462402 -5.362030506134033 0.1211
Car 1 1 1 0.0 185.09812927246094 121.35623931884766 234.2649688720703 4.094679355621338 1.4794248342514038 1.6229952573776245 -18.86196517944336 1.6490639448165894 23.865135192871094 -4.4693121910095215 0.1163
Pedestrian 1 1 1 1123.543701171875 138.33680725097656 1181.3199462890625 251.50604248046875 0.6860123872756958 1.775951862335205 0.5573930144309998 8.866837501525879 1.114674687385559 11.518514633178711 -3.7351036071777344 0.1154
Pedestrian 1 1 1 663.1691284179688 153.19297790527344 676.8541870117188 187.61280822753906 0.6669085025787354 1.9218436479568481 0.635059118270874 3.657447338104248 0.39726555347442627 39.89476013183594 -7.53405237197876 0.1146
Pedestrian 1 1 1 835.670654296875 174.9569854736328 869.0751342773438 237.782958984375 0.5139821171760559 1.5685005187988281 0.6166068315505981 6.254889011383057 1.4304382801055908 18.004518508911133 -5.089494228363037 0.1110
Car 1 1 1 0.0 182.8169403076172 66.46363067626953 256.3712463378906 3.669855833053589 1.4776099920272827 1.5048555135726929 -14.691367149353027 1.5373921394348145 16.23491096496582 -4.593627452850342 0.1098
Car 1 1 1 525.4632568359375 154.95657348632812 617.4507446289062 189.2603759765625 3.9496400356292725 1.5277962684631348 1.6534432172775269 -1.55678391456604 0.39035671949386597 32.77872085571289 -2.892122745513916 0.1066
