Car 1 1 1 131.9093475341797 187.6091766357422 398.5025634765625 274.0133972167969 4.175746917724609 1.4464701414108276 1.6613686084747314 -6.299070835113525 1.7428182363510132 13.469690322875977 -3.2424001693725586 0.9462
Car 1 1 1 0.0 195.45436096191406 286.8863830566406 344.56927490234375 4.2969069480896 1.4463001489639282 1.6896307468414307 -6.225919246673584 1.7279243469238281 8.131295204162598 -3.1530604362487793 0.9307
Car 1 1 1 10.873417854309082 187.16610717773438 129.02899169921875 228.8482666015625 4.023258209228516 1.3971915245056152 1.6341816186904907 -20.5600528717041 1.9855268001556396 27.632474899291992 -4.753165245056152 0.7301
Car 1 1 1 170.81260681152344 185.8505096435547 343.2288513183594 239.62710571289062 4.261175632476807 1.431909441947937 1.579752802848816 -10.11732006072998 1.8230093717575073 20.71599769592285 -6.1758131980896 0.7163
Car 1 1 1 989.6782836914062 158.44210815429688 1160.7200927734375 250.8075714111328 2.5422401428222656 1.5211728811264038 1.4073834419250488 8.30228042602539 1.283522367477417 13.187904357910156 -7.904222011566162 0.5827
Pedestrian 1 1 1 395.739990234375 172.9114532470703 419.7881164550781 228.06459045410156 1.1295899152755737 1.8374593257904053 0.6659353971481323 -6.973553657531738 1.8391766548156738 24.68868064880371 -8.242918968200684 0.5634
Car 1 1 1 1115.9798583984375 145.90757751464844 1241.0 257.8847351074219 4.192115783691406 1.530370831489563 1.585130214691162 10.822657585144043 1.1617990732192993 12.03853988647461 -4.835308074951172 0.5440
Car 1 1 1 1074.51123046875 172.9978790283203 1241.0 374.0 3.926305055618286 1.6239670515060425 1.6282751560211182 5.117682933807373 1.624700903892517 4.235585689544678 -6.352645397186279 0.4580
Pedestrian 1 1 1 560.1361083984375 160.71450805664062 574.6458129882812 205.2875518798828 0.38392192125320435 1.7943114042282104 0.5714778304100037 -1.7691960334777832 1.3053300380706787 29.242534637451172 -7.870484828948975 0.2581
Pedestrian 1 1 1 66.07352447509766 248.75070190429688 166.42564392089844 374.0 0.6327033638954163 1.0873278379440308 0.35516127943992615 -4.003243446350098 1.73081636428833 5.795642375946045 -4.662886619567871 0.2282
Car 1 1 1 357.69635009765625 186.38218688964844 441.3619079589844 223.89678955078125 4.047276496887207 1.459526777267456 1.5998533964157104 -9.22061824798584 2.096161127090454 31.803436279296875 -4.421772480010986 0.2255
Car 1 1 1 170.704345703125 174.72816467285156 218.3013458251953 203.00100708007812 3.5467605590820312 1.5612202882766724 1.6739740371704102 -24.18289566040039 1.6751705408096313 42.04304885864258 -5.015563011169434 0.1852
Pedestrian 1 1 1 402.4352111816406 204.5679473876953 430.9250793457031 265.6717224121094 0.4662885367870331 1.346395492553711 0.49407193064689636 -4.447617053985596 2.0791008472442627 16.420785903930664 -4.6146697998046875 0.1754
Cyclist 1 1 1 18.46077537536621 185.346923828125 52.2656364440918 221.05763244628906 1.5498396158218384 1.6376632452011108 0.5397396087646484 -27.46190071105957 2.247821807861328 34.45428466796875 -4.841403007507324 0.1670
Cyclist 1 1 1 296.1216125488281 154.4092559814453 355.523681640625 230.0639190673828 1.5517988204956055 1.6565338373184204 0.5566893219947815 -6.564016342163086 1.2523678541183472 16.60951805114746 -4.549687385559082 0.1655
Pedestrian 1 1 1 986.338623046875 138.78163146972656 1009.0216064453125 194.8931884765625 0.5431032180786133 1.8998451232910156 0.6531951427459717 13.27883529663086 0.7459104061126709 24.81283950805664 -7.425204753875732 0.1598
Car 1 1 1 140.56597900390625 179.11508178710938 193.36976623535156 209.214599609375 3.6323819160461426 1.6618361473083496 1.7020050287246704 -26.14162826538086 2.048628807067871 42.63404083251953 -4.975955009460449 0.1531
Pedestrian 1 1 1 313.3043518066406 215.05410766601562 351.6641845703125 296.829833984375 0.5270735621452332 1.2059868574142456 0.42845532298088074 -4.360541343688965 1.8779594898223877 11.212982177734375 -4.801406383514404 0.1527
Car 1 1 1 369.96209716796875 186.7933349609375 434.2101135253906 213.04473876953125 3.8824543952941895 1.4834356307983398 1.632933497428894 -12.97079849243164 2.394981861114502 45.100887298583984 -4.231651782989502 0.1475
Pedestrian 1 1 1 577.2528076171875 159.47412109375 600.08251953125 215.17593383789062 0.7327262759208679 1.828014850616455 0.6766455173492432 -0.764678955078125 1.3886159658432007 24.092924118041992 -4.865202903747559 0.1198
Cyclist 1 1 1 1092.4185791015625 145.88856506347656 1186.8558349609375 243.48399353027344 1.6677461862564087 1.6593056917190552 0.41498517990112305 9.516839027404785 1.2005428075790405 13.111957550048828 -7.911742687225342 0.1052
