Car 1 1 1 457.435302734375 174.7951202392578 518.0360717773438 216.29287719726562 4.461741924285889 1.585115671157837 1.694082498550415 -4.905662536621094 1.1872318983078003 29.703100204467773 -7.837515354156494 0.9465
Car 1 1 1 572.9623413085938 176.3736572265625 618.2224731445312 214.9623565673828 3.5697455406188965 1.504669427871704 1.7174580097198486 -0.489290326833725 1.1600539684295654 29.839401245117188 -7.824492931365967 0.9277
Car 1 1 1 0.0 170.5321807861328 188.2723388671875 326.28411865234375 4.421713829040527 1.7433562278747559 1.7049912214279175 -8.264495849609375 1.5791585445404053 10.28847599029541 -7.8152546882629395 0.4486
Car 1 1 1 457.1400451660156 179.4898223876953 528.9351196289062 206.06707763671875 3.748690128326416 1.4684818983078003 1.6316379308700562 -6.480689525604248 1.152265191078186 40.63640213012695 -3.0868160724639893 0.4383
Car 1 1 1 155.12583923339844 193.639892578125 319.575927734375 264.364990234375 3.805948495864868 1.4203944206237793 1.5943676233291626 -8.546061515808105 1.6416740417480469 16.8887882232666 -7.742109775543213 0.3996
Car 1 1 1 617.6846923828125 178.3219451904297 645.0301513671875 199.3787384033203 3.726637840270996 1.6095149517059326 1.5864100456237793 1.8162105083465576 1.0827351808547974 56.89599609375 -4.8397321701049805 0.3136
Car 1 1 1 301.7688293457031 165.677734375 474.5545959472656 267.0586242675781 4.55866003036499 1.7323213815689087 1.6938238143920898 -4.264296054840088 1.3986283540725708 14.643692970275879 -4.599173069000244 0.2360
Car 1 1 1 150.84425354003906 166.03782653808594 388.92816162109375 312.8526306152344 3.5535521507263184 1.5920920372009277 1.6427894830703735 -4.271091461181641 1.3842803239822388 9.6072998046875 -7.898899555206299 0.1784
Car 1 1 1 539.6694946289062 176.2225341796875 566.1177978515625 193.1631317138672 3.984875202178955 1.4827653169631958 1.5562061071395874 -4.938927173614502 0.6957752704620361 65.0028305053711 -4.568769454956055 0.1768
Car 1 1 1 683.5121459960938 172.4204864501953 713.2959594726562 200.1582489013672 3.4911580085754395 1.489863634109497 1.4820746183395386 5.026706695556641 0.8027589917182922 40.40735626220703 -4.637979507446289 0.1569
Cyclist 1 1 1 142.44229125976562 171.30184936523438 200.598388671875 222.2269287109375 1.763013482093811 1.8875112533569336 0.7155970335006714 -16.42878532409668 1.3719593286514282 27.02547836303711 -3.114597797393799 0.1497
Car 1 1 1 4.5020751953125 174.5929718017578 135.8712921142578 220.06346130371094 3.8244469165802 1.3405108451843262 1.5744737386703491 -17.181875228881836 1.0275007486343384 23.155933380126953 -7.925225734710693 0.1171
