Car 1 1 1 204.06163024902344 198.74534606933594 471.4535827636719 374.0 4.079974174499512 1.5655978918075562 1.6712970733642578 -3.0274956226348877 1.9572958946228027 8.865774154663086 -4.68973970413208 0.9507
Car 1 1 1 532.9498291015625 194.80477905273438 572.1814575195312 228.61158752441406 3.6558916568756104 1.5623434782028198 1.7424068450927734 -2.978811740875244 2.7601728439331055 37.55280685424805 -4.709359645843506 0.7308
Cyclist 1 1 1 438.6873779296875 189.2306671142578 460.88226318359375 240.57313537597656 1.5806186199188232 1.6236391067504883 0.4243815243244171 -5.3908538818359375 2.188812494277954 24.119409561157227 -7.875695705413818 0.3219
Pedestrian 1 1 1 682.83203125 173.88955688476562 698.4437255859375 202.46730041503906 0.9262682199478149 1.6307072639465332 0.48935627937316895 4.62894868850708 1.6910347938537598 41.72634506225586 -4.058234691619873 0.2942
Cyclist 1 1 1 0.0 185.23548889160156 123.70880889892578 374.0 1.7759026288986206 1.780855655670166 0.6238055229187012 -5.645533084869385 1.9206684827804565 7.227889060974121 -8.100994110107422 0.2502
Cyclist 1 1 1 1030.4385986328125 157.33843994140625 1182.50634765625 316.47515869140625 1.7325083017349243 1.7126723527908325 0.6752859950065613 5.753024101257324 1.5453896522521973 8.435202598571777 -3.5743770599365234 0.1671
Cyclist 1 1 1 65.1313705444336 161.97564697265625 162.56703186035156 298.9356384277344 1.967211365699768 1.9144612550735474 0.5835731625556946 -7.572043418884277 1.7621010541915894 10.897819519042969 -5.658422470092773 0.1513
Car 1 1 1 505.3618469238281 187.18955993652344 581.3781127929688 216.00350952148438 4.1182403564453125 1.4936443567276 1.5717294216156006 -3.8214921951293945 2.3375244140625 40.790985107421875 -5.768038272857666 0.1502
Cyclist 1 1 1 281.5032043457031 145.58963012695312 341.43621826171875 253.8636016845703 1.7826435565948486 1.893784999847412 0.4500563442707062 -5.610196590423584 1.4166127443313599 13.51964282989502 -4.751622676849365 0.1397
Car 1 1 1 597.591552734375 188.73692321777344 634.9243774414062 209.86856079101562 4.017453193664551 1.5815870761871338 1.7026017904281616 0.4494796097278595 2.938206672668457 59.462135314941406 -5.084775447845459 0.1359
Cyclist 1 1 1 684.6249389648438 168.74803161621094 696.6256713867188 199.7771453857422 1.6420354843139648 1.6677104234695435 0.5435709357261658 4.381415843963623 1.4467284679412842 39.612247467041016 -4.66902494430542 0.1212
Car 1 1 1 627.356689453125 179.0972137451172 704.421142578125 210.33023071289062 3.476135492324829 1.4426071643829346 1.5578964948654175 2.7096076011657715 1.7617710828781128 35.42324447631836 -3.62514591217041 0.1180
Pedestrian 1 1 1 795.0004272460938 161.96047973632812 834.6807250976562 240.81060791015625 0.7412497401237488 1.800750970840454 0.6970771551132202 4.725151062011719 1.5516690015792847 16.861385345458984 -4.749090194702148 0.1158
Pedestrian 1 1 1 929.6881103515625 149.39259338378906 1030.4122314453125 302.53765869140625 0.9106962084770203 1.7931994199752808 0.6019139885902405 4.432435035705566 1.518186330795288 8.788605690002441 -3.2300567626953125 0.1002
