Pedestrian 1 1 1 770.3303833007812 158.03790283203125 810.2444458007812 239.00332641601562 0.925967812538147 1.8543949127197266 0.6345266103744507 4.40449333190918 1.3175787925720215 16.940996170043945 -7.9401726722717285 0.8427
Pedestrian 1 1 1 588.0689086914062 173.60470581054688 613.2136840820312 231.64093017578125 0.8007115721702576 1.67465078830719 0.5944551229476929 -0.06035801023244858 1.4473063945770264 21.178997039794922 -8.053138732910156 0.8397
Pedestrian 1 1 1 844.3281860351562 158.5128173828125 890.9793701171875 248.95310974121094 0.5557579398155212 1.681837797164917 0.6801662445068359 5.0454864501953125 1.254967212677002 13.75104808807373 -3.3630216121673584 0.6549
Pedestrian 1 1 1 562.5284423828125 169.1670684814453 574.7489013671875 204.0795135498047 0.6020752191543579 1.7529377937316895 0.7041105031967163 -1.6689050197601318 1.133922815322876 36.425209045410156 -6.3029656410217285 0.6355
Pedestrian 1 1 1 691.110595703125 160.3792266845703 712.2601928710938 206.57769775390625 0.7432544827461243 1.7820014953613281 0.6997146010398865 3.8941783905029297 0.9676730632781982 28.09207534790039 -7.889817714691162 0.6242
Pedestrian 1 1 1 604.0067749023438 174.26657104492188 624.3607788085938 211.1235809326172 0.8937616348266602 1.6397536993026733 0.410146027803421 0.5587427020072937 1.318226933479309 32.19258117675781 -6.217081546783447 0.5917
Pedestrian 1 1 1 475.6385192871094 183.99392700195312 520.8876342773438 289.2099914550781 0.7378589510917664 1.5648880004882812 0.6701192855834961 -1.6306037902832031 1.6054936647415161 11.108217239379883 -7.970007419586182 0.5777
Pedestrian 1 1 1 496.3337097167969 169.60910034179688 534.7193603515625 251.2078094482422 0.5920041799545288 1.7230403423309326 0.7093682289123535 -1.9119069576263428 1.4725228548049927 15.624491691589355 -3.6776018142700195 0.5555
Pedestrian 1 1 1 569.705322265625 172.39463806152344 591.39892578125 217.00772094726562 0.7115719318389893 1.5760689973831177 0.5805197358131409 -0.7706695795059204 1.2547962665557861 25.802770614624023 -4.411710739135742 0.5283
Pedestrian 1 1 1 628.8264770507812 173.34396362304688 648.7076416015625 211.41921997070312 0.8564506769180298 1.6907374858856201 0.4510745704174042 1.6594977378845215 1.3288542032241821 32.17778396606445 -3.0094027519226074 0.4727
Pedestrian 1 1 1 2.6973249912261963 149.9500732421875 129.782470703125 349.0866394042969 0.8156046867370605 1.8162627220153809 0.6884156465530396 -5.278628826141357 1.529222846031189 7.032931327819824 -5.860405445098877 0.4265
Cyclist 1 1 1 584.6309814453125 170.08837890625 597.2225341796875 204.19908142089844 1.8256521224975586 1.7197729349136353 0.5501571297645569 -0.5590822100639343 1.1446418762207031 37.146183013916016 -4.781332492828369 0.3952
Pedestrian 1 1 1 619.092041015625 166.93197631835938 632.80126953125 198.58901977539062 0.8496989607810974 1.728225588798523 0.6498416066169739 1.34572172164917 0.9330878257751465 39.66983413696289 -7.95119047164917 0.3823
Pedestrian 1 1 1 662.3193359375 169.3580780029297 676.44384765625 198.92918395996094 0.7424384355545044 1.6708643436431885 0.6333804130554199 3.8637235164642334 0.9849445819854736 40.90566635131836 -6.285057067871094 0.3810
Pedestrian 1 1 1 676.2476806640625 167.3445587158203 697.890625 202.30979919433594 0.834838330745697 1.7153737545013428 0.6877662539482117 4.246532440185547 1.0211458206176758 35.72368240356445 -3.5549540519714355 0.3542
Cyclist 1 1 1 747.831298828125 163.17628479003906 768.6668701171875 205.26719665527344 1.6465932130813599 1.6831547021865845 0.4299691617488861 6.421618938446045 0.9507564306259155 29.556894302368164 -7.896652698516846 0.3480
Pedestrian 1 1 1 397.52691650390625 175.0250244140625 426.0593566894531 274.1120910644531 0.44726577401161194 1.636330008506775 0.439037948846817 -3.2517449855804443 1.5300289392471313 12.138617515563965 -6.58441162109375 0.3415
Pedestrian 1 1 1 765.444580078125 149.0634765625 799.773193359375 214.28721618652344 0.9477168917655945 1.8849362134933472 0.7340987324714661 5.318536758422852 0.9480116367340088 21.253246307373047 -4.768496036529541 0.3220
Pedestrian 1 1 1 558.6216430664062 169.57479858398438 570.4076538085938 198.42474365234375 0.6212553381919861 1.7670438289642334 0.6899203062057495 -2.2816295623779297 1.0367119312286377 44.401512145996094 -6.500621318817139 0.3027
Pedestrian 1 1 1 617.1642456054688 173.49176025390625 632.4182739257812 210.30050659179688 0.9485015273094177 1.6737192869186401 0.594153106212616 1.0598063468933105 1.3098526000976562 33.16132354736328 -4.798837661743164 0.2947
Pedestrian 1 1 1 520.4260864257812 188.16981506347656 542.8560180664062 235.97683715820312 0.5392178893089294 1.277830719947815 0.45717504620552063 -1.9435269832611084 1.4638055562973022 19.63597297668457 -5.146441459655762 0.2895
Cyclist 1 1 1 445.0869140625 165.2114715576172 489.22467041015625 218.48876953125 1.8292516469955444 1.7278165817260742 0.48366227746009827 -4.5330915451049805 1.200001835823059 24.226150512695312 -7.411473751068115 0.2876
Pedestrian 1 1 1 230.86058044433594 186.9816131591797 303.5080261230469 305.5721130371094 0.828150749206543 1.6692118644714355 0.645903468132019 -5.0039825439453125 1.7549997568130493 10.657674789428711 -5.6814422607421875 0.2783
Cyclist 1 1 1 753.677978515625 164.10516357421875 806.0325927734375 286.8736572265625 1.8904489278793335 1.7669672966003418 0.5663118362426758 2.795116901397705 1.5172618627548218 11.32229995727539 -4.340893745422363 0.2606
Pedestrian 1 1 1 761.6181030273438 174.19654846191406 780.4734497070312 223.86851501464844 0.7206974625587463 1.6005982160568237 0.5337401628494263 5.5421037673950195 1.3656915426254272 23.574806213378906 -7.5221991539001465 0.2540
Pedestrian 1 1 1 545.5399169921875 170.15042114257812 561.524169921875 207.79039001464844 0.5039987564086914 1.6918643712997437 0.7006049156188965 -2.182121515274048 1.1819965839385986 32.547080993652344 -7.8738532066345215 0.2529
Pedestrian 1 1 1 575.6010131835938 176.1977081298828 593.7808837890625 219.94020080566406 0.7122254371643066 1.7464319467544556 0.6209801435470581 -0.7013183832168579 1.535077691078186 29.089914321899414 -4.910154342651367 0.2426
Cyclist 1 1 1 171.9010009765625 148.57777404785156 225.12176513671875 279.332763671875 1.7507330179214478 1.8064864873886108 0.4535622298717499 -6.083621025085449 1.3522989749908447 10.822905540466309 -8.220245361328125 0.2394
Car 1 1 1 629.2152709960938 174.8413543701172 662.7733154296875 207.0569305419922 3.9634299278259277 1.5605820417404175 1.6239012479782104 2.228010654449463 1.2382621765136719 36.8100700378418 -7.813975811004639 0.1800
Pedestrian 1 1 1 463.59771728515625 187.96923828125 488.5851745605469 244.95941162109375 0.476849764585495 1.4869567155838013 0.6010282039642334 -3.3545615673065186 1.6613433361053467 19.054012298583984 -4.765461444854736 0.1727
Car 1 1 1 829.3873901367188 124.73963928222656 1237.0 373.0 3.483341932296753 1.6181303262710571 1.5365127325057983 2.456380844116211 1.5028364658355713 3.2815120220184326 -7.95835542678833 0.1667
Cyclist 1 1 1 795.7735595703125 175.0620880126953 846.1536254882812 237.95594787597656 1.561180591583252 1.6837633848190308 0.5316582918167114 6.07343864440918 1.5119125843048096 20.05552101135254 -5.039491653442383 0.1525
Car 1 1 1 0.0 182.76010131835938 79.6697006225586 233.15570068359375 3.9992759227752686 1.4516509771347046 1.6410356760025024 -19.041767120361328 1.4958080053329468 22.868013381958008 -4.609060764312744 0.1508
Cyclist 1 1 1 888.8637084960938 132.6942596435547 988.2405395507812 242.08274841308594 1.7445192337036133 1.7625477313995361 0.5642221570014954 5.764910697937012 0.9767855405807495 12.490177154541016 -4.980670928955078 0.1362
Pedestrian 1 1 1 707.707275390625 162.60305786132812 722.0559692382812 198.748291015625 0.7806112170219421 1.8055566549301147 0.6287936568260193 5.717453956604004 0.8618195056915283 36.28569793701172 -4.671548843383789 0.1280
Pedestrian 1 1 1 586.8950805664062 165.2681427001953 605.8131103515625 203.7165985107422 0.6048343181610107 1.7812703847885132 0.6503494381904602 -0.2513052821159363 1.0295310020446777 33.722862243652344 -8.616028785705566 0.1262
Cyclist 1 1 1 325.1000671386719 189.76641845703125 417.858154296875 273.8486328125 1.6692241430282593 1.628615379333496 0.5693476796150208 -4.5984649658203125 1.7975057363510132 14.301573753356934 -6.331010818481445 0.1119
Pedestrian 1 1 1 525.1989135742188 162.3174285888672 540.2964477539062 202.0263671875 0.6546050310134888 1.7957674264907837 0.672943651676178 -3.1582119464874268 0.9285456538200378 32.849552154541016 -7.970164775848389 0.1040
Car 1 1 1 572.5391235351562 160.42567443847656 600.3840942382812 182.9585723876953 4.623863697052002 2.0603857040405273 1.7541258335113525 -1.4229449033737183 0.13308176398277283 68.13151550292969 -8.074017524719238 0.1037
Cyclist 1 1 1 683.472900390625 178.79006958007812 727.3495483398438 240.9480743408203 1.7332693338394165 1.664730191230774 0.5116627216339111 2.859985589981079 1.5926539897918701 20.142047882080078 -5.019247531890869 0.1019
Car 1 1 1 921.7214965820312 168.64620971679688 1191.5794677734375 289.0312194824219 3.8320353031158447 1.604529857635498 1.5452102422714233 6.959610462188721 1.4338762760162354 11.582125663757324 -4.85817289352417 0.1016
Car 1 1 1 651.593017578125 181.971923828125 689.5741577148438 218.1565399169922 3.3290531635284424 1.457377552986145 1.4698365926742554 2.890720844268799 1.478927493095398 30.676515579223633 -4.658811569213867 0.1010
