Car 1 1 1 544.330322265625 171.0408935546875 583.8060913085938 201.41018676757812 3.900057792663574 1.5126844644546509 1.601415991783142 -1.9206066131591797 0.9919401407241821 37.783973693847656 -7.7798848152160645 0.8657
Car 1 1 1 612.3341064453125 171.30618286132812 638.9669189453125 194.70664978027344 4.159810543060303 1.5143144130706787 1.6364576816558838 1.6851929426193237 0.8546804189682007 48.6211051940918 -7.7788166999816895 0.7418
Car 1 1 1 588.7737426757812 168.50775146484375 609.1201171875 187.7088165283203 3.698237419128418 1.551694631576538 1.6034786701202393 -0.15633565187454224 0.501594603061676 59.91816329956055 -7.830519199371338 0.4449
Car 1 1 1 565.693603515625 173.37750244140625 592.473876953125 195.4942169189453 3.8933353424072266 1.451760172843933 1.5955930948257446 -1.4831093549728394 0.9186196327209473 49.12298583984375 -7.822478771209717 0.4078
Cyclist 1 1 1 891.4534301757812 157.9409637451172 919.7025756835938 213.57093811035156 1.6790863275527954 1.6378016471862793 0.4151447117328644 9.272494316101074 0.9446693658828735 22.010765075683594 -7.6885199546813965 0.2896
Car 1 1 1 521.5055541992188 175.995361328125 559.7055053710938 199.72216796875 4.181747913360596 1.5527423620224 1.6313923597335815 -4.105856895446777 1.1925336122512817 49.20606994628906 -4.547496318817139 0.2341
Car 1 1 1 247.90484619140625 172.80003356933594 366.828125 221.09654235839844 3.5626204013824463 1.4378137588500977 1.5916794538497925 -9.420618057250977 1.1792761087417603 22.917530059814453 -2.6584420204162598 0.1865
Pedestrian 1 1 1 988.339111328125 142.31410217285156 1007.5033569335938 189.42843627929688 0.6115754842758179 1.9895018339157104 0.6844054460525513 16.953655242919922 0.3351079821586609 30.757190704345703 -7.405208110809326 0.1865
Cyclist 1 1 1 316.3382263183594 175.7914581298828 329.5906982421875 202.3520050048828 1.5594720840454102 1.6504456996917725 0.30876225233078003 -17.597328186035156 1.2957919836044312 45.423095703125 -7.903923511505127 0.1674
Pedestrian 1 1 1 1001.3815307617188 146.2261505126953 1040.0897216796875 230.3470916748047 0.5434977412223816 1.8035756349563599 0.6070983409881592 9.13978099822998 1.0478618144989014 15.740574836730957 -4.458500862121582 0.1563
Car 1 1 1 456.119140625 173.4665069580078 498.60369873046875 196.70452880859375 3.7370524406433105 1.483105182647705 1.5890394449234009 -8.295031547546387 0.9704383611679077 47.86094284057617 -8.378976821899414 0.1510
Pedestrian 1 1 1 952.7664794921875 148.20265197753906 974.2196655273438 193.9601287841797 0.7503100037574768 1.7974249124526978 0.5985792875289917 14.41312313079834 0.4898022711277008 28.649059295654297 -7.632508754730225 0.1496
Car 1 1 1 528.4345703125 173.62741088867188 555.9811401367188 194.2936248779297 4.085727691650391 1.5936533212661743 1.6691147089004517 -4.679037094116211 0.9864531755447388 57.47742462158203 -7.801599979400635 0.1489
Car 1 1 1 663.18310546875 171.22825622558594 687.7664184570312 187.9044189453125 3.659456968307495 1.5151549577713013 1.5814861059188843 6.928783893585205 0.5816080570220947 67.16485595703125 -4.811031341552734 0.1162
Car 1 1 1 670.5411987304688 171.3636932373047 783.3948364257812 212.586181640625 3.8766233921051025 1.4891102313995361 1.590364694595337 4.6626081466674805 1.123336672782898 27.03043556213379 -6.436295032501221 0.1130
