Car 1 1 1 444.3334045410156 182.8634796142578 529.2640991210938 244.57948303222656 3.8877410888671875 1.4458520412445068 1.6072635650634766 -3.263310432434082 1.7429059743881226 19.485519409179688 -4.705488681793213 0.9259
Car 1 1 1 501.24359130859375 179.62686157226562 560.0978393554688 221.40174865722656 3.763136148452759 1.4935551881790161 1.5391603708267212 -3.092149257659912 1.7779794931411743 28.381149291992188 -4.607873439788818 0.8546
Pedestrian 1 1 1 320.720947265625 159.9087677001953 353.27581787109375 222.47669982910156 1.1917842626571655 1.8743746280670166 0.801956057548523 -8.46678638458252 1.4862691164016724 22.289396286010742 -4.951797008514404 0.6187
Car 1 1 1 688.5109252929688 178.98687744140625 768.8576049804688 207.82212829589844 4.288212776184082 1.5612456798553467 1.706004023551941 6.562811851501465 1.913097620010376 40.45612716674805 -3.084104537963867 0.5799
Pedestrian 1 1 1 144.9140167236328 182.74684143066406 177.4101104736328 240.83734130859375 0.8144931197166443 1.7844312191009521 0.7381791472434998 -14.286763191223145 2.1053364276885986 22.88762664794922 -3.7845664024353027 0.2618
Pedestrian 1 1 1 1193.692626953125 147.25128173828125 1219.1258544921875 205.18194580078125 0.4734509587287903 1.9278333187103271 0.6257578730583191 20.102102279663086 1.0755188465118408 24.38473892211914 -7.244569301605225 0.2164
Car 1 1 1 372.54437255859375 178.98130798339844 422.830810546875 202.454345703125 3.759161949157715 1.5147923231124878 1.5849308967590332 -14.582597732543945 1.953207015991211 49.64041519165039 -7.588160037994385 0.1998
Cyclist 1 1 1 912.3545532226562 185.42807006835938 958.7054443359375 230.2458038330078 1.6920480728149414 1.7437530755996704 0.6955611705780029 13.051786422729492 2.2600526809692383 29.03074836730957 -6.628006458282471 0.1948
Pedestrian 1 1 1 224.56541442871094 157.07203674316406 263.89019775390625 222.6411895751953 0.8555517196655273 1.829754114151001 0.6562799215316772 -10.473128318786621 1.3890470266342163 20.583669662475586 -4.645866870880127 0.1711
Pedestrian 1 1 1 889.8082885742188 151.60084533691406 958.5438232421875 292.3636779785156 0.8417277336120605 1.7937545776367188 0.6015928983688354 4.119462013244629 1.5226234197616577 9.638593673706055 -4.63083553314209 0.1695
Pedestrian 1 1 1 903.5950927734375 174.53150939941406 941.07861328125 241.13858032226562 0.755397379398346 1.5966687202453613 0.5826242566108704 7.600356101989746 1.6384079456329346 17.698760986328125 -4.731331825256348 0.1643
Pedestrian 1 1 1 719.4927978515625 161.1874542236328 741.9633178710938 197.56210327148438 0.9125224947929382 1.792354702949524 0.6276372075080872 5.984222888946533 1.2171878814697266 36.01618576049805 -3.527714252471924 0.1573
Car 1 1 1 442.53887939453125 184.17044067382812 481.0564880371094 222.16409301757812 3.744701623916626 1.5031875371932983 1.5620877742767334 -6.605926513671875 2.032054901123047 31.739276885986328 -4.940644264221191 0.1540
Car 1 1 1 128.0001220703125 186.2672882080078 234.8643798828125 225.61082458496094 3.8869895935058594 1.5383282899856567 1.7187931537628174 -18.56888198852539 2.1521406173706055 31.236513137817383 -3.734152317047119 0.1489
Pedestrian 1 1 1 392.9211730957031 165.79954528808594 417.9298095703125 212.42840576171875 0.9421479105949402 1.860910177230835 0.6746339797973633 -8.344087600708008 1.5790743827819824 29.300025939941406 -4.606142044067383 0.1249
Car 1 1 1 765.8175048828125 189.92767333984375 802.4400634765625 219.44937133789062 3.761528730392456 1.4709222316741943 1.7344028949737549 9.628594398498535 2.4707112312316895 40.26405334472656 -4.543108940124512 0.1243
Car 1 1 1 1206.043701171875 169.29737854003906 1241.0 231.77627563476562 3.893648147583008 1.5265156030654907 1.5832586288452148 18.515737533569336 1.439318299293518 19.58311653137207 -4.703029155731201 0.1210
Pedestrian 1 1 1 189.7764892578125 155.20913696289062 211.58229064941406 204.95603942871094 0.5720428824424744 1.8869071006774902 0.6756691336631775 -15.790465354919434 1.2173352241516113 27.76584243774414 -8.2682466506958 0.1203
Pedestrian 1 1 1 253.9560546875 186.0712432861328 299.7479248046875 284.88348388671875 0.5029906630516052 1.577681541442871 0.47751763463020325 -5.543181419372559 1.8008441925048828 11.899706840515137 -4.482701301574707 0.1171
Car 1 1 1 514.047607421875 174.15542602539062 538.0699462890625 190.782470703125 3.603685140609741 1.5073355436325073 1.5530369281768799 -7.852148532867432 1.6322517395019531 67.56307220458984 -4.6287007331848145 0.1167
Pedestrian 1 1 1 1085.396484375 138.75767517089844 1148.569580078125 257.5330810546875 0.6100098490715027 1.7245959043502808 0.6769462823867798 7.580506801605225 1.2292239665985107 10.893558502197266 -2.823025941848755 0.1154
Pedestrian 1 1 1 377.8706359863281 203.48797607421875 397.54095458984375 244.65061950683594 0.42676612734794617 1.1761473417282104 0.4001931846141815 -6.587876796722412 2.0877411365509033 21.23129653930664 -4.524439334869385 0.1124
Pedestrian 1 1 1 305.304931640625 174.070068359375 335.404541015625 227.81320190429688 0.7960522174835205 1.7172621488571167 0.6395323276519775 -9.467188835144043 1.7572352886199951 23.484643936157227 -4.6718597412109375 0.1026
Pedestrian 1 1 1 9.397671699523926 153.682373046875 58.973819732666016 239.06016540527344 0.7440442442893982 1.7721235752105713 0.6558558344841003 -12.39842414855957 1.3738924264907837 15.472124099731445 -7.101653099060059 0.1023
