Car 1 1 1 646.6434936523438 175.64828491210938 690.087158203125 212.98387145996094 3.4848053455352783 1.540865421295166 1.5963116884231567 2.4765968322753906 1.6704597473144531 31.790740966796875 -7.8640828132629395 0.9397
Car 1 1 1 694.0596923828125 186.3263702392578 853.4825439453125 297.04241943359375 4.160742282867432 1.4642105102539062 1.6349471807479858 2.477154493331909 1.7301386594772339 12.156116485595703 -4.740106105804443 0.9392
Car 1 1 1 423.0709228515625 180.7294158935547 536.611083984375 261.7569274902344 4.496476173400879 1.5347727537155151 1.746479868888855 -2.8262462615966797 1.7375869750976562 16.356914520263672 -4.707829475402832 0.8952
Car 1 1 1 524.7362670898438 179.3165283203125 566.607177734375 215.48912048339844 3.4836769104003906 1.4622498750686646 1.4880326986312866 -2.8046929836273193 1.7601267099380493 31.541969299316406 -4.702249526977539 0.8258
Car 1 1 1 684.32763671875 178.60948181152344 776.275146484375 250.95799255371094 3.616501808166504 1.5421050786972046 1.5268356800079346 2.7526588439941406 1.6959997415542603 17.50066375732422 -4.741867542266846 0.5565
Car 1 1 1 554.3124389648438 177.27500915527344 585.98486328125 198.4040069580078 3.9886982440948486 1.5547558069229126 1.5981661081314087 -3.084948778152466 1.9109227657318115 56.07563400268555 -4.539111614227295 0.2444
Pedestrian 1 1 1 198.80528259277344 203.38514709472656 235.15626525878906 307.56219482421875 0.6008116006851196 1.312281847000122 0.4155429005622864 -5.325361251831055 1.7363930940628052 9.66614818572998 -5.231165885925293 0.1955
Car 1 1 1 642.6658935546875 177.99925231933594 681.5887451171875 209.34072875976562 3.6492655277252197 1.4819514751434326 1.5944464206695557 2.553931474685669 1.7556443214416504 36.57373809814453 -7.88613748550415 0.1599
Cyclist 1 1 1 302.8515930175781 143.05386352539062 385.9283752441406 223.77029418945312 1.7088741064071655 1.8139933347702026 0.5099858641624451 -6.10291862487793 1.1439752578735352 16.478303909301758 -3.1506402492523193 0.1254
Car 1 1 1 615.7094116210938 173.96170043945312 639.171875 191.89898681640625 3.8960752487182617 1.5318375825881958 1.5599764585494995 1.4911681413650513 1.6327298879623413 63.89204406738281 -4.82447624206543 0.1079
Pedestrian 1 1 1 1004.6231689453125 117.25821685791016 1108.7288818359375 283.36981201171875 0.9358076453208923 1.9227334260940552 0.5895901322364807 5.349790573120117 1.2789151668548584 8.753334999084473 -3.392068862915039 0.1036
