Cyclist 1 1 1 633.0892333984375 172.837646484375 645.6790161132812 200.58103942871094 1.8234145641326904 1.7706085443496704 0.6889294385910034 1.8715295791625977 1.769264817237854 46.971168518066406 -4.743394374847412 0.7460
Car 1 1 1 577.216552734375 181.7789306640625 603.7849731445312 206.84408569335938 3.82059645652771 1.5096157789230347 1.6517986059188843 -1.3213732242584229 2.111962080001831 46.77996063232422 -7.893032550811768 0.6560
Cyclist 1 1 1 857.2893676757812 133.41700744628906 904.7050170898438 189.0658416748047 1.5088502168655396 1.7602325677871704 0.5344451069831848 8.804641723632812 0.5124979615211487 23.619619369506836 -5.149623394012451 0.2515
Pedestrian 1 1 1 965.1951293945312 167.35130310058594 973.705322265625 198.2543182373047 0.20116086304187775 1.7534211874008179 0.41868242621421814 20.471418380737305 1.440901279449463 41.16936492919922 -3.4405627250671387 0.2289
Pedestrian 1 1 1 888.7203369140625 150.91358947753906 932.6849975585938 241.26197814941406 1.0333565473556519 1.90329110622406 0.7848297953605652 6.516753673553467 1.4407916069030762 15.80739974975586 -4.422060489654541 0.2180
Pedestrian 1 1 1 1201.451416015625 139.85302734375 1241.0 231.88478088378906 0.7845198512077332 1.8108209371566772 0.5967816114425659 12.506839752197266 1.1611922979354858 14.549725532531738 -2.994328737258911 0.2134
Car 1 1 1 913.5831298828125 170.94862365722656 935.4251098632812 187.15293884277344 3.9009063243865967 1.3715654611587524 1.558987021446228 27.480260848999023 1.2099895477294922 63.17244338989258 -4.3509907722473145 0.2131
Car 1 1 1 377.9349060058594 181.13401794433594 449.748779296875 224.90330505371094 3.8540709018707275 1.454494595527649 1.5589758157730103 -7.19519567489624 1.782235026359558 26.648319244384766 -4.698358535766602 0.2114
Car 1 1 1 391.8766174316406 190.65780639648438 431.0516662597656 212.29541015625 4.023375034332275 1.6012850999832153 1.7473859786987305 -16.18868064880371 3.106602430343628 58.92790222167969 -4.609945774078369 0.2001
Car 1 1 1 331.6307373046875 195.8289794921875 380.8176574707031 223.46224975585938 3.9793951511383057 1.4557913541793823 1.8581669330596924 -15.264731407165527 2.906191349029541 43.49928283691406 -4.7962236404418945 0.1973
Pedestrian 1 1 1 1012.9588012695312 147.95811462402344 1033.8382568359375 191.8230438232422 0.8305950164794922 1.9473117589950562 0.6846451163291931 18.5931396484375 0.841799795627594 32.538734436035156 -7.505346775054932 0.1951
Car 1 1 1 142.94503784179688 183.8459014892578 346.22821044921875 277.71624755859375 4.559967994689941 1.4867531061172485 1.716713547706604 -6.946047782897949 1.7382266521453857 14.244775772094727 -4.715093612670898 0.1943
Car 1 1 1 931.1898803710938 173.2158660888672 995.0819702148438 193.33279418945312 4.350255012512207 1.5507333278656006 1.7083828449249268 28.171321868896484 1.5803468227386475 57.67014694213867 -2.5060911178588867 0.1862
Pedestrian 1 1 1 978.9811401367188 152.29165649414062 1037.298583984375 262.013671875 0.6358597278594971 1.7739644050598145 0.7039466500282288 6.5806684494018555 1.4412163496017456 12.053705215454102 -6.1612749099731445 0.1795
Car 1 1 1 477.0790100097656 182.1669921875 512.2861328125 205.40513610839844 3.6965837478637695 1.4838846921920776 1.5808249711990356 -7.899399757385254 2.1470131874084473 49.49906539916992 -4.639252185821533 0.1770
Car 1 1 1 284.0160827636719 191.34625244140625 322.6307373046875 209.13204956054688 4.155664443969727 1.5071003437042236 1.752341628074646 -28.705976486206055 3.2937004566192627 67.61835479736328 -4.681817531585693 0.1731
Cyclist 1 1 1 790.316162109375 134.92147827148438 838.1736450195312 194.72129821777344 1.6051392555236816 1.8111121654510498 0.528228223323822 6.354587078094482 0.6619786620140076 22.69181251525879 -5.1472015380859375 0.1522
Car 1 1 1 482.91796875 186.3961944580078 511.60479736328125 215.5320281982422 3.663311243057251 1.5536774396896362 1.508707046508789 -6.584863185882568 2.380290985107422 42.153053283691406 -4.826235294342041 0.1516
Pedestrian 1 1 1 1050.1646728515625 149.45574951171875 1102.0577392578125 226.03021240234375 0.928014874458313 1.7887914180755615 0.6702303290367126 11.128853797912598 1.241904616355896 17.33390235900879 -7.808800220489502 0.1499
Pedestrian 1 1 1 1106.50244140625 197.0458221435547 1158.1219482421875 295.2093200683594 0.4948906898498535 1.245887041091919 0.46855977177619934 6.909351348876953 1.579542636871338 9.638447761535645 -2.6621525287628174 0.1374
Pedestrian 1 1 1 733.7633666992188 164.6770782470703 752.9874267578125 206.8723602294922 0.5943536162376404 1.766762375831604 0.7104349136352539 5.593001842498779 1.424086093902588 30.51450538635254 -7.837658405303955 0.1357
Pedestrian 1 1 1 388.12213134765625 177.29429626464844 397.28094482421875 195.86544799804688 0.6107543110847473 1.7317849397659302 0.7864846587181091 -20.459972381591797 2.1516575813293457 67.87651062011719 -6.258796215057373 0.1259
Pedestrian 1 1 1 1126.7091064453125 136.25181579589844 1238.3111572265625 305.620361328125 0.765288233757019 1.814556360244751 0.615932047367096 6.320910453796387 1.4221131801605225 8.07169246673584 -6.192410469055176 0.1208
Car 1 1 1 423.1693115234375 186.3527069091797 479.4231262207031 212.84814453125 4.386760711669922 1.4655829668045044 1.7929280996322632 -9.769208908081055 2.3433072566986084 44.606876373291016 -4.517091274261475 0.1195
Car 1 1 1 527.5370483398438 185.05010986328125 563.4450073242188 209.725341796875 4.332074165344238 1.4974850416183472 1.7108087539672852 -4.2907514572143555 2.349656581878662 48.20988464355469 -4.638283729553223 0.1185
Pedestrian 1 1 1 713.2503051757812 207.95558166503906 758.0355834960938 311.62811279296875 0.7243592739105225 1.1975375413894653 0.3934354782104492 1.4925874471664429 1.6512397527694702 8.959647178649902 -4.768750190734863 0.1106
Car 1 1 1 492.7059326171875 182.93145751953125 535.0377197265625 207.84329223632812 4.054577350616455 1.5161361694335938 1.6495742797851562 -6.343964576721191 2.2130064964294434 47.77949905395508 -4.542838096618652 0.1079
Car 1 1 1 751.5798950195312 178.46121215820312 870.478515625 219.33775329589844 4.027122974395752 1.440528154373169 1.628106713294983 7.316826820373535 1.655866026878357 26.727989196777344 -6.17830228805542 0.1019
