Car 1 1 1 222.4256134033203 181.3951873779297 361.8677978515625 248.09521484375 4.146193027496338 1.496349573135376 1.6421078443527222 -7.847869396209717 1.4107975959777832 18.217491149902344 -7.831972599029541 0.9449
Car 1 1 1 556.3283081054688 178.68153381347656 610.1539916992188 227.38223266601562 3.7310867309570312 1.5695642232894897 1.735427737236023 -0.8805580139160156 1.3591336011886597 25.054039001464844 -7.878417491912842 0.9115
Car 1 1 1 378.8883361816406 182.4983367919922 440.074951171875 220.5164337158203 3.7017581462860107 1.5111966133117676 1.696419358253479 -8.359359741210938 1.4033408164978027 30.45526123046875 -7.891207218170166 0.9111
Car 1 1 1 0.0 197.4039764404297 359.6705017089844 375.0 3.967515707015991 1.4767215251922607 1.591282844543457 -3.2368507385253906 1.5967715978622437 5.065608978271484 -7.882421016693115 0.9053
Car 1 1 1 439.80499267578125 178.59622192382812 529.258056640625 243.9231414794922 4.359310150146484 1.628915786743164 1.766440987586975 -3.3581714630126953 1.4640175104141235 20.10601043701172 -7.856033802032471 0.8802
Car 1 1 1 341.676025390625 178.2324981689453 392.4453430175781 206.95887756347656 3.910632371902466 1.461557149887085 1.6822006702423096 -12.882250785827637 1.106419563293457 38.587989807128906 -4.788493633270264 0.7038
Car 1 1 1 495.1756591796875 181.77767944335938 536.8634033203125 214.3702850341797 3.7166287899017334 1.4294995069503784 1.5766913890838623 -4.2460808753967285 1.2788670063018799 33.410728454589844 -7.885135173797607 0.6768
Car 1 1 1 441.6639099121094 176.32643127441406 480.3266906738281 202.45826721191406 3.4875400066375732 1.508423924446106 1.6047124862670898 -8.81060791015625 0.9954605102539062 43.2416877746582 -7.850271701812744 0.5278
Car 1 1 1 406.2325134277344 177.98770141601562 450.2501525878906 207.91517639160156 3.5943286418914795 1.4591044187545776 1.5646755695343018 -9.18992805480957 1.1068634986877441 36.889244079589844 -7.915180683135986 0.3917
Car 1 1 1 202.41122436523438 179.4134063720703 345.6332702636719 223.59860229492188 4.084108352661133 1.432499885559082 1.6231554746627808 -11.206464767456055 1.2445446252822876 24.19953727722168 -3.100900650024414 0.3775
Car 1 1 1 0.0 189.66424560546875 127.38589477539062 270.29339599609375 3.9659135341644287 1.4612181186676025 1.5565613508224487 -12.348825454711914 1.5679854154586792 15.237351417541504 -4.703057765960693 0.3493
Car 1 1 1 524.0147094726562 177.55657958984375 555.2767944335938 202.8866729736328 3.6896297931671143 1.534959077835083 1.5385481119155884 -4.291836261749268 1.0709879398345947 45.42533874511719 -4.686755657196045 0.2392
Car 1 1 1 402.5989074707031 164.97299194335938 431.39532470703125 187.2254638671875 4.314924716949463 1.9400674104690552 1.7252914905548096 -17.1859073638916 0.17537733912467957 64.88392639160156 -7.921728610992432 0.1987
Car 1 1 1 273.8199462890625 184.47825622558594 361.1496276855469 218.30612182617188 3.9040513038635254 1.4310535192489624 1.566759467124939 -13.063323974609375 1.4000144004821777 32.505340576171875 -4.420576572418213 0.1645
Pedestrian 1 1 1 994.64990234375 170.76658630371094 1098.35302734375 359.05548095703125 0.734336256980896 1.6664648056030273 0.705160915851593 4.0752644538879395 1.5387390851974487 6.826603889465332 -5.899860858917236 0.1278
Cyclist 1 1 1 737.9542236328125 146.03782653808594 767.448974609375 199.0049591064453 1.7015786170959473 1.7762432098388672 0.5080005526542664 4.976574420928955 0.4625782370567322 24.98045539855957 -4.823836803436279 0.1156
Pedestrian 1 1 1 667.6218872070312 171.09536743164062 676.395751953125 192.994873046875 0.5748732686042786 1.7946388721466064 0.7150329351425171 5.2887067794799805 0.6376510262489319 59.33877182006836 -2.824188470840454 0.1133
Car 1 1 1 375.7871398925781 170.95254516601562 405.50921630859375 191.01022338867188 3.604978561401367 1.5703047513961792 1.5430010557174683 -17.535858154296875 0.45380812883377075 58.13072204589844 -7.923795223236084 0.1080
