Pedestrian 1 1 1 726.3726196289062 153.27529907226562 777.1264038085938 252.4947052001953 0.8699828386306763 1.9150446653366089 0.6500513553619385 2.7731568813323975 1.5368540287017822 14.442686080932617 -5.038606643676758 0.8836
Pedestrian 1 1 1 769.7179565429688 154.1372833251953 824.0501098632812 257.25201416015625 0.9723244905471802 1.9648818969726562 0.6256007552146912 3.6378273963928223 1.6079294681549072 14.305721282958984 -5.010575294494629 0.7605
Cyclist 1 1 1 879.3291015625 178.77906799316406 910.9490966796875 240.74673461914062 1.2840532064437866 1.3995062112808228 0.4980197250843048 6.716915607452393 1.5452381372451782 17.104368209838867 -4.174900531768799 0.7528
Pedestrian 1 1 1 343.2857971191406 169.11175537109375 412.4078674316406 316.4989318847656 0.7907353639602661 1.5971777439117432 0.6191734075546265 -2.6910922527313232 1.5563246011734009 8.250680923461914 -7.981993198394775 0.7415
Cyclist 1 1 1 908.9315185546875 170.91786193847656 961.0026245117188 234.92849731445312 1.713485836982727 1.5814610719680786 0.54598468542099 8.334778785705566 1.533326506614685 18.59087562561035 -3.8493199348449707 0.7101
Pedestrian 1 1 1 309.71405029296875 165.24900817871094 361.6943054199219 265.587890625 0.6327735185623169 1.7344458103179932 0.6344377994537354 -4.924275875091553 1.602687120437622 12.835411071777344 -6.125390529632568 0.4067
Pedestrian 1 1 1 796.3919067382812 167.6559600830078 812.0814208984375 203.9134521484375 0.9409947395324707 1.6784265041351318 0.542820394039154 9.076415061950684 1.4374995231628418 33.890281677246094 -4.639729976654053 0.3963
Cyclist 1 1 1 807.742431640625 178.52685546875 829.4087524414062 215.4609832763672 1.682701826095581 1.704733967781067 0.408565491437912 9.897172927856445 1.9818048477172852 34.42277145385742 -7.944427967071533 0.3730
Pedestrian 1 1 1 680.0361328125 167.92152404785156 699.209228515625 199.34791564941406 1.0004085302352905 1.8313252925872803 0.561410665512085 4.655001163482666 1.5435919761657715 42.5048942565918 -5.86872673034668 0.3301
Pedestrian 1 1 1 942.2704467773438 169.69656372070312 965.16064453125 221.443603515625 0.529041588306427 1.7923061847686768 0.5876324772834778 12.045923233032227 1.682645559310913 25.385652542114258 -3.938847064971924 0.2096
Pedestrian 1 1 1 1083.8123779296875 166.48692321777344 1102.94189453125 214.958740234375 0.28153055906295776 1.7486594915390015 0.507689356803894 17.583452224731445 1.5186622142791748 26.319120407104492 -3.5574660301208496 0.1843
Pedestrian 1 1 1 432.27294921875 191.16746520996094 458.913330078125 250.0765838623047 0.38954341411590576 1.3952596187591553 0.5026951432228088 -4.039961814880371 1.8461005687713623 17.513343811035156 -4.40717077255249 0.1841
Cyclist 1 1 1 860.6780395507812 178.1902618408203 885.4849853515625 222.33668518066406 1.7093223333358765 1.7047652006149292 0.5360490679740906 10.497154235839844 1.925088882446289 28.95331382751465 -4.607465744018555 0.1828
Car 1 1 1 1171.3121337890625 182.9645233154297 1241.0 279.7080993652344 3.77523136138916 1.5046305656433105 1.5854597091674805 12.718771934509277 1.7200675010681152 13.506457328796387 -7.856478214263916 0.1579
Car 1 1 1 0.0 178.90122985839844 172.8451690673828 374.0 4.1253790855407715 1.5671656131744385 1.6337417364120483 -5.83353853225708 1.634904146194458 6.025424957275391 -4.673690319061279 0.1486
Pedestrian 1 1 1 669.7080078125 175.69036865234375 684.5968017578125 213.33885192871094 0.9060449600219727 1.754526138305664 0.6201261281967163 3.132032632827759 1.890239953994751 34.147151947021484 -4.711939811706543 0.1438
Pedestrian 1 1 1 402.3513488769531 144.23631286621094 445.25506591796875 237.04762268066406 0.9987791180610657 1.87642502784729 0.8460483551025391 -3.965085506439209 1.2975434064865112 15.176300048828125 -4.962362289428711 0.1293
Pedestrian 1 1 1 823.8583374023438 162.7787322998047 841.4965209960938 203.42135620117188 0.8411070704460144 1.8175430297851562 0.6345508694648743 10.052119255065918 1.3666757345199585 32.7265739440918 -4.577785015106201 0.1208
Pedestrian 1 1 1 754.5035400390625 180.88694763183594 771.5323486328125 217.63473510742188 0.7436026334762573 1.6380319595336914 0.626776397228241 6.922933101654053 2.0084149837493896 32.83066177368164 -7.451240539550781 0.1120
Pedestrian 1 1 1 835.557373046875 178.70286560058594 862.4855346679688 228.8609619140625 0.6810449957847595 1.629176139831543 0.6079811453819275 7.900442600250244 1.8270008563995361 23.991241455078125 -5.6081013679504395 0.1050
