Car 1 1 1 533.5609130859375 180.0858612060547 577.4474487304688 217.3606719970703 3.4786972999572754 1.426625370979309 1.5212314128875732 -2.3708198070526123 1.7471717596054077 30.170696258544922 -8.019428253173828 0.9180
Car 1 1 1 433.7606506347656 177.52081298828125 467.11859130859375 205.5513916015625 3.624441385269165 1.5774462223052979 1.5618565082550049 -9.527563095092773 1.8682323694229126 43.11906814575195 -4.820493698120117 0.7829
Car 1 1 1 528.6367797851562 177.614501953125 560.510986328125 205.26358032226562 3.665788412094116 1.529865026473999 1.6018259525299072 -3.8406455516815186 1.8215223550796509 42.405357360839844 -7.870579242706299 0.2766
Cyclist 1 1 1 1173.4874267578125 187.7324676513672 1220.91796875 238.07809448242188 1.781633734703064 1.9283506870269775 0.6743606328964233 23.276103973388672 2.5321435928344727 28.655364990234375 -6.658653736114502 0.2705
Car 1 1 1 1187.0811767578125 185.1004638671875 1241.0 221.2964324951172 3.896259307861328 1.6546074151992798 1.6681632995605469 30.743362426757812 2.3102262020111084 36.530094146728516 -4.248136043548584 0.2658
Car 1 1 1 1207.4825439453125 175.3804168701172 1241.0 204.0056610107422 4.050232887268066 1.619486689567566 1.6714969873428345 37.34318542480469 1.778626561164856 43.36962890625 -4.170231342315674 0.2059
Pedestrian 1 1 1 724.9452514648438 148.1699676513672 753.6701049804688 220.9135284423828 1.0115512609481812 1.9323621988296509 0.7536472678184509 3.485804319381714 1.2763549089431763 19.732013702392578 -4.532391548156738 0.2053
Pedestrian 1 1 1 519.7661743164062 178.73484802246094 531.7677001953125 206.90402221679688 0.7514559626579285 1.7688281536102295 0.6343497633934021 -5.3793110847473145 2.144808292388916 45.81144332885742 -6.390157222747803 0.2047
Car 1 1 1 532.4147338867188 179.84817504882812 566.3175048828125 212.48617553710938 3.557652235031128 1.5249955654144287 1.617989420890808 -3.056793451309204 1.8945027589797974 36.32340621948242 -7.9179463386535645 0.1781
Pedestrian 1 1 1 636.501953125 155.88182067871094 652.4612426757812 197.5357666015625 0.9373712539672852 1.8777053356170654 0.6321122646331787 1.541451334953308 1.1123219728469849 33.038291931152344 -4.5555267333984375 0.1459
Pedestrian 1 1 1 334.5030212402344 169.19998168945312 358.4333190917969 219.0204315185547 0.6782121062278748 1.7715452909469604 0.5466738939285278 -9.573241233825684 1.6413135528564453 26.08411979675293 -2.444730043411255 0.1446
Pedestrian 1 1 1 583.4655151367188 163.0543975830078 601.6434936523438 205.865234375 0.6789762377738953 1.7739012241363525 0.6665093898773193 -0.7720352411270142 1.3675471544265747 30.277355194091797 -7.723884105682373 0.1189
Car 1 1 1 576.2739868164062 174.5795135498047 621.8504638671875 209.38760375976562 3.8947205543518066 1.460420846939087 1.6198066473007202 -0.47619864344596863 1.5426477193832397 32.49129104614258 -7.7545857429504395 0.1174
Pedestrian 1 1 1 829.9267578125 125.4798355102539 875.1549072265625 242.6959228515625 0.8433477282524109 1.9244743585586548 0.7100764513015747 4.081975936889648 1.1463770866394043 12.353294372558594 -4.41609525680542 0.1143
Pedestrian 1 1 1 847.2783203125 159.16204833984375 876.7586059570312 233.86148071289062 0.9134282469749451 1.7818630933761597 0.6576149463653564 6.156655788421631 1.454958438873291 17.7556209564209 -4.345777988433838 0.1112
Pedestrian 1 1 1 549.0849609375 162.86480712890625 563.7415771484375 191.53509521484375 0.8554410934448242 1.915144443511963 0.5113231539726257 -3.643507480621338 1.2475765943527222 48.61656188964844 -6.741896152496338 0.1046
