Car 1 1 1 0.0 193.7157745361328 85.82011413574219 228.70147705078125 3.580021381378174 1.4589107036590576 1.5402865409851074 -26.791358947753906 2.500472068786621 34.17194747924805 -4.8202128410339355 0.7781
Car 1 1 1 76.02618408203125 191.5420684814453 156.72645568847656 222.90322875976562 4.3961076736450195 1.5291777849197388 1.6951839923858643 -27.350893020629883 2.6258890628814697 40.107872009277344 -4.775669574737549 0.6927
Car 1 1 1 146.4280242919922 188.4685821533203 201.73931884765625 213.68145751953125 3.554497480392456 1.487067461013794 1.5164440870285034 -28.111787796020508 2.5339882373809814 46.58970642089844 -4.745821475982666 0.5415
Car 1 1 1 180.748291015625 187.44091796875 236.5930633544922 210.7537841796875 4.091023921966553 1.505204677581787 1.5698492527008057 -28.463356018066406 2.5831046104431152 51.25794982910156 -4.672804832458496 0.5143
Car 1 1 1 133.83224487304688 188.8931121826172 221.3973388671875 224.9132080078125 3.474605083465576 1.4535495042800903 1.5023845434188843 -19.474950790405273 2.2185049057006836 32.58919143676758 -4.548295974731445 0.4317
Pedestrian 1 1 1 996.1701049804688 156.96112060546875 1023.8977661132812 211.5415496826172 0.5654205679893494 1.755805253982544 0.6565462350845337 13.006223678588867 1.2442450523376465 23.557390213012695 -7.639310359954834 0.4286
Pedestrian 1 1 1 633.7190551757812 178.08290100097656 644.9147338867188 200.19149780273438 0.5930685997009277 1.774472951889038 0.7086377143859863 2.3547894954681396 2.2021284103393555 58.592044830322266 -5.552609920501709 0.3611
Cyclist 1 1 1 0.0 188.68850708007812 20.286293029785156 230.2522430419922 1.644394874572754 1.6750483512878418 0.39799264073371887 -25.794034957885742 2.3639028072357178 30.561372756958008 -7.990394115447998 0.3294
Pedestrian 1 1 1 703.8997802734375 184.51089477539062 722.1578979492188 220.07281494140625 0.7994252443313599 1.6822222471237183 0.5701324343681335 4.925815105438232 2.249857187271118 34.769020080566406 -6.001333236694336 0.2847
Pedestrian 1 1 1 1001.642578125 159.89706420898438 1064.712158203125 286.096923828125 0.5108160376548767 1.7295749187469482 0.6518465280532837 5.92088508605957 1.5516993999481201 10.21507740020752 -7.610809803009033 0.2141
Car 1 1 1 527.923583984375 173.23233032226562 565.891845703125 207.66070556640625 3.862842082977295 1.5051262378692627 1.6601076126098633 -2.991478443145752 1.5234875679016113 33.58884811401367 -7.948240756988525 0.2025
Pedestrian 1 1 1 661.06591796875 174.8120574951172 675.5675048828125 203.298095703125 0.6938786506652832 1.8070968389511108 0.7335401773452759 3.7119905948638916 1.9338362216949463 46.326656341552734 -2.652247428894043 0.1748
Car 1 1 1 357.3423156738281 183.79420471191406 406.7083740234375 216.96092224121094 3.491426706314087 1.5191594362258911 1.5692626237869263 -11.361684799194336 2.0923118591308594 36.02674865722656 -4.779005527496338 0.1694
Cyclist 1 1 1 712.1334228515625 179.996826171875 727.6516723632812 218.28848266601562 1.6121827363967896 1.6848254203796387 0.5709819793701172 4.956686496734619 2.0181736946105957 32.87939453125 -7.782901287078857 0.1503
Pedestrian 1 1 1 1059.703857421875 149.08155822753906 1176.7843017578125 313.0204162597656 0.952104389667511 1.7713133096694946 0.520101010799408 5.612923622131348 1.514158844947815 8.077199935913086 -3.186561107635498 0.1417
Cyclist 1 1 1 692.0738525390625 152.45193481445312 732.6980590820312 205.10174560546875 1.5357012748718262 1.6966091394424438 0.5710681080818176 3.3516807556152344 1.0388648509979248 24.0657901763916 -5.173970699310303 0.1392
Car 1 1 1 304.4689636230469 183.7118377685547 335.8824462890625 206.0492401123047 3.792189121246338 1.5388994216918945 1.6067888736724854 -21.639301300048828 2.3778936862945557 53.73335647583008 -5.248327255249023 0.1389
Pedestrian 1 1 1 993.8783569335938 168.81564331054688 1076.72607421875 300.6044616699219 0.7493340373039246 1.6023043394088745 0.49603167176246643 5.256181716918945 1.5529054403305054 9.039360046386719 -3.090522050857544 0.1389
Pedestrian 1 1 1 1008.1106567382812 162.41514587402344 1022.5120849609375 207.59326171875 0.24841992557048798 1.7558106184005737 0.4509304463863373 15.8455810546875 1.3498128652572632 28.291624069213867 -3.3989508152008057 0.1334
Cyclist 1 1 1 511.74298095703125 173.30409240722656 527.4930419921875 213.2516632080078 1.657819390296936 1.705552101135254 0.5269650220870972 -3.9995789527893066 1.7255226373672485 31.660316467285156 -4.7389349937438965 0.1306
Car 1 1 1 272.25909423828125 183.7034454345703 306.6831359863281 200.60430908203125 3.5512821674346924 1.4731483459472656 1.5496045351028442 -29.738718032836914 2.507143259048462 66.99080657958984 -4.687230587005615 0.1275
Pedestrian 1 1 1 774.8755493164062 163.62486267089844 804.7343139648438 227.2582550048828 0.6347447633743286 1.767439365386963 0.6441914439201355 5.024783134460449 1.510797142982483 20.387147903442383 -4.806333065032959 0.1201
Pedestrian 1 1 1 1131.7869873046875 143.53030395507812 1241.0 343.12152099609375 0.9635158777236938 1.8301112651824951 0.5930821299552917 5.718206882476807 1.5609337091445923 7.053404808044434 -2.8094749450683594 0.1134
Car 1 1 1 376.380859375 179.893798828125 443.4749755859375 204.11090087890625 3.9784741401672363 1.565962791442871 1.7147232294082642 -13.367572784423828 2.0456535816192627 48.212646484375 -3.077186107635498 0.1132
Pedestrian 1 1 1 967.0223999023438 145.74093627929688 1005.927978515625 212.9985809326172 0.7850857377052307 1.852429747581482 0.6537736058235168 10.526264190673828 1.1053738594055176 20.28860092163086 -7.92853307723999 0.1113
Pedestrian 1 1 1 1081.438232421875 149.4548797607422 1103.0494384765625 205.53794860839844 0.309382826089859 1.831860899925232 0.5301505327224731 15.904474258422852 1.0672672986984253 23.86989974975586 -6.98940896987915 0.1107
Pedestrian 1 1 1 619.6854858398438 165.58619689941406 629.758544921875 188.6466522216797 0.6396611928939819 1.798170804977417 0.683113157749176 1.129920244216919 1.2311532497406006 56.64668273925781 -7.644937038421631 0.1043
Car 1 1 1 210.7371826171875 186.66685485839844 261.7352600097656 209.41421508789062 4.42473840713501 1.4560598134994507 1.7078083753585815 -26.497886657714844 2.480640411376953 51.24964904785156 -4.812736988067627 0.1029
Cyclist 1 1 1 780.0507202148438 142.83425903320312 832.526123046875 199.29025268554688 1.5387376546859741 1.7380478382110596 0.5756348967552185 6.145593166351318 0.8135637640953064 22.771461486816406 -5.893892288208008 0.1021
Pedestrian 1 1 1 315.3526916503906 181.378662109375 345.45623779296875 235.23619079589844 0.7940850853919983 1.7547543048858643 0.6762876510620117 -9.416462898254395 2.0460727214813232 24.176071166992188 -3.7695298194885254 0.1004
