Car 1 1 1 794.3626708984375 191.50721740722656 1161.7509765625 374.0 4.009848117828369 1.4338315725326538 1.6921862363815308 2.9591224193573 1.666054606437683 6.939966201782227 -4.649108409881592 0.9515
Car 1 1 1 712.7658081054688 167.07411193847656 771.5244750976562 221.37998962402344 3.994729518890381 1.7443132400512695 1.600693941116333 4.489895343780518 1.5583622455596924 25.22703742980957 -7.779881000518799 0.9024
Car 1 1 1 379.19189453125 175.7100067138672 525.3989868164062 226.3249053955078 4.094972133636475 1.4721179008483887 1.6239550113677979 -4.754005432128906 1.5618634223937988 21.914403915405273 -3.1526360511779785 0.8971
Car 1 1 1 540.9027099609375 167.5985565185547 611.9756469726562 220.18881225585938 4.3394622802734375 1.7198604345321655 1.739096999168396 -1.1503777503967285 1.5476915836334229 25.871131896972656 -4.5635905265808105 0.7357
Car 1 1 1 597.2570190429688 176.19570922851562 632.3231201171875 207.83029174804688 3.262723922729492 1.4034875631332397 1.5044339895248413 0.22315941751003265 1.5685404539108276 34.0334587097168 -7.800393581390381 0.5061
Car 1 1 1 664.8380126953125 176.86126708984375 717.37744140625 194.994140625 4.104291915893555 1.423311471939087 1.5435075759887695 6.540337562561035 1.7532390356063843 58.30356216430664 -6.087273120880127 0.3290
Car 1 1 1 613.6828002929688 171.39288330078125 652.0023193359375 196.58633422851562 3.874382257461548 1.5126811265945435 1.6753772497177124 1.4478228092193604 1.4246519804000854 45.4008674621582 -4.480650901794434 0.2845
Pedestrian 1 1 1 1127.2581787109375 164.8090362548828 1187.5234375 256.1749572753906 0.8389801979064941 1.6921504735946655 0.5456249713897705 10.397035598754883 1.5428531169891357 13.799604415893555 -7.789078235626221 0.2778
Cyclist 1 1 1 798.9083251953125 137.0547332763672 847.8517456054688 202.24339294433594 1.5835356712341309 1.7589632272720337 0.5290971398353577 5.931636810302734 0.7927039861679077 20.303621292114258 -5.014108180999756 0.2472
Car 1 1 1 641.3435668945312 170.35482788085938 665.9254150390625 191.92645263671875 3.4195632934570312 1.6469436883926392 1.5517045259475708 3.4403622150421143 1.4558367729187012 56.90712356567383 -7.677567005157471 0.2244
Cyclist 1 1 1 626.50927734375 169.9466552734375 635.5318603515625 200.07278442382812 1.5946460962295532 1.605104684829712 0.3815300762653351 1.1102759838104248 1.4499022960662842 39.25540542602539 -7.755188465118408 0.2007
Car 1 1 1 699.0447387695312 172.40264892578125 724.498291015625 188.6080322265625 4.1267409324646 1.4684330224990845 1.6399306058883667 9.543646812438965 1.4272334575653076 67.59827423095703 -4.38931941986084 0.1671
Car 1 1 1 281.4609069824219 175.34420776367188 460.4377746582031 240.38784790039062 3.916874647140503 1.526252269744873 1.6302568912506104 -5.94117546081543 1.5915695428848267 18.010164260864258 -3.043778419494629 0.1530
Pedestrian 1 1 1 1129.8087158203125 144.8125457763672 1225.343994140625 287.3586730957031 0.7756924629211426 1.7875781059265137 0.5887723565101624 7.281316757202148 1.4356284141540527 9.352190017700195 -3.166243076324463 0.1510
Pedestrian 1 1 1 1151.132568359375 181.5941619873047 1202.532470703125 260.1117248535156 0.5497376322746277 1.372148036956787 0.48084113001823425 10.123913764953613 1.5324779748916626 12.967641830444336 -4.791630268096924 0.1334
Cyclist 1 1 1 371.3953552246094 164.40550231933594 400.0951843261719 247.58726501464844 1.605141282081604 1.5820363759994507 0.3950846791267395 -4.5852203369140625 1.4210542440414429 14.539073944091797 -8.254109382629395 0.1068
Pedestrian 1 1 1 800.98388671875 150.86180114746094 831.3785400390625 200.13739013671875 0.9926390647888184 1.9411661624908447 0.632431149482727 8.21337604522705 1.0745038986206055 28.906299591064453 -3.5340189933776855 0.1062
Cyclist 1 1 1 764.5758666992188 172.76011657714844 777.1492919921875 204.8116455078125 1.7161006927490234 1.6825494766235352 0.5859996676445007 8.598011016845703 1.6773207187652588 38.7734260559082 -4.535544395446777 0.1015
