Car 1 1 1 121.34613037109375 193.56517028808594 248.11508178710938 248.80224609375 4.178948402404785 1.5346148014068604 1.7257076501846313 -13.839290618896484 2.2750794887542725 23.711904525756836 -4.718745708465576 0.9109
Car 1 1 1 217.99107360839844 183.10183715820312 263.5181884765625 207.4828338623047 3.548151969909668 1.6586711406707764 1.66547429561615 -26.808576583862305 2.429028034210205 52.43968963623047 -4.773177146911621 0.3160
Pedestrian 1 1 1 979.0753173828125 168.67478942871094 1022.160888671875 239.4898681640625 0.7942613959312439 1.6224828958511353 0.5566912293434143 9.1090669631958 1.5264308452606201 16.942773818969727 -4.7650346755981445 0.2136
Car 1 1 1 630.8657836914062 177.54183959960938 683.8007202148438 204.67832946777344 3.7175960540771484 1.5003582239151 1.613770842552185 2.708622694015503 1.7901248931884766 42.619789123535156 -5.1153035163879395 0.1841
Car 1 1 1 264.41485595703125 162.69252014160156 311.1742858886719 189.4606170654297 3.9069817066192627 1.8971400260925293 1.7593673467636108 -23.68126106262207 1.1766624450683594 53.10749435424805 -7.873000621795654 0.1812
Cyclist 1 1 1 799.40576171875 178.9195556640625 815.908935546875 209.8436737060547 1.4778926372528076 1.5977319478988647 0.43171006441116333 10.4491605758667 1.9257965087890625 38.316200256347656 -4.741276741027832 0.1803
Cyclist 1 1 1 757.7999877929688 168.2522735595703 768.677978515625 199.01966857910156 1.646936058998108 1.676027774810791 0.4054100215435028 8.48176383972168 1.4250524044036865 40.14411163330078 -7.759270191192627 0.1647
Cyclist 1 1 1 0.0 183.77490234375 23.379657745361328 222.8422393798828 1.622739315032959 1.6908667087554932 0.3472532629966736 -27.233610153198242 2.1952009201049805 32.51554489135742 -7.9619526863098145 0.1628
Pedestrian 1 1 1 853.385009765625 149.81546020507812 883.7684936523438 204.94569396972656 0.8851267099380493 1.8824312686920166 0.6912451982498169 8.94171142578125 1.0954766273498535 25.10609245300293 -4.793353080749512 0.1339
Car 1 1 1 0.0 209.42356872558594 101.8600082397461 248.210693359375 3.6367571353912354 1.4498863220214844 1.7291754484176636 -23.851959228515625 3.0444834232330322 30.31094741821289 -6.45166015625 0.1338
Car 1 1 1 630.0361328125 182.23947143554688 719.0156860351562 214.58241271972656 4.123207092285156 1.50675368309021 1.6596649885177612 3.0493669509887695 1.9744985103607178 35.064605712890625 -6.326246738433838 0.1248
Pedestrian 1 1 1 1100.6981201171875 148.51986694335938 1176.2481689453125 260.0833435058594 0.7032784819602966 1.772294521331787 0.7139835953712463 8.61962604522705 1.3854230642318726 11.865301132202148 -3.2829530239105225 0.1245
Car 1 1 1 207.02798461914062 174.18638610839844 231.6101837158203 195.02359008789062 3.851046323776245 1.6708718538284302 1.6420074701309204 -32.594024658203125 1.7856261730194092 60.21587371826172 -5.165584564208984 0.1177
Pedestrian 1 1 1 821.0960693359375 165.06893920898438 839.186767578125 203.23460388183594 0.6044058203697205 1.6975939273834229 0.6856920123100281 9.849879264831543 1.351017713546753 32.437007904052734 -7.726629734039307 0.1173
Car 1 1 1 315.1051025390625 190.22808837890625 349.9559326171875 207.4318389892578 4.441512107849121 1.4226353168487549 1.7719672918319702 -25.554244995117188 3.0793373584747314 66.53875732421875 -4.780333995819092 0.1081
