Cyclist 1 1 1 792.2633666992188 160.39654541015625 842.9039916992188 233.06552124023438 1.9385231733322144 1.8229084014892578 0.6023212671279907 5.410446643829346 1.5101120471954346 19.095378875732422 -7.959232807159424 0.9480
Car 1 1 1 589.0841674804688 174.1913299560547 639.6131591796875 220.25027465820312 4.486681938171387 1.5767107009887695 1.726007103919983 0.1948917955160141 1.6308887004852295 27.11262321472168 -7.808567523956299 0.9101
Pedestrian 1 1 1 407.4386291503906 174.68634033203125 443.5215148925781 291.9891052246094 0.48047223687171936 1.6680307388305664 0.45650187134742737 -2.7435221672058105 1.695167899131775 10.536384582519531 -3.3229730129241943 0.3559
Pedestrian 1 1 1 698.9888916015625 171.3365478515625 738.770751953125 230.46409606933594 0.9048975110054016 1.6870076656341553 0.7156467437744141 3.1417782306671143 1.643412470817566 21.160707473754883 -8.621869087219238 0.2806
Cyclist 1 1 1 752.107177734375 166.99847412109375 767.0003051757812 197.8909149169922 1.6990610361099243 1.7381300926208496 0.4343731701374054 8.54681396484375 1.4083751440048218 41.454586029052734 -7.896761417388916 0.2731
Cyclist 1 1 1 790.8590087890625 169.89126586914062 818.8914184570312 210.59185791015625 1.8542757034301758 1.6887753009796143 0.518512487411499 8.281736373901367 1.565543532371521 30.888261795043945 -4.820882797241211 0.2675
Car 1 1 1 533.2932739257812 175.28683471679688 554.2884521484375 192.3617706298828 3.834042549133301 1.4751604795455933 1.5348503589630127 -5.940795421600342 1.6998125314712524 64.7996826171875 -7.8536553382873535 0.2653
Car 1 1 1 0.0 203.10523986816406 80.80794525146484 243.7913055419922 3.407005548477173 1.505233883857727 1.6964819431304932 -24.945329666137695 2.8788273334503174 31.0272159576416 -4.664424896240234 0.2103
Car 1 1 1 331.7109375 187.0997772216797 378.6092529296875 208.65538024902344 4.16326379776001 1.5256274938583374 1.717532992362976 -19.789602279663086 2.6766061782836914 56.13079833984375 -4.57314395904541 0.1988
Car 1 1 1 39.6402587890625 191.311767578125 147.04193115234375 230.9182586669922 4.139265060424805 1.4296518564224243 1.6069477796554565 -21.432262420654297 2.2525482177734375 30.087448120117188 -4.741771697998047 0.1768
Car 1 1 1 448.5782165527344 167.79347229003906 500.4247741699219 208.043701171875 4.037112236022949 1.6180142164230347 1.6373096704483032 -5.801660060882568 1.414286494255066 31.056655883789062 -4.7550764083862305 0.1491
Car 1 1 1 473.1690368652344 165.99081420898438 547.0731811523438 207.56320190429688 4.3730573654174805 1.5340176820755005 1.686269998550415 -3.945223569869995 1.2804667949676514 28.923078536987305 -4.5407633781433105 0.1469
Car 1 1 1 709.4116821289062 183.37356567382812 749.3323364257812 208.70545959472656 3.721450090408325 1.4448530673980713 1.5718035697937012 7.305685043334961 2.1237854957580566 44.66874694824219 -4.796088695526123 0.1446
Pedestrian 1 1 1 884.4684448242188 152.0326690673828 910.9271850585938 203.06289672851562 0.6843578219413757 1.837328314781189 0.659061849117279 10.454304695129395 1.08736252784729 26.34897232055664 -4.801742076873779 0.1262
Car 1 1 1 196.26229858398438 191.72531127929688 255.26205444335938 219.56895446777344 4.05586576461792 1.5220025777816772 1.6900815963745117 -23.56293487548828 2.735826253890991 44.34128189086914 -4.779891490936279 0.1202
Car 1 1 1 363.89739990234375 185.04879760742188 407.70806884765625 206.42698669433594 4.036813735961914 1.5070067644119263 1.7408803701400757 -17.17320442199707 2.4779553413391113 55.3641242980957 -4.601407527923584 0.1189
Car 1 1 1 0.0 184.8497314453125 66.03980255126953 231.19573974609375 4.0747809410095215 1.4168548583984375 1.6105260848999023 -21.41362762451172 1.8694988489151 25.184497833251953 -4.68338680267334 0.1138
Cyclist 1 1 1 727.3793334960938 178.892822265625 774.7099609375 260.6106872558594 1.6340410709381104 1.6982395648956299 0.5889999270439148 3.0910909175872803 1.8389050960540771 15.982492446899414 -7.372390270233154 0.1127
