Car 1 1 1 80.07839965820312 204.04293823242188 247.4657440185547 298.475830078125 3.83388352394104 1.5696117877960205 1.6557725667953491 -9.308989524841309 2.3199119567871094 15.34567928314209 -4.862157344818115 0.9510
Car 1 1 1 388.34100341796875 185.7477569580078 446.3753967285156 231.1269989013672 4.0229387283325195 1.8485023975372314 1.7941700220108032 -8.67155647277832 2.4682633876800537 32.63228225708008 -4.778679370880127 0.8895
Car 1 1 1 0.0 215.08853149414062 143.12530517578125 290.71527099609375 4.094330787658691 1.3983010053634644 1.6161623001098633 -13.518552780151367 2.568787097930908 17.86477279663086 -4.846856594085693 0.8775
Car 1 1 1 859.790771484375 174.34500122070312 900.7539672851562 198.5682373046875 3.717688798904419 1.494802474975586 1.5946285724639893 17.506977081298828 1.5951895713806152 46.74740982055664 -4.097205638885498 0.7235
Car 1 1 1 125.82783508300781 200.41372680664062 212.5404510498047 226.41905212402344 4.485721111297607 1.5086970329284668 1.4983662366867065 -28.07919692993164 3.3179428577423096 46.0366325378418 -3.4210994243621826 0.6348
Car 1 1 1 0.0 212.82472229003906 34.58704376220703 272.7184753417969 3.4168341159820557 1.4130895137786865 1.869523048400879 -19.464059829711914 2.6949868202209473 21.30984115600586 -4.551751136779785 0.3826
Car 1 1 1 331.9057922363281 186.7794952392578 372.9615783691406 216.70030212402344 4.194095134735107 1.895335078239441 1.7259877920150757 -17.7838077545166 2.9001166820526123 49.90345764160156 -4.814361572265625 0.3513
Car 1 1 1 737.5266723632812 174.69508361816406 776.6998901367188 205.3606414794922 3.7970964908599854 1.4823566675186157 1.5920977592468262 7.582740783691406 1.5821435451507568 37.175010681152344 -4.4067606925964355 0.3456
Car 1 1 1 444.2641296386719 189.42298889160156 477.8147277832031 213.98931884765625 3.722130537033081 1.5034997463226318 1.6252449750900269 -10.02208137512207 2.662658452987671 48.600704193115234 -4.750706195831299 0.3108
Car 1 1 1 620.7695922851562 176.4340057373047 711.929931640625 210.9897003173828 3.861345052719116 1.501062273979187 1.6682575941085815 2.5497853755950928 1.6721165180206299 33.089195251464844 -5.93250036239624 0.2885
Cyclist 1 1 1 617.8058471679688 180.27987670898438 643.5831298828125 221.83172607421875 1.7021713256835938 1.6701091527938843 0.5057006478309631 0.8347464799880981 1.989703893661499 30.199663162231445 -7.460791110992432 0.2800
Car 1 1 1 376.35137939453125 183.9588623046875 426.29376220703125 206.8720245361328 3.952263593673706 1.4754091501235962 1.6653927564620972 -14.610403060913086 2.2866482734680176 50.618499755859375 -4.489631652832031 0.2368
Pedestrian 1 1 1 482.27825927734375 183.9435577392578 495.6866149902344 212.1677703857422 0.7270426154136658 1.7391109466552734 0.7064250111579895 -7.595213413238525 2.4374313354492188 45.09796142578125 -6.295114517211914 0.2199
Car 1 1 1 599.7825927734375 182.46524047851562 626.0693359375 207.12255859375 4.2092366218566895 1.5083887577056885 1.6690733432769775 0.192904993891716 2.1745662689208984 47.913387298583984 -4.692605495452881 0.2055
Pedestrian 1 1 1 1014.6537475585938 196.8827667236328 1066.2154541015625 292.3249816894531 0.4878784120082855 1.279782772064209 0.41510912775993347 5.936278343200684 1.6229612827301025 10.058793067932129 -4.768558502197266 0.1431
Pedestrian 1 1 1 1187.4554443359375 171.0416717529297 1225.619140625 229.26051330566406 0.688521146774292 1.7843780517578125 0.6475644111633301 18.570316314697266 1.7285313606262207 22.526744842529297 -3.4455513954162598 0.1364
Car 1 1 1 234.2559814453125 197.951416015625 296.71636962890625 221.01393127441406 3.645383358001709 1.4972554445266724 1.6225149631500244 -24.008203506469727 3.282747983932495 50.26382064819336 -2.9902424812316895 0.1278
Pedestrian 1 1 1 1119.6136474609375 175.64613342285156 1185.576904296875 290.38702392578125 0.6803759932518005 1.6793335676193237 0.700632631778717 8.229471206665039 1.7235651016235352 11.045278549194336 -5.839457035064697 0.1200
Pedestrian 1 1 1 1067.970703125 164.9981689453125 1082.591796875 196.3559112548828 0.6973600387573242 1.7718702554702759 0.6919206976890564 26.561960220336914 1.3276758193969727 41.25042724609375 -5.708426475524902 0.1185
Pedestrian 1 1 1 190.8941192626953 174.41668701171875 209.86537170410156 201.10450744628906 1.0739631652832031 1.8566830158233643 0.42609739303588867 -28.706714630126953 1.9664127826690674 50.51776123046875 -3.282829761505127 0.1066
Car 1 1 1 149.53240966796875 197.91575622558594 236.72463989257812 227.45199584960938 3.421729564666748 1.3961542844772339 1.7479124069213867 -21.1916561126709 2.7045371532440186 36.711578369140625 -3.196127414703369 0.1038
