Car 1 1 1 389.2984313964844 177.7276153564453 433.47711181640625 213.19992065429688 3.917407512664795 1.4440487623214722 1.5731157064437866 -8.791029930114746 1.6739591360092163 32.0123291015625 -4.89806604385376 0.4825
Car 1 1 1 0.0 178.9302520751953 177.32568359375 265.10711669921875 3.7972209453582764 1.464537262916565 1.5184279680252075 -10.532821655273438 1.602574110031128 14.481812477111816 -4.779552459716797 0.3781
Car 1 1 1 827.2811889648438 185.95352172851562 911.564208984375 220.20521545410156 4.106696128845215 1.649962306022644 1.7592257261276245 13.524177551269531 2.364670515060425 37.71048355102539 -3.583373546600342 0.3213
Pedestrian 1 1 1 334.5260314941406 151.83160400390625 367.52984619140625 217.14984130859375 1.0237257480621338 1.9082697629928589 0.755729079246521 -7.804659366607666 1.2938013076782227 21.644649505615234 -4.87042760848999 0.2659
Car 1 1 1 412.79632568359375 180.02081298828125 441.7794189453125 196.8142852783203 4.099125862121582 1.4596760272979736 1.614569067955017 -16.82591438293457 2.140536069869995 66.52333068847656 -4.70639705657959 0.2564
Car 1 1 1 640.9188232421875 174.83900451660156 716.119140625 202.87692260742188 3.8799264430999756 1.5214858055114746 1.6657568216323853 3.8030827045440674 1.6364771127700806 40.6220817565918 -6.532383441925049 0.2533
Cyclist 1 1 1 802.166015625 177.4299774169922 818.9495849609375 210.49697875976562 1.6047240495681763 1.6410701274871826 0.35226377844810486 10.191451072692871 1.8795452117919922 36.84130096435547 -7.892666339874268 0.2091
Car 1 1 1 1142.9632568359375 188.80923461914062 1217.7364501953125 221.78501892089844 3.3920226097106934 1.5267356634140015 1.6865293979644775 28.72596549987793 2.3646671772003174 36.39044952392578 -3.608656406402588 0.1980
Car 1 1 1 1067.971923828125 176.91616821289062 1209.096435546875 218.7316131591797 3.7264537811279297 1.3949857950210571 1.496543049812317 18.319547653198242 1.541873574256897 25.199251174926758 -3.033560276031494 0.1754
Pedestrian 1 1 1 1069.383056640625 192.23104858398438 1094.20556640625 234.94468688964844 0.7390850186347961 1.7137447595596313 0.7059543132781982 19.459550857543945 2.527341842651367 29.839916229248047 -2.7517733573913574 0.1466
Pedestrian 1 1 1 1024.686279296875 169.1463623046875 1044.5423583984375 213.623291015625 0.4592009484767914 1.8280565738677979 0.6151827573776245 17.586305618286133 1.675367832183838 29.965707778930664 -3.150477170944214 0.1430
Car 1 1 1 986.7269897460938 164.55752563476562 1035.310546875 203.15341186523438 3.4449596405029297 1.442561388015747 1.6092981100082397 15.948360443115234 1.1321723461151123 28.866870880126953 -4.223989963531494 0.1419
Car 1 1 1 88.9103775024414 193.0888214111328 240.35057067871094 261.6991271972656 4.0171895027160645 1.4288008213043213 1.524436593055725 -11.118424415588379 1.9984524250030518 18.277956008911133 -4.76438045501709 0.1383
Pedestrian 1 1 1 333.45098876953125 186.47032165527344 346.1915283203125 210.1049346923828 0.6333474516868591 1.780211091041565 0.6609025001525879 -20.72421646118164 2.8311030864715576 55.27334976196289 -7.396748065948486 0.1374
Cyclist 1 1 1 1124.3968505859375 154.11964416503906 1196.276123046875 215.25962829589844 1.7540991306304932 1.9137837886810303 0.6518368721008301 17.66908073425293 1.327067255973816 23.273469924926758 -5.8126420974731445 0.1172
Car 1 1 1 274.79119873046875 183.20196533203125 314.9753723144531 210.5047607421875 3.9801037311553955 1.792301893234253 1.6645300388336182 -22.268274307250977 2.5542261600494385 51.051448822021484 -4.871129512786865 0.1132
