Car 1 1 1 210.576904296875 174.1271209716797 443.28485107421875 312.0941467285156 4.08511209487915 1.6003838777542114 1.6426582336425781 -3.797603130340576 1.4719163179397583 10.41236400604248 -7.81392240524292 0.9629
Car 1 1 1 579.595458984375 174.48348999023438 649.7188720703125 240.44715881347656 3.58003568649292 1.6148483753204346 1.7177841663360596 0.10220665484666824 1.3522720336914062 19.39673614501953 -7.86398458480835 0.9491
Car 1 1 1 420.9266357421875 177.6736602783203 502.253173828125 235.2313232421875 3.6765964031219482 1.6012147665023804 1.6571441888809204 -4.386566638946533 1.3915576934814453 21.853586196899414 -7.832705020904541 0.9346
Car 1 1 1 477.83380126953125 180.33587646484375 521.570556640625 213.279052734375 3.4311606884002686 1.4454489946365356 1.5192805528640747 -4.9840898513793945 1.231494426727295 33.25893020629883 -7.856725215911865 0.8189
Car 1 1 1 50.47600555419922 192.92770385742188 263.9395751953125 282.6933288574219 3.6033408641815186 1.3812851905822754 1.5560598373413086 -8.070408821105957 1.5428426265716553 13.210582733154297 -7.810286998748779 0.7966
Car 1 1 1 408.37457275390625 180.69644165039062 452.9537658691406 211.37405395507812 3.8666718006134033 1.4504886865615845 1.624554991722107 -8.839235305786133 1.236967921257019 35.99063491821289 -7.9494194984436035 0.7501
Car 1 1 1 507.0353698730469 175.60003662109375 544.2710571289062 203.0393524169922 4.3211259841918945 1.5036921501159668 1.6588079929351807 -4.720767974853516 0.9769052267074585 41.55504608154297 -4.711532115936279 0.6851
Car 1 1 1 249.46766662597656 184.7057342529297 337.24896240234375 220.61355590820312 3.5667810440063477 1.3514875173568726 1.5091081857681274 -12.600937843322754 1.3324511051177979 28.945236206054688 -4.533585071563721 0.6034
Pedestrian 1 1 1 442.14190673828125 171.299072265625 456.43548583984375 195.9104461669922 0.9664044380187988 1.8557747602462769 0.5041468143463135 -12.024765968322754 0.8065750002861023 54.466094970703125 -3.1207566261291504 0.3364
Car 1 1 1 355.0107421875 178.25694274902344 420.650146484375 201.94802856445312 3.915133237838745 1.560011863708496 1.7044371366500854 -14.751394271850586 1.1019490957260132 48.2743034362793 -3.1863932609558105 0.3016
Car 1 1 1 647.2535400390625 179.0104217529297 723.0031127929688 207.94168090820312 3.7913782596588135 1.5342320203781128 1.6518951654434204 4.1813554763793945 1.2053223848342896 39.34074020385742 -6.503108501434326 0.1999
Car 1 1 1 578.7762451171875 177.8156280517578 620.34228515625 215.52139282226562 3.560800790786743 1.4480780363082886 1.5976274013519287 -0.402116984128952 1.1640383005142212 29.407962799072266 -7.879934787750244 0.1986
Car 1 1 1 184.56382751464844 182.19223022460938 342.89483642578125 233.09007263183594 3.909393787384033 1.445924997329712 1.6156433820724487 -10.134303092956543 1.3601902723312378 21.275386810302734 -3.1652612686157227 0.1820
Car 1 1 1 223.40390014648438 190.3720703125 293.7878723144531 221.15023803710938 3.6708908081054688 1.4385685920715332 1.4963812828063965 -17.4989070892334 1.7115153074264526 36.132442474365234 -4.618668079376221 0.1402
Car 1 1 1 0.0 185.08529663085938 30.43885040283203 244.60340881347656 4.184574604034424 1.4797825813293457 1.6307010650634766 -18.47791290283203 1.4766976833343506 20.035194396972656 -4.81113862991333 0.1389
Pedestrian 1 1 1 1144.822265625 128.7483673095703 1240.0 301.1142883300781 0.8718129992485046 1.8517833948135376 0.6164512038230896 6.611999034881592 1.2452937364578247 8.034340858459473 -6.29056978225708 0.1256
Car 1 1 1 336.9156188964844 194.7805633544922 414.1898498535156 225.35214233398438 3.538158655166626 1.4072431325912476 1.8227643966674805 -11.699406623840332 1.917088270187378 36.319435119628906 -4.295335292816162 0.1226
Cyclist 1 1 1 684.0987548828125 170.55825805664062 690.7000122070312 191.8839569091797 1.56154465675354 1.6632055044174194 0.35789787769317627 6.275883197784424 0.5202197432518005 56.845943450927734 -7.8473429679870605 0.1152
Pedestrian 1 1 1 758.6075439453125 167.82806396484375 782.18359375 222.459716796875 0.4790043532848358 1.6850587129592896 0.554654598236084 5.053179740905762 1.1489115953445435 22.536821365356445 -3.9585533142089844 0.1061
