Car 1 1 1 562.2071533203125 170.2740020751953 586.6920776367188 195.0293426513672 3.681450366973877 1.6302704811096191 1.611756682395935 -2.4545798301696777 1.460064172744751 49.390769958496094 -7.896994113922119 0.6807
Car 1 1 1 1059.2681884765625 185.18724060058594 1088.3441162109375 206.1204071044922 3.6390671730041504 1.5965032577514648 1.7479273080825806 38.12947463989258 2.6463470458984375 59.4210205078125 -4.215088367462158 0.3817
Pedestrian 1 1 1 791.0577392578125 164.14288330078125 824.015380859375 239.7705841064453 0.5925660729408264 1.6967689990997314 0.4923357665538788 4.448385238647461 1.5010279417037964 16.457386016845703 -3.2217564582824707 0.3641
Car 1 1 1 1134.8883056640625 190.6860809326172 1176.194091796875 215.10935974121094 4.266932964324951 1.4845017194747925 1.811771035194397 37.33175277709961 2.764388084411621 49.50445556640625 -4.172311305999756 0.3550
Pedestrian 1 1 1 1015.5027465820312 183.4527130126953 1029.4967041015625 210.12625122070312 0.5716221332550049 1.772387981414795 0.6880010366439819 27.74319839477539 2.4911341667175293 48.590885162353516 -6.224162578582764 0.2583
Car 1 1 1 813.3408203125 171.58314514160156 885.7398681640625 234.4810333251953 3.9757490158081055 1.4814318418502808 1.6420338153839111 6.268089771270752 1.4511992931365967 19.13799476623535 -7.543583393096924 0.2384
Pedestrian 1 1 1 332.8135681152344 177.00999450683594 366.5574951171875 230.7886505126953 0.867270290851593 1.7043225765228271 0.6870855689048767 -8.521058082580566 1.842382788658142 23.48533058166504 -3.791741371154785 0.2197
Pedestrian 1 1 1 1191.244140625 191.0990447998047 1210.6201171875 223.2649688720703 0.6892716884613037 1.7316532135009766 0.6919088363647461 32.62042999267578 2.751944065093994 39.877262115478516 -8.509446144104004 0.2160
Pedestrian 1 1 1 449.6532287597656 167.87803649902344 466.2869873046875 202.69493103027344 0.6720966696739197 1.7067523002624512 0.6509527564048767 -7.564235687255859 1.4625266790390015 35.72580337524414 -7.792409420013428 0.2116
Car 1 1 1 503.66510009765625 174.99549865722656 530.2015380859375 192.84535217285156 3.9666852951049805 1.575918436050415 1.6339319944381714 -8.52979564666748 1.7782621383666992 66.23494720458984 -4.632546901702881 0.1965
Pedestrian 1 1 1 688.9051513671875 151.7912139892578 704.9608764648438 196.2460174560547 0.43546661734580994 1.9034934043884277 0.5432511568069458 3.720120668411255 1.0013141632080078 31.233964920043945 -7.191980838775635 0.1359
Pedestrian 1 1 1 911.3189697265625 146.67054748535156 991.7108764648438 284.0554504394531 0.8841115832328796 1.862575888633728 0.4996377229690552 4.703406810760498 1.5072975158691406 10.079004287719727 -3.2516536712646484 0.1250
Pedestrian 1 1 1 1063.4901123046875 176.10801696777344 1102.7523193359375 239.322265625 0.8572929501533508 1.816723108291626 0.6492596864700317 13.93106460571289 1.9149905443191528 21.323633193969727 -5.500537872314453 0.1209
Pedestrian 1 1 1 871.372314453125 148.6071319580078 890.08203125 194.24917602539062 0.5604887008666992 1.8936753273010254 0.6792234778404236 11.31773567199707 0.8873798251152039 30.292537689208984 -7.601670742034912 0.1139
Car 1 1 1 600.2608642578125 174.56265258789062 630.356201171875 202.11080932617188 3.5236544609069824 1.5324901342391968 1.516230821609497 0.2381327748298645 1.6363227367401123 42.16814422607422 -4.7743635177612305 0.1085
Pedestrian 1 1 1 953.196533203125 145.3971405029297 995.1386108398438 222.0069122314453 0.8990292549133301 1.8277536630630493 0.7395738959312439 8.886990547180176 1.1723886728286743 17.740081787109375 -4.467897415161133 0.1063
