Car 1 1 1 301.09466552734375 193.3043670654297 416.0682373046875 265.4381408691406 3.478220224380493 1.5403566360473633 1.6205692291259766 -6.241884231567383 2.1045525074005127 18.16027069091797 -4.690424919128418 0.9353
Car 1 1 1 674.0567016601562 178.08302307128906 747.85302734375 232.828857421875 3.662637710571289 1.478989601135254 1.5952333211898804 2.8954615592956543 1.6494269371032715 21.703418731689453 -7.8862433433532715 0.9177
Car 1 1 1 444.3210144042969 183.36065673828125 496.5287780761719 223.90106201171875 4.029460430145264 1.622601866722107 1.624755859375 -6.152709007263184 2.1173899173736572 31.966453552246094 -4.7361016273498535 0.8842
Car 1 1 1 376.67144775390625 192.2792510986328 466.6026306152344 243.7533721923828 4.101781845092773 1.4327765703201294 1.5806740522384644 -6.135623931884766 2.129870891571045 23.791414260864258 -4.623723983764648 0.8568
Car 1 1 1 1132.9744873046875 145.0892333984375 1241.0 189.48280334472656 3.891345977783203 1.7869431972503662 1.733817458152771 24.703275680541992 0.6690475940704346 30.992347717285156 -7.857608318328857 0.8377
Car 1 1 1 0.0 195.6111297607422 84.89451599121094 243.66639709472656 3.892207145690918 1.4353671073913574 1.6361366510391235 -20.796680450439453 2.2979447841644287 25.38809585571289 -7.823276996612549 0.4731
Car 1 1 1 471.02130126953125 181.59144592285156 515.7335205078125 213.37741088867188 4.036801338195801 1.5692368745803833 1.653161883354187 -6.245128631591797 2.0632762908935547 38.782718658447266 -4.685614585876465 0.3595
Car 1 1 1 524.4376220703125 180.90650939941406 557.6502685546875 200.05870056152344 3.95975399017334 1.6046345233917236 1.7195478677749634 -6.1356940269470215 2.3465418815612793 64.37456512451172 -4.46444034576416 0.3516
Car 1 1 1 769.69091796875 166.0066375732422 836.9122924804688 187.23345947265625 4.367275714874268 1.461642861366272 1.6385878324508667 13.512569427490234 0.9898446798324585 50.738121032714844 -3.0315017700195312 0.2949
Car 1 1 1 660.9508056640625 186.25990295410156 766.5640258789062 223.89590454101562 4.23919677734375 1.498382568359375 1.6528656482696533 4.24468994140625 2.0776760578155518 30.284879684448242 -6.243332386016846 0.2789
Car 1 1 1 19.92308235168457 197.8733673095703 146.698974609375 247.9029541015625 3.775101900100708 1.4686554670333862 1.7036422491073608 -18.126750946044922 2.4013378620147705 24.998159408569336 -7.87899923324585 0.2631
Cyclist 1 1 1 428.0069274902344 151.29476928710938 457.4716491699219 197.1624755859375 1.5201870203018188 1.7282321453094482 0.5670958161354065 -6.517781734466553 0.9156099557876587 27.983964920043945 -4.540389537811279 0.2593
Car 1 1 1 514.9851684570312 188.14285278320312 545.9664916992188 213.02980041503906 3.953809976577759 1.5220775604248047 1.5874799489974976 -5.342893600463867 2.59299373626709 48.56450271606445 -4.695265293121338 0.2550
Car 1 1 1 18.681562423706055 212.5628662109375 167.61160278320312 340.292236328125 3.4734179973602295 1.439217448234558 1.5036307573318481 -7.871794700622559 2.1579723358154297 11.183156967163086 -5.223215103149414 0.2181
Pedestrian 1 1 1 362.7419738769531 156.88131713867188 374.4344787597656 196.99078369140625 0.3436763882637024 1.8647186756134033 0.5177262425422668 -11.354002952575684 1.1218370199203491 33.81695556640625 -3.0591659545898438 0.1744
Car 1 1 1 732.3422241210938 174.8004150390625 762.485107421875 201.76304626464844 3.7480359077453613 1.4857656955718994 1.5939501523971558 7.924598217010498 1.6041408777236938 42.01902389526367 -7.700218677520752 0.1592
Pedestrian 1 1 1 778.2601928710938 159.7039794921875 807.2703247070312 219.9945526123047 0.6784091591835022 1.8261977434158325 0.6239929795265198 5.603222370147705 1.4275844097137451 22.30927848815918 -2.4879794120788574 0.1335
Car 1 1 1 693.7234497070312 158.4349822998047 743.2788696289062 185.51025390625 3.784721851348877 1.7475008964538574 1.709516167640686 7.230538845062256 0.8165639042854309 48.639766693115234 -8.19951343536377 0.1289
Car 1 1 1 405.46484375 173.0482635498047 436.1496276855469 190.46023559570312 3.51484751701355 1.5117640495300293 1.5898914337158203 -16.899415969848633 1.5293174982070923 64.50069427490234 -7.776047229766846 0.1253
Pedestrian 1 1 1 758.9229125976562 155.52992248535156 775.7797241210938 192.17532348632812 0.6254122257232666 1.8383642435073853 0.576371431350708 7.9399094581604 0.9689792394638062 36.600154876708984 -8.275687217712402 0.1129
Car 1 1 1 936.4061889648438 158.94354248046875 1000.8279418945312 179.23165893554688 4.155221462249756 1.5374890565872192 1.6063759326934814 27.61836814880371 0.4830152094364166 55.7180061340332 -3.025773048400879 0.1065
Pedestrian 1 1 1 1118.13720703125 144.8625030517578 1179.42919921875 245.95108032226562 0.6614670157432556 1.7543978691101074 0.5863460302352905 9.51853084564209 1.2683039903640747 12.837910652160645 -3.0716075897216797 0.1001
