Car 1 1 1 239.18728637695312 179.8199005126953 305.9798889160156 212.90391540527344 3.7961275577545166 1.4610034227371216 1.5345326662063599 -16.13022232055664 1.8132606744766235 34.5957145690918 -4.745858192443848 0.9102
Car 1 1 1 583.044677734375 181.56341552734375 615.0621948242188 212.51686096191406 3.7848587036132812 1.4997824430465698 1.5994633436203003 -0.6218605041503906 1.9804680347442627 37.94063186645508 -7.872551441192627 0.8961
Car 1 1 1 530.9166259765625 179.15106201171875 561.4683227539062 206.03872680664062 3.9568305015563965 1.611858606338501 1.6877111196517944 -4.0759687423706055 2.0320417881011963 46.18489074707031 -7.87477445602417 0.8547
Car 1 1 1 159.9803924560547 182.14149475097656 245.4566192626953 216.14523315429688 3.9796741008758545 1.4970719814300537 1.6335010528564453 -19.65355110168457 1.973052740097046 34.94593048095703 -4.621211051940918 0.2659
Car 1 1 1 0.0 183.81907653808594 77.55952453613281 235.3817596435547 4.1025238037109375 1.4312145709991455 1.5363738536834717 -19.34181022644043 1.8118083477020264 22.987430572509766 -4.677734375 0.1790
Car 1 1 1 840.4169311523438 182.94117736816406 906.6843872070312 210.09877014160156 3.6680474281311035 1.5379098653793335 1.5828721523284912 15.808084487915039 2.1641573905944824 43.374427795410156 -2.7419300079345703 0.1764
Car 1 1 1 1025.561279296875 205.1143341064453 1150.1661376953125 248.62171936035156 3.521005153656006 1.4015272855758667 1.5605734586715698 17.362075805664062 2.6417791843414307 26.45344352722168 -2.8227171897888184 0.1548
Car 1 1 1 39.64615249633789 188.23580932617188 107.73416900634766 210.4427947998047 3.619283437728882 1.5250883102416992 1.6554558277130127 -38.999027252197266 2.6705260276794434 52.50642395019531 -6.525926113128662 0.1378
Car 1 1 1 927.3091430664062 182.21124267578125 999.2919311523438 215.45252990722656 4.035639762878418 1.482203722000122 1.554023027420044 17.15778350830078 1.9662675857543945 35.32959747314453 -4.709963798522949 0.1286
Pedestrian 1 1 1 968.989501953125 174.4431610107422 991.5192260742188 217.82196044921875 0.6520028114318848 1.7696869373321533 0.6999254822731018 15.275803565979004 1.8360509872436523 29.86672592163086 -6.108139514923096 0.1251
Car 1 1 1 1101.776123046875 195.9197998046875 1221.4736328125 243.1475067138672 4.220705032348633 1.4783276319503784 1.8712886571884155 20.433385848999023 2.414031744003296 27.031036376953125 -4.522955417633057 0.1238
Pedestrian 1 1 1 365.2848205566406 172.90374755859375 378.111328125 194.1136474609375 1.0174554586410522 1.8512251377105713 0.4631081223487854 -20.95933723449707 1.8553224802017212 63.39067077636719 -5.881383419036865 0.1214
Car 1 1 1 636.3658447265625 175.87301635742188 667.2744750976562 204.94725036621094 4.135424613952637 1.640365719795227 1.6014572381973267 2.4242866039276123 1.8295120000839233 43.207969665527344 -4.714180946350098 0.1168
Car 1 1 1 840.8981323242188 151.3544464111328 891.8569946289062 184.04986572265625 4.727710723876953 2.423391580581665 1.792315125465393 19.76844596862793 0.8295397162437439 55.93647766113281 -7.976970195770264 0.1148
Car 1 1 1 478.9814453125 173.12033081054688 511.2893981933594 192.57681274414062 4.126543998718262 1.7043777704238892 1.6592425107955933 -10.397316932678223 1.72903311252594 65.43915557861328 -7.685085773468018 0.1127
Pedestrian 1 1 1 146.6636962890625 159.39320373535156 169.4671173095703 200.3147430419922 0.6718833446502686 1.9088743925094604 0.7132728099822998 -21.363130569458008 1.2806659936904907 34.05125427246094 -8.031249046325684 0.1103
Car 1 1 1 271.37890625 177.8871612548828 326.79254150390625 203.89578247070312 3.915626049041748 1.5501600503921509 1.6283596754074097 -19.691768646240234 1.8832623958587646 45.78858947753906 -4.646895885467529 0.1071
