Car 1 1 1 832.1743774414062 178.8845977783203 1241.0 374.0 3.387510299682617 1.489075779914856 1.514676809310913 3.1194546222686768 1.5543949604034424 6.15609073638916 -7.855615139007568 0.9645
Car 1 1 1 575.5106201171875 179.26097106933594 634.6822509765625 233.35145568847656 3.542628526687622 1.4847171306610107 1.6618587970733643 -0.1391451060771942 1.6959089040756226 22.023975372314453 -7.826178073883057 0.9383
Car 1 1 1 682.5491943359375 175.78799438476562 746.9063110351562 227.0525665283203 3.499284267425537 1.4814478158950806 1.5966849327087402 3.1851682662963867 1.5811232328414917 22.819795608520508 -7.832295894622803 0.9201
Car 1 1 1 663.6607055664062 177.8715057373047 712.9552612304688 218.22438049316406 3.8341972827911377 1.461718201637268 1.5646690130233765 2.9868717193603516 1.6732574701309204 28.5391845703125 -7.844893932342529 0.8044
Car 1 1 1 596.4085693359375 171.53636169433594 642.1875610351562 218.17425537109375 4.282327651977539 1.7521007061004639 1.6966866254806519 0.26561132073402405 1.7022994756698608 29.267898559570312 -7.878158092498779 0.7961
Car 1 1 1 324.87982177734375 185.1901092529297 374.4935302734375 204.91635131835938 3.5091795921325684 1.4957592487335205 1.6127649545669556 -20.65211296081543 2.4942097663879395 57.27690124511719 -6.483859062194824 0.7947
Car 1 1 1 651.1162109375 179.59442138671875 686.697509765625 212.98216247558594 3.761775493621826 1.4552949666976929 1.589011549949646 2.7923831939697266 1.7926732301712036 34.1932258605957 -7.748507976531982 0.6153
Pedestrian 1 1 1 190.81179809570312 164.29180908203125 236.1658172607422 242.70379638671875 0.6847893595695496 1.6912057399749756 0.5469961762428284 -8.766278266906738 1.5062346458435059 15.870147705078125 -6.178188800811768 0.4861
Car 1 1 1 95.43395233154297 185.0358123779297 205.45269775390625 220.7989044189453 3.930265188217163 1.5469958782196045 1.6008857488632202 -20.9185733795166 2.1190454959869385 32.89768981933594 -6.388719081878662 0.4172
Car 1 1 1 579.5601196289062 173.02383422851562 621.6784057617188 206.18032836914062 3.753220796585083 1.5289597511291504 1.6663118600845337 -0.4465584456920624 1.5374127626419067 35.23931884765625 -7.759582042694092 0.3312
Pedestrian 1 1 1 339.19818115234375 164.29356384277344 370.8055419921875 225.09278869628906 0.8618655204772949 1.8087390661239624 0.6538200974464417 -7.777945518493652 1.5537712574005127 21.896915435791016 -4.710291385650635 0.3290
Pedestrian 1 1 1 0.0 166.8917236328125 45.825740814208984 255.1715087890625 0.631058931350708 1.762763261795044 0.6565907001495361 -12.140249252319336 1.6434091329574585 14.723298072814941 -4.7118916511535645 0.2857
Car 1 1 1 420.8851318359375 184.65625 448.36102294921875 201.94325256347656 4.134718894958496 1.5133635997772217 1.6715948581695557 -16.532670974731445 2.6610426902770996 68.0975570678711 -4.733923435211182 0.2245
Car 1 1 1 495.9713134765625 181.0791015625 548.798095703125 202.9862823486328 3.4916882514953613 1.5232995748519897 1.6333178281784058 -6.43223762512207 2.1407909393310547 52.73247146606445 -2.7175889015197754 0.2060
Pedestrian 1 1 1 191.62342834472656 181.2299346923828 219.20909118652344 239.67320251464844 0.8991117477416992 1.6318477392196655 0.5895015597343445 -11.71682071685791 1.879427433013916 20.825668334960938 -5.100820541381836 0.2026
Car 1 1 1 264.957275390625 187.51173400878906 313.33392333984375 203.76727294921875 4.032670974731445 1.4466041326522827 1.6616630554199219 -30.295732498168945 2.8603882789611816 68.18993377685547 -6.60107946395874 0.1999
Pedestrian 1 1 1 176.73094177246094 160.91380310058594 230.93275451660156 245.0090789794922 0.7582280039787292 1.7199000120162964 0.6384651064872742 -8.560959815979004 1.4754014015197754 15.131195068359375 -2.985004186630249 0.1973
Car 1 1 1 639.8816528320312 176.1593475341797 665.6566772460938 201.66845703125 3.9536397457122803 1.5652810335159302 1.5991318225860596 2.739767551422119 1.788714051246643 46.81912612915039 -4.653088092803955 0.1879
Car 1 1 1 392.1971130371094 181.80674743652344 419.56048583984375 202.97947692871094 3.787163019180298 1.5770984888076782 1.5922191143035889 -16.23036766052246 2.313753843307495 57.40913772583008 -4.850299835205078 0.1845
Pedestrian 1 1 1 877.5160522460938 155.85293579101562 925.4308471679688 250.64491271972656 0.5616565942764282 1.8116930723190308 0.6731852293014526 5.681691646575928 1.4864636659622192 14.212956428527832 -6.710505485534668 0.1694
Car 1 1 1 320.79571533203125 191.61724853515625 366.72283935546875 227.2541046142578 3.8164753913879395 1.47373628616333 1.721354365348816 -12.680554389953613 2.4155566692352295 34.13594436645508 -5.150266647338867 0.1576
Cyclist 1 1 1 1130.296630859375 124.04545593261719 1241.0 322.8563537597656 1.7768795490264893 1.7806479930877686 0.49668291211128235 5.927420139312744 1.343194842338562 7.384922981262207 -7.575015544891357 0.1449
Pedestrian 1 1 1 261.26458740234375 169.82757568359375 274.399169921875 209.05426025390625 0.2857097089290619 1.771834373474121 0.5367869734764099 -15.631996154785156 1.634833812713623 32.879425048828125 -6.1182637214660645 0.1362
Car 1 1 1 643.7639770507812 178.3699951171875 673.6417236328125 205.1618194580078 3.641514539718628 1.4795938730239868 1.552156686782837 2.789891481399536 1.8176605701446533 42.430999755859375 -7.841808795928955 0.1341
Car 1 1 1 368.51812744140625 188.8661346435547 419.930419921875 205.99575805664062 4.36081075668335 1.4941009283065796 1.5543373823165894 -19.77128791809082 2.9874069690704346 66.17549133300781 -3.3088512420654297 0.1337
Car 1 1 1 315.0010681152344 192.06626892089844 371.9255065917969 217.20050048828125 4.194766521453857 1.5180082321166992 1.6598169803619385 -18.133371353149414 2.8870303630828857 49.20228958129883 -4.502905368804932 0.1263
Pedestrian 1 1 1 80.35023498535156 171.04302978515625 101.0497055053711 200.97100830078125 0.9373093843460083 1.8689725399017334 0.48791342973709106 -32.67532730102539 1.7555789947509766 45.35857391357422 -6.405335903167725 0.1176
Car 1 1 1 414.02496337890625 184.21153259277344 465.5895690917969 209.19090270996094 4.009706020355225 1.5354259014129639 1.6754645109176636 -11.40216064453125 2.331850528717041 48.46240997314453 -4.451292037963867 0.1170
Car 1 1 1 310.6973876953125 187.15789794921875 358.8505859375 205.90838623046875 3.7344138622283936 1.5625377893447876 1.52700674533844 -24.0096492767334 2.833172082901001 62.98081970214844 -6.489299297332764 0.1159
