Car 1 1 1 206.66390991210938 188.51458740234375 442.5098571777344 315.6956787109375 4.532703876495361 1.5075950622558594 1.7484617233276367 -4.214553356170654 1.8055232763290405 11.431090354919434 -4.659607887268066 0.8995
Car 1 1 1 383.6895751953125 187.93594360351562 494.7151184082031 260.9156799316406 3.8680615425109863 1.4677751064300537 1.6695250272750854 -3.992274045944214 1.869254469871521 17.269935607910156 -4.690738201141357 0.8908
Car 1 1 1 646.5194702148438 179.3155059814453 688.8001708984375 214.46022033691406 3.4793851375579834 1.5344631671905518 1.6169191598892212 2.725120782852173 1.8557442426681519 34.04881286621094 -7.663737773895264 0.8755
Car 1 1 1 733.4673461914062 172.73733520507812 819.9795532226562 225.0929412841797 4.531861305236816 1.474557876586914 1.7126842737197876 5.036857604980469 1.470971941947937 22.59827995300293 -4.6996049880981445 0.8616
Car 1 1 1 725.7501220703125 172.86282348632812 850.623046875 212.2786407470703 4.292316436767578 1.4098445177078247 1.6147984266281128 6.48370361328125 1.4098834991455078 26.78084373474121 -6.205219745635986 0.8187
Car 1 1 1 0.0 202.46920776367188 251.6734619140625 374.0 4.163527965545654 1.5729830265045166 1.6585441827774048 -4.373712539672852 1.8700981140136719 5.123239517211914 -4.765578746795654 0.7987
Car 1 1 1 447.464599609375 181.5828399658203 530.4603271484375 238.25201416015625 3.8913018703460693 1.627140760421753 1.5965179204940796 -3.8637747764587402 1.9341871738433838 23.37445640563965 -4.585148811340332 0.7886
Car 1 1 1 1089.1146240234375 107.30349731445312 1241.0 215.6263427734375 4.215488433837891 1.8148244619369507 1.7444288730621338 11.245185852050781 0.716301441192627 12.967110633850098 -6.2801642417907715 0.6668
Car 1 1 1 499.820068359375 185.0735321044922 555.509521484375 225.00550842285156 3.7914607524871826 1.4649159908294678 1.50043523311615 -3.3555924892425537 1.9996778964996338 29.63240623474121 -4.611085891723633 0.6568
Car 1 1 1 519.7586059570312 181.10537719726562 560.1547241210938 215.75205993652344 3.9459733963012695 1.511608600616455 1.6380701065063477 -3.3268139362335205 1.9277231693267822 34.421104431152344 -4.736421585083008 0.5653
Car 1 1 1 656.8131713867188 177.63827514648438 710.3506469726562 207.01414489746094 3.623927354812622 1.4579176902770996 1.5804054737091064 3.925015926361084 1.725447177886963 38.42209243774414 -7.363022327423096 0.5041
Car 1 1 1 666.8070678710938 176.69322204589844 728.5179443359375 204.2413787841797 3.248948574066162 1.529984951019287 1.5674160718917847 5.068565368652344 1.7628083229064941 42.17174530029297 -2.448045492172241 0.3937
Pedestrian 1 1 1 245.49752807617188 174.19076538085938 279.627197265625 233.93994140625 0.7692134380340576 1.6513103246688843 0.5613704919815063 -9.846034049987793 1.689481258392334 20.36227798461914 -4.644163608551025 0.3056
Pedestrian 1 1 1 465.6758728027344 172.03433227539062 482.21868896484375 202.33401489257812 0.8995800018310547 1.7398033142089844 0.5675666332244873 -7.907339572906494 1.692438006401062 41.76118850708008 -3.249539375305176 0.2935
Car 1 1 1 509.74395751953125 180.32373046875 574.0921630859375 205.60804748535156 3.9171104431152344 1.5672848224639893 1.6668506860733032 -4.50499153137207 2.0785605907440186 47.605411529541016 -3.756165027618408 0.2284
Car 1 1 1 383.9620666503906 181.05421447753906 421.2298889160156 204.4495086669922 3.573866367340088 1.5255591869354248 1.6412642002105713 -14.540459632873535 2.1199898719787598 50.37547302246094 -8.392064094543457 0.2252
Pedestrian 1 1 1 424.88232421875 162.3653564453125 443.0040283203125 200.77809143066406 0.8000398874282837 1.845990538597107 0.5935370326042175 -8.582419395446777 1.3416407108306885 35.02439498901367 -6.423103332519531 0.1816
Cyclist 1 1 1 315.6501159667969 155.78323364257812 366.3108825683594 213.5963897705078 1.582116723060608 1.7599678039550781 0.5418628454208374 -8.526785850524902 1.2399940490722656 22.797557830810547 -4.285730361938477 0.1597
Car 1 1 1 619.4684448242188 177.7771759033203 669.1123657226562 196.4374542236328 3.955237627029419 1.5289076566696167 1.6434297561645508 2.8880183696746826 1.953848123550415 61.05530548095703 -2.9017651081085205 0.1429
Pedestrian 1 1 1 325.9610290527344 177.74313354492188 345.5125427246094 217.30322265625 0.5819256901741028 1.563692569732666 0.5406123995780945 -11.027169227600098 1.7613203525543213 28.90316390991211 -4.650819301605225 0.1357
Car 1 1 1 440.4436950683594 175.69094848632812 491.195068359375 198.42767333984375 3.8709726333618164 1.5163342952728271 1.6308058500289917 -10.119044303894043 1.7238082885742188 50.744300842285156 -7.464206218719482 0.1296
Car 1 1 1 709.7188720703125 169.20458984375 736.3079833984375 191.38587951660156 4.027373790740967 1.6176923513412476 1.6284048557281494 8.582764625549316 1.3512378931045532 54.77419662475586 -7.605383396148682 0.1200
Pedestrian 1 1 1 0.0 166.56236267089844 52.50798416137695 286.2938537597656 0.5852185487747192 1.6524468660354614 0.590114176273346 -8.5335693359375 1.5653142929077148 10.292922973632812 -2.99438738822937 0.1156
Pedestrian 1 1 1 125.23424530029297 153.80831909179688 152.1162567138672 207.6780548095703 0.5014614462852478 1.8194665908813477 0.6623792052268982 -16.182159423828125 1.1758930683135986 24.710445404052734 -5.024384498596191 0.1126
Car 1 1 1 328.4881286621094 179.9520721435547 376.46392822265625 203.74734497070312 4.023408889770508 1.547731637954712 1.4880304336547852 -17.909570693969727 2.062502861022949 50.26839828491211 -4.584771156311035 0.1102
Car 1 1 1 403.1816711425781 183.757080078125 429.0519104003906 205.5600128173828 3.730165719985962 1.5429855585098267 1.6047407388687134 -14.865320205688477 2.4061641693115234 55.116310119628906 -5.057406425476074 0.1101
Pedestrian 1 1 1 309.4095458984375 167.91159057617188 331.0948181152344 211.36927795410156 0.6411497592926025 1.7258681058883667 0.6267194747924805 -11.679094314575195 1.5292863845825195 28.985218048095703 -7.88535737991333 0.1055
Pedestrian 1 1 1 506.9678649902344 176.35040283203125 519.807373046875 201.4781951904297 0.8752118349075317 1.7568706274032593 0.5740367770195007 -6.849119663238525 2.004983901977539 50.90592956542969 -6.456515789031982 0.1013
