Car 1 1 1 517.565673828125 178.69419860839844 556.009765625 206.7126922607422 4.513487339019775 1.4591273069381714 1.6644785404205322 -4.116011619567871 1.8073137998580933 40.7875862121582 -4.700039863586426 0.9180
Car 1 1 1 25.492786407470703 178.5074920654297 144.52931213378906 222.76268005371094 4.211075782775879 1.6117517948150635 1.5345693826675415 -20.958364486694336 1.8553342819213867 28.976573944091797 -4.649850368499756 0.9145
Car 1 1 1 399.45220947265625 182.05474853515625 486.4942932128906 250.28184509277344 3.341620445251465 1.500390648841858 1.4821772575378418 -4.119053840637207 1.751336932182312 18.013174057006836 -4.739022254943848 0.9108
Car 1 1 1 577.6083984375 175.58892822265625 626.8908081054688 223.22372436523438 4.468009948730469 1.5827968120574951 1.630221962928772 -0.25513678789138794 1.6914697885513306 26.491966247558594 -7.823709964752197 0.8946
Car 1 1 1 216.5432891845703 180.34112548828125 281.10052490234375 208.431640625 4.186014175415039 1.465645670890808 1.626656174659729 -20.404977798461914 1.9113867282867432 40.87773895263672 -4.730612754821777 0.8527
Car 1 1 1 137.84896850585938 181.0263214111328 223.0195770263672 214.6106414794922 4.125274181365967 1.5055478811264038 1.7379497289657593 -21.003864288330078 1.9297828674316406 35.416690826416016 -4.7158732414245605 0.8470
Cyclist 1 1 1 965.9524536132812 185.9082794189453 1008.2290649414062 244.1872100830078 1.5754672288894653 1.6550672054290771 0.32736656069755554 11.242074966430664 2.060880661010742 21.64781379699707 -7.940244197845459 0.6543
Car 1 1 1 0.0 183.06350708007812 26.878137588500977 237.72305297851562 4.073735237121582 1.5019344091415405 1.5820716619491577 -20.75572967529297 1.851149320602417 22.6474666595459 -4.734444618225098 0.5752
Car 1 1 1 822.1038208007812 170.7992401123047 882.552734375 191.3556365966797 4.028581619262695 1.5043855905532837 1.6529245376586914 18.0190486907959 1.3537101745605469 53.87244415283203 -3.0182785987854004 0.5066
Pedestrian 1 1 1 1090.2247314453125 142.17269897460938 1108.35205078125 187.61065673828125 0.4155941903591156 1.9089232683181763 0.6131633520126343 20.75067710876465 0.6196515560150146 30.664833068847656 -4.054868221282959 0.3493
Cyclist 1 1 1 1028.6143798828125 188.6061248779297 1060.4052734375 236.0789031982422 1.5230796337127686 1.6276395320892334 0.35713425278663635 15.610513687133789 2.2124762535095215 26.02767562866211 -7.759908199310303 0.2852
Cyclist 1 1 1 5.57230806350708 182.89952087402344 41.8124885559082 228.3182373046875 1.8541501760482788 1.6620513200759888 0.5142042636871338 -22.600040435791016 2.0619547367095947 27.786678314208984 -5.066803932189941 0.2522
Car 1 1 1 755.05517578125 187.40541076660156 789.085693359375 210.75930786132812 3.9984359741210938 1.6396214962005615 1.6429048776626587 12.318593978881836 2.7926838397979736 55.17758560180664 -4.728720188140869 0.2378
Pedestrian 1 1 1 782.0836181640625 139.29824829101562 851.16845703125 285.8200988769531 0.8541369438171387 1.881626844406128 0.48695528507232666 2.7311251163482666 1.450405478477478 9.721315383911133 -3.807882785797119 0.2102
Car 1 1 1 701.7759399414062 182.3644561767578 729.5072021484375 202.3377227783203 4.235017776489258 1.5660392045974731 1.6047037839889526 8.828946113586426 2.3946378231048584 60.74835205078125 -4.739459037780762 0.2080
Pedestrian 1 1 1 1060.7955322265625 139.10299682617188 1082.6375732421875 189.25546264648438 0.5021910667419434 2.073047637939453 0.7277003526687622 19.2852840423584 0.6776528358459473 30.215219497680664 -7.3750433921813965 0.1980
Car 1 1 1 1086.599609375 190.68055725097656 1241.0 249.2769775390625 4.054931163787842 1.5183157920837402 1.7597509622573853 16.663043975830078 2.1117730140686035 21.986724853515625 -7.832544803619385 0.1737
Car 1 1 1 1007.9605712890625 195.4661865234375 1116.9615478515625 229.17454528808594 4.091833591461182 1.4984883069992065 1.6649305820465088 21.31348991394043 2.5966968536376953 34.161705017089844 -3.1128716468811035 0.1550
Cyclist 1 1 1 891.8408813476562 172.15011596679688 905.349365234375 197.08375549316406 1.5625311136245728 1.6824381351470947 0.33032578229904175 19.747915267944336 1.634641170501709 49.471458435058594 -7.833110332489014 0.1490
Car 1 1 1 1126.4776611328125 197.76199340820312 1238.1014404296875 231.0773468017578 3.9874792098999023 1.487131953239441 1.6874157190322876 27.142704010009766 2.702439546585083 34.35390090942383 -3.149764060974121 0.1295
Car 1 1 1 0.0 180.31607055664062 87.77360534667969 213.85821533203125 3.8350682258605957 1.527872085571289 1.5721327066421509 -28.00058937072754 1.9161655902862549 35.6490592956543 -4.722845077514648 0.1265
Pedestrian 1 1 1 944.5508422851562 174.67044067382812 957.6444702148438 206.2191162109375 0.6264994144439697 1.8362784385681152 0.6473355293273926 20.050395965576172 1.9440484046936035 42.48793411254883 -5.725638389587402 0.1256
Pedestrian 1 1 1 1031.503173828125 185.07254028320312 1051.341064453125 221.84262084960938 0.8031380772590637 1.8110129833221436 0.7768011689186096 21.72601318359375 2.436289072036743 36.41485595703125 -5.818810939788818 0.1204
Car 1 1 1 130.533935546875 178.0902099609375 183.25567626953125 198.97996520996094 4.018552780151367 1.4745277166366577 1.601287841796875 -33.87095642089844 1.8810627460479736 54.00994110107422 -7.910223484039307 0.1112
Pedestrian 1 1 1 936.5159912109375 189.9462127685547 955.6295166015625 228.53738403320312 0.800346851348877 1.749274492263794 0.7774378657341003 15.648126602172852 2.559389352798462 33.68964385986328 -5.8462347984313965 0.1070
