Car 1 1 1 438.8224792480469 192.36761474609375 515.2124633789062 267.1237487792969 3.614917039871216 1.6016756296157837 1.6496517658233643 -3.3294639587402344 2.1481213569641113 18.330236434936523 -4.8211164474487305 0.9342
Car 1 1 1 476.96734619140625 198.16497802734375 533.22802734375 246.84396362304688 3.7060422897338867 1.471276044845581 1.6268128156661987 -3.7035562992095947 2.4373722076416016 25.660371780395508 -4.758574485778809 0.8055
Cyclist 1 1 1 586.8112182617188 183.5758056640625 601.2089233398438 217.9200897216797 1.6763930320739746 1.7203902006149292 0.3712713420391083 -0.8787292242050171 2.290628671646118 37.53718948364258 -8.10887622833252 0.3076
Cyclist 1 1 1 605.558349609375 189.06549072265625 627.9382934570312 240.2366180419922 1.6455098390579224 1.640212059020996 0.5527945160865784 0.1699373424053192 2.209831953048706 24.51605796813965 -4.831741809844971 0.2617
Car 1 1 1 1041.4525146484375 162.2095947265625 1241.0 354.6576232910156 3.9068856239318848 1.595293402671814 1.609989047050476 6.952886581420898 1.5067569017410278 8.044681549072266 -4.886837005615234 0.2246
Car 1 1 1 528.168212890625 178.56631469726562 584.7815551757812 200.58924865722656 4.032715320587158 1.6032551527023315 1.6796754598617554 -4.114049434661865 2.05541729927063 55.315834045410156 -3.7451863288879395 0.1927
Cyclist 1 1 1 723.8684692382812 100.883056640625 851.9526977539062 341.6121826171875 1.772780418395996 1.9684271812438965 0.4799835979938507 1.5491704940795898 1.3796253204345703 6.815532207489014 -8.041093826293945 0.1704
Pedestrian 1 1 1 604.30419921875 141.21434020996094 644.9967041015625 227.423095703125 0.9161481857299805 1.9035725593566895 0.7472834587097168 0.27138108015060425 1.2046386003494263 16.454641342163086 -4.909545421600342 0.1516
Car 1 1 1 526.0115356445312 182.1761016845703 559.2857055664062 213.75277709960938 4.342686653137207 1.626839280128479 1.723230004310608 -3.8903391361236572 2.1825547218322754 40.77301788330078 -4.839415550231934 0.1515
Car 1 1 1 0.0 189.0581512451172 63.65676498413086 374.0 4.042924880981445 1.5671547651290894 1.6337826251983643 -5.929688930511475 1.7270697355270386 5.005027770996094 -4.879143238067627 0.1359
