Car 1 1 1 588.697021484375 190.66302490234375 626.9364624023438 226.76119995117188 4.06637716293335 1.4650393724441528 1.6596401929855347 -0.11058219522237778 2.3382115364074707 33.344764709472656 -4.698860168457031 0.6630
Pedestrian 1 1 1 585.2133178710938 170.45152282714844 599.1159057617188 196.19223022460938 0.9709334373474121 1.8674381971359253 0.5170849561691284 -1.3336000442504883 1.6928426027297974 52.65920639038086 -3.257716655731201 0.4135
Pedestrian 1 1 1 560.8173217773438 173.01519775390625 585.865234375 220.5496368408203 0.7326499819755554 1.7347111701965332 0.605333685874939 -1.40325129032135 1.740484595298767 26.76068878173828 -5.861088752746582 0.3939
Pedestrian 1 1 1 473.45086669921875 189.76580810546875 502.79144287109375 264.6888427734375 0.7174039483070374 1.452857255935669 0.5363538265228271 -2.523362398147583 1.804146409034729 14.588902473449707 -4.948830604553223 0.2813
Pedestrian 1 1 1 480.07781982421875 181.0969696044922 514.1173095703125 252.4202117919922 0.59913569688797 1.639556884765625 0.6078674793243408 -2.713627576828003 1.838214635848999 17.043933868408203 -2.8776614665985107 0.2765
Pedestrian 1 1 1 572.32763671875 169.14266967773438 584.5491943359375 211.71755981445312 0.3361731171607971 1.7632312774658203 0.4906868040561676 -1.362191081047058 1.609226942062378 30.17308235168457 -2.75311541557312 0.2328
Pedestrian 1 1 1 371.1462097167969 143.71652221679688 452.290283203125 308.090087890625 0.7917842864990234 1.8895595073699951 0.6659248471260071 -2.442288637161255 1.5543091297149658 8.746975898742676 -4.51890754699707 0.1909
Pedestrian 1 1 1 582.3567504882812 170.21194458007812 587.0971069335938 203.27743530273438 0.22357164323329926 1.756775140762329 0.42129096388816833 -1.3882273435592651 1.6161020994186401 38.55006790161133 -3.1044509410858154 0.1791
Pedestrian 1 1 1 551.2894287109375 165.34292602539062 577.6288452148438 221.59947204589844 1.0813913345336914 1.7808644771575928 0.7007097005844116 -1.516135811805725 1.5427929162979126 23.409875869750977 -4.626408100128174 0.1568
Pedestrian 1 1 1 576.457275390625 169.80276489257812 586.3977661132812 206.9530487060547 0.3716958463191986 1.7090364694595337 0.5698654651641846 -1.36648428440094 1.568369746208191 33.49944305419922 -6.1553263664245605 0.1535
Car 1 1 1 0.0 184.8548126220703 218.27615356445312 372.2873229980469 4.052071571350098 1.5251106023788452 1.6400569677352905 -6.369636535644531 1.6716119050979614 7.437580585479736 -2.83770751953125 0.1512
Pedestrian 1 1 1 929.9918823242188 160.0433807373047 986.62109375 265.7466735839844 0.5371060371398926 1.7651041746139526 0.7023927569389343 5.886202335357666 1.5508838891983032 12.32776927947998 -4.742640018463135 0.1456
Car 1 1 1 574.6885375976562 173.6477508544922 603.8726196289062 193.7687225341797 3.696460008621216 1.5893936157226562 1.6504017114639282 -1.7567445039749146 1.6563472747802734 59.14421081542969 -8.094084739685059 0.1308
Pedestrian 1 1 1 0.0 165.83641052246094 67.183349609375 287.28057861328125 0.5140666365623474 1.7319159507751465 0.733529806137085 -8.559113502502441 1.6315381526947021 10.560182571411133 -7.817246913909912 0.1269
Pedestrian 1 1 1 405.9430236816406 155.4996795654297 490.7708740234375 330.9105529785156 0.834660530090332 1.7727034091949463 0.5580939650535583 -1.7872525453567505 1.5970205068588257 7.685065269470215 -6.593648433685303 0.1252
Pedestrian 1 1 1 692.2628173828125 173.36627197265625 703.1657104492188 196.10653686523438 0.8063926696777344 1.810267448425293 0.519212543964386 7.001598358154297 1.8512588739395142 57.80674743652344 -2.889647960662842 0.1163
Pedestrian 1 1 1 456.96514892578125 165.82284545898438 488.11981201171875 247.5072784423828 0.6116699576377869 1.7386075258255005 0.6255314946174622 -3.054492473602295 1.588653564453125 15.733213424682617 -4.971149921417236 0.1130
Pedestrian 1 1 1 517.8223876953125 167.5010986328125 555.6075439453125 243.39305114746094 0.6700316071510315 1.784751296043396 0.6306751370429993 -1.8224403858184814 1.658566951751709 17.428483963012695 -5.46638298034668 0.1122
Pedestrian 1 1 1 931.7662353515625 154.0674591064453 980.4888305664062 251.4380340576172 0.5411955118179321 1.7364307641983032 0.6522011160850525 6.278453350067139 1.401106357574463 13.22152328491211 -3.2530813217163086 0.1044
Pedestrian 1 1 1 739.7233276367188 179.36666870117188 759.9640502929688 220.14547729492188 0.7510939836502075 1.698882818222046 0.5571495890617371 5.850995063781738 1.9758450984954834 30.43419075012207 -6.269585132598877 0.1030
Car 1 1 1 596.1815185546875 178.2397918701172 619.8294677734375 197.53517150878906 3.8203072547912598 1.5450857877731323 1.624224066734314 -0.1633700281381607 2.0138611793518066 60.86256408691406 -4.6153059005737305 0.1027
