Car 1 1 1 233.14515686035156 200.8626251220703 469.79522705078125 358.23480224609375 4.145353317260742 1.4526578187942505 1.6331837177276611 -3.1105453968048096 1.9006351232528687 9.473496437072754 -4.714865684509277 0.9573
Car 1 1 1 0.0 199.7710723876953 282.0296936035156 373.7922058105469 3.650465250015259 1.4894465208053589 1.550654411315918 -5.514186859130859 1.8791776895523071 8.602030754089355 -4.750034809112549 0.9291
Car 1 1 1 657.7079467773438 184.38462829589844 766.0548706054688 227.02359008789062 4.010052680969238 1.6027188301086426 1.7245521545410156 3.9236977100372314 2.0730655193328857 28.534114837646484 -6.31061315536499 0.8826
Cyclist 1 1 1 945.3854370117188 187.89883422851562 1201.3065185546875 374.0 1.742487907409668 1.5595835447311401 0.5805257558822632 3.8068652153015137 1.6965782642364502 6.141501426696777 -2.959739923477173 0.8261
Car 1 1 1 481.38592529296875 189.8301544189453 549.76806640625 244.96678161621094 4.079279899597168 1.5355427265167236 1.650905966758728 -3.0141236782073975 2.134016275405884 23.402484893798828 -4.703132152557373 0.8188
Car 1 1 1 626.9987182617188 185.11639404296875 695.7512817382812 214.574462890625 3.927199602127075 1.6434504985809326 1.7190322875976562 3.0024757385253906 2.3803842067718506 42.27643585205078 -6.154990196228027 0.7758
Car 1 1 1 530.8787841796875 185.8089599609375 568.3045654296875 221.63629150390625 3.6848249435424805 1.6054438352584839 1.533882975578308 -2.9654951095581055 2.275763988494873 35.50798034667969 -4.711925983428955 0.7202
Pedestrian 1 1 1 876.038818359375 149.1222686767578 954.5780639648438 287.0257568359375 0.8130359053611755 1.8289377689361572 0.6682159900665283 4.1230340003967285 1.5138969421386719 9.921952247619629 -3.095207452774048 0.4200
Pedestrian 1 1 1 1189.4415283203125 161.6116485595703 1241.0 259.70135498046875 0.6530001759529114 1.5832966566085815 0.5787594318389893 10.12916374206543 1.4015302658081055 11.990903854370117 -3.325979709625244 0.4149
Cyclist 1 1 1 1041.014892578125 175.8061065673828 1241.0 374.0 1.6455599069595337 1.4947006702423096 0.5811489820480347 3.817628860473633 1.5155935287475586 4.843381881713867 -3.1979103088378906 0.3989
Car 1 1 1 275.9388732910156 195.15806579589844 417.41912841796875 275.76226806640625 4.202576637268066 1.401145339012146 1.619264006614685 -5.61996603012085 1.9552409648895264 15.822965621948242 -4.72554874420166 0.3884
Car 1 1 1 645.42529296875 184.88775634765625 736.9660034179688 219.35296630859375 4.232890605926514 1.5557994842529297 1.6938141584396362 3.819758653640747 2.1476597785949707 34.41804885864258 -6.166502952575684 0.3764
Car 1 1 1 354.0224304199219 188.4752197265625 437.9866027832031 245.74159240722656 3.651862144470215 1.3823796510696411 1.4819859266281128 -5.962925434112549 1.862093448638916 20.304033279418945 -4.773221015930176 0.3231
Car 1 1 1 744.0379638671875 172.25294494628906 846.1104125976562 209.35855102539062 3.9855260848999023 1.547555923461914 1.658992052078247 7.843560695648193 1.5221879482269287 30.997095108032227 -6.245460510253906 0.2908
Car 1 1 1 554.0104370117188 176.73069763183594 578.9346313476562 205.50624084472656 4.0983500480651855 1.9535715579986572 1.6896895170211792 -3.181478261947632 2.242206573486328 51.665733337402344 -4.794547080993652 0.2868
Pedestrian 1 1 1 666.9432373046875 154.22535705566406 679.5413208007812 188.20030212402344 0.7920123934745789 1.8428635597229004 0.6388015151023865 3.4242217540740967 0.8321114182472229 39.54127502441406 -7.8293776512146 0.2736
Pedestrian 1 1 1 0.0 233.24795532226562 59.57297897338867 374.0 0.6179559230804443 1.1687835454940796 0.36034339666366577 -4.931439399719238 1.6842732429504395 5.848719120025635 -4.738137245178223 0.2093
Car 1 1 1 686.1084594726562 171.566650390625 752.0994262695312 191.0168914794922 4.770829200744629 1.4422404766082764 1.6810804605484009 8.160725593566895 1.3464831113815308 54.44597625732422 -3.097982883453369 0.1836
Cyclist 1 1 1 829.896728515625 187.73768615722656 935.5736694335938 281.8035583496094 1.5780372619628906 1.5357909202575684 0.5501618385314941 4.530389308929443 1.7929333448410034 12.178196907043457 -3.1761696338653564 0.1757
Pedestrian 1 1 1 377.5074157714844 152.64871215820312 394.03851318359375 194.98446655273438 0.5327485799789429 1.8307031393051147 0.6271957755088806 -9.833796501159668 0.9566764831542969 31.517620086669922 -8.02757740020752 0.1667
Pedestrian 1 1 1 795.1807250976562 168.13963317871094 814.4619750976562 205.1980438232422 0.8104535341262817 1.7814264297485352 0.5704290866851807 9.405327796936035 1.554503083229065 35.000125885009766 -6.206970691680908 0.1648
Pedestrian 1 1 1 1140.6142578125 141.75973510742188 1197.8502197265625 224.78175354003906 0.8333994746208191 1.7961580753326416 0.6429339647293091 12.363519668579102 1.1231423616409302 16.041410446166992 -4.666050434112549 0.1545
Pedestrian 1 1 1 872.0870971679688 146.67037963867188 903.6932373046875 208.8958740234375 0.8107513785362244 1.878767967224121 0.6552578806877136 8.489933013916016 1.0879088640213013 22.193126678466797 -4.719860076904297 0.1514
Car 1 1 1 413.58612060546875 174.19349670410156 530.1879272460938 267.7530822753906 4.380016803741455 1.82925546169281 1.78369140625 -3.0083260536193848 1.8634134531021118 16.365774154663086 -4.7061076164245605 0.1418
Pedestrian 1 1 1 731.6229858398438 187.61199951171875 743.2086181640625 213.6504364013672 0.5808600187301636 1.728462815284729 0.6803842782974243 8.592193603515625 2.735930919647217 48.83246994018555 -5.773223400115967 0.1413
Pedestrian 1 1 1 897.2411499023438 142.46018981933594 929.4155883789062 205.37213134765625 0.6510470509529114 1.9596320390701294 0.6797600388526917 9.572524070739746 1.012601375579834 22.89537239074707 -5.052849769592285 0.1268
Car 1 1 1 743.1865844726562 183.61929321289062 816.7582397460938 240.643798828125 3.6018638610839844 1.4095197916030884 1.5636539459228516 4.6630635261535645 1.7416385412216187 20.410476684570312 -7.754441738128662 0.1231
Pedestrian 1 1 1 1056.277099609375 125.14176940917969 1118.1376953125 254.62391662597656 0.53811115026474 1.8430414199829102 0.5537427663803101 6.967665195465088 1.1636083126068115 10.629186630249023 -3.5350077152252197 0.1129
Cyclist 1 1 1 815.3389282226562 184.83438110351562 901.5076293945312 262.65606689453125 1.5745964050292969 1.5526398420333862 0.5519409775733948 5.019176006317139 1.802552580833435 14.777462005615234 -3.1620054244995117 0.1114
Cyclist 1 1 1 677.168701171875 149.80247497558594 703.1477661132812 190.61630249023438 1.5152878761291504 1.7425798177719116 0.5605111718177795 3.4577667713165283 0.7580760717391968 31.613677978515625 -5.0224833488464355 0.1012
Pedestrian 1 1 1 662.307373046875 193.84861755371094 680.7421875 238.70223999023438 0.4905686378479004 1.3308608531951904 0.47651350498199463 1.818070411682129 1.9763457775115967 21.926719665527344 -4.810551643371582 0.1005
