Car 1 1 1 174.40866088867188 193.91783142089844 317.44183349609375 264.25390625 4.1824445724487305 1.4497753381729126 1.6551847457885742 -9.058236122131348 2.044769287109375 18.268030166625977 -4.7537522315979 0.9522
Car 1 1 1 412.6287536621094 182.94602966308594 461.6795654296875 213.5138702392578 4.305563926696777 1.5120339393615723 1.6972945928573608 -9.375313758850098 2.0914769172668457 39.28462600708008 -4.726541519165039 0.8309
Car 1 1 1 587.8301391601562 176.4756622314453 615.5319213867188 200.42361450195312 3.6093573570251465 1.4900543689727783 1.5897516012191772 -0.5447907447814941 1.736406683921814 47.29618835449219 -7.80136251449585 0.5286
Car 1 1 1 469.729736328125 179.69052124023438 502.078369140625 197.9721221923828 4.061290264129639 1.4613889455795288 1.5457161664962769 -10.538987159729004 2.062753915786743 61.3818244934082 -4.571701526641846 0.4207
Pedestrian 1 1 1 131.01219177246094 173.7404327392578 148.695556640625 200.07183837890625 0.9797039031982422 1.8769071102142334 0.4743126928806305 -33.80568313598633 1.9407694339752197 51.84232711791992 -3.47672963142395 0.3747
Car 1 1 1 342.6689147949219 186.8103790283203 432.8526916503906 237.3915557861328 4.198066234588623 1.4226722717285156 1.6362297534942627 -7.172830581665039 1.9187161922454834 23.557781219482422 -4.707577705383301 0.2609
Car 1 1 1 424.4988098144531 177.0286407470703 478.34686279296875 211.9312286376953 4.211122512817383 1.4985257387161255 1.673919677734375 -7.3493218421936035 1.7049810886383057 33.61112594604492 -4.735228538513184 0.2229
Car 1 1 1 381.7165222167969 187.5589599609375 410.9613037109375 207.22177124023438 4.101668357849121 1.523886799812317 1.654929518699646 -18.111000061035156 2.8146169185638428 61.22294998168945 -4.8151140213012695 0.2187
Car 1 1 1 574.55078125 177.84304809570312 594.5465087890625 194.54750061035156 3.6323952674865723 1.5101133584976196 1.5662411451339722 -2.4014925956726074 1.9941864013671875 68.19495391845703 -7.797954082489014 0.1899
Car 1 1 1 923.7312622070312 171.23532104492188 1143.658203125 250.44053649902344 3.8529393672943115 1.4436129331588745 1.5893669128417969 8.400298118591309 1.4138106107711792 14.454005241394043 -6.567460536956787 0.1642
Car 1 1 1 250.07437133789062 187.12393188476562 282.59478759765625 204.41136169433594 4.181150436401367 1.4867619276046753 1.6527109146118164 -32.2987060546875 2.8721954822540283 67.87263488769531 -4.871152877807617 0.1619
Pedestrian 1 1 1 668.5440673828125 159.7891845703125 692.11376953125 199.12533569335938 0.9894196391105652 1.8692269325256348 0.5601471662521362 3.35137677192688 1.2480957508087158 34.82110595703125 -5.576950550079346 0.1415
Pedestrian 1 1 1 198.96011352539062 173.34652709960938 217.67633056640625 200.01876831054688 1.0083647966384888 1.8526264429092407 0.5393974184989929 -28.09709930419922 1.8869433403015137 50.421058654785156 -3.1883163452148438 0.1414
Car 1 1 1 459.5397644042969 177.33042907714844 501.95404052734375 203.478759765625 3.844666004180908 1.4881659746170044 1.5981721878051758 -7.813742637634277 1.7714289426803589 43.724693298339844 -4.629831314086914 0.1407
Pedestrian 1 1 1 988.523681640625 149.1761474609375 1038.91162109375 224.8957977294922 0.9058768153190613 1.7873886823654175 0.6245115995407104 9.680883407592773 1.2281649112701416 17.418190002441406 -2.9673690795898438 0.1301
Pedestrian 1 1 1 148.189453125 173.09426879882812 163.2249755859375 196.5299530029297 0.9019126296043396 1.872032880783081 0.5030859708786011 -36.52614212036133 1.891149640083313 57.976234436035156 -6.475805282592773 0.1297
Cyclist 1 1 1 713.2551879882812 173.31341552734375 722.8795166015625 199.75669860839844 1.5072609186172485 1.608548641204834 0.3207579255104065 6.651447296142578 1.6371772289276123 44.67619323730469 -7.8874335289001465 0.1187
Pedestrian 1 1 1 1146.56103515625 165.76846313476562 1161.5472412109375 199.63743591308594 0.40563154220581055 1.7557635307312012 0.48833855986595154 28.392601013183594 1.3881504535675049 37.708839416503906 -3.547456741333008 0.1092
Pedestrian 1 1 1 1034.5625 137.96307373046875 1063.928466796875 206.28445434570312 0.7886285185813904 1.9380615949630737 0.6365938186645508 12.721385955810547 0.9480164051055908 20.974475860595703 -4.0415120124816895 0.1005
