Car 1 1 1 1053.8631591796875 179.1033477783203 1213.6842041015625 262.2716979980469 3.733159303665161 1.4484144449234009 1.6291967630386353 10.612234115600586 1.590165615081787 14.617444038391113 -6.938640117645264 0.9017
Car 1 1 1 577.6646118164062 167.0654296875 904.32763671875 341.6092224121094 3.3726375102996826 1.4714674949645996 1.55312979221344 1.430057168006897 1.422367811203003 7.713210582733154 -6.923686504364014 0.8921
Car 1 1 1 841.60205078125 172.70346069335938 1081.8509521484375 293.5731506347656 3.7185826301574707 1.445314645767212 1.5472873449325562 5.0699639320373535 1.4432145357131958 10.352156639099121 -3.775197982788086 0.8892
Car 1 1 1 1060.1572265625 171.92129516601562 1202.829345703125 216.21861267089844 3.918891429901123 1.468241572380066 1.4688758850097656 18.55362892150879 1.4370273351669312 25.868837356567383 -8.579410552978516 0.5341
Pedestrian 1 1 1 722.4718627929688 152.38047790527344 754.8978881835938 217.95362854003906 0.8360331654548645 1.8657535314559937 0.7412259578704834 3.6828413009643555 1.2829203605651855 20.975383758544922 -4.7899088859558105 0.3895
Cyclist 1 1 1 1213.626708984375 166.99681091308594 1241.0 210.48825073242188 1.7698168754577637 1.6832172870635986 0.5597347617149353 24.624908447265625 1.4562307596206665 28.61536979675293 -3.6738548278808594 0.3244
Pedestrian 1 1 1 0.0 157.91860961914062 107.72783660888672 374.0 0.6317999362945557 1.7138115167617798 0.6782400608062744 -4.832423686981201 1.5951600074768066 6.101905345916748 -8.081555366516113 0.3183
Pedestrian 1 1 1 250.24612426757812 150.39776611328125 310.16754150390625 261.6620788574219 0.6846522688865662 1.753730297088623 0.6013889908790588 -5.385313034057617 1.399478793144226 11.687816619873047 -6.24041748046875 0.2828
Pedestrian 1 1 1 907.0032958984375 145.29052734375 935.4671020507812 204.4425811767578 0.7246057391166687 1.9008373022079468 0.6387097835540771 10.108844757080078 1.0147918462753296 23.563371658325195 -7.806910991668701 0.2816
Pedestrian 1 1 1 994.63916015625 144.28182983398438 1039.0848388671875 216.38978576660156 0.9072758555412292 1.8809274435043335 0.7014334201812744 10.812884330749512 1.1353260278701782 19.29080581665039 -7.807095050811768 0.2577
Pedestrian 1 1 1 138.71299743652344 163.2262420654297 218.6532745361328 314.1365966796875 0.7130156755447388 1.7099041938781738 0.6045583486557007 -5.216520309448242 1.6005160808563232 8.633127212524414 -5.620081424713135 0.1501
Pedestrian 1 1 1 248.55967712402344 145.80584716796875 326.6864318847656 280.1983337402344 0.8803610801696777 1.8449370861053467 0.5495784282684326 -4.654655456542969 1.473320722579956 10.307234764099121 -5.9550700187683105 0.1404
Cyclist 1 1 1 1045.376708984375 174.679931640625 1075.6776123046875 238.93661499023438 1.5344276428222656 1.5656639337539673 0.4954397976398468 11.436599731445312 1.6140097379684448 18.424575805664062 -4.260542869567871 0.1309
Pedestrian 1 1 1 357.4292907714844 159.66038513183594 412.7253723144531 314.9570007324219 0.6997585296630859 1.783990502357483 0.599825918674469 -2.753521203994751 1.632127046585083 8.701467514038086 -4.959975242614746 0.1199
Car 1 1 1 1204.3126220703125 162.74563598632812 1241.0 194.3074951171875 3.8869283199310303 1.579979419708252 1.6596320867538452 32.919498443603516 1.0736570358276367 37.89561080932617 -6.8773722648620605 0.1040
