Pedestrian 1 1 1 923.5361938476562 163.9105682373047 984.2842407226562 259.50933837890625 0.8719961047172546 1.7415952682495117 0.710845947265625 6.406998634338379 1.5783661603927612 13.592583656311035 -7.88784646987915 0.6137
Pedestrian 1 1 1 557.444091796875 176.41940307617188 588.9223022460938 225.09375 0.8152212500572205 1.5924099683761597 0.6682281494140625 -1.2812880277633667 1.7141811847686768 24.192094802856445 -5.6417341232299805 0.6116
Pedestrian 1 1 1 532.4896240234375 171.71043395996094 559.9478759765625 236.31655883789062 0.6374791860580444 1.7644015550613403 0.6288391947746277 -1.8186676502227783 1.7328709363937378 20.067184448242188 -4.563368797302246 0.5684
Pedestrian 1 1 1 551.77734375 176.84091186523438 573.29052734375 222.6926727294922 0.7371662259101868 1.6763341426849365 0.5865711569786072 -1.8195096254348755 1.8272583484649658 26.913219451904297 -8.262901306152344 0.5058
Pedestrian 1 1 1 725.6826782226562 160.74925231933594 751.625732421875 210.17396545410156 0.9206039309501648 1.876928448677063 0.7595632076263428 4.921947956085205 1.4169447422027588 27.899145126342773 -4.8198747634887695 0.4604
Pedestrian 1 1 1 1074.618896484375 155.11770629882812 1145.9500732421875 268.73956298828125 0.5798810720443726 1.7219390869140625 0.7962362170219421 7.78797721862793 1.452845573425293 11.340862274169922 -3.1140198707580566 0.4505
Pedestrian 1 1 1 538.885986328125 167.34519958496094 570.5068359375 223.69964599609375 0.8488370776176453 1.7745915651321411 0.5985339283943176 -1.817789077758789 1.6008204221725464 23.134567260742188 -2.8347980976104736 0.4124
Pedestrian 1 1 1 624.714599609375 170.20777893066406 639.8549194335938 200.04734802246094 0.8979177474975586 1.8393964767456055 0.542529284954071 1.345319390296936 1.6759754419326782 44.77090835571289 -6.332932949066162 0.3147
Cyclist 1 1 1 766.5088500976562 176.1543731689453 789.2579345703125 219.24722290039062 1.6022706031799316 1.6472926139831543 0.40068790316581726 6.579277515411377 1.7811837196350098 28.522010803222656 -7.93862771987915 0.2235
Cyclist 1 1 1 1030.6209716796875 184.1697998046875 1087.221923828125 276.4712219238281 1.5455750226974487 1.5944634675979614 0.3551698923110962 8.283609390258789 1.8175325393676758 13.450652122497559 -7.671254634857178 0.1983
Car 1 1 1 700.9801025390625 183.27272033691406 842.2672729492188 233.69541931152344 4.035649299621582 1.4429126977920532 1.6312729120254517 4.991343021392822 1.7884626388549805 22.582473754882812 -6.579310894012451 0.1976
Car 1 1 1 627.7550659179688 177.4799041748047 663.9171752929688 205.73036193847656 3.493830442428589 1.541777491569519 1.5196651220321655 2.081054210662842 1.8218638896942139 41.86249542236328 -7.631683826446533 0.1818
Pedestrian 1 1 1 739.2315673828125 179.42787170410156 757.8026733398438 210.7155303955078 0.8771311640739441 1.6186925172805786 0.4110412299633026 7.188050746917725 1.9636101722717285 37.658653259277344 -6.3441667556762695 0.1566
Pedestrian 1 1 1 513.2101440429688 173.64956665039062 539.0306396484375 233.3899688720703 0.5949960350990295 1.7009044885635376 0.6032261848449707 -2.4740381240844727 1.72402024269104 20.894556045532227 -4.5509490966796875 0.1410
Pedestrian 1 1 1 586.633544921875 174.63572692871094 598.5328979492188 196.5323486328125 0.7731970548629761 1.7121217250823975 0.6447339653968811 -1.4028562307357788 1.8534592390060425 56.92359161376953 -6.631474494934082 0.1360
Cyclist 1 1 1 759.1260986328125 178.8508758544922 771.3731079101562 217.19891357421875 1.5667798519134521 1.6001458168029785 0.3839302062988281 6.6544976234436035 1.8654805421829224 31.159536361694336 -7.72739839553833 0.1335
Car 1 1 1 1143.894287109375 177.1969757080078 1241.0 345.1638488769531 4.184157371520996 1.5533223152160645 1.6486304998397827 8.871723175048828 1.6191432476043701 8.883301734924316 -7.841787815093994 0.1330
Pedestrian 1 1 1 1049.6446533203125 158.55282592773438 1110.93115234375 262.6943359375 0.5787003636360168 1.6944918632507324 0.700062096118927 7.814687728881836 1.4614967107772827 12.096955299377441 -3.1179330348968506 0.1292
Pedestrian 1 1 1 719.3134765625 182.86813354492188 736.5835571289062 213.4556427001953 0.8767766952514648 1.5994905233383179 0.4826008975505829 6.203065872192383 2.133413314819336 38.205162048339844 -6.176476001739502 0.1279
Car 1 1 1 583.040283203125 177.7119598388672 606.4095458984375 194.4093780517578 3.931533098220825 1.4880974292755127 1.5222424268722534 -1.4216870069503784 1.9565532207489014 67.56307983398438 -4.556760787963867 0.1250
Cyclist 1 1 1 1061.645751953125 146.1036376953125 1134.1185302734375 234.88381958007812 1.655503273010254 1.6459965705871582 0.4104043245315552 9.517922401428223 1.1497414112091064 14.217742919921875 -7.782200336456299 0.1243
Cyclist 1 1 1 528.4413452148438 173.071533203125 546.5914916992188 203.8208465576172 1.7361805438995361 1.6751190423965454 0.5846322178840637 -4.068077087402344 1.6872185468673706 40.22294616699219 -4.5548624992370605 0.1236
Pedestrian 1 1 1 781.1970825195312 173.3158416748047 803.1570434570312 217.9680633544922 0.5921940207481384 1.6751899719238281 0.6692148447036743 6.864138603210449 1.6926151514053345 27.383499145507812 -4.747451305389404 0.1088
Pedestrian 1 1 1 356.9429016113281 157.09878540039062 419.91497802734375 272.910400390625 0.7916089296340942 1.8057585954666138 0.5702638626098633 -3.6122095584869385 1.559800148010254 11.611598014831543 -6.073617458343506 0.1086
Car 1 1 1 667.4910278320312 177.8719940185547 720.6974487304688 214.63043212890625 3.7050464153289795 1.496708631515503 1.5687233209609985 3.7342262268066406 1.73246431350708 31.93487548828125 -7.517529010772705 0.1060
Pedestrian 1 1 1 497.7240905761719 182.147705078125 525.0076293945312 240.31002807617188 0.5961539149284363 1.5545262098312378 0.5668796896934509 -2.745786190032959 1.8131828308105469 19.75121307373047 -4.489093780517578 0.1015
Cyclist 1 1 1 1082.1640625 140.89639282226562 1182.796142578125 250.91708374023438 1.8019453287124634 1.6816606521606445 0.4486252963542938 8.52834701538086 1.1928902864456177 11.941190719604492 -7.795620441436768 0.1002
