Pedestrian 1 1 1 927.433349609375 151.5462188720703 999.5040283203125 297.96112060546875 0.9127219319343567 1.7223174571990967 0.5697695016860962 4.437190055847168 1.3706480264663696 8.951069831848145 -7.6683268547058105 0.8431
Cyclist 1 1 1 10.029653549194336 130.1005096435547 338.6799621582031 373.0 1.662795066833496 1.727574348449707 0.5304152965545654 -2.076826810836792 1.5251789093017578 3.700145721435547 -4.569724082946777 0.6723
Car 1 1 1 608.9342651367188 169.8004913330078 655.5450439453125 200.48162841796875 3.79901385307312 1.3945716619491577 1.551386833190918 1.5297271013259888 0.8630595207214355 34.679344177246094 -7.617605686187744 0.5789
Pedestrian 1 1 1 775.9015502929688 153.13052368164062 808.9821166992188 231.63232421875 0.7799820303916931 1.8251643180847168 0.6966721415519714 4.511773586273193 1.1661195755004883 17.145366668701172 -4.539500713348389 0.5515
Pedestrian 1 1 1 727.9036865234375 150.94786071777344 745.1183471679688 192.5830078125 0.5556862354278564 2.042005777359009 0.7501392960548401 6.690467357635498 0.5437983870506287 35.62571334838867 -7.483480930328369 0.4581
Car 1 1 1 976.7638549804688 168.90902709960938 1115.8831787109375 272.60565185546875 4.249109745025635 1.5003538131713867 1.6430543661117554 7.579757213592529 1.3188308477401733 12.663843154907227 -4.262906551361084 0.4170
Pedestrian 1 1 1 595.0032958984375 156.07061767578125 608.5360107421875 192.44454956054688 0.7835689783096313 1.9517347812652588 0.7004263401031494 0.01644245535135269 0.587431013584137 38.951332092285156 -7.8086066246032715 0.3719
Pedestrian 1 1 1 520.7997436523438 164.18177795410156 538.4893188476562 207.96566772460938 0.8656172156333923 1.72006094455719 0.6897189021110535 -2.8808014392852783 1.0400590896606445 28.679851531982422 -7.936869144439697 0.3662
Cyclist 1 1 1 587.6671142578125 173.86671447753906 598.4493408203125 203.33755493164062 1.7174510955810547 1.6985012292861938 0.48529863357543945 -0.4996574819087982 1.2586946487426758 42.27840805053711 -4.8107171058654785 0.3515
Pedestrian 1 1 1 578.979248046875 156.11463928222656 593.4729614257812 192.4171142578125 0.8121711611747742 1.9461772441864014 0.7488381862640381 -0.8254322409629822 0.5854414105415344 38.92568588256836 -7.827885150909424 0.3196
Pedestrian 1 1 1 10.656454086303711 135.2779998779297 114.62675476074219 284.9349365234375 0.931401252746582 1.8956353664398193 0.6012660264968872 -7.11140251159668 1.3108364343643188 9.441550254821777 -6.189842700958252 0.2944
Pedestrian 1 1 1 385.64697265625 146.9207305908203 421.6170654296875 222.58633422851562 1.1236222982406616 1.9353562593460083 0.8281075358390808 -5.250947952270508 1.0514127016067505 19.00179672241211 -4.897416114807129 0.2684
Car 1 1 1 974.6058349609375 171.8640899658203 1127.9901123046875 217.64828491210938 3.967522144317627 1.4207552671432495 1.5981991291046143 14.597867965698242 1.122187614440918 23.57221221923828 -2.8822226524353027 0.2287
Car 1 1 1 429.4380798339844 179.2310028076172 486.6468505859375 220.31793212890625 3.55922532081604 1.4083129167556763 1.5323737859725952 -5.2275238037109375 1.3309497833251953 26.43093490600586 -4.752604007720947 0.2184
Pedestrian 1 1 1 1068.4866943359375 129.51046752929688 1171.6318359375 285.0997314453125 0.8698427081108093 1.8298949003219604 0.5260462760925293 6.236061096191406 1.2191277742385864 8.734034538269043 -3.088688850402832 0.2105
Pedestrian 1 1 1 524.680908203125 148.80967712402344 548.3871459960938 208.03736877441406 0.9106993675231934 1.9397755861282349 0.7120152711868286 -2.1862916946411133 0.8695579171180725 23.98229217529297 -4.714175701141357 0.1921
Car 1 1 1 1103.9678955078125 151.33575439453125 1237.0 301.0240478515625 4.003516674041748 1.4742040634155273 1.5469716787338257 8.936383247375488 1.177839994430542 9.219261169433594 -5.046901226043701 0.1854
Pedestrian 1 1 1 808.2232055664062 154.08836364746094 942.705322265625 373.0 0.7601873278617859 1.6923879384994507 0.6818550229072571 2.115804433822632 1.4891713857650757 5.751312732696533 -6.47325325012207 0.1678
Car 1 1 1 598.1334838867188 163.97366333007812 629.0436401367188 188.1344451904297 3.80863618850708 1.594925880432129 1.6029325723648071 0.8073884844779968 0.43798184394836426 49.408058166503906 -7.977573871612549 0.1631
Pedestrian 1 1 1 541.7562866210938 163.67640686035156 556.1689453125 196.84603881835938 0.8224960565567017 1.7809709310531616 0.7712042927742004 -2.8586087226867676 0.8241455554962158 39.01126480102539 -7.9370856285095215 0.1616
Pedestrian 1 1 1 744.7061767578125 153.67916870117188 761.9716796875 193.86451721191406 0.5192944407463074 2.035090684890747 0.7807718515396118 7.768096446990967 0.6263818740844727 36.76919937133789 -4.313716888427734 0.1570
Cyclist 1 1 1 666.1296997070312 157.43539428710938 686.9962768554688 197.6134033203125 1.529113531112671 1.7048453092575073 0.5930105447769165 3.2436869144439697 0.6840392351150513 31.272621154785156 -4.820111274719238 0.1553
Pedestrian 1 1 1 898.1644897460938 154.87191772460938 937.8250122070312 232.17578125 0.6702209115028381 1.7714905738830566 0.662988543510437 7.365014553070068 1.1618320941925049 16.820127487182617 -4.638058185577393 0.1519
Pedestrian 1 1 1 469.531494140625 191.0498504638672 486.4786682128906 239.12252807617188 0.4694806635379791 1.2299540042877197 0.4250338673591614 -3.2526743412017822 1.4831758737564087 18.74619483947754 -4.857564926147461 0.1485
Pedestrian 1 1 1 482.7442321777344 137.06996154785156 522.895263671875 225.33856201171875 0.9027978777885437 1.9572675228118896 0.728060781955719 -2.3085033893585205 0.972633957862854 16.47946548461914 -5.074625015258789 0.1365
Cyclist 1 1 1 464.5881042480469 174.7771759033203 481.23614501953125 207.88470458984375 1.8281190395355225 1.7843784093856812 0.7042768597602844 -7.087521076202393 1.4222127199172974 39.65022277832031 -4.775673866271973 0.1334
Car 1 1 1 292.2441101074219 175.76760864257812 394.52496337890625 228.12059020996094 3.6114721298217773 1.4560916423797607 1.5014008283615112 -7.75952672958374 1.2971456050872803 21.8558292388916 -4.603170871734619 0.1233
Car 1 1 1 683.0810546875 166.61106872558594 796.9652099609375 207.2473602294922 4.013012886047363 1.4997820854187012 1.6439303159713745 5.187132358551025 0.9506479501724243 27.3372745513916 -6.284875392913818 0.1171
Pedestrian 1 1 1 419.36895751953125 176.82864379882812 449.4397888183594 230.38978576660156 0.7110356092453003 1.6173396110534668 0.6295861005783081 -5.168969631195068 1.4767426252365112 22.123991012573242 -4.410449028015137 0.1083
Pedestrian 1 1 1 735.2967529296875 153.8006134033203 747.5098876953125 187.1145782470703 0.7200897932052612 1.9101216793060303 0.6058154702186584 8.094533920288086 0.3220517933368683 41.5660514831543 -7.789229869842529 0.1050
Car 1 1 1 503.0095520019531 172.5820770263672 558.62939453125 212.64389038085938 3.6636240482330322 1.35385000705719 1.5327131748199463 -2.664872884750366 1.0528936386108398 26.23517417907715 -4.946871757507324 0.1025
