Car 1 1 1 741.4259033203125 172.84230041503906 922.9240112304688 255.55264282226562 4.066866397857666 1.473709225654602 1.6280652284622192 4.59004020690918 1.4732006788253784 14.79405403137207 -0.7051902413368225 1.0000
Car 1 1 1 589.0234375 175.37802124023438 639.4940795898438 221.12451171875 3.8210904598236084 1.5609679222106934 1.6887853145599365 0.04673624411225319 1.6611475944519043 26.779508590698242 -1.6130785942077637 1.0000
Car 1 1 1 683.6826171875 173.73873901367188 812.8767700195312 227.87445068359375 4.2451653480529785 1.4554061889648438 1.6442729234695435 4.156609058380127 1.4840418100357056 21.531885147094727 -0.768335223197937 1.0000
Car 1 1 1 384.12445068359375 183.67884826660156 454.7595520019531 225.76220703125 3.8280770778656006 1.4196199178695679 1.6403181552886963 -7.1475510597229 1.8568480014801025 27.245346069335938 -4.707014083862305 0.9999
Car 1 1 1 369.4952697753906 176.8418426513672 411.5433654785156 199.53460693359375 3.943356990814209 1.4868491888046265 1.6199263334274292 -15.174936294555664 1.7737421989440918 49.9698371887207 -4.684545516967773 0.9579
Car 1 1 1 389.9873352050781 174.12315368652344 439.17401123046875 205.3287811279297 4.422789573669434 1.7038127183914185 1.7756036520004272 -11.285375595092773 1.7809979915618896 41.81476593017578 1.5406302213668823 0.9543
Car 1 1 1 685.7777709960938 174.89662170410156 780.9926147460938 219.51219177246094 3.522906541824341 1.4427744150161743 1.543377161026001 4.324422836303711 1.5191441774368286 25.29007911682129 -0.787818193435669 0.8528
Car 1 1 1 652.7005004882812 165.46217346191406 723.7344360351562 205.79518127441406 3.969053268432617 1.8902318477630615 1.6912788152694702 3.9036545753479004 1.5435088872909546 35.902915954589844 -0.9132810831069946 0.5422
Car 1 1 1 302.5451354980469 176.8291015625 349.4906921386719 199.4096221923828 3.9986164569854736 1.6419432163238525 1.641603946685791 -21.726015090942383 1.957700490951538 55.284759521484375 -4.590444564819336 0.2616
Car 1 1 1 641.3968505859375 174.14279174804688 710.0853271484375 202.37673950195312 4.150269508361816 1.5243070125579834 1.6548569202423096 3.6697471141815186 1.6017321348190308 41.33428955078125 0.9720956087112427 0.2557
Car 1 1 1 142.9230194091797 178.14015197753906 185.65216064453125 204.59918212890625 4.084260940551758 1.5460587739944458 1.6084736585617065 -27.91096305847168 1.8932219743728638 45.232704162597656 1.1887577772140503 0.1467
