Car 1 1 1 752.3017578125 179.20272827148438 904.5548095703125 273.4934387207031 4.060096740722656 1.4375786781311035 1.6206188201904297 3.761551856994629 1.5723806619644165 13.314916610717773 -1.55891752243042 1.0000
Cyclist 1 1 1 843.6524047851562 167.77049255371094 911.5379028320312 221.57200622558594 1.942094087600708 1.6290289163589478 0.8857846856117249 8.351993560791016 1.474807858467102 22.649860382080078 -2.718143939971924 1.0000
Car 1 1 1 605.5439453125 174.99859619140625 676.3598022460938 200.3929443359375 3.9932172298431396 1.4464389085769653 1.5269843339920044 1.821052074432373 1.5786951780319214 42.98422622680664 -3.6317572593688965 0.9995
Car 1 1 1 799.2540283203125 168.0658721923828 868.6787109375 192.7253875732422 4.0377726554870605 1.523069977760315 1.662541151046753 14.110568046569824 1.2270361185073853 45.753536224365234 -2.956589698791504 0.9989
Pedestrian 1 1 1 486.5961608886719 170.728515625 505.05999755859375 215.44973754882812 0.5570514798164368 1.7507983446121216 0.7483121156692505 -4.572987079620361 1.6672871112823486 28.645843505859375 0.09234380722045898 0.9985
Car 1 1 1 965.9898681640625 166.31089782714844 1050.45556640625 190.57467651367188 4.20295524597168 1.4293380975723267 1.6393043994903564 24.059106826782227 1.043595314025879 43.79344177246094 -2.905289649963379 0.9393
Car 1 1 1 1162.55517578125 160.0376434326172 1241.0 187.77638244628906 3.842773914337158 1.543138861656189 1.627991795539856 34.18648910522461 0.8298495411872864 41.26830291748047 -2.971041202545166 0.7760
Car 1 1 1 27.24271583557129 191.10829162597656 92.0252685546875 218.36805725097656 4.078837871551514 1.530181646347046 1.6992613077163696 -34.71110916137695 2.7382824420928955 45.58975601196289 1.3530892133712769 0.3231
Car 1 1 1 411.6249084472656 177.18118286132812 447.1645812988281 203.81088256835938 4.020328521728516 1.5240236520767212 1.6439763307571411 -11.130382537841797 1.8016413450241089 44.17047119140625 1.2067917585372925 0.1406
Cyclist 1 1 1 493.009033203125 173.09600830078125 518.6436767578125 215.13304138183594 1.6908777952194214 1.7582852840423584 0.696718156337738 -4.514378070831299 1.7686998844146729 31.067615509033203 1.6774219274520874 0.1126
