Car 1 1 1 592.0407104492188 184.79815673828125 673.1058349609375 250.04124450683594 3.299323797225952 1.3499900102615356 1.7492932081222534 0.39539507031440735 1.6622732877731323 17.212236404418945 -1.5954135656356812 1.0000
Car 1 1 1 407.0810241699219 181.54299926757812 515.538330078125 231.71527099609375 3.8124005794525146 1.500626802444458 1.6527751684188843 -5.07537317276001 1.8140225410461426 24.14495277404785 -2.3910024166107178 1.0000
Pedestrian 1 1 1 443.0401611328125 168.6611328125 477.09808349609375 259.2562561035156 0.6568933725357056 1.8877661228179932 0.648041307926178 -3.2432126998901367 1.8000978231430054 15.39478874206543 -0.11587309837341309 1.0000
Car 1 1 1 577.9971313476562 180.92001342773438 622.4530029296875 222.78350830078125 4.1652069091796875 1.5676034688949585 1.6506654024124146 -0.38624876737594604 1.9255921840667725 29.940824508666992 -1.5367212295532227 1.0000
Car 1 1 1 183.5363311767578 184.57394409179688 301.1436462402344 240.7254638671875 3.9512741565704346 1.5529588460922241 1.6226311922073364 -11.498940467834473 1.9551725387573242 22.784624099731445 -4.686332702636719 0.9999
Cyclist 1 1 1 900.6376342773438 171.4716339111328 1014.9313354492188 268.150634765625 1.8792695999145508 1.7641575336456299 0.5890688896179199 6.441943645477295 1.7386329174041748 13.515932083129883 -3.2007968425750732 0.9997
Car 1 1 1 447.18853759765625 182.7850799560547 541.3274536132812 221.13824462890625 3.8484432697296143 1.4692355394363403 1.6037076711654663 -4.929365634918213 1.9098153114318848 30.28791046142578 -2.5453498363494873 0.9990
Car 1 1 1 489.95062255859375 180.56463623046875 556.0712890625 211.5027618408203 3.501570463180542 1.5039528608322144 1.5898131132125854 -4.621341705322266 1.92630934715271 37.759483337402344 -2.3688082695007324 0.9969
Car 1 1 1 667.0973510742188 179.91275024414062 712.3148803710938 214.8307647705078 3.69075083732605 1.457245945930481 1.5852185487747192 3.5149788856506348 1.7952264547348022 32.720951080322266 -1.5866273641586304 0.9925
Pedestrian 1 1 1 643.0916748046875 176.52459716796875 662.81787109375 204.24044799804688 0.7437726259231567 1.5225560665130615 0.8509140014648438 2.3640575408935547 1.7301095724105835 40.31917953491211 -1.0227766036987305 0.9124
Car 1 1 1 519.3928833007812 178.74388122558594 572.1261596679688 200.43614196777344 3.637664318084717 1.4557005167007446 1.5153568983078003 -4.593384742736816 1.8859367370605469 51.042991638183594 -2.4957358837127686 0.8746
Car 1 1 1 415.5361022949219 182.9940643310547 528.63037109375 224.88597106933594 3.942640542984009 1.4480334520339966 1.606215476989746 -5.235822677612305 1.850256085395813 27.152189254760742 -2.7529854774475098 0.7226
