Car 1 1 1 547.2792358398438 177.30084228515625 674.47705078125 267.0437316894531 3.6511452198028564 1.4426484107971191 1.58224356174469 0.10181567817926407 1.5392411947250366 13.757620811462402 -1.3224842548370361 1.0000
Car 1 1 1 925.0052490234375 196.01028442382812 1241.0 374.0 2.7674243450164795 1.5013388395309448 1.4355647563934326 3.409259557723999 1.7305876016616821 5.632336616516113 -1.3150532245635986 1.0000
Car 1 1 1 244.21353149414062 175.21902465820312 566.9547119140625 374.0 3.424300193786621 1.563056230545044 1.5676383972167969 -1.7426183223724365 1.5921249389648438 7.109310626983643 -4.468738079071045 1.0000
Car 1 1 1 841.6592407226562 179.662841796875 907.6276245117188 240.83731079101562 3.042194128036499 1.5209355354309082 1.544844388961792 7.206215858459473 1.7251540422439575 19.99300193786621 -1.2757610082626343 0.9999
Car 1 1 1 695.4517211914062 174.68447875976562 740.9324951171875 208.3798370361328 3.741302013397217 1.4326026439666748 1.5840388536453247 4.942871570587158 1.5209139585494995 32.912437438964844 -1.292565107345581 0.9973
Car 1 1 1 0.0 0.0 1241.0 374.0 4.116978645324707 1.4986233711242676 1.6400963068008423 -3.0040972232818604 1.6702288389205933 2.074420690536499 -4.514730930328369 0.9898
Car 1 1 1 832.516357421875 181.4072265625 888.6399536132812 229.03839111328125 3.5410380363464355 1.4470126628875732 1.555319905281067 8.393441200256348 1.7600306272506714 24.51888084411621 -1.30660879611969 0.9687
Car 1 1 1 551.4818725585938 165.2981719970703 654.8888549804688 202.98638916015625 3.68860125541687 1.385084629058838 1.5841801166534424 -0.28695935010910034 1.1070996522903442 27.761642456054688 0.26297855377197266 0.9262
Cyclist 1 1 1 662.4486694335938 164.77699279785156 674.4522705078125 201.711669921875 1.923350214958191 1.653433918952942 0.5228174328804016 2.6621100902557373 1.2915549278259277 33.28306579589844 -4.615814685821533 0.7415
Cyclist 1 1 1 729.7222290039062 168.6669921875 755.5975952148438 202.03038024902344 1.8332397937774658 1.7572903633117676 0.571996808052063 7.122951984405518 1.5364558696746826 38.89838790893555 -0.8951518535614014 0.1313
Car 1 1 1 796.8984985351562 173.7597198486328 833.1373901367188 193.43533325195312 3.8159587383270264 1.4692810773849487 1.6133437156677246 15.834784507751465 1.5416942834854126 55.9932975769043 -1.6047207117080688 0.1195
