Car 1 1 1 661.3421020507812 182.4822540283203 728.537109375 232.63687133789062 3.2980880737304688 1.3717116117477417 1.5837984085083008 2.470407724380493 1.687825322151184 22.043224334716797 -1.5963265895843506 1.0000
Car 1 1 1 200.67816162109375 191.6019287109375 465.3123474121094 370.5850524902344 3.4159865379333496 1.443520188331604 1.5501227378845215 -2.7778685092926025 1.6930586099624634 7.897279739379883 -1.557604432106018 1.0000
Car 1 1 1 524.0328369140625 181.76278686523438 569.565673828125 217.24166870117188 3.628990411758423 1.3749972581863403 1.5364800691604614 -2.677335023880005 1.7765907049179077 30.717029571533203 -1.545947551727295 1.0000
Car 1 1 1 79.24744415283203 193.19651794433594 291.6708679199219 326.85198974609375 3.4322361946105957 1.3996658325195312 1.4963750839233398 -5.891656875610352 1.722791075706482 9.772517204284668 0.7264741659164429 1.0000
Car 1 1 1 571.1398315429688 181.9759979248047 630.2826538085938 227.9888458251953 3.3548390865325928 1.3323556184768677 1.7703661918640137 -0.37797507643699646 1.6478244066238403 23.272750854492188 -1.6018623113632202 1.0000
Car 1 1 1 875.138427734375 179.6897430419922 1241.0 374.0 3.5051631927490234 1.5177741050720215 1.5407829284667969 2.8359014987945557 1.5714205503463745 3.9214601516723633 -1.5978456735610962 1.0000
Car 1 1 1 363.3851318359375 176.15890502929688 474.6667785644531 230.3730010986328 3.5398964881896973 1.6231200695037842 1.5967378616333008 -6.289926052093506 1.7380108833312988 23.47737693786621 0.6131240129470825 0.9999
Car 1 1 1 333.4411926269531 185.17225646972656 451.22076416015625 242.24874877929688 3.546940803527832 1.4203113317489624 1.5337467193603516 -6.264976501464844 1.7987722158432007 20.445907592773438 0.7127631902694702 0.9997
Car 1 1 1 412.810791015625 179.84156799316406 497.453857421875 216.1832733154297 4.105386734008789 1.4399235248565674 1.631308674812317 -6.833020210266113 1.763312816619873 31.396316528320312 0.7849980592727661 0.9997
Car 1 1 1 34.0682487487793 186.57545471191406 184.54595947265625 242.7570343017578 4.418344497680664 1.4630037546157837 1.6675275564193726 -15.164474487304688 1.925889015197754 22.119251251220703 -4.747614860534668 0.9995
Pedestrian 1 1 1 741.8108520507812 167.8227081298828 765.1632080078125 214.76861572265625 0.5638979077339172 1.7098045349121094 0.7705324292182922 5.263864040374756 1.526261568069458 26.7246150970459 -3.4066739082336426 0.9991
Car 1 1 1 277.9737243652344 177.60504150390625 346.36724853515625 212.40626525878906 4.0280070304870605 1.670715570449829 1.6698448657989502 -15.328289031982422 1.9293665885925293 37.264461517333984 -4.649850845336914 0.9949
Car 1 1 1 458.21954345703125 176.14833068847656 529.6221923828125 204.23660278320312 4.282966613769531 1.5268878936767578 1.565893292427063 -6.765391826629639 1.7253940105438232 41.609962463378906 0.6615861654281616 0.9860
Car 1 1 1 534.600341796875 177.03150939941406 573.768798828125 212.99935913085938 4.002925395965576 1.6673840284347534 1.657793402671814 -2.7643885612487793 1.8866530656814575 35.91912841796875 -1.5746991634368896 0.9767
Car 1 1 1 178.3179931640625 189.324462890625 348.8952941894531 286.7854309082031 3.4541103839874268 1.4610642194747925 1.50691556930542 -6.396978855133057 1.7979120016098022 13.078995704650879 0.7022627592086792 0.9729
Car 1 1 1 0.0 194.0623321533203 351.1528625488281 374.0 3.6581549644470215 1.5007925033569336 1.5908448696136475 -2.6272995471954346 1.646310567855835 3.128843069076538 -1.5746018886566162 0.9709
