Cyclist 1 1 1 784.9777221679688 179.40878295898438 898.0388793945312 274.9198913574219 1.6903293132781982 1.5044292211532593 0.5599805116653442 3.7039942741394043 1.6149908304214478 11.811216354370117 -3.00534725189209 1.0000
Cyclist 1 1 1 817.8563232421875 177.26974487304688 943.5992431640625 292.49169921875 1.6188430786132812 1.532478928565979 0.6842570304870605 3.7614564895629883 1.598555088043213 10.244342803955078 -2.7874233722686768 1.0000
Car 1 1 1 385.4914855957031 193.16189575195312 499.5303649902344 277.5347595214844 3.9802136421203613 1.389540433883667 1.642231822013855 -3.350071907043457 1.865723729133606 14.895716667175293 1.5137420892715454 1.0000
Car 1 1 1 32.78512191772461 202.52664184570312 296.23681640625 343.8077087402344 3.4494330883026123 1.425634741783142 1.51478910446167 -5.764272212982178 1.8986164331436157 9.761640548706055 1.5403717756271362 1.0000
Car 1 1 1 222.5314483642578 194.99832153320312 385.0335998535156 285.5035705566406 3.7332446575164795 1.4043138027191162 1.5574599504470825 -5.77631139755249 1.8903909921646118 13.978998184204102 -4.709538459777832 1.0000
Car 1 1 1 631.5200805664062 178.3984832763672 727.21142578125 214.2301025390625 4.278451442718506 1.6294677257537842 1.7398778200149536 3.193406105041504 1.899345874786377 34.143455505371094 -0.06952941417694092 0.9993
Pedestrian 1 1 1 226.7868194580078 178.54298400878906 258.2984313964844 259.7166442871094 0.3004683256149292 1.874043583869934 0.5864760875701904 -8.633380889892578 2.0080461502075195 16.858137130737305 1.4825104475021362 0.9984
Car 1 1 1 495.54052734375 182.95651245117188 548.376708984375 226.9740753173828 4.055793762207031 1.6108933687210083 1.6623960733413696 -3.553157329559326 2.0501632690429688 29.365957260131836 -4.713534355163574 0.9973
Car 1 1 1 1101.2642822265625 166.52191162109375 1241.0 255.52423095703125 4.1797919273376465 1.517259120941162 1.6631357669830322 11.558953285217285 1.4090133905410767 13.148112297058105 -3.13383150100708 0.9972
Car 1 1 1 357.0115966796875 190.02120971679688 447.8559265136719 252.43202209472656 4.072818279266357 1.5545464754104614 1.628283143043518 -6.009988307952881 2.107109546661377 21.172407150268555 1.534751057624817 0.9941
Car 1 1 1 612.5780029296875 178.284423828125 670.4092407226562 203.64222717285156 3.758204460144043 1.643032193183899 1.6879147291183472 2.0281341075897217 2.0103015899658203 47.979148864746094 -0.008381843566894531 0.9060
