Car 1 1 1 561.8269653320312 170.53575134277344 669.109130859375 271.6109924316406 3.7309248447418213 1.574512004852295 1.6750314235687256 0.08137182891368866 1.5380992889404297 13.128377914428711 -1.5423418283462524 1.0000
Car 1 1 1 807.2827758789062 148.38925170898438 1085.154541015625 305.9527587890625 3.9048027992248535 1.5979324579238892 1.6961842775344849 4.348845481872559 1.3495229482650757 9.21248722076416 -0.6880781650543213 1.0000
Car 1 1 1 976.3734741210938 176.44967651367188 1241.0 374.0 3.8311562538146973 1.3986320495605469 1.607555866241455 4.545897006988525 1.4365348815917969 5.809543609619141 -0.708243191242218 1.0000
Car 1 1 1 0.0 163.08865356445312 183.90655517578125 263.7945556640625 4.231760501861572 1.6655884981155396 1.6903561353683472 -10.226265907287598 1.503778100013733 14.156047821044922 1.4129291772842407 1.0000
Car 1 1 1 770.956298828125 173.1359100341797 961.62060546875 266.28704833984375 3.91601824760437 1.4245469570159912 1.5975205898284912 4.649001121520996 1.4300612211227417 12.963488578796387 -0.748212993144989 0.9997
Pedestrian 1 1 1 713.9190673828125 163.91905212402344 747.3211669921875 214.21189880371094 1.05891752243042 1.702731728553772 0.6813437938690186 4.144583225250244 1.3999269008636475 25.04999351501465 -0.8372212648391724 0.9988
Pedestrian 1 1 1 502.32275390625 165.3651123046875 528.2598876953125 213.29623413085938 0.9080213308334351 1.6579680442810059 0.7442640662193298 -3.377641439437866 1.3986226320266724 25.435951232910156 -1.5049859285354614 0.9508
Car 1 1 1 337.2717590332031 180.6985321044922 374.55413818359375 208.65786743164062 4.10825252532959 1.48665452003479 1.6635197401046753 -14.803186416625977 1.965104579925537 41.821590423583984 1.139548659324646 0.6040
Car 1 1 1 527.1409301757812 170.23696899414062 549.4467163085938 188.76222229003906 4.1752610206604 1.6501846313476562 1.7355611324310303 -6.58591890335083 1.4167652130126953 66.38052368164062 1.54700767993927 0.4446
Car 1 1 1 858.786376953125 155.51637268066406 929.5415649414062 183.4420928955078 4.108371734619141 1.4741953611373901 1.6417431831359863 15.734755516052246 0.55864417552948 40.27510070800781 1.3468207120895386 0.2033
Pedestrian 1 1 1 957.5169067382812 155.74273681640625 977.7633666992188 201.7295379638672 0.44519028067588806 1.8419655561447144 0.6067072749137878 14.451225280761719 1.1562875509262085 29.2513370513916 -3.403932571411133 0.1540
