Car 1 1 1 32.42982864379883 185.1335906982422 360.9299621582031 283.5236511230469 4.298446178436279 1.4280197620391846 1.639377474784851 -6.460183143615723 1.6377983093261719 11.51200008392334 -3.147336959838867 1.0000
Car 1 1 1 729.9907836914062 175.22930908203125 886.992919921875 283.5537414550781 4.069348335266113 1.6448560953140259 1.6738569736480713 3.3276114463806152 1.6943962574005127 13.09282398223877 -1.585603952407837 1.0000
Car 1 1 1 790.994384765625 187.0316619873047 1083.7535400390625 369.5849914550781 3.6205615997314453 1.48543381690979 1.5973600149154663 3.1891095638275146 1.6772818565368652 7.965837478637695 -1.567280888557434 1.0000
Car 1 1 1 676.3629150390625 180.71978759765625 736.3822631835938 225.42770385742188 3.389132499694824 1.492429494857788 1.5600770711898804 3.416377305984497 1.7992546558380127 26.43528175354004 -1.6298421621322632 0.9999
Car 1 1 1 233.0116729736328 179.55177307128906 432.4411315917969 248.3311767578125 4.077388286590576 1.5090572834014893 1.6173150539398193 -6.436032772064209 1.6747982501983643 16.95032501220703 -3.2053565979003906 0.9997
Car 1 1 1 335.7359924316406 175.7051239013672 480.70806884765625 229.6865234375 3.885636329650879 1.5447038412094116 1.5659294128417969 -6.008511066436768 1.6329526901245117 21.572343826293945 -3.113720417022705 0.9956
Car 1 1 1 509.55517578125 172.79759216308594 573.942138671875 198.86656188964844 4.794555187225342 1.943504810333252 1.8952548503875732 -5.265208721160889 1.9389982223510742 55.08858108520508 -3.29202938079834 0.9721
Car 1 1 1 718.8858642578125 179.94212341308594 817.1248779296875 212.2135009765625 4.277136325836182 1.4448953866958618 1.6378167867660522 7.267520427703857 1.7847143411636353 33.672672271728516 -3.0796008110046387 0.9619
Car 1 1 1 399.9987487792969 175.0062255859375 515.271728515625 221.54954528808594 3.92055344581604 1.6347341537475586 1.6445988416671753 -5.538571357727051 1.7158629894256592 26.363971710205078 -0.05825042724609375 0.9521
Car 1 1 1 371.822998046875 181.0457305908203 504.23004150390625 228.7406463623047 4.009470462799072 1.5069345235824585 1.6030311584472656 -5.667988300323486 1.7872161865234375 23.89606475830078 -0.008195877075195312 0.9373
Car 1 1 1 290.3910827636719 178.28713989257812 471.2749328613281 241.01455688476562 4.321898460388184 1.5465161800384521 1.6507569551467896 -5.967155933380127 1.6978116035461426 19.054136276245117 -0.120017409324646 0.9099
Car 1 1 1 454.686279296875 162.13941955566406 525.9540405273438 190.6323699951172 3.706606149673462 1.569806694984436 1.6466145515441895 -6.741785049438477 0.9791915416717529 40.644744873046875 0.03735542297363281 0.3545
