Pedestrian 1 1 1 367.3868408203125 163.91763305664062 425.5298156738281 244.4235382080078 1.0775668621063232 1.7620526552200317 0.8405848741531372 -4.809420108795166 1.3994544744491577 16.149782180786133 0.7466915845870972 1.0000
Pedestrian 1 1 1 970.2827758789062 151.70179748535156 1093.3944091796875 325.26080322265625 1.0089799165725708 1.753467321395874 0.7320301532745361 4.6207990646362305 1.4629408121109009 7.759122848510742 0.7880731821060181 0.9999
Pedestrian 1 1 1 608.3202514648438 153.2417449951172 698.5805053710938 280.7940979003906 0.9714305400848389 1.8120527267456055 0.9677206873893738 0.6768589019775391 1.4252071380615234 10.721641540527344 0.9453192949295044 0.9998
Car 1 1 1 1026.5130615234375 186.20361328125 1155.6021728515625 231.41006469726562 3.7547643184661865 1.3815561532974243 1.5920960903167725 16.324382781982422 1.5913174152374268 24.034629821777344 -1.6555120944976807 0.9997
Pedestrian 1 1 1 213.05516052246094 154.1381378173828 263.3666687011719 237.02102661132812 1.0994961261749268 1.8657482862472534 0.8246834874153137 -8.661133766174316 1.2726651430130005 16.60215187072754 0.8682664632797241 0.9996
Pedestrian 1 1 1 274.9177551269531 158.5751495361328 319.30206298828125 231.06362915039062 1.0645822286605835 1.8379065990447998 0.8487393260002136 -8.148628234863281 1.282334804534912 18.607290267944336 0.9284118413925171 0.9993
Pedestrian 1 1 1 319.2833557128906 158.2901153564453 370.4688720703125 247.06317138671875 1.0966895818710327 1.8539423942565918 0.7483646273612976 -5.728147983551025 1.3904603719711304 15.428543090820312 0.9076601266860962 0.9992
Pedestrian 1 1 1 998.5863647460938 157.3565673828125 1113.3099365234375 318.5361633300781 1.015082836151123 1.7170947790145874 0.7066788673400879 5.1273651123046875 1.4709590673446655 8.13325023651123 0.723617434501648 0.9984
Pedestrian 1 1 1 292.5370788574219 162.1342315673828 330.74456787109375 236.38247680664062 1.1156431436538696 1.7627815008163452 0.662260115146637 -7.283156871795654 1.3270782232284546 17.434242248535156 0.9787405729293823 0.9963
Pedestrian 1 1 1 302.5023498535156 157.38836669921875 346.49407958984375 226.65298461914062 1.122558832168579 1.8929286003112793 1.0275992155075073 -8.005407333374023 1.261620044708252 20.062320709228516 1.0679632425308228 0.9578
Pedestrian 1 1 1 253.9827423095703 158.86871337890625 303.40625 236.69671630859375 1.144309639930725 1.79935622215271 0.6627438068389893 -7.879303932189941 1.2995842695236206 16.97137451171875 0.7117961645126343 0.9536
