Car 1 1 1 694.9019775390625 185.2330322265625 811.2765502929688 267.8851013183594 4.309459686279297 1.4045195579528809 1.5968130826950073 2.7609500885009766 1.6997734308242798 15.06751537322998 -1.5648281574249268 1.0000
Car 1 1 1 0.0 182.7982940673828 323.5646057128906 327.1999206542969 4.271612167358398 1.5474019050598145 1.6500389575958252 -5.997809410095215 1.6805192232131958 8.768998146057129 0.04081869125366211 1.0000
Car 1 1 1 672.623291015625 179.0168914794922 733.2254638671875 225.02378845214844 4.10204553604126 1.3663053512573242 1.5308536291122437 2.961940050125122 1.5889194011688232 24.039033889770508 -1.5599145889282227 1.0000
Car 1 1 1 224.8906707763672 172.3059539794922 447.8776550292969 241.55838012695312 4.347648620605469 1.4549084901809692 1.6527307033538818 -6.03653621673584 1.443095088005066 16.078550338745117 0.04341113567352295 1.0000
Car 1 1 1 374.55474853515625 180.86888122558594 502.4888000488281 226.43167114257812 3.8874847888946533 1.4442557096481323 1.4803508520126343 -5.718810558319092 1.7213774919509888 24.08042335510254 0.08064854145050049 0.9990
Car 1 1 1 554.259765625 176.96302795410156 587.3253173828125 203.81980895996094 3.523942708969116 1.3678538799285889 1.533233880996704 -2.121276378631592 1.6001657247543335 39.06945037841797 -4.692575454711914 0.9986
Car 1 1 1 645.6011352539062 172.32754516601562 682.2186279296875 200.27708435058594 3.8166379928588867 1.575421690940857 1.6561627388000488 3.1015772819519043 1.5454471111297607 42.62553787231445 -1.6312661170959473 0.9977
Car 1 1 1 337.94342041015625 181.60552978515625 492.744384765625 231.39907836914062 4.140256404876709 1.3939563035964966 1.6062307357788086 -5.737947463989258 1.663536787033081 21.37838363647461 0.03372299671173096 0.9910
Car 1 1 1 412.96405029296875 174.99484252929688 514.3419189453125 213.57620239257812 4.0152435302734375 1.5634382963180542 1.661167860031128 -6.128739833831787 1.6561380624771118 30.34693717956543 -3.2262067794799805 0.9630
Car 1 1 1 491.1186218261719 174.9191131591797 556.7501220703125 199.3944549560547 4.087986469268799 1.523057222366333 1.6184848546981812 -5.482476234436035 1.6572366952896118 46.02436065673828 -0.07594823837280273 0.9475
Car 1 1 1 258.4765930175781 154.689208984375 429.80810546875 216.23094177246094 3.9110732078552246 1.5365718603134155 1.6085847616195679 -6.959926128387451 1.0827341079711914 18.963350296020508 0.07471513748168945 0.2711
