Car 1 1 1 328.919677734375 185.3484649658203 457.2274169921875 266.5771179199219 3.87642502784729 1.4870957136154175 1.578769564628601 -4.620360851287842 1.7935473918914795 15.762304306030273 -4.6942973136901855 1.0000
Car 1 1 1 125.63514709472656 193.1980743408203 379.0825500488281 332.6760559082031 3.8010106086730957 1.4698617458343506 1.5902281999588013 -4.722894668579102 1.8079242706298828 10.082035064697266 1.5941675901412964 1.0000
Car 1 1 1 782.9083862304688 179.842529296875 985.062255859375 305.08758544921875 3.617588520050049 1.5206239223480225 1.6189875602722168 3.784803867340088 1.642303466796875 10.77840805053711 -1.5791305303573608 1.0000
Car 1 1 1 725.4689331054688 178.31529235839844 849.6194458007812 256.3821716308594 4.157994270324707 1.4621319770812988 1.6309726238250732 3.683387279510498 1.598065972328186 15.903053283691406 -1.5921798944473267 1.0000
Car 1 1 1 511.0555419921875 178.8016815185547 552.0291748046875 209.37289428710938 3.256793975830078 1.4686959981918335 1.5487194061279297 -4.017289161682129 1.7871390581130981 36.99205780029297 -4.646328449249268 1.0000
Car 1 1 1 403.84381103515625 184.55877685546875 497.3099060058594 241.00146484375 4.364897727966309 1.4075734615325928 1.641099452972412 -4.575913906097412 1.7856895923614502 21.118595123291016 -4.6788458824157715 1.0000
Car 1 1 1 922.2730712890625 190.3616943359375 1241.0 374.0 3.9040677547454834 1.462686538696289 1.6086622476577759 3.8024709224700928 1.6365107297897339 5.204289436340332 -1.5454092025756836 0.9999
Car 1 1 1 706.5147705078125 178.1786346435547 783.019775390625 237.90353393554688 3.7855076789855957 1.5574971437454224 1.6202175617218018 3.7849135398864746 1.7268203496932983 21.07148551940918 -1.543652892112732 0.9997
Car 1 1 1 697.1376342773438 177.28375244140625 753.2578735351562 224.65138244628906 3.6561529636383057 1.5973598957061768 1.6045295000076294 4.11842679977417 1.771368145942688 26.53570556640625 -1.5339851379394531 0.9995
Car 1 1 1 685.0652465820312 176.93458557128906 735.6522216796875 214.01364135742188 4.32440710067749 1.5136934518814087 1.6728981733322144 4.346282958984375 1.707191824913025 32.10028076171875 -1.5643366575241089 0.9964
Car 1 1 1 524.248046875 176.84463500976562 566.0452270507812 204.55267333984375 4.044734477996826 1.4961848258972168 1.6406173706054688 -3.726114511489868 1.7379412651062012 41.66609573364258 -4.603458881378174 0.9394
