Car 1 1 1 764.4883422851562 181.24700927734375 898.1198120117188 290.54388427734375 3.786412239074707 1.4649982452392578 1.5878074169158936 3.4318230152130127 1.6270993947982788 11.969386100769043 -1.4178385734558105 1.0000
Car 1 1 1 814.0884399414062 183.66314697265625 1241.0 374.0 4.247157573699951 1.5743502378463745 1.6582258939743042 2.9610676765441895 1.6899795532226562 5.614739894866943 -1.5711132287979126 1.0000
Car 1 1 1 393.1414489746094 164.7647705078125 455.8001708984375 208.12721252441406 4.6537556648254395 2.0823841094970703 1.8022087812423706 -9.46017837524414 1.6936167478561401 37.02180099487305 -1.5175065994262695 1.0000
Car 1 1 1 461.61395263671875 175.58224487304688 509.7041320800781 207.01426696777344 4.64637565612793 1.4878896474838257 1.675884485244751 -6.318462371826172 1.63585364818573 36.88518142700195 -1.5743176937103271 0.9998
Car 1 1 1 839.0455932617188 170.96742248535156 970.0333251953125 228.14178466796875 3.7275846004486084 1.5379948616027832 1.6452347040176392 8.578971862792969 1.4869459867477417 21.078563690185547 -0.544550895690918 0.9997
Car 1 1 1 778.2195434570312 160.8390655517578 883.754150390625 241.93222045898438 4.40943717956543 1.701586365699768 1.7612322568893433 5.426299571990967 1.4491757154464722 17.506704330444336 -1.11139714717865 0.9993
Car 1 1 1 725.6983032226562 170.74197387695312 773.0980834960938 201.0147705078125 4.308803081512451 1.4914555549621582 1.6313762664794922 7.174558639526367 1.3871022462844849 37.70467758178711 -1.5734213590621948 0.9981
Car 1 1 1 550.4013671875 169.17955017089844 577.63232421875 192.9816131591797 3.8364157676696777 1.3709348440170288 1.5638095140457153 -2.844892740249634 1.1589969396591187 43.5350227355957 -1.6537089347839355 0.9977
Car 1 1 1 633.594482421875 164.97573852539062 660.2711791992188 186.64834594726562 4.031536102294922 1.5758901834487915 1.6541095972061157 2.724756956100464 1.0027334690093994 54.512020111083984 -1.6098097562789917 0.8686
Pedestrian 1 1 1 1097.1180419921875 103.9597396850586 1171.253173828125 242.51895141601562 0.5834167003631592 1.6754781007766724 0.5802100896835327 6.5212860107421875 0.8420987129211426 9.079521179199219 -2.885265827178955 0.4438
Car 1 1 1 862.2449340820312 167.83621215820312 940.8070678710938 238.93275451660156 3.531479835510254 1.4906277656555176 1.5547517538070679 6.909390926361084 1.385123610496521 17.056930541992188 -1.1385313272476196 0.1414
