Car 1 1 1 382.7111511230469 189.86695861816406 507.302734375 277.0268859863281 3.7116448879241943 1.4058005809783936 1.4957337379455566 -3.1549782752990723 1.7859413623809814 14.253506660461426 -4.676624298095703 1.0000
Car 1 1 1 113.44263458251953 185.40289306640625 416.2120056152344 374.0 3.563369035720825 1.5851008892059326 1.571362853050232 -3.578608512878418 1.7577251195907593 8.124402046203613 -4.662839889526367 1.0000
Car 1 1 1 445.7585144042969 182.63079833984375 540.3593139648438 246.27561950683594 4.261554718017578 1.4355697631835938 1.627958059310913 -3.0104503631591797 1.7235532999038696 19.108243942260742 -4.6643757820129395 1.0000
Car 1 1 1 960.62353515625 147.44371032714844 1241.0 374.0 4.3880414962768555 1.5428577661514282 1.6890103816986084 5.228278636932373 1.3696538209915161 7.145846366882324 -4.65873908996582 1.0000
Car 1 1 1 695.9305419921875 176.21656799316406 764.4998168945312 239.47059631347656 3.4282569885253906 1.4484275579452515 1.5789341926574707 3.030133008956909 1.5429962873458862 18.53627586364746 -1.4057879447937012 1.0000
Car 1 1 1 747.3187255859375 170.5350799560547 831.6594848632812 214.31893920898438 3.387356996536255 1.5207535028457642 1.6061558723449707 6.673427104949951 1.4399100542068481 26.84817123413086 -0.8211619257926941 0.9999
Car 1 1 1 883.1549072265625 159.43789672851562 1216.282470703125 263.4407958984375 4.201666355133057 1.5015842914581299 1.632680892944336 6.649675369262695 1.3075838088989258 11.358633041381836 0.06014275550842285 0.9999
Car 1 1 1 705.6290283203125 174.98060607910156 787.86865234375 228.11529541015625 3.512179374694824 1.5398820638656616 1.6092145442962646 4.376613616943359 1.6130350828170776 22.99344825744629 -1.0831241607666016 0.9976
Car 1 1 1 503.4622802734375 177.04696655273438 554.847412109375 217.75697326660156 3.405466079711914 1.5297322273254395 1.522417426109314 -3.2586705684661865 1.7093299627304077 29.214506149291992 -4.65622615814209 0.9908
Car 1 1 1 893.5943603515625 162.40625 973.8090209960938 189.21726989746094 4.034342288970947 1.456231713294983 1.6838816404342651 18.174114227294922 0.8884656429290771 40.61551284790039 -3.456573486328125 0.9835
Car 1 1 1 509.3345947265625 179.3502655029297 569.527587890625 214.0825958251953 3.806410551071167 1.499726414680481 1.5481483936309814 -3.4201107025146484 1.8237055540084839 33.969627380371094 1.103664517402649 0.7731
