Car 1 1 1 650.858154296875 177.9187469482422 738.4326171875 254.70587158203125 3.8581149578094482 1.5738848447799683 1.686779260635376 2.0607926845550537 1.7083078622817993 17.1273193359375 -1.3531558513641357 1.0000
Car 1 1 1 0.0 209.25003051757812 274.59783935546875 352.7974853515625 3.415057420730591 1.4339250326156616 1.5197179317474365 -6.222111701965332 1.9500916004180908 9.029718399047852 -2.8567724227905273 1.0000
Car 1 1 1 890.3425903320312 167.09942626953125 1040.0782470703125 256.0814208984375 3.9349684715270996 1.5548462867736816 1.6434383392333984 6.958802223205566 1.453992486000061 14.680242538452148 -1.4127382040023804 1.0000
Car 1 1 1 864.6597290039062 170.93685913085938 952.5770874023438 234.19175720214844 4.169548511505127 1.6140283346176147 1.673996925354004 8.354007720947266 1.5648103952407837 20.632143020629883 -1.3393012285232544 0.9998
Car 1 1 1 837.6173706054688 165.5174560546875 894.098876953125 211.630859375 4.0694580078125 1.843837857246399 1.7150700092315674 10.869440078735352 1.550187587738037 31.013185501098633 -1.3751683235168457 0.9969
Car 1 1 1 712.18701171875 179.26373291015625 751.5029907226562 220.06076049804688 3.388117790222168 1.5996966361999512 1.536449909210205 5.177728652954102 1.8880091905593872 30.67545509338379 -1.3697397708892822 0.9907
Car 1 1 1 1147.4505615234375 101.55278015136719 1241.0 374.0 4.057345867156982 1.5036289691925049 1.642278790473938 3.7810146808624268 1.4522000551223755 2.6959216594696045 -1.282009482383728 0.9819
Car 1 1 1 674.07958984375 178.3863067626953 737.1678466796875 235.72557067871094 3.976856231689453 1.5498287677764893 1.6488274335861206 2.947923421859741 1.7345739603042603 22.022083282470703 -1.3721359968185425 0.9750
Car 1 1 1 831.1465454101562 166.529052734375 866.027587890625 202.14541625976562 3.9515380859375 1.9351608753204346 1.6929341554641724 13.57895565032959 1.5912039279937744 41.332942962646484 -1.303090214729309 0.8998
Car 1 1 1 859.3365478515625 174.134521484375 923.1002807617188 219.3077850341797 3.6519205570220947 1.5136923789978027 1.5774331092834473 10.093533515930176 1.5634137392044067 26.236860275268555 -1.3648338317871094 0.6287
Car 1 1 1 751.2880859375 172.77865600585938 774.57080078125 195.069091796875 3.6992290019989014 1.6965079307556152 1.6257903575897217 12.060361862182617 1.6904735565185547 56.910865783691406 -4.456365585327148 0.5464
Car 1 1 1 720.41796875 176.60804748535156 758.4846801757812 212.1265106201172 4.142541408538818 1.562204122543335 1.6549180746078491 6.179127216339111 1.7523101568222046 34.39824295043945 -4.502408981323242 0.4977
Car 1 1 1 536.3333740234375 174.45899963378906 593.3724365234375 198.0185546875 3.690729856491089 1.611018419265747 1.6214406490325928 -3.1899452209472656 1.7262228727340698 50.715145111083984 -2.911057233810425 0.1529
