Car 1 1 1 391.31878662109375 186.6398162841797 469.95098876953125 239.1525421142578 3.633776903152466 1.459334135055542 1.5634665489196777 -5.62504243850708 1.9300692081451416 22.831037521362305 1.5780678987503052 1.0000
Car 1 1 1 304.84918212890625 186.8048858642578 432.56036376953125 264.7691345214844 3.875857353210449 1.5974791049957275 1.646679162979126 -5.724034309387207 1.9730224609375 17.46461296081543 -4.666105270385742 0.9998
Car 1 1 1 434.4108581542969 186.98062133789062 493.396728515625 225.58790588378906 3.4825522899627686 1.3170547485351562 1.462319016456604 -5.577138900756836 1.8929574489593506 27.667539596557617 -4.681792736053467 0.9997
Car 1 1 1 467.1493835449219 182.9696044921875 513.6841430664062 215.52149963378906 3.9917311668395996 1.3758525848388672 1.5767619609832764 -5.570796489715576 1.8769031763076782 33.75287628173828 -4.7281365394592285 0.9994
Car 1 1 1 787.8237915039062 152.45645141601562 912.7222900390625 194.4996795654297 4.515776634216309 1.6643047332763672 1.7449203729629517 9.695775032043457 0.8565562963485718 29.4672794342041 -3.1559548377990723 0.9959
Pedestrian 1 1 1 1028.3712158203125 131.2567901611328 1094.2852783203125 262.75885009765625 0.48163938522338867 1.6484557390213013 0.5871766209602356 5.773807048797607 1.126710295677185 9.342019081115723 -3.1563854217529297 0.9913
Car 1 1 1 1055.976806640625 142.51930236816406 1163.7059326171875 173.7890167236328 3.9133341312408447 1.4364746809005737 1.5964229106903076 23.50261688232422 0.04265258461236954 34.08799743652344 0.0746079683303833 0.9896
Car 1 1 1 0.0 197.4718780517578 185.0879364013672 374.0 3.9140777587890625 1.7610750198364258 1.6519612073898315 -5.806326389312744 2.0452771186828613 6.371058940887451 -1.5578608512878418 0.9850
Car 1 1 1 1128.5308837890625 137.448486328125 1241.0 176.73495483398438 3.9030823707580566 1.505124807357788 1.6153461933135986 22.976987838745117 0.14838534593582153 28.5675048828125 -0.06054997444152832 0.9546
Car 1 1 1 0.0 0.0 1241.0 374.0 4.067977428436279 1.45929753780365 1.6559182405471802 3.048612594604492 1.5277284383773804 1.777536392211914 -1.5359508991241455 0.9479
Car 1 1 1 760.3857421875 158.0953826904297 856.0772094726562 197.6537628173828 4.084926128387451 1.8265149593353271 1.7143223285675049 9.301730155944824 1.144770622253418 34.22750473022461 -3.114485263824463 0.8664
Car 1 1 1 731.618896484375 164.48513793945312 772.0143432617188 193.03652954101562 3.8319826126098633 1.4352591037750244 1.5870120525360107 7.420186996459961 1.0142619609832764 38.22892761230469 1.6272426843643188 0.8485
Car 1 1 1 495.6190490722656 179.89471435546875 542.7110595703125 208.41932678222656 4.065052509307861 1.50151789188385 1.6392592191696167 -5.157318592071533 1.9236671924591064 41.162872314453125 -4.566572189331055 0.7602
