Car 1 1 1 555.407470703125 172.23814392089844 671.2932739257812 281.90594482421875 3.584223508834839 1.579816460609436 1.669441819190979 -0.00683185737580061 1.570644736289978 12.186551094055176 -1.5703767538070679 1.0000
Car 1 1 1 856.92529296875 176.70892333984375 1097.248291015625 318.40484619140625 3.875284433364868 1.351557731628418 1.4858204126358032 4.596677303314209 1.4087656736373901 8.874544143676758 -0.7783054709434509 1.0000
Car 1 1 1 975.6961059570312 157.1502685546875 1241.0 374.0 4.08510684967041 1.4965674877166748 1.633750557899475 4.411652088165283 1.4236044883728027 5.225821018218994 -0.6506628394126892 0.9997
Pedestrian 1 1 1 771.3589477539062 166.7654266357422 806.3630981445312 223.3618927001953 0.8699250221252441 1.669501781463623 0.6366669535636902 5.357866287231445 1.4895989894866943 21.80758285522461 -0.6979168057441711 0.9997
Pedestrian 1 1 1 1014.3695068359375 159.63270568847656 1034.0904541015625 212.7392120361328 0.3584703505039215 1.8337821960449219 0.5527744889259338 14.415437698364258 1.376947283744812 25.197818756103516 -3.1791694164276123 0.9874
Car 1 1 1 503.91925048828125 171.82798767089844 535.3843994140625 198.5892791748047 3.9077889919281006 1.8770675659179688 1.7415037155151367 -6.571450710296631 1.8048009872436523 52.578338623046875 1.5883466005325317 0.9110
Car 1 1 1 0.0 175.05532836914062 36.94183349609375 311.51806640625 3.7851405143737793 1.5421116352081299 1.6192026138305664 -10.196455955505371 1.5791953802108765 10.236129760742188 1.3670581579208374 0.8713
Pedestrian 1 1 1 918.577880859375 168.14541625976562 946.8990478515625 212.38235473632812 0.8239193558692932 1.6914613246917725 0.5782651901245117 12.46767520904541 1.5111225843429565 27.9815731048584 -3.4242663383483887 0.6123
Car 1 1 1 728.455322265625 176.51864624023438 763.0557250976562 199.2544708251953 4.0456862449646 1.4717406034469604 1.6148570775985718 9.211029052734375 1.7325464487075806 49.38459777832031 -4.709627628326416 0.3138
Car 1 1 1 775.129150390625 159.2084197998047 862.6201171875 189.07150268554688 3.9414570331573486 1.4694268703460693 1.5997565984725952 10.42308235168457 0.7976897954940796 36.31327819824219 0.004976511001586914 0.1977
