Car 1 1 1 700.6940307617188 188.65939331054688 818.2481689453125 270.3571472167969 3.439025640487671 1.428583025932312 1.5596742630004883 2.931004285812378 1.7968125343322754 15.061382293701172 -1.6297677755355835 1.0000
Car 1 1 1 0.0 182.77603149414062 328.13201904296875 307.98480224609375 4.5364885330200195 1.5676056146621704 1.6075305938720703 -6.549907684326172 1.716808557510376 10.020280838012695 -3.120380401611328 0.9999
Car 1 1 1 297.48870849609375 181.4625244140625 446.2675476074219 241.1728057861328 3.595933675765991 1.5276039838790894 1.5927984714508057 -6.452911376953125 1.773883581161499 19.702594757080078 -3.2374625205993652 0.9996
Car 1 1 1 108.164794921875 186.9888153076172 396.5777282714844 281.3819885253906 4.1917572021484375 1.4891891479492188 1.562631368637085 -6.057965278625488 1.7485220432281494 12.44015121459961 -0.01529538631439209 0.9978
Car 1 1 1 772.5466918945312 188.09603881835938 903.7714233398438 239.0918426513672 3.6354312896728516 1.4795758724212646 1.5432486534118652 6.9541096687316895 1.972214937210083 22.410974502563477 0.08554327487945557 0.9978
Car 1 1 1 207.92665100097656 171.46592712402344 424.3520812988281 261.3899230957031 3.7715036869049072 1.723127841949463 1.6395106315612793 -5.922413349151611 1.6962295770645142 14.752248764038086 -0.05714058876037598 0.9975
Car 1 1 1 693.8952026367188 178.010498046875 799.3740234375 217.2452392578125 4.43156623840332 1.7170709371566772 1.7485606670379639 6.105288028717041 1.9577453136444092 32.7725715637207 -3.1743578910827637 0.9937
Car 1 1 1 0.0 184.55804443359375 274.92236328125 356.60107421875 4.40646505355835 1.5410845279693604 1.6710792779922485 -6.199663162231445 1.6813311576843262 7.633964538574219 -0.09016859531402588 0.9900
Car 1 1 1 467.41778564453125 174.56649780273438 540.8357543945312 205.56463623046875 4.302436351776123 1.816748857498169 1.81309175491333 -6.42155122756958 1.9228663444519043 43.62955856323242 -3.2866458892822266 0.9887
Pedestrian 1 1 1 89.93211364746094 138.765380859375 117.6165542602539 205.98960876464844 0.4480762779712677 1.9380347728729248 0.5870505571365356 -14.899918556213379 0.9549801349639893 21.168716430664062 0.7571812868118286 0.6783
