Car 1 1 1 820.15234375 149.52296447753906 899.0556640625 201.58309936523438 4.889899253845215 2.16335391998291 2.0040225982666016 11.051787376403809 1.1935349702835083 32.46187210083008 -1.5358740091323853 1.0000
Car 1 1 1 173.37075805664062 169.10067749023438 400.7477111816406 270.9566955566406 3.744816780090332 1.8795053958892822 1.6812494993209839 -6.314454078674316 1.8099472522735596 14.250299453735352 -3.0899946689605713 0.9998
Car 1 1 1 270.1441345214844 174.41062927246094 450.08062744140625 240.29278564453125 4.110352516174316 1.6336692571640015 1.713810682296753 -6.499536514282227 1.6761912107467651 18.893003463745117 -3.092874526977539 0.9995
Car 1 1 1 336.3810729980469 178.83592224121094 479.1601867675781 227.0707244873047 4.27751350402832 1.4940216541290283 1.645385503768921 -6.5675177574157715 1.698020339012146 23.622190475463867 -3.2358169555664062 0.9978
Car 1 1 1 388.0995788574219 169.88299560546875 504.370361328125 215.2106170654297 4.243035316467285 1.7566696405410767 1.7781224250793457 -6.526834964752197 1.6412285566329956 28.869884490966797 -3.1332523822784424 0.9930
Car 1 1 1 873.0711059570312 157.5120391845703 951.668212890625 195.72549438476562 4.099508285522461 1.6482752561569214 1.6695622205734253 13.773482322692871 0.9862247705459595 33.22544479370117 -1.6407345533370972 0.9921
Car 1 1 1 498.8695068359375 168.81356811523438 538.2344970703125 199.1951904296875 3.825820207595825 1.5374482870101929 1.6294424533843994 -4.856990337371826 1.3326839208602905 38.42945861816406 -1.5750439167022705 0.8496
Car 1 1 1 639.7678833007812 165.15731811523438 676.6946411132812 188.98297119140625 3.59371018409729 1.5852535963058472 1.623584270477295 3.345036745071411 1.0728505849838257 49.973777770996094 -1.2240225076675415 0.8203
Car 1 1 1 365.96453857421875 176.6625518798828 480.28009033203125 220.80796813964844 3.8371639251708984 1.553074598312378 1.5889661312103271 -6.829104900360107 1.6974188089370728 26.4738826751709 -3.2129321098327637 0.8033
Car 1 1 1 433.5639343261719 173.58860778808594 530.7547607421875 208.84335327148438 4.376179218292236 1.6635528802871704 1.7224586009979248 -6.201780319213867 1.6999341249465942 35.05801010131836 -3.0910730361938477 0.4035
Car 1 1 1 975.1639404296875 136.6614532470703 1038.2611083984375 163.70448303222656 4.213918209075928 1.5907009840011597 1.6913543939590454 25.153642654418945 -0.610085129737854 45.978599548339844 1.5677627325057983 0.3751
