Car 1 1 1 600.0653076171875 181.36318969726562 677.6765747070312 256.86859130859375 3.7138874530792236 1.6018850803375244 1.6925110816955566 0.6072320342063904 1.8312058448791504 17.600048065185547 -1.5543195009231567 1.0000
Car 1 1 1 740.675048828125 176.57345581054688 893.5093994140625 252.74803161621094 3.9332454204559326 1.5794984102249146 1.652075171470642 4.925920486450195 1.6772136688232422 17.081953048706055 -0.7354946136474609 1.0000
Car 1 1 1 396.35357666015625 189.33859252929688 472.6278381347656 234.56088256835938 4.074289798736572 1.4703075885772705 1.652988314628601 -6.523543834686279 2.1358911991119385 27.06223487854004 -4.651329040527344 1.0000
Car 1 1 1 300.0398864746094 189.24258422851562 392.8419494628906 235.08396911621094 4.692738056182861 1.5200408697128296 1.7565858364105225 -10.122818946838379 2.209583282470703 27.99725914001465 -4.679068565368652 0.9998
Car 1 1 1 692.8776245117188 181.21078491210938 779.4745483398438 222.76626586914062 3.4334442615509033 1.4694914817810059 1.5627286434173584 4.881539821624756 1.813291072845459 27.963794708251953 -0.7561336159706116 0.9995
Car 1 1 1 673.3856201171875 182.37696838378906 744.3740844726562 213.7244873046875 3.6908395290374756 1.3732490539550781 1.5401511192321777 4.745317459106445 1.8547546863555908 34.62755584716797 -0.8248144388198853 0.9993
Car 1 1 1 0.0 203.1351318359375 108.47069549560547 327.9453430175781 4.322397232055664 1.4664669036865234 1.6546419858932495 -10.492361068725586 2.0489697456359863 11.710453033447266 1.5517627000808716 0.9992
Car 1 1 1 159.61013793945312 185.3052215576172 264.6385192871094 235.23403930664062 3.5519354343414307 1.6427860260009766 1.569007396697998 -14.560246467590332 2.132683277130127 26.53914451599121 -4.573742866516113 0.9926
Car 1 1 1 362.6766357421875 182.98345947265625 424.87237548828125 226.1979217529297 3.792658805847168 1.8653748035430908 1.6039563417434692 -10.149569511413574 2.369579792022705 33.99601364135742 1.630315899848938 0.9877
Car 1 1 1 513.0328979492188 185.27359008789062 550.5267333984375 211.92832946777344 4.0381879806518555 1.5013192892074585 1.6182202100753784 -4.823488712310791 2.3050577640533447 44.64113998413086 1.641062617301941 0.9626
