Car 1 1 1 655.9596557617188 175.47689819335938 683.5432739257812 201.72216796875 3.9126152992248535 1.6506778001785278 1.6868760585784912 3.963212251663208 1.831673502922058 47.83084487915039 -1.4527122974395752 0.9964
Car 1 1 1 459.11029052734375 184.12442016601562 507.9043884277344 214.5919952392578 3.917475938796997 1.5186784267425537 1.6292848587036133 -6.899688243865967 2.1670987606048584 39.499942779541016 -4.610495090484619 0.9951
Car 1 1 1 484.28179931640625 181.60830688476562 531.4826049804688 211.19151306152344 4.050691604614258 1.6681655645370483 1.6605188846588135 -6.215902328491211 2.228872776031494 44.09663391113281 -4.530573844909668 0.9851
Car 1 1 1 932.240478515625 165.4957733154297 1022.5994262695312 194.32032775878906 3.9278664588928223 1.4856544733047485 1.6360113620758057 19.32125473022461 1.1061022281646729 38.13576126098633 -3.0750508308410645 0.8739
Car 1 1 1 609.8630981445312 180.45779418945312 636.0806884765625 202.27137756347656 3.9459614753723145 1.4478057622909546 1.6137111186981201 0.9266944527626038 2.009974479675293 51.34046936035156 -1.4875844717025757 0.8026
Car 1 1 1 632.5818481445312 177.36973571777344 660.20361328125 196.05213928222656 3.854372501373291 1.4996907711029053 1.6231321096420288 3.0830678939819336 1.8939945697784424 60.98487854003906 -1.3269951343536377 0.5659
Car 1 1 1 379.3022766113281 178.66659545898438 442.04852294921875 208.91445922851562 4.274323463439941 1.4688249826431274 1.644727349281311 -10.4832124710083 1.7935965061187744 38.12326431274414 -4.576275825500488 0.5145
Pedestrian 1 1 1 858.502685546875 154.26174926757812 881.7153930664062 199.8997802734375 0.6740397810935974 1.8237967491149902 0.6478069424629211 10.480769157409668 1.0805091857910156 29.209522247314453 -1.6975862979888916 0.1266
Car 1 1 1 323.9925231933594 192.42218017578125 392.1013488769531 218.92735290527344 4.27879524230957 1.6504515409469604 1.7262673377990723 -17.10714340209961 3.0197627544403076 48.8989143371582 -3.526226043701172 0.1113
Cyclist 1 1 1 218.4144744873047 187.84442138671875 294.09002685546875 287.82470703125 1.6318283081054688 1.6256345510482788 0.587069571018219 -6.288501262664795 1.9084817171096802 12.803995132446289 -4.744022369384766 0.1074
