Car 1 1 1 663.38818359375 176.41299438476562 737.7447509765625 227.6509552001953 4.379892826080322 1.4201014041900635 1.6476047039031982 2.666512966156006 1.5417897701263428 22.51844024658203 -1.599919319152832 1.0000
Car 1 1 1 183.3922119140625 174.52658081054688 432.2650451660156 255.6446075439453 4.283099174499512 1.5194276571273804 1.6515271663665771 -5.943789482116699 1.554593563079834 14.425423622131348 -0.022718071937561035 0.9999
Car 1 1 1 0.0 176.7649383544922 302.529052734375 310.09613037109375 4.125028610229492 1.4779891967773438 1.5912096500396729 -6.255990982055664 1.5308095216751099 8.924979209899902 -3.1026439666748047 0.9997
Car 1 1 1 276.9404602050781 173.51502990722656 444.1495361328125 231.34451293945312 3.8949124813079834 1.4486080408096313 1.5455530881881714 -6.585151672363281 1.4666974544525146 19.08473777770996 0.11324262619018555 0.9975
Car 1 1 1 729.2182006835938 171.02488708496094 828.6958618164062 215.42108154296875 3.4305543899536133 1.637170672416687 1.6875779628753662 6.334544658660889 1.5694197416305542 27.511837005615234 0.03550219535827637 0.9955
Car 1 1 1 287.08990478515625 168.57693481445312 429.472900390625 222.5672607421875 3.715083360671997 1.526824951171875 1.5664583444595337 -7.406946182250977 1.4055713415145874 21.361330032348633 -3.236952304840088 0.9934
Car 1 1 1 448.9960632324219 171.0595703125 534.0513305664062 200.46530151367188 4.132971286773682 1.4360642433166504 1.5743060111999512 -5.960031509399414 1.3481314182281494 36.292171478271484 -3.274982452392578 0.9929
Car 1 1 1 357.6711120605469 174.79931640625 501.8500671386719 220.15689086914062 4.399549961090088 1.4223428964614868 1.653599739074707 -5.874458312988281 1.4887813329696655 23.733890533447266 -0.08949041366577148 0.9902
Car 1 1 1 214.587158203125 173.72952270507812 390.01104736328125 239.47894287109375 3.4372687339782715 1.4458539485931396 1.501930832862854 -7.0855793952941895 1.4668844938278198 16.734210968017578 -3.1969079971313477 0.9817
Car 1 1 1 0.0 167.51475524902344 208.0748291015625 374.0 4.3035383224487305 1.6091150045394897 1.7347303628921509 -6.37943696975708 1.567436933517456 6.74288272857666 0.13600683212280273 0.9759
Car 1 1 1 664.2470703125 169.80792236328125 723.7249145507812 191.70774841308594 4.06496000289917 1.530846118927002 1.6021395921707153 5.90345573425293 1.317617416381836 51.281612396240234 0.021480917930603027 0.9648
Car 1 1 1 741.3861083984375 183.48985290527344 922.5550537109375 275.948486328125 3.778700828552246 1.4695122241973877 1.5787991285324097 4.039187431335449 1.704978585243225 13.964653015136719 1.3072861433029175 0.3271
