Car 1 1 1 662.6018676757812 182.3527374267578 754.8886108398438 252.59039306640625 3.570528507232666 1.4574674367904663 1.58234441280365 2.2012510299682617 1.708565592765808 17.280071258544922 -1.6121982336044312 1.0000
Car 1 1 1 199.496337890625 188.9448699951172 487.7410583496094 374.0 3.7129127979278564 1.5140185356140137 1.6404002904891968 -2.440068006515503 1.7216821908950806 7.461637020111084 -1.5797852277755737 1.0000
Car 1 1 1 332.806396484375 185.6484832763672 458.82305908203125 234.10250854492188 4.264875411987305 1.4157534837722778 1.6619421243667603 -7.1979522705078125 1.8732459545135498 23.944120407104492 0.586898922920227 1.0000
Car 1 1 1 147.2027130126953 183.2440948486328 360.09454345703125 281.7262878417969 4.2227678298950195 1.4959684610366821 1.7470531463623047 -6.706937789916992 1.7153664827346802 13.313617706298828 0.6245721578598022 0.9999
Car 1 1 1 549.3861083984375 183.24098205566406 597.7628173828125 221.3882293701172 3.4200503826141357 1.3366857767105103 1.7631051540374756 -1.5070117712020874 1.7653346061706543 28.023048400878906 -1.649595022201538 0.9999
Car 1 1 1 636.0639038085938 182.5740203857422 694.2203369140625 226.33287048339844 4.1888346672058105 1.4323318004608154 1.632059931755066 1.9116895198822021 1.8203901052474976 26.696718215942383 -1.6198883056640625 0.9998
Car 1 1 1 292.7194519042969 182.504150390625 344.670166015625 210.42266845703125 3.536858558654785 1.4063239097595215 1.5257015228271484 -15.874043464660645 1.9567980766296387 39.38443374633789 1.531920313835144 0.9959
Car 1 1 1 382.1083068847656 178.1853790283203 477.81787109375 222.2978057861328 3.6785850524902344 1.5174474716186523 1.5991791486740112 -6.827999114990234 1.7301000356674194 27.036209106445312 -2.4550223350524902 0.9952
Car 1 1 1 58.20594787597656 184.127685546875 193.4506072998047 236.06224060058594 4.266254901885986 1.4539400339126587 1.6452922821044922 -15.48393440246582 1.8516258001327515 23.30601692199707 -4.754449844360352 0.9947
Car 1 1 1 0.0 218.5828399658203 337.8202209472656 374.0 3.8593080043792725 1.4347952604293823 1.5820913314819336 -2.517089366912842 1.7057600021362305 2.3208725452423096 -1.5314069986343384 0.9884
Car 1 1 1 657.5957641601562 181.96665954589844 728.1869506835938 239.04225158691406 3.3928661346435547 1.5307683944702148 1.5643192529678345 2.356083869934082 1.8256632089614868 21.6393985748291 -1.6216998100280762 0.9860
Car 1 1 1 251.42483520507812 181.65798950195312 311.9676208496094 214.9891357421875 3.2130537033081055 1.4803932905197144 1.467635989189148 -15.678152084350586 1.9209544658660889 34.51569366455078 -4.724669456481934 0.9857
Car 1 1 1 448.6082458496094 180.14788818359375 523.4325561523438 210.7235107421875 3.7739737033843994 1.4533144235610962 1.5940362215042114 -6.403091907501221 1.8437141180038452 36.8919563293457 -2.5099282264709473 0.7892
Car 1 1 1 468.8033142089844 182.79624938964844 532.5756225585938 222.13185119628906 4.222146511077881 1.4076027870178223 1.6281291246414185 -4.360436916351318 1.8379459381103516 29.08453369140625 -4.633742332458496 0.7318
