Car 1 1 1 158.87777709960938 187.234375 428.4195861816406 345.8818054199219 3.700939655303955 1.5092476606369019 1.6342138051986694 -3.5319693088531494 1.539181113243103 8.744680404663086 -1.5605510473251343 1.0000
Car 1 1 1 348.52947998046875 186.1625213623047 429.0939025878906 230.5488739013672 3.8382697105407715 1.3912895917892456 1.5515294075012207 -7.411439418792725 1.4263087511062622 24.54137420654297 -1.5609946250915527 1.0000
Car 1 1 1 0.0 186.7579803466797 204.54623413085938 260.10345458984375 4.359906196594238 1.4720674753189087 1.655068039894104 -11.504176139831543 1.512792706489563 16.714374542236328 -1.5528959035873413 1.0000
Car 1 1 1 454.7881164550781 183.69839477539062 533.9108276367188 237.75738525390625 4.123409271240234 1.429482340812683 1.6236478090286255 -3.2594101428985596 1.3895176649093628 21.080642700195312 -1.5579863786697388 1.0000
Car 1 1 1 125.2048110961914 188.33743286132812 319.9841613769531 273.5858154296875 3.857917070388794 1.4654371738433838 1.6144202947616577 -7.567864894866943 1.537197232246399 14.495735168457031 -1.4826645851135254 1.0000
Car 1 1 1 583.9502563476562 177.75082397460938 622.809814453125 213.62464904785156 3.462087869644165 1.6090103387832642 1.6865495443344116 -0.28913208842277527 1.2743542194366455 34.01291275024414 -1.6205222606658936 0.9998
Car 1 1 1 421.0837097167969 180.90426635742188 476.3785705566406 215.04864501953125 4.3013596534729 1.5379184484481812 1.6845064163208008 -7.5931854248046875 1.3438823223114014 34.534183502197266 -1.5647509098052979 0.9993
Car 1 1 1 0.0 196.51058959960938 91.12623596191406 375.0 3.8610081672668457 1.4559029340744019 1.5843467712402344 -7.69185733795166 1.606472373008728 7.628060817718506 1.5523146390914917 0.9913
Car 1 1 1 312.538818359375 182.9720001220703 376.5413513183594 216.59658813476562 3.753842830657959 1.4998670816421509 1.623232364654541 -12.384238243103027 1.3999415636062622 33.949520111083984 -1.561944603919983 0.9776
Car 1 1 1 490.7848815917969 181.84144592285156 533.0331420898438 213.67189025878906 3.872516393661499 1.506629228591919 1.6343755722045898 -4.897872447967529 1.3470735549926758 36.1058235168457 -1.8273488283157349 0.4293
