Car 1 1 1 0.0 192.4979705810547 210.1944122314453 326.3970031738281 4.3431715965271 1.4322054386138916 1.6464979648590088 -7.875778675079346 1.7791870832443237 10.559083938598633 1.5387860536575317 1.0000
Car 1 1 1 222.26568603515625 181.25888061523438 357.7394714355469 250.86717224121094 3.9119272232055664 1.513514757156372 1.6812816858291626 -7.9036102294921875 1.7471145391464233 18.12070083618164 1.5671669244766235 1.0000
Car 1 1 1 748.711181640625 175.691162109375 976.511962890625 338.4987487792969 3.4601898193359375 1.501270055770874 1.5623958110809326 2.6313557624816895 1.5411814451217651 8.47049617767334 -1.5364445447921753 1.0000
Car 1 1 1 658.9940795898438 162.20553588867188 716.7237548828125 213.15101623535156 4.089224338531494 1.7404060363769531 1.6949067115783691 2.7528369426727295 1.3763318061828613 26.694494247436523 -1.5700653791427612 1.0000
Car 1 1 1 725.390625 175.95249938964844 848.9024047851562 268.0250244140625 3.6122665405273438 1.425468921661377 1.602000117301941 3.0165231227874756 1.489646315574646 13.155320167541504 -1.4984405040740967 0.9998
Car 1 1 1 879.4083862304688 185.01487731933594 1241.0 374.0 3.6613731384277344 1.3887853622436523 1.5395033359527588 2.762856960296631 1.4784506559371948 3.472576141357422 -1.6184890270233154 0.9998
Car 1 1 1 581.0436401367188 170.38580322265625 618.1229248046875 203.46438598632812 4.046347618103027 1.4821817874908447 1.6327403783798218 -0.48579153418540955 1.3712875843048096 34.36918258666992 -1.5514501333236694 0.9993
Car 1 1 1 653.7898559570312 169.37913513183594 695.9990844726562 202.2020263671875 3.452367067337036 1.4988173246383667 1.563100814819336 3.0314137935638428 1.3398420810699463 34.709415435791016 -1.618192195892334 0.9724
Car 1 1 1 638.437255859375 165.78924560546875 663.10546875 189.3715362548828 3.738224506378174 1.6207154989242554 1.6302703619003296 2.845705509185791 1.1348822116851807 51.475650787353516 -4.689497947692871 0.8295
Car 1 1 1 307.16033935546875 167.59457397460938 364.576171875 203.84930419921875 3.6272408962249756 1.6105315685272217 1.5481846332550049 -12.85326862335205 1.3765941858291626 33.91701126098633 -1.6424471139907837 0.3545
