Car 1 1 1 22.06613540649414 193.62803649902344 393.338623046875 375.0 3.920698404312134 1.5542558431625366 1.648842215538025 -3.6564927101135254 1.6637589931488037 7.379045486450195 -1.5762985944747925 1.0000
Car 1 1 1 697.1431884765625 191.88449096679688 799.8677368164062 262.25714111328125 3.451103687286377 1.357438087463379 1.5242758989334106 2.948410987854004 1.5216435194015503 15.940014839172363 -1.594841718673706 1.0000
Car 1 1 1 404.8325500488281 184.41354370117188 504.93060302734375 256.1625061035156 3.545346736907959 1.5904380083084106 1.6294366121292114 -3.6978273391723633 1.5728141069412231 17.729326248168945 -1.5429683923721313 1.0000
Car 1 1 1 466.4151611328125 184.4284210205078 530.281494140625 228.40980529785156 3.9864213466644287 1.4740862846374512 1.6421467065811157 -3.927562952041626 1.4478569030761719 26.102296829223633 -1.5510677099227905 1.0000
Car 1 1 1 649.1779174804688 184.75543212890625 692.0401611328125 217.6299285888672 4.013453960418701 1.4573501348495483 1.6313458681106567 2.866222381591797 1.4371036291122437 33.88140106201172 -1.5798099040985107 0.9999
Car 1 1 1 359.5816345214844 185.69879150390625 430.73516845703125 228.32017517089844 3.929504871368408 1.5498791933059692 1.6640576124191284 -8.271106719970703 1.5702857971191406 28.15843391418457 -1.5812039375305176 0.9999
Car 1 1 1 496.9255676269531 184.2716827392578 538.60107421875 215.930419921875 3.638272762298584 1.5425143241882324 1.6265370845794678 -4.5960774421691895 1.4966763257980347 36.8575325012207 -1.5539307594299316 0.9992
Car 1 1 1 203.78968811035156 189.3194580078125 351.7144470214844 255.10406494140625 4.16755485534668 1.4023375511169434 1.6122742891311646 -7.962757587432861 1.515582799911499 17.698467254638672 -1.5352110862731934 0.9962
Car 1 1 1 587.535400390625 182.4446258544922 612.34814453125 204.3689727783203 3.9376044273376465 1.550416350364685 1.651739239692688 -0.6293368935585022 1.3546123504638672 52.84577941894531 -1.6250499486923218 0.9887
Car 1 1 1 529.3314208984375 184.1266326904297 552.9742431640625 206.60804748535156 3.6755316257476807 1.469279170036316 1.5408275127410889 -4.531140327453613 1.3982599973678589 48.874637603759766 -1.6510283946990967 0.6820
Car 1 1 1 578.4939575195312 182.37353515625 603.0730590820312 202.04501342773438 3.8781228065490723 1.5888599157333374 1.6415549516677856 -1.4023945331573486 1.3594576120376587 60.06424331665039 -1.484757900238037 0.3464
Car 1 1 1 617.1843872070312 183.09347534179688 641.0053100585938 200.36691284179688 3.9610328674316406 1.5448657274246216 1.6626464128494263 1.9273180961608887 1.3552197217941284 66.35079193115234 -1.6799452304840088 0.3233
Car 1 1 1 449.96075439453125 173.58119201660156 481.80963134765625 198.6991729736328 3.662203788757324 1.5326499938964844 1.6119321584701538 -9.015986442565918 0.8228932619094849 45.758270263671875 -1.6592130661010742 0.2313
