Car 1 1 1 204.81541442871094 188.3841552734375 429.7394714355469 333.15594482421875 4.13397216796875 1.513185977935791 1.693504810333252 -3.827991008758545 1.776011347770691 10.110148429870605 1.5097912549972534 1.0000
Car 1 1 1 648.4475708007812 180.90505981445312 724.9232177734375 247.8985595703125 4.079705238342285 1.681736707687378 1.6883913278579712 2.0388855934143066 1.9348828792572021 20.660137176513672 1.5539745092391968 1.0000
Car 1 1 1 467.5919189453125 186.60189819335938 531.7571411132812 230.17330932617188 4.420879364013672 1.422070860862732 1.6775034666061401 -4.10318660736084 1.9819371700286865 27.175979614257812 -4.696484565734863 1.0000
Car 1 1 1 629.5396118164062 184.6228790283203 690.1027221679688 229.71066284179688 3.9131462574005127 1.528083324432373 1.6558583974838257 1.7786390781402588 2.010232448577881 27.54652214050293 -1.6747580766677856 0.9992
Car 1 1 1 513.6047973632812 184.02749633789062 541.5355224609375 211.27378845214844 3.441927194595337 1.465897560119629 1.4806299209594727 -4.879271507263184 2.1459805965423584 42.12213134765625 1.4167529344558716 0.9987
Car 1 1 1 622.9666748046875 189.08843994140625 664.6484985351562 224.91110229492188 3.891740322113037 1.4427368640899658 1.6021084785461426 1.4397239685058594 2.2249650955200195 32.81132888793945 -1.5994566679000854 0.8488
Car 1 1 1 454.05316162109375 183.45579528808594 532.3458862304688 217.77085876464844 3.7320361137390137 1.491654872894287 1.6008260250091553 -5.620931148529053 2.021514654159546 34.279869079589844 -2.4551877975463867 0.7439
Cyclist 1 1 1 710.1543579101562 183.7984161376953 729.2552490234375 221.8788604736328 1.5693899393081665 1.6126590967178345 0.33970972895622253 4.78544807434082 2.1071813106536865 31.819915771484375 -1.751331090927124 0.3828
Car 1 1 1 515.5174560546875 184.45175170898438 548.721923828125 208.59927368164062 3.731248140335083 1.5100200176239014 1.6136984825134277 -5.365121841430664 2.3309426307678223 49.07434844970703 -1.8547096252441406 0.1914
Car 1 1 1 608.0608520507812 182.7387237548828 633.1058349609375 201.34042358398438 3.7404067516326904 1.6189913749694824 1.6410881280899048 0.989141583442688 2.5628693103790283 66.9217758178711 -1.3641350269317627 0.1047
