Car 1 1 1 383.9300842285156 188.7278594970703 492.2322692871094 261.7607727050781 3.79500675201416 1.4636585712432861 1.6018677949905396 -4.011020660400391 1.8841018676757812 17.20891571044922 -4.688969612121582 1.0000
Car 1 1 1 208.28741455078125 188.96531677246094 436.3431701660156 319.217529296875 4.568592071533203 1.5339553356170654 1.7097669839859009 -4.227403163909912 1.8387138843536377 11.363905906677246 1.5871890783309937 1.0000
Car 1 1 1 500.7291564941406 185.6129150390625 550.2626953125 222.64761352539062 3.6106836795806885 1.3638783693313599 1.486873984336853 -3.457573652267456 1.9205751419067383 29.666824340820312 -4.674427032470703 1.0000
Car 1 1 1 734.1436157226562 172.9397735595703 818.3259887695312 225.76271057128906 4.359526634216309 1.4865270853042603 1.7279361486434937 5.010279655456543 1.489165186882019 22.514789581298828 -4.685325622558594 0.9999
Car 1 1 1 456.0970153808594 180.99623107910156 527.33203125 235.98292541503906 3.4381871223449707 1.610799789428711 1.5491704940795898 -3.805938959121704 1.8947726488113403 23.425588607788086 -4.647524833679199 0.9999
Car 1 1 1 648.6278686523438 179.3213653564453 687.8571166992188 213.16763305664062 3.393143892288208 1.4797195196151733 1.6071557998657227 2.747873544692993 1.800573468208313 34.031044006347656 -1.4185450077056885 0.9998
Car 1 1 1 1071.3809814453125 117.51439666748047 1241.0 222.21853637695312 4.546820163726807 1.7315994501113892 1.7816669940948486 11.12282657623291 0.8160918951034546 12.981371879577637 0.07041013240814209 0.9995
Car 1 1 1 0.0 202.3804168701172 255.55247497558594 374.0 4.240191459655762 1.5376955270767212 1.6527460813522339 -4.3696088790893555 1.840246319770813 5.228176593780518 1.500956416130066 0.9993
Car 1 1 1 688.5372924804688 176.6616973876953 746.3339233398438 205.4510955810547 3.505815029144287 1.6022741794586182 1.6080012321472168 6.311950206756592 1.8355611562728882 42.450138092041016 -0.793329656124115 0.9935
Car 1 1 1 657.2134399414062 179.51576232910156 710.5438232421875 209.99581909179688 3.572150945663452 1.5042829513549805 1.557969093322754 3.9370079040527344 1.8764276504516602 38.39896774291992 -1.0692126750946045 0.9586
Car 1 1 1 517.2168579101562 182.27310180664062 573.8563842773438 215.7895965576172 4.0519304275512695 1.4533289670944214 1.6184461116790771 -3.0642879009246826 1.9332585334777832 34.64051055908203 -4.51116418838501 0.5727
