Cyclist 1 1 1 945.84814453125 193.75332641601562 1197.1422119140625 374.0 1.7271530628204346 1.5438753366470337 0.5661934614181519 3.7828712463378906 1.7303617000579834 6.100587368011475 -3.0652880668640137 1.0000
Car 1 1 1 238.55531311035156 201.027587890625 462.4626770019531 358.50177001953125 4.0687642097473145 1.449053406715393 1.6540559530258179 -3.1350975036621094 1.8989259004592896 9.455315589904785 1.5199393033981323 1.0000
Car 1 1 1 0.0 202.62557983398438 281.8746032714844 374.0 3.670278310775757 1.4959280490875244 1.5499649047851562 -5.526880741119385 1.9241119623184204 8.538558959960938 1.5564371347427368 1.0000
Car 1 1 1 652.2974243164062 186.5167999267578 773.9605712890625 228.09814453125 4.519261837005615 1.5525968074798584 1.7498406171798706 3.9726364612579346 2.111644983291626 28.56163787841797 -0.04593467712402344 1.0000
Car 1 1 1 480.1634521484375 190.2059326171875 549.1074829101562 245.89306640625 4.283382415771484 1.5360603332519531 1.6649184226989746 -3.03585147857666 2.149571180343628 23.3809757232666 -4.710996627807617 0.9999
Car 1 1 1 630.6945190429688 183.54150390625 702.4624633789062 211.9840850830078 4.111399173736572 1.5958324670791626 1.6984333992004395 3.2846202850341797 2.2375450134277344 42.30419158935547 0.09456336498260498 0.9920
Car 1 1 1 356.1039123535156 189.20530700683594 437.7962341308594 247.95974731445312 3.629619598388672 1.4223800897598267 1.5327810049057007 -5.9634528160095215 1.9266149997711182 20.387752532958984 1.48143470287323 0.9804
Car 1 1 1 532.3397216796875 188.4098663330078 566.9508056640625 222.20950317382812 3.876396417617798 1.4878901243209839 1.5961792469024658 -2.967865228652954 2.297024726867676 35.564781188964844 1.5149208307266235 0.9788
Car 1 1 1 272.3617248535156 196.0548858642578 414.266357421875 280.3013916015625 4.10143518447876 1.4577983617782593 1.623516321182251 -5.646709442138672 2.0281360149383545 15.684030532836914 -4.727240562438965 0.9608
Cyclist 1 1 1 1038.466796875 166.71194458007812 1241.0 374.0 1.8383270502090454 1.7678558826446533 0.5847731828689575 3.8505940437316895 1.7322252988815308 4.6991143226623535 -2.8445122241973877 0.8913
